1 22 4.783084
4 23 4.375660
2 22 8.278400
0 17 5.980033
3 3 6.602599
6 22 4.415154
4 19 13.590848
6 22 5.833883
5 11 4.948018
0 18 6.369572
0 22 8.274804
4 20 4.273106
0 1 11.428315
6 4 9.939539
0 11 8.644685
0 18 4.112602
0 22 6.836212
1 22 8.611922
4 21 3.313373
0 12 3.313373
0 21 5.396935
6 10 3.344492
6 18 3.371742
0 14 4.112602
3 21 6.369572
4 21 4.783084
6 20 6.306705
6 20 11.791739
4 20 9.939539
6 0 7.373533
6 12 6.361220
1 9 12.197370
1 15 5.902147
2 22 12.300474
3 22 1.675948
4 22 4.722318
0 1 5.962130
3 21 3.289665
4 12 10.385486
4 12 8.370188
6 21 3.680981
6 22 9.218301
1 13 1.596141
0 0 6.570182
4 23 5.754435
6 8 16.835400
0 11 6.552953
0 14 8.678289
2 9 21.299011
2 10 9.918109
5 22 2.690085
6 22 5.037139
3 23 14.526057
5 20 3.786218
5 20 7.362621
6 3 9.318317
6 5 9.776595
6 16 4.269565
3 18 3.289665
3 20 7.371424
3 21 7.334336
6 13 3.344492
0 1 35.080723
0 16 3.135462
5 23 4.572215
6 18 4.095297
6 15 3.770313
6 19 2.518570
4 20 30.003265
1 22 3.368595
0 11 5.516048
0 18 1.648474
4 20 2.174295
6 12 3.786218
0 11 4.291927
1 19 1.621886
6 12 5.122515
0 2 3.609869
0 22 7.253613
1 7 4.323250
6 13 23.762972
6 13 36.667454
6 20 6.212171
6 19 4.112602
6 22 7.338093
2 13 5.037139
2 18 33.131794
5 18 3.401179
0 14 6.475731
1 0 6.852287
1 15 9.939539
3 16 35.322266
4 21 4.891864
5 1 9.168931
6 18 5.217910
2 11 4.042315
3 0 5.689827
2 10 3.534022
6 2 5.037139
0 19 4.623041
1 18 5.702422
1 20 3.375133
6 16 6.421420
6 20 2.802136
2 13 4.115901
2 21 6.696021
3 19 10.887341
5 6 10.657264
5 16 3.344492
2 16 1.155826
3 18 28.398682
1 13 3.796248
1 14 19.879078
3 17 14.605974
4 12 10.282281
5 15 23.180237
2 20 7.460394
6 14 9.939539
6 23 18.013529
3 17 1.648474
5 18 12.688772
6 22 6.157447
1 12 8.851755
6 1 7.373533
6 18 5.011940
6 18 3.289665
4 8 3.425690
0 15 24.553953
5 12 9.466228
0 6 11.618787
0 9 11.963993
0 13 10.108006
0 19 3.344492
4 20 3.016653
4 22 3.371742
4 22 8.328115
5 18 5.781146
6 23 8.721402
0 21 1.556811
2 3 6.173692
3 11 3.344492
4 15 9.776595
4 22 1.764156
0 20 3.344492
0 20 12.952860
1 11 12.985562
3 21 4.628791
0 1 3.368595
0 13 3.368595
6 21 4.700366
0 10 1.648474
0 11 1.500849
1 20 13.270935
2 22 7.152816
3 18 13.869123
3 21 33.196533
6 13 5.692228
0 13 14.102645
3 21 7.505581
4 6 7.518119
6 0 5.735436
1 16 3.368595
1 21 5.803778
3 12 18.091892
3 17 4.572215
6 8 12.160124
1 12 9.195532
2 6 11.618787
6 12 5.495061
6 20 3.087224
6 23 4.380121
0 19 1.648474
0 21 3.185231
1 15 6.563389
1 21 1.733740
2 16 1.933787
5 15 5.812084
6 8 2.898839
1 2 9.174958
5 20 3.087224
6 14 3.368595
0 4 5.037139
0 4 10.282281
0 6 6.662717
0 6 9.195532
0 17 3.428890
5 21 4.571917
4 0 3.259931
6 8 4.095297
6 19 8.021931
0 20 12.448700
5 3 8.128580
6 18 6.194085
4 1 6.018901
4 14 16.118170
0 0 8.289327
0 12 3.344492
2 9 15.291597
0 0 5.831027
6 20 1.704354
1 12 5.037139
0 20 5.681997
0 21 23.985184
5 20 5.167668
6 4 8.864376
3 21 4.866383
0 20 10.821469
2 6 6.835764
2 6 5.879131
2 22 8.139152
3 9 12.160124
4 8 14.566578
4 17 5.877928
0 17 4.783084
1 8 9.156113
5 11 10.282281
2 7 6.785115
3 19 4.601254
6 8 9.222895
6 13 1.547029
6 22 4.704756
6 22 6.306976
0 3 8.327509
4 18 6.085417
5 19 2.916069
5 23 6.435389
1 8 19.726501
1 10 9.776595
2 8 3.344492
5 8 12.362793
6 23 2.694876
0 11 5.741853
0 0 4.954563
0 2 8.274072
2 18 3.368595
3 6 3.368595
3 11 11.774089
4 6 14.809355
4 8 10.282281
5 18 4.045182
5 23 12.164676
1 6 9.776595
0 0 4.649667
0 23 3.488008
3 15 6.789713
6 19 6.085417
0 21 5.207248
5 11 7.622910
5 13 14.809355
5 19 3.313373
5 21 4.510906
5 21 9.428117
6 22 17.353138
1 13 10.462672
1 13 9.939539
3 10 11.243987
3 11 11.428315
4 22 5.803778
5 1 39.758156
1 9 12.362793
4 11 12.221782
5 9 9.776595
6 13 3.313373
6 15 1.675948
6 22 8.098158
0 12 28.398682
2 0 7.995324
6 20 4.593539
1 19 8.240432
1 19 3.368595
1 22 4.084916
2 20 6.455792
3 6 9.195532
4 6 4.572215
5 7 9.776595
1 20 6.569200
6 8 7.969079
6 11 12.184824
6 12 13.046115
0 15 5.781146
1 1 9.606434
4 15 39.040398
5 16 18.071888
5 19 18.489952
4 14 10.859719
4 14 7.530134
0 20 5.037139
0 20 9.318317
6 22 3.674831
1 11 11.618787
1 11 14.883440
2 17 3.609209
3 18 4.935122
3 16 3.678263
5 16 4.045182
6 19 5.781146
4 18 2.711751
5 22 1.033168
6 15 19.917919
3 22 3.202699
4 16 12.789096
5 18 9.939539
6 22 6.432449
0 8 9.195532
0 8 11.618787
1 18 1.648474
2 19 7.280438
4 6 8.197063
1 16 3.786218
1 18 7.859419
1 21 12.170863
2 17 13.553916
2 20 13.553916
4 18 1.572182
5 19 12.170863
6 8 9.195532
6 8 12.448700
6 10 1.933787
5 9 8.070315
0 20 6.937375
0 20 1.648474
0 20 39.758156
1 11 12.362793
3 23 10.313690
4 8 4.210744
0 17 37.273270
6 18 1.703197
6 21 6.570182
6 21 5.498706
0 8 5.005502
4 14 11.043932
5 22 15.138114
6 14 3.786218
6 23 5.552732
0 13 4.045182
1 20 5.596821
4 19 4.608716
5 21 12.160124
6 11 3.090012
5 6 2.052182
6 17 42.598022
4 7 4.209434
4 10 4.013391
4 22 4.112602
5 20 8.173288
5 23 13.238850
6 16 2.640389
3 18 2.675594
5 8 3.344492
5 23 12.830976
0 20 13.838775
6 8 4.864153
6 13 6.569200
5 20 3.525087
1 15 14.566578
2 10 9.466228
3 22 5.161389
4 8 12.362793
5 7 12.572331
5 10 9.939539
5 13 9.939539
6 10 4.934256
1 11 8.154017
2 16 7.254723
0 18 3.459820
2 19 11.590118
4 16 5.780128
6 10 3.344492
6 19 3.368595
0 18 3.855564
1 19 6.085417
6 14 1.621886
0 16 6.569200
0 18 5.364263
0 19 5.037139
0 20 4.649667
0 15 3.545890
0 18 5.445660
1 8 3.316467
6 17 3.488008
0 16 5.980495
0 17 7.853046
0 6 10.732167
0 23 6.816559
3 10 5.708634
1 10 13.883770
2 6 11.749310
2 12 10.649506
5 20 37.273270
6 0 5.791850
0 21 1.675948
5 23 3.609209
6 8 9.939539
6 21 33.131794
2 10 1.727485
3 9 3.208186
5 22 4.722318
0 21 1.675948
4 8 9.939539
0 15 9.776595
0 23 5.210834
2 22 7.875937
4 17 4.348258
6 16 1.675276
5 15 5.247636
5 23 7.518119
6 23 5.681997
0 5 7.219737
0 15 3.252911
0 19 7.284369
0 22 10.314618
1 20 37.273270
5 17 8.898902
0 13 10.728148
0 23 2.866708
5 21 3.289665
5 23 3.786218
6 0 15.291597
6 12 9.044785
3 2 12.050749
2 20 9.115958
3 12 15.694008
3 22 12.362793
1 11 4.042315
1 11 6.433846
1 13 11.428315
1 23 5.466588
3 23 4.927629
5 3 6.475731
5 12 5.375132
1 22 7.450561
2 18 8.643077
4 21 6.868826
5 10 3.344492
2 12 15.253348
3 14 21.125067
5 0 6.979088
0 9 6.938283
0 14 3.313373
1 10 9.939539
0 21 15.643909
2 20 18.636635
5 9 3.289665
1 17 9.939539
6 22 7.904286
6 21 2.761942
4 0 6.163697
0 2 4.797276
3 11 14.792678
6 8 8.686642
0 21 8.488184
1 10 3.368595
1 10 16.983303
0 19 6.361220
2 19 6.862770
5 17 8.212676
5 18 3.316467
1 23 10.601905
0 22 14.438875
1 17 5.156577
1 18 4.783084
0 9 5.411426
6 22 14.832494
1 16 3.316467
5 22 8.211053
6 22 3.674831
2 19 3.583385
4 23 6.205554
5 22 2.186020
0 8 9.618908
0 17 2.916069
3 14 27.107832
6 16 3.746379
6 22 3.459820
2 14 6.724230
3 10 7.308088
5 18 4.112602
6 8 6.156019
1 9 5.781146
0 17 1.648474
2 22 3.313373
5 14 3.289665
2 13 1.648474
3 19 6.662717
4 10 12.572331
5 18 5.037139
5 18 12.160124
6 2 8.301361
4 21 3.428890
0 2 5.367091
1 9 9.939539
4 21 5.550003
6 5 9.939539
1 9 5.037139
1 11 6.182639
0 19 5.396935
1 7 14.264761
6 6 9.953388
6 6 10.046367
6 13 9.512620
6 21 9.618908
1 10 14.146973
6 15 3.289665
0 18 5.207248
1 23 20.564562
3 16 35.080723
4 19 4.731475
6 18 3.674831
0 0 6.421115
1 13 1.648474
6 21 9.939539
0 22 3.371742
6 9 3.368595
6 14 27.885088
0 1 9.776595
0 1 9.939539
2 21 5.726439
5 23 11.646033
5 23 14.809237
2 21 9.790218
4 0 7.663731
5 1 6.264862
1 9 13.406292
2 2 21.785225
2 2 8.095756
2 23 13.216731
3 4 3.289665
6 18 1.675948
6 19 3.371742
0 18 4.099786
1 9 8.258335
5 20 10.391912
0 0 6.260005
2 0 15.444624
1 12 4.406359
3 6 7.195913
5 11 8.952473
5 18 4.954563
0 11 3.368595
0 12 3.344492
6 21 4.045182
0 17 3.368595
3 17 4.704673
5 10 4.095297
0 11 2.010137
1 9 12.160124
2 11 3.425690
2 22 5.708634
2 22 34.938103
2 22 3.062359
3 14 9.633795
5 13 12.688772
6 10 6.487299
0 19 5.696902
0 19 30.309877
0 23 3.368595
3 18 1.648474
3 22 11.196889
6 10 11.379966
6 12 3.368595
0 22 4.954563
2 16 3.289665
6 21 4.329054
0 16 4.578143
1 2 3.877743
6 22 4.486475
0 17 5.314538
0 19 25.819527
1 8 11.618787
1 17 44.447876
1 20 3.583385
2 7 9.939539
3 11 4.112602
4 23 9.210307
5 6 11.428315
5 19 3.674831
5 20 8.032289
5 21 7.443864
6 20 14.349253
6 23 5.314538
0 15 6.087853
0 22 3.368595
1 10 9.939539
1 11 2.406140
2 8 16.155659
4 8 11.618787
5 13 9.939539
6 11 10.302327
6 14 9.626317
1 11 8.738603
1 11 11.428315
2 9 12.362793
2 12 1.675948
4 6 23.854893
4 6 11.243987
4 11 14.809355
5 10 9.953388
5 10 9.706193
5 10 8.201496
0 11 7.166770
0 1 4.522075
0 8 3.368595
6 12 2.929213
2 22 5.136952
4 18 22.707766
5 12 1.436527
3 23 6.164143
5 8 9.618908
6 6 14.387325
6 15 9.939539
6 9 3.566470
4 20 3.368595
5 21 4.783084
6 14 5.781146
6 14 3.645086
6 10 3.313373
6 11 10.108006
0 13 4.510871
6 17 7.059501
2 21 3.656793
6 11 9.698736
6 18 1.733740
1 14 23.854893
1 19 6.162159
1 19 9.195532
2 2 5.037139
2 9 1.675948
2 12 6.125047
3 21 8.820891
3 10 3.817066
0 19 2.306546
0 23 6.790514
1 8 9.939539
5 18 3.612830
3 17 10.136293
5 14 6.318382
3 7 1.547029
2 5 8.043918
3 11 6.569200
5 5 9.939539
0 15 2.995031
1 23 10.652756
4 8 1.675276
5 22 10.108006
0 8 3.344492
5 8 7.299111
5 19 3.609209
0 21 3.368595
0 22 5.977598
0 23 4.608716
5 15 7.101381
1 16 4.112602
1 21 5.781146
2 8 5.596821
2 8 9.466228
5 19 3.368595
6 1 11.446762
4 18 4.805190
4 18 4.866279
0 2 4.770155
1 23 7.576841
6 20 4.112602
5 21 4.902975
0 20 7.101381
0 20 13.942544
0 22 4.731475
1 20 9.776595
1 22 10.464603
3 9 3.313373
5 16 31.388016
6 15 3.109473
2 9 4.608716
2 10 6.776188
5 16 19.019682
6 23 4.254416
0 22 2.890064
3 19 3.545890
2 18 8.399611
0 13 4.112602
0 16 6.306705
6 21 7.219738
6 22 3.368595
0 10 3.344492
1 15 3.259931
1 18 4.810333
3 14 4.112602
4 17 1.648474
0 17 3.371742
0 18 1.675276
0 21 3.368595
3 14 9.939539
6 18 6.256938
0 18 9.267741
6 7 15.291597
6 12 4.931855
1 14 3.313373
3 18 5.686373
5 21 3.549201
0 11 8.073358
5 14 5.247636
6 17 2.452864
6 18 4.045182
6 20 1.675948
6 13 5.034825
6 14 1.675948
0 19 4.608716
1 11 31.388016
2 18 3.459820
6 14 37.273270
3 21 5.708634
2 18 4.634294
2 20 4.222112
3 14 14.560163
3 22 26.050045
4 2 3.313373
6 10 12.789096
6 12 9.466228
6 13 3.963053
5 19 1.675948
0 5 8.725968
0 14 4.810333
1 6 5.681997
1 7 8.898902
5 18 4.874651
3 19 11.315331
4 20 10.720571
6 11 11.646033
6 11 3.368595
0 0 9.790218
2 13 16.409946
5 10 9.939539
2 9 4.954563
3 11 17.551971
4 5 13.112220
4 15 1.828307
4 19 8.127884
5 14 1.648474
0 16 1.675948
1 5 5.122515
1 18 3.371742
3 0 9.939539
4 15 4.974667
1 18 40.894753
1 22 9.085217
1 11 3.997662
5 18 3.401179
6 19 28.398682
6 23 4.954563
0 0 2.931949
3 2 8.139152
2 14 10.649506
2 14 7.068330
2 14 7.530134
2 21 3.002687
2 21 13.942544
3 17 9.061536
3 18 8.248124
6 22 4.254416
6 23 5.043877
2 9 3.040447
2 20 6.553492
3 19 7.436830
4 11 4.704673
4 22 4.731475
5 13 9.776595
5 19 3.344492
6 22 4.704673
6 22 6.499579
0 8 13.792249
0 17 1.622093
0 22 1.670378
4 8 12.737710
4 17 4.112602
5 4 7.223968
5 11 3.459820
6 18 1.704354
2 12 3.158058
2 14 4.704673
4 5 6.461508
4 10 6.430391
4 11 5.037139
4 16 14.929804
4 17 5.686373
5 14 1.675276
0 7 5.037139
1 9 5.026670
0 18 14.911674
2 1 2.023363
2 11 11.483795
6 12 1.547029
6 19 6.801348
6 15 4.013391
1 0 7.814012
1 16 3.678263
1 20 3.056173
2 23 6.475731
4 0 5.681997
2 23 6.501063
5 9 4.783084
6 18 5.122515
1 8 16.212261
1 11 10.108006
1 13 10.465619
1 22 3.040447
3 15 18.071888
6 11 4.300334
