0 16 3.153610
0 11 4.178988
4 3 9.464513
5 0 6.660653
5 22 8.749168
6 13 17.342972
6 22 5.023394
0 10 13.827306
0 16 12.550630
0 3 11.746257
0 17 1.551156
0 11 9.431741
4 15 10.312643
5 17 9.244648
1 9 17.771784
3 12 6.484296
5 6 17.402777
2 0 16.209497
3 1 12.424037
3 21 8.312131
4 0 25.455301
3 17 1.332683
6 13 12.266158
0 2 11.461456
0 3 8.652713
5 7 10.321175
6 4 11.373067
3 10 15.516888
0 20 7.641488
1 3 8.401987
1 13 7.849982
1 14 7.418472
4 12 7.469803
4 23 7.075247
4 4 4.904087
4 22 11.670503
4 23 6.879446
1 13 7.893091
1 15 11.428209
3 3 14.782107
4 21 10.870619
6 23 9.914690
6 7 7.760305
0 15 4.723104
2 20 22.893311
2 20 21.856880
0 18 1.577009
6 17 6.906617
0 2 9.602381
6 10 5.634401
0 9 1.577009
0 10 6.213616
4 12 10.348596
1 22 11.882388
4 20 11.687909
4 14 7.383447
4 13 5.493197
4 16 4.501709
6 15 4.274894
5 16 5.657173
5 23 4.027456
3 7 17.666979
3 8 8.128181
3 10 5.501808
5 6 10.041699
2 4 23.347263
0 14 5.047373
1 5 6.376243
3 4 14.236767
4 21 16.636007
3 11 8.745190
3 11 4.855947
5 22 9.421639
6 4 7.893091
1 6 6.281702
1 12 11.076439
2 3 17.366385
2 16 7.739773
3 3 22.763401
3 5 12.754272
4 20 9.884464
4 12 15.966481
5 22 8.857952
2 15 9.437325
0 14 13.194075
4 18 3.940271
6 16 13.221055
0 7 17.127333
3 13 6.831689
0 16 13.210973
0 2 10.777320
4 5 5.796585
1 6 12.675031
5 20 13.913752
2 4 6.317176
3 18 5.313100
4 5 4.502112
0 15 12.323214
5 0 11.854872
6 7 9.262531
1 15 11.946986
6 22 11.383794
3 14 9.293851
0 0 10.263185
6 9 9.403374
1 4 4.747081
2 14 8.401987
0 23 13.693037
0 18 4.588521
3 23 6.317176
6 9 10.230225
6 3 9.165795
5 22 9.730209
6 3 11.373067
4 16 20.691578
0 23 28.906605
6 13 15.345337
3 11 8.006727
6 21 7.763696
1 13 9.366150
1 13 12.050039
5 19 12.675031
3 18 8.720260
1 2 13.535620
1 4 13.976453
5 9 12.734859
0 20 8.026020
0 17 11.179852
0 19 14.358299
0 8 8.665581
0 12 5.862312
1 23 12.368347
5 11 10.195682
6 21 10.159449
6 20 6.444016
6 2 16.431643
2 21 7.916315
3 23 19.137928
4 23 5.220577
1 3 14.089974
4 14 4.792105
1 5 5.627846
1 21 8.035755
6 11 16.169779
1 11 7.748446
2 21 7.580612
0 20 9.215083
0 12 18.020857
2 19 15.713526
2 14 11.995708
0 11 9.366150
1 16 12.231975
5 14 10.129952
6 9 10.905007
0 23 11.330551
6 22 6.213616
0 12 11.068768
2 16 17.475588
1 1 19.742470
0 12 6.122712
1 19 1.604448
0 1 10.559510
3 10 9.940977
6 21 8.460749
6 11 4.855947
0 18 9.522252
0 22 14.213606
1 12 4.315529
5 6 9.185615
3 12 9.427082
1 0 12.072386
1 23 13.301016
6 21 5.100995
1 21 11.911355
6 8 9.864452
6 9 11.355076
0 6 6.863557
4 1 7.462426
4 1 8.026872
0 1 13.992873
4 17 8.456883
0 6 12.550630
1 13 10.523995
3 22 5.796585
4 12 12.135140
1 12 5.436026
5 1 8.465667
1 11 7.767117
1 22 12.467243
6 16 5.796585
0 10 5.920580
0 19 3.461085
4 0 10.196187
2 9 7.430768
0 18 11.253247
3 1 12.050779
6 1 9.635668
6 10 12.516672
1 8 12.753161
2 19 6.376243
4 8 11.253247
1 8 5.649203
3 18 11.458244
3 20 9.584200
2 1 22.312386
2 1 8.723741
6 15 15.093724
5 20 15.347536
6 18 6.418777
4 23 15.897723
6 13 8.633950
2 19 12.754272
5 13 11.045869
2 23 9.395845
0 19 4.108556
0 19 8.612243
