0 6 6.723767
2 9 11.416137
0 1 6.035125
6 21 2.710250
5 10 5.987544
1 10 9.655572
6 3 6.972153
3 9 5.431612
0 0 5.844566
1 8 9.363161
2 7 13.172186
2 15 8.275549
4 21 2.258356
2 23 18.347208
5 9 4.947185
6 0 12.461768
5 15 10.305717
1 15 6.079711
6 10 9.070572
0 20 8.971214
0 22 9.311336
5 10 1.453595
2 20 6.531206
3 6 12.291505
0 22 15.452089
5 18 7.958711
5 20 2.576490
4 11 6.263794
6 15 8.575547
0 18 11.112062
1 10 6.286921
4 6 6.451103
2 8 4.765855
5 6 8.740773
5 6 8.458095
3 12 8.502713
1 8 6.334917
0 21 5.063572
0 11 6.156367
3 2 9.136311
4 8 6.858459
6 16 7.343352
3 21 2.703357
6 5 9.959017
2 22 6.402837
5 6 7.536505
1 20 6.735987
2 6 7.239751
2 23 8.886944
6 16 4.339996
1 1 11.590015
1 14 9.210119
6 0 9.954872
6 9 2.873704
0 7 4.822218
6 15 9.289892
0 9 9.570280
5 7 4.339996
5 13 7.601496
0 16 1.107704
1 11 10.146742
6 18 5.484901
0 1 8.176715
2 7 4.845285
4 22 9.013347
0 15 5.552819
5 15 9.080735
0 15 5.549547
1 7 9.303613
2 9 8.307780
3 8 7.895720
5 8 4.789358
5 15 5.612062
1 8 4.472501
6 9 2.240205
6 15 2.535697
3 19 9.519214
3 8 7.884733
3 14 7.902739
0 0 5.385383
0 3 8.979302
0 4 6.568135
0 16 8.062300
5 13 9.065918
5 19 5.532096
0 17 9.706560
2 18 10.667799
1 19 23.368765
3 8 5.013796
5 12 5.618909
2 20 8.333987
5 10 9.685375
6 10 9.363161
6 13 1.972736
2 8 8.171354
4 6 7.383612
5 5 4.320874
6 10 7.535644
6 2 4.339996
6 16 2.420340
6 18 7.638219
6 18 7.189223
0 18 1.545634
3 13 9.362481
6 1 5.328752
6 16 4.858890
0 15 5.278302
3 21 5.386192
0 14 7.262569
4 18 4.688986
1 14 9.837463
0 0 3.545331
6 9 8.859859
5 20 12.463018
6 6 6.764030
6 14 12.152434
5 1 12.348956
0 0 10.064122
0 20 4.561160
1 6 11.593399
2 10 34.911850
2 14 4.765855
4 5 7.383612
4 7 3.975704
1 7 7.588130
5 7 4.117694
5 9 7.588130
5 16 1.380915
1 7 4.068747
6 19 4.253510
0 1 6.330484
4 23 5.631145
0 7 6.356260
4 18 6.419122
0 16 6.841346
0 17 8.277577
6 9 2.240205
0 6 8.554856
0 7 7.701563
0 12 7.435625
0 16 6.042687
5 8 9.519214
0 10 7.304517
2 8 7.592072
6 10 8.068406
1 12 10.531986
6 0 9.182024
6 23 7.299976
5 19 6.175908
6 18 8.083381
0 4 4.404805
5 14 11.245207
2 16 8.989718
0 0 6.377035
5 8 12.966236
6 14 5.550537
6 19 12.081076
0 0 10.441978
0 16 5.393313
2 18 6.617812
0 18 8.587950
1 19 8.017167
1 17 4.339996
0 1 9.716963
5 12 1.145901
5 17 9.303613
5 18 5.290008
6 18 6.286921
2 22 8.807379
2 7 6.022036
6 2 1.107704
6 18 3.331609
6 8 12.217505
1 22 7.700681
0 9 10.172395
1 12 5.608966
3 5 6.183857
0 13 7.973404
0 16 5.314281
1 7 3.779286
5 6 7.589328
6 9 8.989718
5 15 6.276405
0 18 4.613207
5 22 5.736242
3 7 7.888914
6 3 12.070681
6 6 4.339996
6 8 6.218728
2 11 6.286921
3 10 3.761185
3 12 3.142060
1 18 7.544305
6 16 4.765855
6 16 2.420340
6 18 7.638219
6 18 7.189223
6 18 9.897561
0 10 13.289789
4 8 6.219406
4 17 5.124241
0 21 4.339996
6 18 5.827430
6 16 7.772223
6 18 8.438411
1 7 13.056496
6 8 5.351625
6 11 8.555685
6 11 6.702850
0 22 11.723405
2 7 5.459769
2 7 5.191985
2 11 7.165238
2 22 8.587767
4 18 7.383612
6 0 8.939739
1 11 7.572729
5 16 5.100897
0 16 9.210119
1 7 6.721283
3 7 6.286921
4 8 6.286921
0 11 7.909831
0 7 5.313569
4 7 4.862261
1 9 8.812981
3 7 6.768226
4 8 5.851455
5 6 8.222680
5 19 3.182808
3 8 8.792745
6 23 5.963529
5 0 11.175169
5 18 9.447403
0 21 9.812166
1 21 6.437668
4 12 5.207995
5 20 3.099997
0 2 11.544467
3 12 7.978900
4 4 8.278650
6 2 7.624901
0 2 9.816498
4 8 6.183857
2 14 10.666592
1 13 8.740773
5 20 6.695807
6 2 6.005544
1 23 7.952238
5 1 6.841346
