2 0 9.253083
6 13 4.603479
4 22 4.603479
0 20 8.910045
0 23 5.902415
6 14 8.635511
5 16 7.192235
1 12 4.902006
6 5 9.356882
6 5 17.447445
5 8 6.746108
1 8 9.039507
6 20 6.367032
3 10 8.806819
1 5 9.660008
0 1 9.469185
5 1 6.599961
3 13 3.508232
3 23 2.925827
3 9 6.983976
0 5 1.694272
2 20 2.949233
2 15 6.860449
0 13 3.572018
2 14 5.086095
5 22 2.073185
5 1 6.716844
6 22 6.318497
0 13 9.467158
6 10 12.369755
4 11 8.759665
0 5 9.504076
5 20 3.011135
6 19 1.360190
4 16 9.162441
6 21 1.583172
1 16 1.609558
4 16 11.951002
0 17 9.187701
0 12 5.081316
0 1 11.237970
1 20 37.728703
5 20 3.726391
6 20 6.206161
1 18 7.462340
2 16 7.954261
6 18 6.414842
0 1 6.394114
2 4 22.198448
0 12 7.528331
1 21 7.966373
4 1 11.471826
0 6 4.365800
5 21 3.572018
2 7 9.673301
0 11 7.074330
0 20 8.376601
3 9 6.427074
3 17 7.954261
0 3 6.213189
5 1 8.219403
0 19 3.387259
0 9 7.192235
5 18 4.763734
6 4 4.820305
6 5 3.211877
0 18 8.429680
4 1 5.074006
5 13 3.118429
0 10 7.708206
0 19 7.586712
4 22 5.436830
1 11 12.009081
1 1 8.762794
6 21 5.015240
0 19 6.422624
6 22 3.727543
6 3 4.603479
6 16 2.714263
5 1 9.341728
0 2 3.011135
6 19 5.971432
5 21 5.271792
6 22 7.586712
3 1 1.167534
1 18 5.521480
1 17 4.481711
1 4 5.922782
5 20 3.266316
6 3 3.503866
2 15 14.897927
4 20 9.200933
4 10 16.728971
3 9 4.470747
3 9 5.832657
3 19 4.905245
1 1 4.876669
5 11 10.808086
6 4 15.460775
5 3 7.515415
6 22 7.986013
3 18 7.803863
0 2 3.017922
6 4 7.462340
6 21 6.235654
0 0 4.741284
2 11 5.532489
4 5 7.711924
2 1 9.200933
2 22 10.165095
0 22 4.986523
4 21 5.133336
6 12 4.801287
1 3 16.640657
2 1 6.140676
4 8 4.876669
1 22 4.959325
2 21 6.849748
4 10 8.868204
4 0 10.328662
1 2 6.422624
6 16 7.429790
6 20 8.868204
3 22 4.571877
4 20 5.560018
6 4 9.810298
1 23 15.579764
4 7 6.960227
6 3 3.211877
3 13 6.656988
3 16 9.542356
6 19 4.521938
2 15 10.609982
1 0 23.033714
6 18 3.387259
6 0 6.043511
1 18 6.144236
2 3 12.449783
3 14 1.280556
1 21 9.478387
3 21 3.011135
4 2 16.399752
4 2 16.570837
4 20 3.211877
1 7 9.589647
4 19 8.868204
0 0 5.316835
0 2 11.747308
5 10 2.806586
1 12 1.609558
6 13 3.447978
0 19 8.586674
3 10 7.136425
6 21 4.243665
5 0 4.820305
4 23 7.076716
6 20 6.144236
0 0 4.796724
1 16 6.097989
2 8 4.198848
5 9 5.181978
2 20 10.425072
4 4 9.170451
4 1 9.168821
1 5 1.583172
5 19 3.274350
5 4 11.192320
5 18 4.741284
4 22 4.902006
6 0 7.865534
4 23 5.342452
5 0 4.663452
4 11 7.565974
