6 20 4.414789
1 22 3.811474
1 23 3.811474
6 14 3.870112
6 15 9.314016
6 16 4.658468
6 19 4.921466
1 21 4.121698
1 22 3.493851
1 22 5.031146
3 12 7.036870
4 22 1.140654
4 23 13.870705
0 17 5.772956
0 18 4.562876
2 22 4.263683
3 12 6.590324
4 17 6.827425
4 17 5.240777
2 14 8.177283
3 20 15.493737
6 19 3.399423
3 15 4.192622
3 23 8.704850
3 17 4.805456
5 1 11.137403
0 9 2.376363
0 11 7.130515
0 20 4.134150
6 11 6.882343
3 19 2.507454
4 14 11.792878
6 20 6.241313
1 0 4.429320
3 20 3.362094
0 16 3.325102
6 18 9.633146
6 21 7.223687
1 10 3.811474
2 15 10.545973
4 20 7.933224
4 23 13.240103
5 0 7.132265
5 9 4.805456
5 20 4.971161
6 10 7.244235
0 16 3.802362
0 18 8.010197
0 23 9.859341
1 18 9.971482
2 23 4.638924
3 14 2.078986
2 13 2.690223
1 21 12.136761
2 19 6.741118
3 9 5.940908
6 13 4.492095
0 18 3.960606
0 18 7.985038
2 19 2.458307
4 20 5.014907
5 15 4.805456
1 12 6.824724
4 17 6.521302
6 8 4.650441
5 23 6.462397
6 0 11.506770
1 16 2.246855
1 20 7.933204
0 20 5.937956
6 8 4.192622
6 13 2.376363
6 15 4.356708
0 13 10.503602
1 1 4.429320
2 16 4.368596
2 20 5.325875
3 19 17.761112
6 11 5.618886
0 20 6.656240
3 20 22.179026
3 22 9.859341
5 20 6.705287
6 18 10.896956
6 19 6.916266
2 10 13.876938
6 18 5.869172
6 20 7.208183
1 13 4.805456
1 15 4.650441
5 13 4.057376
5 0 9.694499
6 16 7.249357
6 21 8.229030
1 13 18.020458
1 13 2.207089
6 7 6.798846
6 15 2.546104
2 23 11.034593
3 19 7.527582
4 14 7.249357
5 13 13.219835
6 11 4.192622
0 13 9.455683
2 20 9.260351
0 16 3.510739
2 19 6.213735
6 14 4.431770
6 15 4.532807
2 17 3.591783
2 20 5.366831
1 20 7.641242
6 3 8.914782
6 8 8.699228
5 2 7.332896
6 22 2.376363
2 12 8.177283
1 10 5.274299
1 10 7.908390
2 5 7.249357
3 11 7.130515
5 22 4.492095
6 0 10.752255
6 23 5.752778
1 16 7.499335
1 16 7.767169
5 19 1.469948
1 19 3.930583
1 19 5.211257
2 15 6.796272
4 13 8.440068
5 0 7.920940
1 14 4.971161
4 20 6.487532
6 15 8.876763
2 21 8.867804
3 13 6.999770
4 14 8.360138
2 20 4.726677
6 14 10.354073
0 16 4.123890
0 16 6.445947
6 19 7.372228
6 15 4.805456
0 18 7.117920
4 8 9.694499
0 9 7.015507
4 13 7.130515
0 15 2.337407
2 11 8.275064
2 11 4.805456
2 13 4.192622
5 7 13.801390
5 20 7.249357
0 10 8.768638
0 13 7.249357
1 11 7.973751
4 11 6.725547
4 11 4.805456
3 8 4.726677
4 9 2.160330
5 23 4.123890
6 9 4.805456
6 10 12.535971
0 12 2.546104
0 19 9.065880
1 8 8.544443
2 20 3.988740
4 12 4.123890
5 10 7.249357
0 22 3.930583
2 21 5.068944
6 13 9.551552
1 14 7.249357
3 20 5.462667
6 22 4.060948
2 9 8.552444
2 19 11.203163
5 9 4.717550
5 20 4.966709
6 18 6.553380
0 15 8.119418
1 17 4.087201
3 21 7.130515
5 23 9.892076
4 20 7.281533
2 16 4.650441
3 17 4.121698
4 0 6.641734
4 19 2.376363
6 11 8.914782
0 22 4.414520
6 12 3.702089
6 13 4.447138
0 12 6.742663
2 7 9.834006
2 7 10.553705
4 22 8.914782
5 18 9.519526
1 14 6.691714
3 10 6.552894
4 21 9.442008
6 10 3.992480
1 7 4.805456
1 19 6.796272
6 11 5.889279
1 20 3.754586
2 10 8.699228
4 7 4.837640
5 16 10.901684
6 19 3.870112
6 20 4.192622
0 18 4.193583
1 19 7.342820
2 11 7.143484
3 8 4.505115
3 10 10.762241
3 19 6.911513
5 10 8.965495
6 8 7.460789
4 18 5.468637
5 9 12.082262
5 12 6.650204
6 19 4.680384
0 12 5.983681
2 11 7.404179
6 6 9.064984
0 19 7.032374
0 20 8.490269
1 13 4.805456
1 19 3.483125
3 8 9.980819
4 19 4.123890
5 8 5.294592
0 16 4.078792
0 9 14.134603
3 19 10.256417
6 11 5.779426
0 18 7.630902
0 12 5.581585
1 11 4.191557
3 15 2.337407
2 9 10.286286
4 9 5.789928
4 9 18.889328
6 0 6.006370
2 10 11.669886
2 14 7.187351
5 20 7.249357
5 21 4.192622
5 15 4.805456
0 17 4.123890
5 18 5.937956
0 18 9.383981
6 22 9.150271
1 11 7.196009
3 8 8.613263
4 14 8.364643
4 15 4.192622
6 18 8.386490
0 19 5.088942
6 9 10.345928
0 15 6.553380
2 9 4.573769
3 20 7.284757
6 11 7.249357
6 21 3.338679
0 13 3.988740
5 15 2.858606
0 11 12.136761
4 8 6.809874
6 19 3.099604
0 12 9.775043
6 22 5.425337
0 0 6.201427
1 15 5.098489
2 10 6.480991
4 16 6.796272
5 20 8.229030
6 19 7.130515
6 17 6.843824
2 22 5.014396
4 21 7.130515
5 9 4.121698
0 16 9.362013
2 1 7.527582
2 21 17.750547
2 22 4.263683
2 23 4.263683
4 15 8.054841
6 9 6.691714
6 11 5.058374
5 18 8.229030
6 12 2.851636
6 16 5.808738
0 15 2.337407
1 19 3.992480
6 23 4.312645
2 19 2.160330
3 19 7.130515
3 21 9.808016
3 23 5.274299
3 19 5.425043
4 22 4.798887
6 7 4.805456
6 10 9.753656
0 14 7.249357
3 18 13.372172
4 12 4.057376
5 21 5.703272
6 12 4.638924
6 19 6.882343
0 20 7.630902
6 14 4.726677
6 19 2.010584
0 14 10.297404
0 14 3.818561
1 21 3.732685
1 23 10.028791
4 14 5.355023
6 14 2.061945
0 23 8.021659
1 19 6.380053
3 1 9.245932
0 21 4.650441
0 22 8.553726
1 21 3.925427
1 22 3.864092
2 4 8.480276
6 11 4.650441
6 21 4.121698
6 23 7.630902
6 23 7.284757
4 19 6.452213
6 19 5.717211
0 12 9.348265
2 21 8.054841
2 23 8.914782
4 19 6.538226
6 19 5.723176
6 20 6.399258
0 0 8.715298
0 13 9.276187
0 20 9.905313
0 23 5.098489
2 13 10.353418
2 17 4.932496
2 19 4.831985
3 15 4.921466
4 19 3.763791
6 16 5.746409
6 20 8.364643
2 6 9.065880
2 18 3.811474
2 20 4.088603
4 12 5.590162
4 21 5.036453
4 12 5.772956
4 22 4.805456
3 21 4.932496
5 22 6.095607
4 22 5.373885
6 18 4.646532
0 14 4.123890
3 10 8.490269
3 14 10.697738
5 21 15.466802
6 14 6.013085
0 23 6.705287
3 7 8.914782
6 20 5.269874
2 8 8.914782
0 9 9.971482
3 11 7.130515
4 8 2.263203
4 10 7.249357
4 15 8.021698
5 8 13.843021
5 10 7.249357
0 8 4.337195
0 10 4.562876
0 12 4.562876
0 13 4.805456
6 15 3.253972
0 9 7.249357
6 9 8.914782
6 23 7.527582
0 15 4.121698
6 7 1.926781
2 8 7.116433
6 9 8.230941
6 16 4.054129
2 19 6.353269
0 0 5.096783
1 15 8.150148
1 20 8.265738
6 8 8.346672
6 12 6.431042
6 14 10.349894
3 22 20.524397
6 9 9.971482
0 9 8.065267
6 10 4.190539
0 20 4.121698
3 23 8.844692
6 11 5.959098
6 12 2.707163
2 16 4.054129
6 10 7.656063
6 10 5.850170
6 17 4.805456
0 17 7.662223
1 6 11.964666
2 11 4.805456
2 13 4.726677
2 13 4.805456
3 7 4.805456
4 12 7.406816
5 6 4.435805
0 15 4.932496
0 18 6.621713
3 7 4.726677
4 13 7.787154
5 6 8.914782
5 7 11.937798
5 19 6.896241
0 19 4.057376
0 19 4.303393
1 17 4.805456
2 6 9.143919
3 6 4.805456
3 19 7.361051
4 20 7.249357
0 14 7.527582
0 16 7.448025
0 19 6.143793
3 21 9.496650
3 21 12.464353
5 22 7.249357
2 12 6.948537
0 16 3.992973
6 17 11.392273
0 6 9.971482
0 13 5.330426
1 9 14.278542
4 18 7.865984
4 22 7.106737
5 20 3.033655
6 9 6.361337
6 20 6.407274
2 20 8.911363
4 12 7.015507
6 20 5.058374
0 15 2.376363
5 21 7.249357
0 20 4.121698
6 9 10.345928
5 14 5.458030
0 15 7.130515
0 16 5.840612
3 1 12.067090
6 20 18.269386
2 21 5.014396
4 11 8.704850
4 17 8.997334
2 18 4.123890
3 21 3.811474
5 15 4.755805
5 18 3.315856
5 20 7.249357
6 22 4.121698
6 11 6.380053
0 23 12.622485
2 15 9.204445
1 13 5.269874
1 21 9.665810
2 12 7.404179
6 12 8.674390
4 10 6.277635
4 15 5.339395
6 18 8.847552
0 22 8.175310
1 0 6.135544
0 15 3.240495
3 10 7.208183
3 10 8.914782
5 13 8.371074
5 21 8.768638
2 15 9.065880
2 21 4.805456
3 11 6.604531
3 21 5.098489
0 8 4.805456
1 2 5.544756
2 0 9.267724
2 15 4.498667
2 19 6.779358
0 12 8.024546
1 23 4.123890
2 15 5.366831
2 20 6.568552
2 23 4.192622
3 19 2.690223
3 20 3.992480
3 21 3.927029
4 20 3.432191
4 23 6.553380
5 9 9.971482
6 9 2.299706
0 9 6.798846
1 8 2.376363
1 9 10.924613
2 10 8.104347
2 18 11.109718
4 13 9.455683
4 14 4.726677
6 7 3.194319
6 15 8.429998
1 1 8.823955
3 8 8.773561
4 14 4.726677
5 7 6.219615
6 10 7.751984
0 19 2.193566
3 17 6.552894
4 10 7.130515
4 20 4.658468
6 9 2.263203
6 11 6.267985
0 10 6.491961
1 11 12.800877
1 12 5.495597
2 10 8.150148
2 15 9.491400
4 21 5.714301
6 18 6.380053
6 20 6.621713
1 22 8.768638
2 17 3.844364
4 9 4.638924
6 13 7.798679
6 21 4.638924
6 21 6.535426
0 11 2.376363
0 14 7.187351
4 12 7.527582
0 20 6.349359
1 8 4.886904
3 23 5.291236
4 12 6.275462
5 20 8.990176
1 13 2.851636
1 16 4.263683
1 21 9.722384
5 10 6.103445
6 18 6.006819
0 16 6.250480
1 20 4.123890
0 22 13.002796
0 23 7.641242
2 22 5.526911
4 14 6.796272
5 0 6.118187
5 13 2.592396
0 19 2.193566
0 22 3.203482
1 6 11.727392
1 8 2.193566
6 21 4.413286
3 18 9.677896
3 19 8.470041
4 19 15.353169
6 13 8.804157
6 15 4.387810
4 15 4.192622
5 21 7.527582
4 20 6.035663
5 12 6.847378
5 19 6.018229
0 10 4.805456
2 19 6.553380
2 20 4.805456
6 19 7.249357
2 19 6.455182
2 22 11.127063
3 19 7.149141
0 11 7.331141
0 12 2.376363
0 20 3.950961
3 20 2.909833
2 7 9.535572
2 8 2.592396
2 14 4.263683
4 5 8.914782
0 17 10.353418
0 17 4.805456
0 21 12.136761
1 6 12.136761
6 14 3.754586
6 16 4.902049
6 17 4.054129
0 12 5.014907
0 14 4.123890
2 21 10.315327
4 17 11.554748
5 12 4.576624
6 15 3.655944
0 12 7.249357
3 18 4.054129
4 18 2.376363
4 20 6.999770
1 12 4.805456
3 22 9.383981
5 23 9.476568
6 19 4.805456
0 17 7.249357
6 8 8.710951
6 14 3.425024
4 21 3.793781
5 21 4.662442
5 23 8.984189
1 19 6.904150
2 11 6.943890
3 20 4.932496
3 22 12.503263
4 21 4.192622
5 23 4.123890
3 15 3.988740
3 20 4.429320
4 13 7.372228
6 9 4.726677
6 15 4.726677
6 21 2.725797
2 12 4.726677
4 7 22.748049
5 21 5.468637
6 20 5.613664
6 11 8.627208
6 18 8.104347
5 21 5.417697
0 11 7.015507
0 15 6.318835
0 15 4.971161
0 20 2.795722
0 23 4.337195
0 23 4.121698
1 4 10.384936
6 4 14.858886
6 4 14.312277
4 4 16.237545
5 4 7.527582
0 5 9.535572
3 19 7.527582
4 1 9.551552
4 4 9.971482
5 3 4.706298
5 4 11.947364
6 22 3.864092
6 19 3.493851
0 7 4.805456
3 16 4.282084
4 13 6.553380
6 13 8.574038
1 13 2.376363
1 19 4.344462
6 15 3.870112
6 16 4.872722
2 17 4.054129
3 9 6.843824
6 19 3.896315
0 13 4.582055
3 10 2.174496
3 18 5.098489
2 17 9.905313
2 18 2.970454
3 17 4.946038
3 21 7.130515
6 2 8.451198
0 16 4.123890
0 19 8.206820
5 19 17.405460
0 14 4.726677
6 11 5.184905
2 17 9.383981
1 21 5.098489
3 19 8.261079
0 15 4.192622
0 18 8.024546
1 12 3.804644
2 16 4.386781
2 21 9.694499
3 16 4.192622
4 9 8.533982
5 10 5.481190
5 19 12.136761
5 20 2.227841
6 9 9.254498
6 10 5.014907
6 20 4.219207
1 11 7.406816
6 10 6.157577
6 10 6.369761
0 17 4.658468
0 20 6.112350
1 19 9.858812
2 20 4.123890
2 20 4.752727
3 17 3.876025
3 19 8.467507
4 18 31.166677
6 19 4.356708
1 11 6.948537
6 14 6.013085
0 7 9.694499
0 14 2.592396
2 18 8.357608
6 20 5.669973
3 15 9.889762
4 7 2.523489
5 12 5.544969
6 17 5.259560
3 9 8.948320
3 13 7.393160
3 14 4.579434
1 8 4.492095
6 11 7.994731
0 14 7.249357
4 16 7.249357
0 12 8.768638
0 20 2.337407
1 5 7.284757
1 21 17.902758
2 11 7.527582
5 21 4.054129
6 14 4.726677
6 18 4.123890
1 19 4.726677
1 19 2.416641
1 23 8.847552
6 21 9.313179
0 11 7.130515
0 17 6.466419
0 20 7.249357
0 6 7.404179
3 17 9.155328
0 19 7.285392
2 17 4.576624
3 22 9.008572
0 20 6.180446
1 1 9.204445
5 19 4.650441
6 17 4.562876
6 21 4.418008
6 11 3.870112
6 15 6.970047
0 13 5.152122
0 19 9.196893
6 12 6.542320
3 8 16.409782
3 14 3.399423
3 16 10.748755
6 12 4.416105
0 23 6.798846
1 11 4.431770
2 9 2.592396
3 9 2.458307
4 8 10.868741
5 6 4.192622
1 7 6.041131
3 19 9.694499
4 14 6.796272
6 22 14.416367
5 7 5.339395
5 9 4.467060
6 18 4.646532
0 21 7.898427
6 3 4.726677
0 22 21.913975
2 20 7.404179
2 21 9.755490
0 19 3.864092
0 20 9.885487
4 14 10.974904
6 18 4.717550
6 21 4.726677
0 20 3.099604
2 13 9.033098
2 20 8.914782
5 19 6.445947
0 18 4.831985
4 20 6.348759
0 18 5.869172
1 21 5.782393
1 22 3.811474
4 23 8.948768
0 22 4.193583
1 19 5.058374
2 22 3.930583
4 18 9.971482
6 15 4.576624
6 18 4.726677
1 20 4.726677
3 19 5.926441
5 20 5.717211
0 18 3.225094
5 15 7.079185
6 9 10.487979
6 19 7.908390
4 16 7.249357
0 15 8.768638
0 17 5.713512
0 18 4.805456
6 18 7.167886
0 13 4.054129
0 14 4.121698
6 12 6.277635
0 8 4.876771
1 6 8.309568
1 20 7.372228
3 18 4.123890
6 11 12.206889
2 10 7.524730
4 6 9.079065
6 1 6.900028
0 19 5.698591
1 18 8.914782
2 9 8.680555
3 11 12.082262
3 12 2.227841
6 5 11.668947
6 7 6.491962
6 12 4.805456
6 13 5.762923
6 17 6.223997
6 13 2.416641
6 19 2.795722
2 19 11.937798
3 20 8.983237
6 18 6.796272
4 10 9.496650
4 17 8.357608
0 9 9.923586
0 13 14.296157
3 20 3.691073
0 11 8.732550
0 13 5.098489
4 20 12.427469
5 13 6.948537
6 15 6.931561
4 14 2.376363
5 8 14.193356
5 22 3.672801
2 14 6.207856
4 19 4.573769
6 16 3.804644
1 18 4.573769
1 19 4.805456
3 20 4.123890
4 15 4.192622
4 20 4.496398
5 11 7.527582
6 14 6.277470
0 21 5.021976
1 22 7.249357
6 10 3.434748
6 16 2.160330
0 5 7.527582
2 20 7.320306
2 20 6.705287
3 19 4.356708
5 18 4.123890
6 11 7.249357
6 11 8.914782
6 12 7.630902
0 10 7.169126
1 13 4.435805
0 15 7.641242
3 1 7.925708
0 15 3.528554
2 12 11.152857
3 14 7.630902
3 19 2.851636
4 11 10.092206
4 12 7.787154
5 13 7.249357
6 17 4.805456
6 20 4.192622
0 0 3.685366
0 22 9.073376
0 23 7.271866
1 6 7.908390
1 6 7.130515
4 1 6.741118
5 19 4.726677
5 22 10.317422
6 18 5.981299
6 18 4.121698
0 9 10.974904
2 10 11.543773
2 12 5.481190
3 6 7.057108
3 10 6.147886
4 6 5.193077
4 9 8.699228
5 10 6.126217
6 9 9.971482
6 13 8.065267
0 13 4.932496
0 8 5.468637
1 9 20.175465
1 14 5.604194
2 14 10.588745
0 21 4.192622
0 22 36.523300
2 14 4.105954
2 18 6.423951
4 21 5.696295
6 10 11.252918
0 18 7.372228
0 7 7.015507
1 13 7.854136
5 23 6.174244
6 13 4.942318
0 20 7.094693
1 16 9.254498
2 12 7.015507
3 14 9.808016
6 14 5.965895
2 10 7.171846
6 9 9.210022
