6 17 8.292937
0 17 22.975069
1 16 8.066352
4 21 8.886659
0 20 2.953181
5 20 1.870176
5 20 3.691476
0 9 5.811493
6 1 5.529126
0 1 15.226130
2 11 10.730491
5 0 4.114285
6 8 3.753691
4 0 5.347843
1 10 3.753691
2 20 3.362508
1 19 5.624456
4 20 5.347843
0 18 5.529126
0 23 3.632604
3 12 5.261588
4 11 3.753691
5 10 5.920588
6 1 3.209980
3 10 15.947870
5 12 2.375322
6 19 2.609748
0 10 5.723131
0 19 5.436974
3 16 5.825329
4 0 5.261588
0 1 19.616545
4 1 7.702548
1 3 5.347843
1 21 8.908248
0 1 4.794923
2 17 6.826922
4 20 5.207702
0 13 3.630960
2 21 5.774909
3 12 3.312080
3 13 7.249299
4 19 6.981989
4 19 4.814969
0 23 3.691476
5 1 4.021811
0 11 9.329032
6 21 3.753691
3 11 9.197738
5 5 4.129347
0 13 3.407517
0 23 4.249461
2 21 3.502328
2 0 1.853717
0 4 7.851215
6 14 4.569562
0 19 5.436974
2 1 23.455639
0 21 4.344176
2 2 5.436974
2 20 7.841823
3 2 5.436974
5 1 12.306705
6 13 4.886583
1 17 2.660978
2 22 6.309442
4 1 17.533188
4 15 3.696652
6 17 5.931244
6 22 14.490257
1 17 5.436974
1 19 7.077924
2 1 3.691476
5 0 5.436974
6 14 3.217449
1 18 3.990709
3 18 5.110795
4 1 3.817313
1 19 4.456306
1 22 6.434898
2 21 4.172339
3 0 3.913659
3 2 5.723131
3 3 2.768607
0 0 3.515692
2 1 5.347843
3 22 2.409832
4 19 8.194480
0 14 4.942704
5 2 5.436974
3 20 6.273432
4 18 4.596356
6 19 14.228366
1 23 4.660264
3 18 6.841216
1 2 5.178071
2 12 1.716883
2 12 2.008193
2 1 5.770161
1 22 8.554630
4 19 9.633888
5 18 11.501627
6 20 5.347843
1 20 11.076035
2 10 6.441889
1 14 9.611014
0 13 5.018745
6 13 5.723131
6 1 4.660264
1 2 3.630960
2 0 14.183411
2 23 5.529126
1 17 5.347843
3 21 5.178071
6 19 6.019265
4 1 8.915805
1 9 3.632604
3 8 5.261588
4 16 3.754044
5 2 5.261588
1 23 3.691476
2 22 4.660264
2 23 3.460759
1 1 16.380878
3 22 17.858465
2 14 3.630960
3 18 5.926880
4 20 3.519085
4 22 8.886659
5 7 10.535135
5 22 6.913672
1 19 13.717754
1 22 10.597277
4 0 6.683217
5 23 8.500939
6 23 16.717735
0 18 3.072637
5 16 12.082165
0 19 4.896119
0 21 6.796217
6 2 6.396440
6 15 5.996736
2 9 3.519085
2 12 4.868932
5 20 10.332787
0 11 7.414055
0 22 5.261588
3 10 2.362580
0 17 5.723131
1 9 4.094935
0 2 6.041082
2 15 4.021811
1 15 3.630960
0 23 10.410545
1 11 6.344693
6 19 7.255835
3 11 5.529126
6 12 5.436974
6 17 5.347843
1 6 8.066352
3 0 27.779123
5 16 6.407020
5 8 6.344693
5 20 3.574944
0 12 6.131542
4 12 6.910781
6 23 3.572397
3 13 23.497013
5 14 2.181129
3 7 5.673992
3 12 3.257185
3 8 3.691476
6 20 5.673992
1 18 29.099981
1 18 5.097163
6 9 4.660264
3 20 8.595293
0 19 3.753691
0 11 8.364820
3 18 25.742290
6 19 10.150753
2 17 5.436974
4 8 14.552453
2 15 4.029139
5 5 5.770161
0 8 3.692155
2 0 2.921523
2 14 4.094935
2 2 4.416107
4 15 6.796492
0 20 3.753691
4 17 4.513344
4 21 12.779585
6 21 5.931244
1 3 2.993089
3 19 4.750888
5 11 5.436974
6 15 7.582453
1 0 3.632604
6 8 6.760116
1 21 5.825095
6 7 6.467629
0 15 12.470604
4 19 3.464945
2 23 7.042444
5 19 6.993050
6 10 6.041082
3 18 18.694431
1 10 4.660264
2 22 5.529126
2 3 4.483056
6 2 5.436974
5 21 5.347843
2 16 2.467103
5 1 12.747898
2 12 20.533752
2 15 7.380562
1 7 9.249351
1 21 4.869142
6 22 44.619972
2 12 6.910781
1 9 3.753691
1 9 25.486689
6 12 4.408357
2 22 7.812785
5 13 2.761934
6 21 8.409414
5 5 5.374572
0 8 6.566471
0 9 5.261588
2 9 21.105459
2 12 6.019265
2 16 2.738446
3 15 5.923876
4 1 12.993684
3 1 5.097163
4 1 11.218346
0 16 9.008858
2 10 2.874402
6 16 18.157368
2 11 5.650743
0 6 3.630960
0 9 9.320527
3 0 8.414391
0 7 8.125570
0 11 5.347843
1 16 5.347843
2 20 3.753691
4 21 9.351033
1 4 6.027459
2 2 9.584689
3 7 9.351033
2 9 28.511923
5 19 18.473446
0 19 5.149957
2 2 4.594626
6 20 7.766257
6 7 9.197738
2 5 3.692155
1 2 22.655920
5 19 7.702548
3 12 9.509525
5 20 5.347843
5 22 5.580976
4 2 16.569262
0 7 17.039446
1 23 7.454078
5 6 6.262433
5 15 4.660264
0 19 7.996593
5 13 7.710484
5 20 11.533217
5 23 5.774909
2 7 9.257369
1 0 6.683217
0 20 5.347843
0 22 5.436974
2 0 4.942704
5 12 3.753691
6 18 30.568745
6 19 10.357763
4 21 8.277348
3 15 5.436974
6 11 3.817313
0 11 4.788851
2 20 5.097163
4 19 6.256151
2 0 5.436974
2 19 6.920235
3 19 18.591654
2 16 2.970215
0 22 5.347843
1 1 5.436974
2 17 9.342492
6 17 5.931244
2 12 7.682587
6 16 5.078057
0 8 9.744395
1 23 17.870558
4 1 5.624456
0 12 3.842683
3 7 5.920588
5 13 20.856592
1 2 5.988071
1 7 6.544141
5 22 21.994911
5 22 6.807910
2 1 3.407517
1 21 6.683217
3 12 4.170768
1 10 4.094935
6 12 5.770161
0 18 7.384688
2 5 3.692155
2 23 5.436974
6 12 11.344060
0 18 6.226826
0 16 5.178071
0 0 5.436974
4 0 20.831352
5 22 6.806789
5 12 4.468746
5 16 13.345354
6 11 5.097163
0 11 3.173631
0 11 1.943413
1 11 4.319949
4 15 3.217449
5 20 5.018745
0 4 2.031585
0 4 3.753691
3 13 8.028766
4 16 5.281188
6 2 4.504429
4 18 3.494371
6 17 2.202795
6 17 3.754044
1 17 5.436974
6 14 3.883128
1 19 3.584818
3 10 2.409832
5 18 2.008193
1 6 6.841216
4 13 11.244317
5 11 2.921523
3 17 4.942704
3 21 6.196627
3 22 4.942704
5 20 5.931244
3 15 5.281978
1 12 5.403802
1 17 4.731268
0 19 4.634292
4 7 4.942704
2 7 3.574944
3 21 5.347843
5 7 3.412446
2 7 5.097163
4 21 5.436974
1 8 3.753691
0 8 11.938352
3 20 5.347843
5 2 14.444669
0 12 3.753691
6 17 15.947870
0 7 5.723131
0 7 3.692155
4 19 5.931244
3 11 8.595293
1 8 4.731268
6 14 5.436974
4 15 6.467629
4 19 4.942704
5 22 13.531325
2 11 6.134201
3 20 5.436974
4 0 5.269659
6 15 3.460759
4 14 4.942704
4 1 8.595293
0 17 7.092490
2 1 33.082237
2 17 3.955153
