6 12 17.151674
6 18 15.531251
4 14 20.248304
4 19 15.139250
4 20 17.559042
2 9 13.429964
5 20 5.084860
2 7 14.943235
3 13 6.299711
4 22 6.288847
0 23 20.962082
0 16 25.079670
1 12 7.478097
2 9 2.947614
2 18 3.402154
2 19 8.784311
2 21 11.289155
2 22 7.602732
3 18 18.473537
3 19 5.068296
3 22 8.169046
5 8 3.402154
5 12 4.168502
5 15 8.810614
5 20 9.140434
0 17 19.860249
3 18 4.505075
4 14 19.327812
4 23 5.009992
5 2 7.962069
5 11 10.078474
5 15 1.572876
6 12 4.880498
2 5 4.880498
2 11 16.830948
2 12 36.319233
2 12 8.129344
2 17 12.841696
3 9 3.593482
4 19 8.127519
6 5 8.226808
1 8 9.388359
1 9 17.458954
1 9 3.724692
6 17 11.968822
1 21 12.450040
2 0 4.673054
2 1 8.564870
3 20 10.066051
3 23 11.004146
4 0 3.615184
4 13 3.923570
4 23 11.204354
6 2 8.544280
1 0 8.229144
2 21 9.884366
3 18 16.797085
3 22 11.073503
4 15 6.421415
4 19 8.604361
5 8 13.495625
0 22 1.000998
0 7 15.584312
1 19 14.790989
3 11 13.713296
3 12 6.457814
3 12 17.428263
4 11 17.815556
4 11 4.630063
4 18 19.949850
4 20 9.311564
4 21 8.156351
5 0 11.522890
5 12 10.919458
6 14 5.274249
0 3 12.767317
0 9 3.664924
0 22 4.344870
1 11 15.432377
3 8 14.758251
3 12 7.384024
4 17 20.570190
4 21 10.643080
4 21 8.112932
4 22 11.086892
1 19 5.621558
1 20 6.525571
6 13 8.353437
6 14 13.025949
1 8 9.175443
1 18 10.207433
2 17 21.403751
3 10 10.689149
4 0 8.229144
4 9 11.762038
5 12 3.394207
6 0 6.759385
0 18 5.947091
1 10 17.513720
1 18 10.029899
2 6 7.478097
3 13 15.124143
5 14 14.369064
5 20 4.800490
6 8 3.104223
6 12 12.556552
6 21 9.024572
1 8 12.146248
1 8 27.241306
3 19 9.942113
3 21 13.934497
4 20 17.453577
4 21 16.309450
5 23 12.570426
0 16 15.139250
0 18 6.759385
0 19 9.481977
2 11 18.248728
4 6 4.116532
6 1 13.307034
1 8 14.577703
3 8 5.843107
4 11 21.101448
5 12 3.402154
0 10 22.533560
3 18 11.187921
4 8 4.489699
5 5 2.875865
6 5 15.683626
6 17 6.470596
6 9 19.871784
0 0 3.624837
1 8 8.606020
1 10 23.374689
2 12 25.488560
2 14 19.988026
2 17 11.525331
4 22 10.932814
0 6 3.046705
0 14 6.873629
1 10 12.299418
1 17 15.684117
1 17 2.185089
1 18 7.749863
2 12 8.181195
3 2 8.233580
3 3 15.163211
3 18 11.330406
4 1 12.470674
4 9 8.388014
4 19 14.262326
5 13 10.562013
0 16 20.001280
2 18 18.377846
2 19 19.389229
0 10 19.264986
4 18 14.329781
5 9 4.544115
5 21 7.561408
1 12 14.822873
2 7 1.287334
6 2 10.464467
1 8 9.338993
1 21 16.402878
2 2 7.748113
2 15 17.310331
3 13 6.159966
4 18 10.669082
5 1 4.963219
6 5 8.077069
0 5 16.333527
0 22 7.130211
2 9 3.764548
2 12 5.851459
3 5 10.980493
3 7 20.782545
3 13 6.163085
3 17 8.018277
3 23 11.333990
4 9 5.272419
4 9 7.240913
4 22 5.553556
5 10 8.602668
0 10 7.261629
0 8 7.798343
2 12 15.080383
2 13 8.540911
3 11 8.169046
3 13 5.048791
3 17 3.402154
4 21 18.395494
5 12 1.801197
6 23 9.349014
0 23 14.426841
0 23 15.949185
2 12 8.454562
0 22 5.484025
2 22 2.638589
4 12 4.708538
4 23 11.465448
1 10 5.305583
2 9 15.542240
3 7 10.589505
5 20 3.632680
0 10 10.963284
6 14 23.525698
6 19 9.593164
1 10 20.755154
1 11 23.102814
1 15 1.097672
2 1 12.761584
2 2 14.934901
2 3 11.926827
3 1 24.474503
3 1 30.446106
3 2 14.230462
3 2 6.330026
3 2 17.137705
3 2 16.249136
5 3 17.836580
5 14 11.371329
5 15 16.180441
2 1 17.744471
2 2 2.518924
2 11 18.605862
2 18 7.281043
3 3 6.421415
3 17 8.438973
4 18 8.991938
5 2 11.030033
5 2 7.962069
5 3 7.778105
5 13 11.501326
5 15 8.099750
6 1 11.528513
6 13 4.800490
6 15 7.599814
0 0 10.264255
0 10 19.398838
0 10 14.391190
0 18 13.719895
1 2 11.272455
1 23 16.206554
2 23 17.080824
3 13 4.320084
3 14 10.119401
3 23 4.623086
4 1 12.313511
5 2 6.214273
6 17 11.300755
0 8 11.133200
0 11 9.931028
1 9 11.238510
1 20 16.246357
2 17 18.587116
2 17 9.195331
3 10 9.276118
4 14 4.988554
6 10 13.426296
1 21 10.942413
2 20 30.806793
3 10 11.104087
3 11 10.304257
3 17 4.800251
4 5 9.196026
4 17 18.816401
4 18 5.167144
2 12 13.501718
2 15 3.384067
3 14 6.846636
5 14 8.760952
5 16 14.371171
1 7 15.633012
1 15 4.800490
1 23 20.003971
2 12 18.107731
2 12 13.335908
5 23 1.955469
3 23 10.104683
4 14 18.863705
6 0 9.552001
0 7 14.195831
0 7 16.390478
0 8 11.932715
0 9 14.836693
0 10 17.827656
0 11 12.827048
1 10 6.430967
2 9 18.897223
4 18 9.177403
0 10 4.575239
0 11 21.110605
6 7 16.878967
6 7 20.453588
6 16 9.472108
2 9 17.175089
3 18 13.443109
3 18 8.584033
5 0 17.936230
6 12 1.343765
0 1 18.076782
1 15 4.952786
3 7 10.463244
6 21 4.416097
0 16 13.559698
1 12 5.815093
4 13 11.342210
4 23 9.613224
5 10 3.726006
0 2 8.143983
1 9 4.416097
1 9 10.379156
1 10 1.861237
2 7 7.379272
2 14 33.576950
3 11 19.733706
4 15 15.990621
5 10 2.439272
6 5 8.169046
6 8 4.015518
1 12 8.142837
1 22 18.397131
2 5 20.168682
2 11 17.231688
6 15 9.995480
0 12 3.771502
0 14 13.572984
1 8 16.365030
5 11 4.880498
5 13 8.579299
2 18 7.820053
1 19 11.609216
2 8 28.054338
4 10 4.505075
5 9 9.716505
5 9 13.990396
1 12 3.486958
4 16 17.034744
6 0 10.899064
1 0 17.290155
3 12 13.744473
3 18 19.147158
5 22 14.321853
1 23 21.533321
3 10 21.313412
3 21 9.789974
3 23 1.595346
4 2 27.579889
4 15 18.456861
1 9 11.857556
2 13 16.115957
3 8 17.498386
4 6 24.914625
5 14 18.664898
0 14 21.816536
2 7 6.283764
2 9 12.690868
2 9 23.750032
3 14 14.341094
3 14 11.151145
5 15 3.583374
1 16 12.168095
1 18 15.863804
2 9 4.044429
4 8 6.849650
4 13 2.383468
5 9 24.914625
0 7 10.507441
1 8 22.250917
1 9 1.830725
6 3 6.448688
0 7 7.777447
0 10 15.890299
2 1 8.461409
2 18 8.169046
3 1 7.613258
3 8 5.048540
4 8 7.315662
6 1 7.678680
0 1 7.540658
0 13 16.348652
1 12 8.604361
4 19 3.421577
5 22 10.379156
6 14 6.622156
1 17 11.289155
2 9 7.861013
3 20 13.854029
4 18 10.757811
5 7 5.711074
6 19 18.149895
0 10 6.069061
0 21 18.363684
1 9 4.097387
2 10 13.229835
2 22 23.846521
3 8 17.564289
5 8 2.949700
5 8 18.017458
5 14 11.457781
5 19 2.954693
0 8 11.156272
0 20 6.470181
0 22 23.825686
6 8 14.112614
0 3 13.276689
0 8 15.389505
0 12 13.369007
0 20 21.560673
1 19 4.897853
2 18 5.510951
3 21 8.219107
4 15 1.642268
5 10 2.638589
5 13 4.344620
2 12 6.065269
2 14 5.777893
2 14 3.402154
3 7 14.858158
3 14 6.449144
4 11 8.212512
4 16 4.471208
6 23 13.519274
6 23 5.332484
1 15 7.234160
1 16 4.344620
1 21 22.895048
1 22 13.125987
2 4 22.405960
3 6 11.875016
3 7 2.769224
3 7 11.677136
3 10 28.340813
3 23 10.608885
0 23 13.205042
2 1 2.681670
2 13 7.257031
3 8 13.370094
5 0 23.281559
5 8 5.558578
1 17 15.344952
3 21 5.504070
5 5 5.504070
5 5 15.199917
5 22 19.089409
6 9 6.001637
0 7 3.986863
1 3 10.640588
1 16 15.012760
1 17 20.747709
2 8 6.754232
2 10 8.501034
2 15 2.503529
3 4 16.761690
4 10 4.999713
5 9 12.179899
6 12 17.172741
0 15 14.306927
6 19 5.342302
0 6 4.320084
1 15 18.509563
1 15 23.584278
2 5 16.017847
3 13 3.919978
3 14 6.345823
4 22 12.175950
5 15 4.650157
5 23 21.287886
0 5 9.150934
2 15 4.172880
4 0 5.665255
4 23 15.570264
5 12 11.658663
5 15 10.316620
0 10 15.779458
0 10 20.253187
2 17 2.850116
3 14 20.022310
4 20 22.463232
5 14 9.540131
0 18 16.934076
1 15 16.349287
1 15 1.807687
2 20 12.136791
2 23 8.762074
4 1 8.039151
4 14 6.970681
4 14 2.341167
4 21 8.167010
4 22 25.290155
6 21 6.824631
0 22 23.902422
2 12 12.814217
2 13 6.049099
2 15 1.317207
2 15 1.079678
3 12 7.553984
3 16 2.538109
4 0 9.692484
1 10 6.549457
1 11 11.976180
1 12 16.367769
1 15 5.246476
2 19 8.551418
2 19 11.560851
1 10 13.112799
1 14 19.953142
3 9 15.944449
3 10 3.402154
4 11 16.556520
4 8 15.266438
2 9 5.241580
3 1 12.299418
4 13 12.315442
2 11 20.643944
3 10 16.814461
0 0 20.455103
0 17 12.604536
1 8 15.871036
2 10 8.774294
2 14 17.098743
2 14 11.106088
3 2 10.483181
3 11 15.287922
4 15 11.368418
5 9 22.786932
1 22 6.256320
2 9 5.323915
3 14 6.972908
5 21 6.983591
1 15 18.377846
2 9 24.658552
2 13 11.718786
4 11 5.438925
5 12 11.837158
1 20 9.232771
2 12 18.967617
4 14 17.800739
0 1 8.272525
3 9 15.012385
3 20 12.164219
4 3 17.617588
4 20 19.911575
4 23 7.670502
0 7 16.752859
1 11 13.875790
1 13 8.825383
1 14 31.452158
3 13 10.257427
3 20 16.456879
0 11 8.035128
0 22 35.563370
2 13 3.799312
2 21 29.905930
4 16 15.461011
0 15 16.316336
2 14 17.672894
2 20 19.253351
4 8 11.284094
4 15 13.990396
4 20 10.664342
4 23 10.851484
5 11 17.458954
6 9 8.168803
0 19 2.687531
1 20 15.591415
1 20 35.797211
2 22 11.666676
3 4 28.340813
3 19 20.295919
3 23 10.560383
6 10 20.503559
6 12 14.828061
0 11 14.109786
0 16 17.939777
6 4 4.489699
1 22 16.792595
3 0 27.392681
5 10 7.644168
4 11 7.633909
4 12 11.289155
5 13 3.960077
5 14 4.081544
5 17 14.526465
5 21 8.967420
6 14 6.593176
0 11 18.141825
0 19 13.989588
1 13 2.144713
1 16 1.830725
2 13 11.281674
3 12 4.880498
3 14 4.725999
3 14 12.625741
4 9 18.013777
6 8 5.253263
0 10 15.270341
0 18 25.820141
2 15 4.209093
3 12 9.311564
3 13 7.670502
2 8 14.572642
3 13 7.408549
3 14 1.534096
3 20 14.687411
3 20 9.548126
3 20 17.675661
3 20 21.258776
3 23 6.106645
4 9 30.595718
5 8 5.301077
1 2 7.462473
2 11 6.368261
3 8 5.994148
3 9 8.567062
3 12 15.657147
3 12 4.179898
3 13 4.997740
3 13 16.521723
6 9 7.279690
6 12 9.593164
0 7 14.879381
1 19 8.598996
1 22 14.637133
3 7 15.725584
4 12 5.843107
4 12 15.409945
4 14 6.490158
3 12 14.274352
4 9 9.024251
4 13 13.593104
2 8 7.843040
2 14 2.439272
3 8 10.338552
3 12 6.361768
4 12 30.455761
6 16 44.134640
0 10 19.327652
6 5 16.180441
4 18 2.520623
5 22 7.125713
5 23 22.633949
3 16 5.324180
1 18 22.809206
2 22 8.707920
3 9 16.365927
3 9 4.822204
3 20 11.060463
0 13 10.506178
0 19 12.949632
1 16 9.115705
1 17 6.122316
1 21 2.036759
2 17 11.764577
2 18 23.399929
3 16 2.725632
3 19 4.570341
4 15 9.360263
4 15 14.490459
4 16 4.165903
4 16 14.271702
4 16 10.797287
5 16 13.196887
5 18 2.875060
6 3 5.716133
6 9 8.417453
0 0 2.766458
0 19 16.124598
1 16 14.227098
2 16 18.308426
2 16 10.518463
2 16 12.760256
2 16 8.617330
2 18 16.096752
2 18 1.468556
4 7 4.124365
4 10 7.262974
4 11 15.369703
4 13 12.725268
4 14 4.988554
4 15 3.832332
4 19 22.707649
5 0 7.937704
0 21 8.099213
1 16 2.108968
1 16 16.934076
1 17 7.192994
1 18 20.892845
1 19 4.747192
1 19 13.831457
2 16 15.750772
2 17 17.318657
2 18 4.547538
2 18 19.113361
2 19 12.889382
2 19 9.975636
3 15 1.329455
3 16 8.079031
3 16 19.568390
4 16 2.729575
4 16 16.001911
4 16 2.638589
5 16 3.193720
5 16 5.688904
5 16 18.409702
5 16 16.134947
5 19 8.095680
6 8 15.490858
0 8 10.486407
1 6 27.746042
1 12 16.316336
1 14 4.978762
3 10 13.027787
3 14 16.411337
3 17 2.771059
5 7 20.407583
1 11 24.538641
1 23 15.726264
3 14 11.058053
5 6 8.597612
0 14 8.339092
2 7 5.834464
3 9 8.264054
4 7 9.544831
6 18 5.393637
6 19 21.553793
6 23 4.692943
0 11 19.249313
0 8 10.645732
2 23 16.125919
5 13 4.300082
5 16 1.666779
5 19 4.489699
0 21 10.440464
2 15 4.029139
2 17 1.025506
5 13 1.925418
6 19 7.315564
6 21 9.149047
2 9 4.511440
5 16 4.619975
6 8 19.666754
6 20 17.428057
6 20 27.357868
0 20 5.689924
2 9 13.429964
2 10 5.499520
2 12 10.765997
3 6 5.843107
3 8 3.402154
3 9 14.290112
4 8 12.490836
5 10 9.909301
6 16 18.526533
2 12 8.226808
2 15 6.849650
4 9 3.655041
4 18 2.570693
1 9 4.658914
1 23 13.125987
2 9 1.825265
2 15 12.851506
1 18 7.073111
3 14 4.562592
3 19 4.137173
5 18 32.836174
6 15 9.098071
3 16 6.005360
3 20 28.724983
5 9 1.732444
5 13 13.166840
5 19 16.091555
0 19 17.481787
4 14 16.166941
5 12 24.769619
0 1 6.555232
6 23 18.538448
0 22 5.901427
2 1 4.718208
4 12 10.353001
1 16 15.296564
1 16 13.281318
1 17 8.998089
2 2 13.027787
3 15 15.186138
3 19 17.574106
6 3 8.352487
0 20 13.358146
0 22 3.439390
1 8 21.742064
1 11 21.136740
1 21 25.525078
3 20 16.841707
4 9 1.861237
3 8 17.830086
3 8 4.800251
5 12 17.172741
6 14 10.044790
6 16 16.031670
3 8 8.229144
4 12 16.316336
4 16 2.185089
5 9 16.367769
5 12 22.495913
6 3 11.686508
6 3 10.595674
6 10 18.060987
6 14 3.018222
1 7 12.674951
1 9 13.489134
1 18 13.539092
4 1 9.550784
4 16 10.728397
0 3 10.480328
0 1 4.942808
2 18 2.770816
3 19 4.880498
5 11 2.185089
0 10 16.280975
0 10 18.472923
2 13 12.173306
3 17 4.489699
5 16 2.638872
6 3 8.009347
2 9 17.751560
3 14 1.861237
4 15 15.061233
4 15 2.343298
0 5 10.029899
0 9 17.426722
2 9 2.256691
4 12 6.160663
4 14 17.050093
5 13 15.683626
5 13 12.540112
5 18 5.141441
1 1 17.540812
4 12 4.631784
1 9 2.296377
3 13 4.731219
0 8 23.480799
0 9 21.914751
2 14 2.901010
3 0 4.417027
4 21 13.749221
0 0 15.118794
5 10 6.151729
2 14 4.053555
2 17 18.136686
3 11 7.003040
3 13 7.687508
6 21 8.379395
1 4 9.155804
1 10 1.706367
3 13 11.967947
0 3 17.443800
0 22 8.350078
2 13 30.064125
2 13 21.576012
3 9 2.947614
4 18 10.311100
1 20 5.371822
3 18 12.968735
1 10 22.707739
3 10 16.397921
5 9 2.963361
5 18 10.937319
6 10 21.357260
0 18 20.077660
0 19 8.563439
1 0 5.481773
2 12 2.771059
3 4 21.098576
4 13 6.223637
5 15 11.010262
2 13 14.410583
3 12 1.830725
4 9 11.475350
4 14 10.489276
4 17 14.015363
4 18 8.802941
4 18 20.991693
6 11 27.757488
1 11 13.046536
1 11 16.322802
3 11 16.682177
3 11 12.520742
4 10 15.855200
4 12 13.584986
0 12 8.683648
0 7 18.375622
0 8 4.800490
1 14 13.943002
4 13 15.915188
4 14 19.495607
5 13 12.203184
6 22 13.348840
2 15 7.548806
6 13 12.725241
6 14 19.983105
0 20 23.417143
2 9 15.179735
2 22 18.942104
3 21 6.628474
4 15 8.840634
6 22 7.189551
0 12 9.782552
6 13 6.317125
1 13 3.583697
2 7 1.150169
2 9 19.599514
2 17 12.490836
2 17 4.718208
2 23 4.800251
3 16 9.235662
3 17 14.853622
4 21 6.743953
5 14 4.999563
1 0 1.283444
2 17 9.557402
2 17 14.687411
3 8 21.262320
4 18 5.592671
5 1 39.237167
1 9 4.631135
2 9 17.458954
2 9 9.005617
2 18 15.394614
5 15 4.550640
0 23 8.664826
2 0 2.520623
2 12 1.830725
4 8 10.589505
4 22 11.678436
5 10 11.289155
2 8 17.240940
5 2 13.811126
2 21 5.102935
3 2 7.423719
5 22 1.963130
6 10 17.612192
0 13 20.397144
0 3 16.013981
1 10 6.421415
1 13 10.008715
1 16 3.402154
1 18 8.188479
5 11 6.386466
0 20 16.777290
1 21 12.851080
2 12 3.018222
2 17 12.031269
2 19 5.747318
2 21 7.109238
4 20 12.222058
5 19 17.996876
2 1 10.760383
2 1 7.442469
2 8 2.683311
2 11 22.152620
2 20 14.886360
0 18 5.529751
1 0 30.080158
1 0 17.728102
1 15 2.427700
0 6 11.288980
1 9 3.604540
2 22 18.656672
2 22 9.618029
2 22 20.816580
3 13 5.377951
3 21 16.106609
5 12 3.726006
2 12 11.289155
3 12 1.584394
3 12 30.140846
6 19 15.880580
1 14 15.855672
1 16 5.719764
1 17 9.090316
1 23 14.786388
2 20 19.672108
4 9 4.203695
2 17 16.079050
3 18 20.548269
4 10 21.126141
5 15 3.140450
0 13 17.668571
2 20 20.395042
3 20 13.572233
4 16 2.185089
4 22 19.202471
0 16 9.060669
0 8 13.968936
0 8 10.209006
4 15 1.097672
3 13 16.078102
3 14 5.842864
5 10 9.432759
1 8 8.482044
4 10 6.642266
4 12 5.295042
6 18 20.922379
6 18 9.981329
1 9 14.770862
6 19 8.408432
1 0 5.481773
1 19 8.307505
2 18 12.432311
3 0 13.415945
3 1 20.797949
3 21 26.677336
4 23 6.115633
5 22 9.740226
6 14 9.097827
6 17 12.228502
6 20 16.487499
1 16 10.799405
3 16 2.832198
4 22 17.329653
6 12 8.361672
2 13 12.050916
2 17 5.756685
2 18 16.671066
2 18 16.770760
2 19 19.826948
4 0 6.732526
4 17 10.936184
5 14 4.565795
6 17 28.950638
6 17 19.405560
0 1 8.518806
0 1 21.320377
0 8 6.445985
0 14 4.416097
2 15 2.471404
6 16 16.187223
0 16 15.769554
0 18 23.908512
3 14 10.007561
5 10 10.668897
0 0 6.416758
1 1 14.697900
1 7 17.584383
6 17 18.995325
0 8 13.226598
1 8 17.489218
1 8 26.304951
3 11 10.212908
6 21 6.839439
2 9 6.756656
6 23 11.121859
4 7 5.512639
5 18 12.967167
6 23 15.879066
3 15 6.531561
4 9 2.771059
5 21 8.806062
6 11 10.382728
6 19 20.142662
2 20 11.878813
6 7 10.492951
0 19 6.555396
1 19 4.416097
3 14 16.265867
3 20 17.827656
6 7 8.167010
0 16 4.559175
0 23 22.153847
0 8 18.236576
0 9 6.998008
1 21 14.635108
5 11 12.713470
0 0 19.071968
0 14 19.198896
0 14 16.421434
5 22 4.471208
6 2 7.538606
0 9 6.499860
0 21 10.703009
1 10 22.105665
1 11 25.416300
1 11 19.352190
1 12 16.770760
1 17 10.634454
1 17 5.253263
2 11 18.734161
2 23 14.814745
6 7 9.463949
1 8 8.574903
2 17 4.860008
3 8 14.328327
5 13 2.048521
3 9 7.755083
4 13 3.664924
6 8 12.063330
1 6 16.099911
1 10 13.345941
1 13 10.920092
1 13 18.387978
1 19 17.167801
2 8 18.669741
4 6 16.260061
0 7 7.664006
0 11 12.308502
0 22 12.025650
1 17 13.087711
2 0 9.140042
2 12 1.861237
4 12 15.683626
5 1 10.066222
5 8 25.342428
5 11 15.403541
2 11 23.457062
2 17 12.067561
3 9 4.462926
3 16 23.119091
5 9 16.200125
5 15 12.832396
5 16 2.957878
6 22 8.461652
1 13 15.634884
1 13 4.861778
2 0 11.689873
2 14 2.725632
2 15 17.204348
2 16 5.843107
5 10 38.144428
5 11 3.670530
1 20 16.782393
2 16 12.435003
0 13 3.519470
0 21 7.213420
1 9 9.185085
2 12 20.773077
2 13 15.443605
4 20 3.773798
5 15 4.498954
5 16 16.239077
6 2 11.834196
1 12 11.093803
2 12 9.019509
2 12 15.083264
2 13 2.638589
3 9 5.253263
3 10 12.470674
3 11 8.101314
4 12 17.370190
5 12 19.065628
5 21 3.589792
6 11 7.602732
0 7 16.099386
0 7 1.538285
1 18 16.272207
1 18 4.416097
1 21 38.797676
1 21 22.524939
2 15 4.880498
2 19 17.458954
2 19 10.905931
0 15 15.395578
1 3 9.570505
1 10 4.477761
2 13 3.516399
2 17 17.190189
2 19 1.830725
2 22 4.619975
3 17 10.765997
3 19 17.159302
5 5 17.410988
0 9 11.341317
0 21 19.275198
1 0 8.272525
1 15 7.916761
3 8 17.153074
3 12 15.922056
3 20 9.494220
3 22 16.316336
3 22 17.338488
3 23 11.988494
3 23 8.272525
4 11 6.174720
6 19 10.235950
0 8 17.995447
0 9 5.048540
0 13 6.642843
0 17 13.515171
0 17 21.828863
0 19 7.553984
0 19 6.947739
2 10 10.630529
5 8 19.264868
5 8 14.623687
1 10 15.262249
1 11 15.762260
6 11 7.178332
0 9 1.079678
0 15 6.971389
1 5 22.176126
2 12 4.798178
3 10 11.015060
5 14 6.042122
3 19 6.336877
1 20 13.099535
2 9 9.908359
5 14 6.467635
5 17 16.285894
6 23 18.463438
0 19 9.865475
2 22 1.079438
3 1 6.716748
3 1 17.924847
3 1 13.961280
3 1 14.046265
3 17 3.519470
3 21 11.715589
4 2 15.401690
4 11 16.758749
4 17 14.659040
4 17 14.094507
4 22 3.481407
5 0 10.137629
5 3 1.116030
5 17 19.579601
2 10 23.620047
3 16 17.735952
3 17 11.104087
4 3 1.860994
5 17 15.391571
5 23 11.284094
6 1 1.097672
1 21 16.934076
2 11 10.587418
2 12 16.934076
2 12 14.045123
2 17 14.814401
2 17 6.849029
2 18 16.174122
2 18 19.366886
3 10 20.698151
3 17 19.778011
3 19 15.133014
3 20 10.655028
3 20 13.823775
3 21 17.111464
3 23 7.962069
4 3 7.686877
4 22 6.693656
5 17 12.814217
5 18 15.838183
5 20 14.391190
2 11 14.341094
2 14 19.516272
2 18 13.881260
3 18 16.191410
5 8 16.174122
0 20 7.483725
3 23 8.732209
4 16 17.202509
4 16 4.650157
5 10 1.902937
5 16 6.802595
5 17 11.469702
0 9 12.850430
0 20 18.951286
1 10 8.449710
5 2 7.905293
5 2 6.062051
5 11 17.056271
0 22 18.842953
1 13 7.992972
3 4 17.717161
4 8 7.731408
4 18 22.772549
5 2 9.063528
5 18 5.542118
0 16 7.002040
3 17 19.453781
3 15 28.803867
4 14 3.189532
5 14 4.398393
0 15 6.708429
6 22 6.865632
0 7 12.406263
0 16 18.357431
1 12 11.050836
2 12 4.202610
3 8 17.088421
3 9 1.801197
3 12 9.085970
5 5 17.584383
5 5 20.740620
5 5 20.195837
5 5 19.864758
5 13 1.342878
1 12 8.136909
3 5 11.508366
3 5 18.884161
3 11 22.705404
3 12 6.285825
4 12 5.843107
4 13 5.324180
6 7 9.175443
0 4 8.190434
0 6 11.190718
0 9 12.674238
0 9 5.505551
2 15 2.681435
2 19 16.387581
3 11 15.668988
3 15 15.541587
3 15 6.580267
3 17 6.421415
0 17 11.715332
0 22 10.846899
0 23 3.479569
1 22 6.260471
2 22 15.974469
4 23 15.621550
1 15 6.643459
1 16 15.362554
2 15 32.544533
2 17 10.239947
2 18 18.107731
6 9 13.734291
0 14 3.804674
2 18 16.797085
2 19 12.092882
4 9 12.315442
5 20 10.320936
6 3 10.694813
2 9 5.483872
2 13 13.484840
2 16 1.032819
5 3 18.885271
5 21 7.380302
6 0 4.962971
6 0 8.562571
6 16 18.036970
1 10 22.896885
1 13 2.638589
1 23 7.782660
2 8 4.119921
2 9 13.681693
5 0 16.296040
5 6 6.249892
0 19 14.725284
1 9 13.451156
2 14 6.765440
3 2 4.489699
3 14 5.048645
3 16 38.066250
5 9 5.346498
5 10 7.207408
5 11 8.935018
6 14 8.199066
3 9 15.631454
4 12 14.131912
5 12 10.335187
5 16 22.405180
5 16 15.570264
1 17 10.051336
2 9 15.351858
2 13 18.082848
2 14 4.416097
3 11 17.631744
3 15 15.664793
4 11 8.199191
4 17 14.884932
5 11 6.163034
6 14 11.479927
0 14 26.758480
0 21 9.824076
5 10 16.978148
6 19 9.574200
0 0 10.032501
0 3 7.424555
1 17 5.842864
2 14 3.284536
3 15 4.562457
5 1 10.671555
6 9 8.936742
0 5 25.059801
1 13 12.974277
1 14 6.316146
1 15 4.861778
2 9 13.938105
2 16 1.861237
3 7 15.461011
3 14 19.352190
4 12 15.133014
4 23 18.431984
0 21 12.045337
1 14 23.718590
2 8 12.863644
2 12 9.000176
2 22 18.809114
3 12 19.495289
3 15 16.934076
4 8 13.467190
4 13 20.735603
4 15 10.611723
4 15 14.659040
4 15 1.830486
5 18 13.118896
6 11 6.163085
0 22 12.556552
1 8 10.253422
6 10 5.015536
0 9 9.123279
3 10 7.371388
3 11 1.566702
3 15 7.515590
3 22 26.331179
3 22 6.492341
6 9 9.141706
6 10 6.208804
2 15 5.113250
2 17 9.328225
4 13 2.878461
4 16 4.880498
4 19 2.376047
5 15 11.683485
5 15 5.266660
5 18 16.656424
0 1 5.747318
2 6 6.411252
2 14 5.214759
2 15 3.257674
2 15 3.809433
2 17 10.646673
2 18 6.805508
2 19 6.288627
3 15 11.561911
4 18 2.473678
5 14 14.042605
5 15 3.892968
5 15 5.126666
6 18 4.370595
0 8 11.615489
0 8 12.462133
0 7 9.935611
0 8 30.609076
1 18 7.447498
2 23 9.779543
0 15 19.641253
1 11 11.034052
1 17 18.668201
1 19 16.931660
1 23 11.318956
2 2 5.492009
4 15 6.123339
5 20 30.475451
6 6 18.102808
6 8 6.101420
0 11 15.967718
1 11 39.557587
1 11 11.431670
6 11 9.124050
6 12 24.748850
6 22 17.380468
0 10 7.081326
1 7 17.480085
3 22 15.454574
4 10 14.939180
4 10 18.605463
4 11 10.194061
3 17 17.338488
4 12 10.511471
4 18 14.338725
6 7 14.644853
6 8 19.398766
0 13 4.061009
2 18 21.570873
2 18 14.170956
5 8 4.942808
0 7 1.580599
1 14 27.174381
2 7 1.165639
3 9 6.041883
3 10 2.640808
3 17 18.861553
4 8 7.231657
4 10 10.050634
5 20 24.582649
2 8 5.213544
0 23 44.062233
1 6 12.721328
2 20 9.231377
4 9 17.557369
4 10 6.530253
5 9 12.651893
5 11 11.136115
6 10 14.445725
0 20 9.605837
1 11 8.811141
2 0 13.668856
0 17 4.084402
0 21 7.426389
1 9 12.185767
2 13 13.690224
2 14 10.805470
4 12 6.391594
4 16 14.170406
5 9 7.517534
5 9 4.370595
5 10 9.615592
5 11 5.324180
5 15 17.754681
5 16 2.056342
5 16 4.565795
5 20 13.572233
0 10 3.575264
1 13 7.642581
2 15 5.632305
2 16 12.289988
2 19 15.535001
3 9 3.459818
3 9 16.500515
3 10 4.067082
3 10 5.885074
3 11 17.717161
3 12 1.730136
4 9 1.610801
5 13 5.777893
0 11 13.805585
2 9 3.402154
2 13 14.359112
2 16 13.990396
3 12 8.366297
3 14 6.195996
3 15 6.873953
4 8 6.704237
4 11 14.102699
4 16 11.958050
4 21 9.591219
5 9 11.697033
5 9 11.478020
5 10 15.470594
5 11 5.642112
6 10 6.487458
3 15 11.022926
4 20 11.860551
4 21 43.995312
4 23 11.650409
5 16 30.790792
5 19 17.458954
5 23 24.762665
0 0 19.779192
1 20 12.096738
4 16 17.221094
5 14 7.453386
5 14 15.101257
0 19 1.079678
1 11 17.245359
1 18 6.492341
2 20 34.758770
3 13 10.087592
3 20 7.983602
4 19 14.233502
5 13 20.788919
1 9 21.159718
6 11 5.167144
0 7 6.544333
0 7 14.132397
0 7 3.393395
4 8 13.758571
2 11 11.649137
1 14 14.290112
2 11 10.852366
2 20 15.597793
3 9 4.273635
4 15 1.219366
6 10 6.246940
6 12 6.897756
0 7 8.893723
0 18 16.986996
1 10 12.350111
2 10 18.899561
2 11 22.405439
2 13 18.036970
5 18 17.172741
0 1 8.365759
0 12 17.150240
2 11 4.156963
4 18 15.871777
4 19 13.934497
5 5 8.322936
5 18 12.062325
5 21 14.201248
5 21 1.729909
5 23 17.735516
6 21 6.237931
0 1 13.547260
1 11 6.218313
1 18 15.133014
1 23 9.683897
1 23 16.253521
2 0 8.747600
2 1 17.717161
2 14 14.611399
3 18 17.080048
4 18 3.282759
0 22 7.217876
6 16 5.856598
1 11 19.885073
3 20 11.931039
4 9 2.270543
4 10 2.271046
5 16 14.409524
0 17 22.556219
2 14 23.647335
3 10 22.949387
3 10 5.393637
3 11 11.128220
3 15 12.157351
4 9 7.642581
6 4 20.613949
0 21 12.282126
1 12 17.717161
1 19 7.164920
2 20 14.112614
2 21 8.169046
2 22 12.996689
3 8 13.763642
3 9 5.755195
3 16 14.941832
5 14 7.143976
0 7 7.558012
