2 9 9.908967
6 9 10.807033
6 12 9.382121
3 16 11.183409
3 21 8.064631
4 13 6.994565
6 12 11.960213
4 17 22.300266
1 8 8.344394
4 19 6.453283
3 11 8.006641
2 19 8.152680
5 11 9.326087
0 8 8.803045
1 13 1.327270
2 11 6.490866
0 23 11.461644
3 8 6.411116
5 21 6.470259
3 11 7.782555
4 12 6.994041
0 6 9.468287
0 12 4.389570
1 20 6.411116
0 15 10.849609
3 0 7.649991
3 17 5.497382
1 20 9.683350
5 20 8.663438
3 22 6.465832
2 19 6.519779
4 14 8.684268
3 3 7.797220
2 14 7.454607
3 18 4.326411
4 18 4.524003
4 21 8.583272
5 1 11.998886
6 0 11.445597
0 1 9.313069
2 1 6.427438
2 16 26.080921
2 17 10.672761
2 4 9.683350
3 3 8.337467
3 14 9.766781
6 1 6.725033
0 2 10.812373
4 22 11.991673
6 8 6.582550
6 11 7.617281
0 6 18.698568
3 23 9.313069
6 12 9.733110
2 5 10.092723
4 6 7.797220
4 7 9.766781
5 14 7.670680
0 5 11.024603
0 7 6.398592
2 6 11.392090
2 10 8.548155
4 5 6.241700
4 6 10.749448
5 7 8.087824
6 6 6.638673
2 5 4.748717
4 7 7.465683
5 7 11.392090
6 9 10.110209
1 6 13.484375
6 0 6.411116
1 22 8.241745
3 5 7.797220
5 14 10.496870
6 19 10.295240
3 13 7.502025
5 13 8.425175
1 23 11.121153
3 14 14.332172
5 19 8.199704
1 21 10.374228
4 11 6.411116
4 23 4.918145
3 13 8.061533
4 22 24.560532
3 7 16.726868
4 22 3.967026
5 0 10.356445
5 15 12.647268
3 4 10.045428
3 6 10.464408
4 7 6.505235
4 19 4.830715
5 7 11.890760
1 11 7.653217
2 10 27.160736
6 4 11.080126
1 16 13.285519
2 11 9.524606
3 15 5.733451
4 6 11.170690
0 5 13.114326
4 7 14.044913
4 15 7.770280
5 7 14.274823
2 12 13.526125
3 0 16.421055
3 6 7.431726
3 17 6.576685
4 0 9.424939
4 12 6.335366
0 12 8.169768
2 6 7.797220
2 15 7.854034
0 9 8.876519
2 19 13.878324
5 11 10.216841
0 8 7.977575
6 16 6.519779
1 13 11.205335
4 0 8.159765
4 10 11.205335
6 21 8.082751
5 12 9.468287
6 9 11.065298
1 21 11.510134
5 18 9.929670
3 20 7.500320
0 10 8.827957
0 15 13.422081
2 9 5.191861
6 14 8.826373
1 9 11.516860
5 23 12.974679
6 6 11.960213
0 15 12.974679
2 6 7.914529
3 20 7.671459
6 2 12.102417
0 5 7.338949
2 18 10.667799
6 10 10.245567
1 20 12.680635
0 23 13.575122
1 12 6.306383
0 10 12.974679
6 19 11.857678
6 11 9.267692
6 19 12.071235
0 4 4.082296
3 7 14.635656
3 18 7.317391
0 15 7.711150
4 18 2.914144
0 15 4.071602
5 19 10.000804
1 22 8.647826
1 13 10.644656
0 4 9.349635
6 6 10.520319
2 21 4.097223
1 2 13.657557
0 13 18.255100
3 7 10.059362
4 6 7.875385
5 11 11.345776
2 8 7.443229
4 7 14.970783
6 8 4.749371
0 9 5.407102
6 17 8.087824
5 14 10.367054
5 19 16.530024
6 18 13.416018
6 17 8.554792
6 23 6.760408
0 3 33.834579
1 11 9.683350
3 1 16.548122
0 4 9.468287
3 8 6.772873
5 12 8.282733
6 14 6.446663
5 19 12.596157
3 13 6.499334
6 9 7.969319
0 7 1.836810
5 23 39.218307
0 13 9.471404
5 19 9.638731
5 21 8.047031
1 23 13.479706
2 10 8.087824
1 1 6.398592
5 13 5.648970
6 14 7.797220
0 8 7.952271
6 21 24.223970
3 17 8.087824
4 18 14.456078
6 12 9.770403
6 1 7.456269
6 19 5.599172
2 7 8.561440
2 19 4.750203
5 13 7.413916
2 12 6.068114
2 13 8.423379
3 20 11.490330
2 15 6.306016
0 19 9.706743
5 4 6.615493
6 15 7.064684
6 13 10.693491
2 11 19.539373
1 11 12.356836
0 10 13.953582
6 7 10.502289
4 6 9.478547
5 7 7.955236
6 16 9.403863
1 2 6.398592
1 7 6.632189
6 14 10.119797
0 10 12.657878
0 22 10.896056
1 6 11.613479
0 21 1.946866
0 23 8.823080
2 21 9.587268
1 6 4.828527
4 7 9.485451
6 19 11.857678
1 13 4.792045
1 21 9.550174
4 6 10.569565
2 22 8.390845
4 18 3.334330
3 7 10.808130
4 6 8.390845
0 18 5.472088
3 23 9.243442
5 3 12.333008
2 23 12.556141
3 10 9.265717
4 19 9.411831
0 22 10.228851
6 20 8.643750
3 17 9.308305
0 15 7.129315
3 21 8.177376
5 0 8.807971
1 11 9.350957
1 15 6.345728
2 12 8.668962
6 7 9.683350
6 0 4.635532
4 18 7.987931
4 18 8.484195
0 1 9.479164
3 20 11.264795
4 17 13.034273
2 16 4.765458
1 7 10.103566
1 2 4.014256
4 17 12.279901
5 20 8.354371
6 23 9.257416
1 17 6.158955
3 19 16.424452
5 10 6.004832
5 13 7.026496
1 15 10.470154
1 21 2.215956
1 23 1.570602
1 23 1.778040
3 16 11.759608
1 8 9.721984
1 9 8.824492
6 20 6.610083
2 19 15.978017
5 8 14.151427
1 21 16.563419
2 19 4.389570
5 0 12.556141
0 22 14.781208
1 0 11.991673
6 21 17.199226
6 11 8.001369
0 9 11.653236
0 21 10.201961
4 21 1.104923
1 21 4.672331
3 13 8.601496
3 22 11.392090
0 11 8.846487
1 8 5.349433
3 8 8.362326
2 11 7.316599
0 9 7.050809
4 23 12.288867
2 11 4.931628
6 5 10.486609
3 18 7.452478
3 23 10.958578
3 23 9.795474
4 21 4.828527
5 13 9.253282
