4 23 5.211454
0 12 9.083553
0 20 6.110092
2 4 29.184143
2 18 12.343246
6 17 4.330262
5 20 4.169163
0 12 3.954877
1 11 9.985738
2 23 7.284505
2 13 2.464216
4 15 6.715403
5 9 9.270577
3 12 7.156773
0 5 9.172285
0 3 9.418156
0 6 9.541531
3 10 6.682913
4 22 13.863514
5 23 3.041227
4 10 12.111222
1 13 7.849463
3 23 13.213386
5 10 11.529293
0 0 11.753458
4 21 8.337873
4 21 4.784286
3 20 13.035653
5 0 7.679256
3 9 7.540102
4 12 2.712417
4 16 7.937511
6 2 14.325631
6 23 7.583235
1 18 12.284589
0 6 2.355469
2 15 4.864024
4 0 6.070567
6 2 12.598943
5 14 6.480400
6 1 7.011580
6 3 8.207250
2 23 4.416505
3 21 5.031749
1 11 10.910242
3 1 7.045669
0 20 4.864024
1 16 7.817438
5 9 12.704332
6 22 5.483416
2 0 10.837164
4 11 8.624559
5 8 8.532761
1 20 6.672044
3 21 11.919168
0 4 9.650277
0 22 7.045669
2 23 5.940367
3 21 6.614593
6 19 10.335026
0 12 7.163096
0 17 7.163096
1 9 7.163096
1 10 2.310202
6 8 4.784286
3 10 15.085768
4 14 7.118083
0 4 9.357830
2 0 6.480400
6 20 13.381427
0 23 2.464216
6 20 9.192163
6 21 7.294043
0 16 2.464216
1 13 6.057764
4 1 7.163096
1 3 4.707120
1 15 4.265631
2 3 7.276052
2 6 7.128440
4 17 4.864024
5 23 7.382221
2 10 8.779998
3 2 8.731263
6 23 5.120025
4 8 1.370778
4 0 6.320379
0 10 8.932734
0 12 4.563319
3 6 9.513794
5 7 4.420053
6 11 13.552486
5 18 10.211659
2 12 4.864024
3 16 11.323691
5 11 6.612089
0 22 2.640231
0 20 11.580332
6 8 11.753458
2 0 8.154680
0 13 6.580099
6 13 7.163096
1 16 4.685202
4 15 4.536465
6 17 9.928002
5 10 12.793154
2 2 6.255041
2 13 4.864024
0 7 4.707120
3 15 11.949349
4 0 6.511906
0 1 8.517316
6 15 9.372048
0 18 7.011580
0 19 9.513794
0 16 7.128440
1 14 6.965483
3 9 5.848255
6 2 8.519815
4 13 7.167306
5 7 5.031137
1 6 6.253950
2 12 9.650277
0 1 8.340055
1 17 14.395330
2 0 8.731263
5 14 8.795307
6 13 9.220886
3 16 6.355026
6 13 7.163096
1 2 8.069933
4 23 7.156773
6 13 4.489868
0 2 11.040126
0 18 4.784286
0 19 8.731263
6 1 6.140083
0 23 8.648904
2 19 10.583405
3 0 8.648904
4 18 11.309709
5 7 12.489332
6 0 11.880733
1 0 8.390287
1 21 4.784286
3 18 7.926244
3 21 6.354328
1 0 11.380332
4 16 11.940277
2 14 11.604198
2 23 9.983045
3 20 7.707625
0 1 15.415250
2 21 14.314501
4 15 4.091252
5 23 9.528249
0 5 4.864024
4 9 3.605747
1 13 7.011580
3 9 7.852445
2 6 5.787624
2 9 6.053321
5 14 4.534549
2 19 9.513794
3 3 15.456177
3 20 9.528249
5 8 11.156705
1 9 8.519815
3 15 14.079837
3 19 10.339582
4 0 5.572388
4 14 9.528249
2 12 6.465003
2 14 7.937511
6 22 4.784286
2 12 21.701101
4 7 7.276052
3 10 5.013988
0 11 4.784286
5 11 10.585085
0 15 5.211454
1 21 9.575125
3 6 14.410768
3 10 14.819618
3 17 8.427173
6 17 8.932734
1 2 7.637615
2 20 11.416553
5 8 6.672044
3 8 9.372048
4 7 10.452639
4 7 8.037365
6 8 3.846131
2 9 9.372048
0 14 14.270691
2 9 9.233739
2 10 11.718298
4 15 7.011580
0 21 8.410421
0 0 4.018544
1 16 14.264784
3 7 7.041341
4 19 7.045669
5 13 9.513794
6 3 11.558233
4 8 5.263430
3 10 10.445591
2 2 18.118654
3 21 6.929574
4 10 9.079555
5 0 1.307035
2 14 7.276052
3 13 11.718298
3 22 13.187616
5 14 4.946465
2 22 9.528249
5 15 9.357830
1 20 11.303476
2 10 14.222709
1 2 7.163096
2 17 2.464216
1 7 8.237041
3 11 9.650277
4 22 4.864024
1 0 11.913603
0 18 10.601701
4 18 12.086451
5 13 2.274661
6 20 5.120025
4 18 8.662045
6 4 10.619908
1 1 9.266250
6 22 5.334288
5 23 7.526951
6 0 4.763288
2 18 15.994812
0 1 9.528249
0 1 15.683664
0 12 10.527575
0 18 11.913603
3 16 6.699996
0 11 5.370444
2 13 5.947301
3 13 7.041341
3 13 7.128440
5 21 4.784286
0 22 11.754585
5 8 11.346289
1 3 17.529015
1 6 11.019251
6 20 16.024656
6 13 4.864024
0 2 11.584701
0 2 5.243965
0 11 5.349010
1 6 7.045669
3 10 7.156773
5 2 16.336491
5 13 10.014520
0 4 7.656050
0 7 2.310202
1 14 14.090784
4 20 10.339582
4 15 6.139797
1 23 9.826437
6 10 12.867036
5 21 4.489868
2 5 9.513794
6 22 12.704332
2 2 18.118654
3 17 11.528614
4 9 9.528249
3 20 7.958996
6 13 6.672044
4 19 8.427173
6 19 13.393673
1 16 8.934822
3 8 7.163096
0 0 23.889412
5 15 11.816673
3 13 8.107468
2 10 9.418156
6 4 9.513794
6 23 9.015617
4 19 8.084502
6 19 7.041341
0 5 9.186461
4 20 6.612089
4 17 6.162208
6 15 6.725823
2 18 14.194780
5 6 7.776480
5 23 8.916312
5 14 7.156773
5 20 4.863266
6 17 12.489332
2 9 11.913603
3 21 9.510397
3 11 5.836829
0 0 4.609634
1 14 11.817883
0 21 5.628898
1 11 6.414713
2 11 4.864024
0 5 8.506721
5 16 4.888481
5 17 15.456177
0 5 13.266974
1 20 43.808537
2 18 7.284505
0 4 4.864024
2 22 8.692262
4 0 7.045669
0 9 4.421840
