6 21 3.252419
2 20 6.863599
3 17 6.550926
5 10 8.773149
6 15 12.051700
6 16 4.023636
2 17 8.006687
2 18 7.800834
3 19 7.100275
3 19 6.909604
3 21 7.087887
4 14 5.479102
4 21 4.104177
5 18 3.597150
1 17 4.450161
1 21 6.456523
1 22 6.250275
2 9 6.794259
2 17 8.590515
3 15 7.150764
3 22 11.955140
6 22 1.754905
6 23 5.075745
2 9 8.395587
2 16 5.857170
2 22 8.287148
3 1 7.710219
3 2 10.128641
4 0 14.724677
4 2 3.937235
4 8 9.146527
4 10 7.444426
6 2 4.451199
6 23 2.120049
0 1 7.206018
4 19 1.714277
4 23 5.965136
5 10 9.978029
5 12 5.479102
5 23 3.835559
6 19 3.013550
0 1 4.644603
0 12 8.715728
2 5 5.835724
2 11 5.302357
3 0 5.502603
3 14 8.877681
4 11 5.043362
4 12 8.421553
4 20 5.819045
5 1 7.747828
0 7 6.322034
1 9 7.235962
6 19 3.464158
1 21 8.978879
1 23 4.389421
1 23 5.136658
2 0 3.559757
2 9 5.677952
2 21 9.027493
2 22 4.627684
4 20 6.239635
4 21 5.464951
5 7 2.720397
5 8 5.583320
6 14 3.793184
3 19 9.371471
4 20 5.263037
4 21 4.488726
4 23 4.926902
0 13 3.989383
0 21 5.583320
6 5 5.403213
0 1 3.722860
0 2 5.654376
1 19 7.022491
4 19 5.977202
5 8 3.957675
5 10 10.909536
6 11 9.685175
6 20 5.491790
0 4 11.808777
1 0 5.844650
3 19 3.412622
3 20 6.751081
3 21 3.530299
6 7 5.079348
6 18 6.863599
6 19 5.571968
6 20 3.271718
0 14 6.920094
0 19 6.917931
1 18 4.960684
1 19 6.442292
2 9 7.087887
2 21 2.191243
3 1 6.322034
5 23 4.854722
6 1 3.255109
6 21 6.322034
0 8 5.479102
0 21 5.787697
6 9 9.912534
0 1 7.527121
0 13 3.793184
0 20 3.957675
1 8 12.394742
1 22 5.583320
2 9 6.916643
2 18 6.456523
2 19 6.990152
3 15 6.022319
4 0 5.389281
4 13 3.714126
4 20 5.521589
4 23 1.705657
6 3 10.263920
6 9 7.923844
0 1 3.307098
0 1 4.627684
0 11 9.463707
0 12 8.421553
0 20 2.466887
1 13 6.920094
1 15 3.412622
1 21 4.451246
2 16 8.937530
2 18 5.146958
2 19 3.714126
3 10 4.269733
3 14 5.126575
3 21 4.926458
4 19 4.504388
5 13 14.746221
5 20 4.634378
5 21 11.216838
6 8 3.772159
6 14 5.479102
0 17 7.720734
0 20 10.070588
1 8 7.720734
1 21 5.389281
2 0 10.898434
2 7 3.616463
2 15 4.266819
2 16 6.320739
2 20 4.131861
3 18 4.023636
3 22 4.023636
3 23 5.583320
4 0 12.122565
4 18 6.903069
4 20 11.622213
4 21 4.014850
4 23 18.056887
5 17 10.706210
5 20 7.353856
6 19 6.182473
6 22 5.926907
6 22 25.591116
0 10 9.045368
4 3 4.718639
4 18 2.967497
4 20 5.948118
5 21 3.893842
6 1 5.283626
2 7 15.124801
4 0 8.793376
4 21 3.281029
5 1 6.896765
5 11 7.033539
6 3 5.326673
6 20 5.583320
1 8 9.146527
1 15 7.561845
1 15 10.583662
3 9 6.917704
3 10 3.559757
3 18 6.372983
4 19 3.412622
0 22 2.259069
1 6 13.089733
1 12 5.479102
2 20 8.753452
3 3 28.179647
3 3 9.080117
3 8 8.753452
4 18 3.957675
4 19 5.982128
5 20 1.631328
5 21 4.023636
5 23 5.719369
6 0 2.585278
6 15 5.675529
0 11 5.608715
0 14 2.824203
4 10 14.064392
4 11 3.414805
4 17 9.684742
4 19 3.772159
5 8 6.168410
5 20 7.202061
5 20 5.796261
6 16 4.014850
0 0 4.046037
0 13 4.581770
1 11 10.060092
2 9 2.337242
4 19 4.350639
5 11 6.341198
5 12 6.203689
5 22 5.668036
6 16 4.718298
0 3 4.904365
0 17 6.524234
0 20 5.608715
1 11 3.672765
6 8 4.897912
6 9 8.797135
6 13 3.412622
0 8 10.147162
1 19 11.164543
5 4 10.898434
0 22 3.224732
1 23 3.505821
0 7 4.023636
0 18 4.978534
0 20 5.671226
1 2 4.023636
2 23 7.024482
3 13 5.677952
4 21 5.949551
4 23 8.773406
1 9 6.048016
6 3 3.017167
6 4 5.933541
1 10 8.762602
1 10 9.889025
1 23 6.215959
2 10 3.856404
3 21 4.555060
6 23 5.234362
1 2 6.315696
1 12 3.559757
1 19 6.048016
4 16 2.552987
4 19 6.169054
4 20 5.403213
6 20 4.953425
0 20 9.381788
1 17 6.293974
2 15 4.377208
3 7 1.941675
3 18 5.296980
4 0 12.035068
4 22 4.329436
5 21 2.448351
6 16 5.977202
0 13 4.634378
1 14 4.503372
1 20 4.350639
3 21 6.179730
5 9 7.729459
6 13 4.235407
6 20 6.568611
1 11 4.729608
1 13 15.310248
2 18 4.235469
2 21 5.153833
0 10 5.255120
0 20 4.718639
2 16 6.699984
2 20 4.285580
2 21 2.964594
3 9 4.555060
4 9 8.900323
4 16 4.178721
4 18 5.746886
4 19 3.412622
4 21 6.931498
5 12 5.063178
5 21 9.728459
1 8 4.470707
1 14 5.696933
1 16 5.761150
2 20 3.714126
2 23 6.651709
3 6 10.553685
4 0 7.157020
4 11 7.378592
5 19 6.203689
6 0 5.064402
6 0 6.514071
0 12 7.271071
0 18 6.996181
6 15 5.126575
3 14 5.675529
5 2 8.061217
5 3 5.479102
5 4 7.928370
5 5 10.606360
5 13 7.579866
2 3 12.575360
2 11 3.793184
4 1 7.024482
4 6 6.335629
6 3 6.871577
6 14 5.389281
0 11 2.812613
1 2 4.023636
2 2 15.059261
2 2 9.206217
2 4 5.389281
2 5 11.808777
2 13 3.856404
3 12 9.932837
4 5 3.918781
6 3 4.996172
0 11 4.565918
0 2 6.973566
1 9 9.590942
1 10 5.491790
1 18 4.828363
1 20 6.350679
2 0 4.131861
2 17 6.706060
2 17 2.974059
2 22 3.126814
3 0 4.325419
4 19 3.356678
5 2 10.863604
5 18 4.741262
0 13 3.017167
1 11 14.092546
1 20 16.013374
2 1 29.159826
3 8 9.146527
3 8 7.214059
3 12 6.048934
4 22 6.610978
5 0 8.753452
6 2 12.239005
6 22 6.896765
0 20 10.188231
2 6 11.581972
2 20 8.992971
2 21 7.834805
2 22 4.158703
2 23 9.204123
3 15 7.206018
3 19 2.845016
4 10 6.773608
4 12 6.442292
4 19 3.655284
4 23 9.534352
6 0 9.152870
6 12 5.057632
6 22 6.167661
3 23 3.196366
5 20 3.882373
5 23 5.403213
6 3 5.850608
6 17 8.010188
6 20 7.150764
1 19 5.571968
1 22 4.377208
1 23 6.202757
3 0 6.090894
3 3 9.012043
3 16 10.719770
4 11 4.402155
6 3 7.441555
6 20 4.036977
0 9 5.932302
0 12 6.026758
0 20 5.234362
2 0 8.454934
2 9 4.047370
2 12 7.228491
2 16 6.694707
4 9 5.140342
4 21 4.715986
5 8 3.255927
6 2 7.150764
6 23 2.765736
0 13 8.162436
0 13 4.504388
0 21 7.339660
5 0 7.494143
0 10 8.735753
2 9 7.890018
2 18 6.058260
3 10 7.099320
3 16 4.516444
5 19 10.532419
0 1 4.023636
1 12 7.923844
2 1 6.512320
2 23 4.434007
3 11 6.699984
6 16 6.863599
0 7 4.235469
0 7 4.729608
0 18 3.856404
3 19 4.434007
4 1 5.912010
4 14 5.877179
5 9 8.899343
5 18 3.957675
5 22 4.653575
0 0 10.281685
0 1 12.506710
2 7 3.957675
2 7 5.061175
2 7 9.679690
2 14 4.878573
3 20 4.023636
5 1 6.862875
5 7 7.739154
5 7 3.353395
5 9 7.087887
5 10 5.314899
5 21 8.804351
6 13 7.917000
2 6 8.915236
2 6 11.315530
2 7 5.389281
5 6 7.206018
5 6 9.392746
6 15 5.389281
0 1 3.085123
1 1 4.729608
0 7 10.550877
0 10 6.118098
0 10 10.048089
0 11 7.150764
1 0 13.894410
1 23 4.285373
2 19 5.248221
2 21 6.320739
3 0 4.023636
3 12 3.330451
5 15 11.508439
5 17 8.751933
6 10 4.729608
0 12 4.325419
2 23 11.718717
3 9 4.023636
3 22 2.503443
0 23 22.919920
1 12 6.492212
4 16 6.423482
6 22 5.345754
2 14 2.552987
3 19 4.722127
3 0 9.371471
4 0 8.048950
4 1 4.652073
4 23 6.087324
5 21 5.664046
6 16 4.389421
6 20 6.320739
1 22 3.130833
0 12 4.325419
0 14 7.206018
1 1 7.150764
1 7 4.809771
1 21 4.714034
2 10 8.996584
5 11 13.219687
5 14 5.775848
6 13 4.729608
6 14 9.120431
6 22 3.056079
0 20 4.652073
1 14 4.729608
2 1 9.348461
4 13 4.816303
5 13 5.773726
1 8 6.110744
2 9 9.146527
2 14 5.479102
3 8 13.904265
4 11 7.991330
4 13 9.585957
4 15 7.923844
5 9 5.385120
5 12 3.732003
5 20 8.735753
0 15 3.526903
1 8 8.535513
0 3 9.193784
0 8 8.252136
1 8 8.992875
2 10 9.131700
2 12 6.536761
2 19 2.157249
3 0 24.388788
3 8 6.650268
4 8 5.403213
4 16 7.993200
6 2 5.427789
6 3 4.707932
0 22 6.322034
1 20 3.505821
2 11 4.095147
2 19 5.418631
2 19 7.353856
2 20 7.230757
2 23 5.381028
3 15 1.763159
3 20 10.975327
4 8 7.180987
4 9 4.173183
4 11 7.861111
4 16 7.621081
5 8 7.976171
5 10 7.923844
6 0 11.444809
6 12 8.691894
6 14 7.336332
2 8 5.583327
2 23 8.241684
3 1 6.979931
3 8 4.389421
3 9 7.712807
3 15 8.074821
3 20 5.043362
4 0 9.752269
4 1 4.059372
4 15 3.453496
6 3 3.976939
6 21 8.644194
6 22 4.470707
0 19 4.536945
1 3 10.217281
1 6 5.163795
1 13 4.829869
3 6 10.786130
3 15 6.704306
4 7 2.335648
4 21 10.532419
5 8 4.078878
5 23 5.542923
5 23 6.679163
0 10 4.254511
4 10 4.023636
5 7 3.957675
5 13 3.036278
0 10 4.278493
1 13 5.516768
1 18 6.775419
1 18 11.591356
2 0 8.460714
2 8 11.205885
2 23 3.732003
2 23 2.402006
3 0 8.091809
4 19 3.412622
5 7 8.742738
5 12 4.254511
6 1 3.096483
6 10 8.197080
0 13 5.394033
0 15 4.330576
1 12 5.126575
6 11 8.037605
6 20 8.210245
0 2 4.021247
0 20 3.503413
0 22 8.475565
1 3 6.350679
1 14 3.793184
1 22 6.849164
2 2 5.389281
2 6 4.923069
2 14 5.048049
3 1 6.783969
3 2 9.146527
3 2 11.905836
3 22 3.250347
4 21 5.165632
0 23 14.048965
0 23 7.487562
1 22 6.424738
1 23 7.751578
1 23 2.676519
2 0 3.412622
2 14 6.969325
2 23 7.619781
3 0 6.694707
3 3 6.584958
3 6 5.677952
4 3 11.305365
4 22 6.077606
5 20 4.059372
5 23 3.989383
6 1 3.635091
6 1 9.371471
6 23 2.765736
0 21 8.756038
1 2 3.856404
2 0 7.150764
2 20 6.203689
3 10 7.725957
3 10 6.598769
3 13 11.336073
4 19 5.263037
6 0 4.176711
6 0 4.843484
6 1 6.360125
6 2 6.542708
0 0 7.938132
0 2 3.957675
0 3 7.328154
0 19 4.855061
0 23 4.365740
1 0 7.370384
1 1 5.061175
1 22 11.861014
1 23 5.828748
6 16 5.196192
6 19 2.505513
1 20 5.870874
1 22 4.284893
2 20 4.450541
2 20 3.991018
3 9 5.531320
4 16 7.923844
4 18 5.146958
4 19 5.623528
4 20 5.402813
5 1 7.919537
6 9 5.800224
1 18 12.366150
1 18 9.855858
2 11 8.322825
2 12 3.412622
2 17 3.204015
2 22 7.751578
4 20 7.538479
5 0 4.235407
5 8 5.153833
5 11 4.809771
5 19 4.023636
6 1 3.791802
6 3 8.477843
6 9 10.576936
6 13 11.889200
6 19 7.793945
6 20 3.318449
0 1 11.216838
0 16 4.733690
0 23 11.346539
1 17 7.619781
1 19 5.038393
1 22 8.521131
2 11 3.771459
2 19 7.505020
2 22 6.567905
3 6 5.959868
4 19 4.782818
4 19 3.714126
5 1 2.087928
5 12 2.963289
5 21 2.883906
5 21 9.151817
6 11 5.883085
6 13 8.644194
6 19 12.320163
6 22 2.809510
0 0 5.583320
0 13 2.821522
1 0 5.479102
6 5 5.479102
6 11 6.261177
6 11 5.529154
0 18 3.615378
0 20 5.583320
2 7 3.657851
2 18 3.957675
2 19 4.158703
5 20 6.331705
0 11 3.247834
0 17 5.583320
0 19 2.600061
0 20 8.899343
2 20 10.579942
3 6 10.349271
4 6 7.585282
4 6 7.923844
5 5 5.153833
5 6 9.146527
5 21 2.623698
0 18 4.343354
1 7 6.090894
3 0 9.752269
4 20 4.214265
4 21 3.887349
4 21 3.118423
5 14 5.057632
6 5 5.696326
1 0 7.206018
3 1 6.456523
3 14 7.588583
4 9 4.228014
6 15 5.491790
6 19 2.528559
6 21 8.185373
6 23 7.206018
0 1 4.923069
0 10 3.747500
1 19 10.765809
2 12 5.067437
2 19 6.699984
2 20 5.159572
3 20 5.626584
3 21 4.729608
3 23 7.638371
4 1 8.690372
4 2 12.987288
4 2 9.329171
4 21 4.555060
4 21 6.434624
4 22 12.449704
6 18 5.020330
4 14 5.835724
4 19 2.883906
0 1 6.197358
2 5 8.697677
2 9 4.981002
5 11 3.976939
5 21 7.609440
1 14 8.787679
5 23 5.683573
6 2 10.741210
6 21 5.515514
1 6 13.773109
3 12 7.367805
4 6 8.580917
0 1 4.240496
0 2 3.856404
0 22 5.516768
1 23 3.856404
2 14 3.095105
2 14 4.828363
3 13 3.957675
0 22 4.311039
3 10 5.654376
0 16 4.652073
0 17 5.491790
5 9 3.856404
6 22 6.453846
0 22 4.999988
1 8 5.416179
2 0 6.443772
2 15 7.150764
2 19 7.002151
3 8 8.207312
3 18 8.020822
3 21 4.630227
3 21 6.619418
4 2 11.717684
4 2 8.449687
4 7 3.957675
4 11 5.234362
4 20 6.699984
4 23 5.884413
6 10 8.340888
6 16 9.438924
6 17 8.580917
6 23 1.924347
0 0 5.057055
0 23 3.714900
1 2 11.323154
2 0 14.133860
3 18 7.527121
4 9 5.620907
4 18 6.253627
5 0 7.955321
5 9 7.507020
5 15 3.772159
6 1 5.146958
2 0 5.530855
2 1 27.246084
2 9 3.258933
2 14 5.671226
2 22 10.394574
2 22 3.856404
2 23 9.239538
3 2 4.718298
3 11 2.981801
3 19 5.835039
4 8 4.313253
5 19 6.090894
6 12 9.414639
6 20 3.780443
1 19 9.745886
1 23 5.069596
4 0 7.494063
4 2 7.972079
6 23 14.963552
0 11 5.061175
0 13 4.965782
5 5 7.219337
6 19 4.527016
1 9 3.893842
1 19 9.571862
1 19 3.470463
2 22 12.625350
2 23 8.331507
4 19 8.272080
4 20 12.084950
5 21 10.807061
6 21 6.248249
0 2 7.442947
0 10 9.377326
0 15 6.863599
1 0 1.527825
1 14 8.346367
5 0 4.059372
5 12 3.412622
0 22 6.600706
1 0 5.136658
1 11 5.479102
6 23 10.765809
2 17 8.341872
2 18 6.029968
3 0 2.912273
3 1 6.863599
3 8 5.583320
3 14 3.017167
3 21 5.043362
4 7 9.087186
4 8 12.845460
4 8 4.589030
4 13 4.504388
4 23 7.127642
5 8 6.620859
5 9 8.996584
5 11 8.517666
5 11 13.357726
6 1 4.321194
6 21 4.877143
0 23 8.623876
1 1 3.559757
2 21 3.456316
4 5 7.033539
4 21 6.048934
6 8 11.000359
6 11 5.342564
1 10 6.723336
2 8 8.090080
2 12 4.671854
3 3 7.736643
3 9 2.087928
3 10 9.206217
4 12 5.804558
5 17 9.322891
6 2 6.651159
6 11 4.325419
6 13 3.657851
6 13 3.957675
1 10 6.524228
6 11 6.087891
6 23 4.726021
2 2 6.973566
2 12 5.403213
3 18 5.198624
4 11 5.479102
5 20 11.130029
6 0 4.350784
6 23 3.412622
0 0 7.206018
1 0 7.988363
1 0 2.401449
2 20 7.670052
3 21 7.206018
5 19 4.325419
6 8 19.843948
6 9 10.826142
6 10 4.470707
6 12 5.883085
6 19 5.136658
0 15 11.472035
0 19 4.355489
1 21 12.889142
2 15 11.974582
3 21 4.840313
4 8 5.234362
4 19 5.008659
5 16 7.033539
6 0 2.064130
6 21 6.118098
0 2 6.540035
0 12 9.356571
0 12 3.957675
0 23 13.604058
6 19 8.697677
3 15 4.023636
3 20 6.452003
4 23 8.262389
5 20 5.583320
6 17 1.692209
2 17 5.198624
2 19 4.978206
2 23 13.228126
3 0 6.564507
3 1 4.597315
3 6 7.265730
3 19 8.162790
3 23 3.356678
4 10 4.690526
4 21 3.359828
5 11 4.729608
0 22 6.808829
1 1 13.609941
1 2 8.915236
1 22 9.752269
2 0 3.927634
2 9 5.923230
3 8 4.023636
3 9 5.435497
3 12 5.146958
5 14 3.194591
0 0 4.055081
0 11 4.965528
0 12 4.892697
0 15 6.863599
0 18 7.206018
0 7 8.073175
0 16 6.130045
0 17 4.185890
1 22 5.217271
2 0 3.617000
2 3 7.890018
2 19 4.091834
4 8 7.839880
4 9 5.877179
5 9 5.864514
5 14 3.412622
1 9 10.760620
1 23 4.450161
1 23 5.202545
2 9 8.753452
4 6 4.536945
4 12 7.002105
6 16 3.656439
0 21 5.583320
2 2 4.642657
2 8 4.555060
4 9 8.773098
4 12 6.331705
5 9 4.759305
5 9 4.131861
5 9 5.317447
0 0 4.894584
0 12 4.023636
0 13 9.438924
6 18 6.456523
6 21 2.729223
2 6 5.242092
2 6 4.729608
2 7 2.259069
2 12 5.583320
3 7 5.654376
4 7 10.553685
5 10 8.899343
5 20 2.640613
6 16 6.766780
2 7 3.957675
2 7 9.146527
2 15 6.600706
4 5 7.150764
4 20 4.160698
5 9 10.606360
5 11 5.479102
5 20 8.314636
6 19 5.982128
0 0 4.361542
2 5 13.307895
2 10 7.494063
4 15 5.982128
5 4 9.895191
5 4 12.588396
5 12 1.744345
5 16 6.550926
5 19 3.772159
5 20 6.449465
5 21 6.612995
6 16 4.434007
0 17 6.350679
1 22 4.306608
3 20 6.585921
3 20 28.194223
5 20 8.548766
6 10 4.474572
6 11 8.126890
6 16 6.810252
0 20 7.332614
1 11 6.995184
1 19 6.456523
2 22 7.271964
3 14 19.282019
3 17 9.799850
3 19 9.296116
4 9 3.505821
4 10 3.988548
4 11 5.583320
4 14 5.660773
4 19 3.615378
4 20 12.487746
4 23 6.980309
6 1 3.057887
6 15 3.353064
6 18 4.023636
6 20 8.877681
0 3 6.048016
0 11 6.810252
0 15 6.322034
3 9 6.183479
3 18 4.389421
3 22 5.043362
6 3 7.253893
6 8 22.065289
6 14 3.856404
0 14 12.866261
0 15 11.211272
1 7 2.476779
1 14 7.033539
1 14 3.412622
3 9 10.530699
3 10 5.061175
4 7 4.729608
4 20 3.957675
4 23 8.879445
5 6 7.728335
5 7 4.729608
5 9 12.426962
5 21 6.863599
5 22 5.198624
0 0 8.094627
1 0 5.153833
1 10 3.957675
1 13 4.729608
1 20 4.818106
1 23 10.217281
2 21 6.456523
3 9 10.074728
3 19 4.040104
3 20 8.714812
3 22 8.836759
3 23 5.389281
4 12 7.033644
4 20 3.657851
5 0 4.023636
6 10 6.976889
0 15 6.456523
2 9 4.683784
2 23 5.022730
3 7 3.957675
3 23 6.276383
4 6 3.856404
4 9 6.042900
4 21 2.120049
5 0 8.886106
5 7 8.899393
5 17 6.398666
5 18 5.198624
5 21 9.650761
6 8 11.921882
0 7 7.892314
0 8 8.551702
0 9 8.623876
0 12 3.793184
0 22 4.896701
1 9 5.159572
6 10 6.981348
1 6 13.341955
1 9 7.953502
2 10 7.339660
2 10 4.131861
2 12 3.856404
2 23 3.921766
4 6 4.254511
4 16 9.508613
5 0 5.774194
5 13 4.833022
5 19 3.448831
5 19 4.235469
5 21 7.991330
6 1 5.583320
6 13 2.966464
6 21 4.206986
0 11 6.108259
0 12 3.957675
0 21 4.536945
1 10 6.863599
3 19 7.373874
3 21 13.563951
3 21 5.403213
4 1 12.402569
4 1 5.583320
5 1 4.652766
5 20 3.178012
6 14 5.583320
6 20 2.809510
0 12 2.417600
1 21 7.945294
1 23 13.645500
2 12 6.442292
3 17 6.896765
3 20 13.122489
4 17 5.341693
6 8 6.113509
0 13 4.131861
1 6 4.652073
6 4 10.769072
6 17 8.225348
0 20 4.434007
1 0 5.583320
1 1 6.620859
1 3 8.877681
2 4 9.578448
3 6 6.703842
3 19 3.057887
3 20 4.809771
4 11 3.135301
4 14 2.551912
5 20 7.206018
5 22 5.583320
0 22 4.055081
0 23 7.827289
1 11 8.246132
2 15 4.729608
2 20 4.455508
4 18 8.732144
4 20 5.720612
4 21 6.033593
4 22 5.092968
5 10 3.045447
1 13 8.518140
1 18 7.214059
0 23 4.828242
1 0 4.718639
1 18 6.179730
0 0 3.764036
0 8 3.796376
0 13 5.959868
0 14 7.043480
2 21 3.400256
3 20 6.864581
4 21 9.476601
6 1 9.430514
1 8 12.328909
2 20 29.178619
2 22 5.933367
3 7 12.644069
5 7 3.588021
6 0 6.218997
6 16 3.530299
6 20 5.159572
0 18 5.075745
0 23 8.070619
4 18 4.642657
6 23 3.615378
1 1 14.628188
1 1 5.654376
1 2 10.221255
1 5 11.919564
5 3 7.550841
0 23 5.412648
1 1 8.725893
1 17 6.620066
1 19 4.023636
2 20 9.322169
5 22 4.402155
0 0 10.050204
0 18 4.173183
0 21 6.087891
1 7 9.623810
2 16 6.203689
2 16 9.931288
2 19 41.874897
3 16 7.502265
3 17 7.206018
3 19 5.075745
4 19 5.877179
5 4 5.469288
6 22 9.448571
6 7 5.670015
0 6 12.871892
2 7 4.091834
3 5 11.277759
3 6 3.957675
3 7 10.048089
4 17 4.023636
4 19 4.729608
4 21 7.150764
5 11 7.033539
6 16 10.898434
6 23 4.622671
0 4 11.784546
1 6 8.048950
1 9 10.902060
1 13 3.412622
2 12 5.583320
2 14 5.791356
2 21 5.198624
3 6 7.954685
3 8 6.745388
3 8 5.561682
3 20 3.793184
4 5 7.214059
4 12 10.613069
5 4 7.209263
5 6 10.065255
6 1 2.172740
6 14 3.791802
6 14 3.194591
1 2 3.793184
1 5 11.683562
1 6 7.150764
1 7 4.325419
3 11 3.856404
3 20 6.512320
3 20 7.776820
4 6 6.456523
4 11 7.150764
4 19 6.350679
5 9 4.254511
6 8 4.313060
6 11 6.755642
0 5 6.565956
0 14 4.652073
6 4 5.583320
0 5 8.696425
1 1 4.377208
1 6 10.365486
1 7 5.929127
1 8 5.317447
2 21 3.975858
2 22 3.302537
3 13 7.527121
4 8 9.174575
4 21 8.058343
4 23 3.656381
5 1 8.324480
5 3 8.915236
5 3 8.162836
5 5 6.456253
6 1 10.615458
6 10 4.504388
1 1 5.403213
1 20 3.793184
2 0 7.851007
2 12 8.535513
4 9 5.466960
4 14 7.802522
4 22 7.150764
5 1 4.325419
0 2 9.667465
1 19 3.250116
3 23 5.389281
4 3 7.876126
5 0 7.553193
0 11 3.732003
0 17 4.162383
0 19 3.592234
1 0 5.926907
1 11 4.722127
1 14 4.631833
6 20 2.375918
0 3 4.434007
0 10 3.530299
1 2 6.565956
4 0 5.479102
5 1 10.451247
5 16 4.652073
5 20 1.925742
6 8 4.353150
6 20 6.020985
6 22 2.568662
0 0 5.107689
0 2 12.084950
1 18 6.012517
1 19 13.193205
1 20 8.194782
2 22 6.025652
3 8 6.149070
3 21 10.986319
4 14 3.772159
5 8 4.141126
5 15 4.285373
6 1 3.958500
6 22 3.091509
6 23 6.636541
0 0 8.593647
0 1 5.061175
4 0 5.201623
5 9 5.870467
5 21 3.412622
5 23 4.262134
6 14 9.221936
1 2 3.722860
0 7 11.238187
2 6 6.524228
2 6 6.150525
2 14 2.741667
2 20 4.722127
2 23 3.603256
4 21 6.066751
4 23 6.452126
5 15 3.874479
5 21 4.743981
0 0 7.578161
1 2 7.339660
1 2 6.393845
1 12 3.505821
3 14 4.785487
4 18 7.234622
5 0 11.457255
5 1 4.706363
5 18 3.863496
5 23 4.588707
6 9 8.880356
1 0 4.284893
1 7 5.392792
2 0 4.706363
2 0 3.075047
2 8 10.513082
4 5 13.365280
4 10 5.583320
5 8 5.383816
5 9 2.552987
5 15 4.470707
1 7 8.107174
1 6 4.160698
2 7 7.023025
4 17 9.448571
4 18 7.604944
4 19 3.791802
4 23 3.335751
1 6 3.437543
3 10 5.416758
4 14 3.412622
5 14 5.479102
0 8 7.923844
1 10 13.696021
2 19 18.127426
4 23 6.322034
5 22 3.470463
5 23 2.783858
1 15 12.815543
3 1 10.144598
4 2 9.581791
4 20 5.835724
1 0 10.837773
1 3 14.959006
1 11 11.472035
1 13 4.206986
1 20 6.052991
2 13 5.258732
2 21 9.650761
3 18 6.706060
4 20 5.338430
4 20 7.787469
6 0 7.489090
6 16 6.028364
6 18 3.559757
6 21 5.113557
1 11 6.087891
2 21 7.609440
2 21 5.113400
4 1 9.205812
4 2 13.566949
4 9 6.736723
5 20 9.585533
6 1 2.883906
6 12 4.903689
6 23 7.548770
0 0 9.412558
0 15 11.528632
1 13 1.042705
2 1 9.169421
2 20 4.652073
4 19 5.718231
5 11 4.778346
5 16 6.691355
6 11 3.793184
0 20 7.857406
2 11 4.555060
5 19 2.296720
5 23 2.671647
6 3 8.207312
1 2 4.878573
2 1 8.580917
2 21 3.793184
3 9 8.851478
3 13 9.508613
3 16 7.619781
3 21 7.595910
3 21 4.023636
4 11 9.814333
4 21 5.331664
5 0 1.838952
5 15 7.206018
5 16 4.820505
6 11 5.198624
6 16 7.136404
6 18 3.732003
0 11 6.218394
0 21 7.150764
1 1 10.741210
1 1 2.259069
6 8 4.091834
6 11 3.941340
6 15 4.809771
0 8 13.015121
0 11 5.583320
0 12 3.957675
2 22 3.100519
3 2 1.685706
4 2 5.792561
5 7 7.619781
6 1 6.730485
6 13 7.150764
6 19 4.228236
6 19 4.312003
2 11 4.959525
2 22 3.353395
2 23 5.729633
3 1 4.023636
3 18 4.160698
3 19 3.597514
3 22 3.856404
3 23 5.458446
4 2 5.486777
4 8 5.582784
4 20 6.863599
4 21 8.421553
4 21 13.657209
5 2 4.325419
5 9 8.574869
5 22 4.897912
6 13 3.353030
6 14 5.677952
0 9 7.033539
0 9 9.209944
0 20 6.231905
1 1 11.854605
1 9 4.729608
4 1 6.234713
4 9 7.150764
4 15 3.253808
5 8 9.146527
5 21 5.982128
6 13 3.793184
6 15 4.577040
6 23 6.149070
0 7 3.603256
0 14 5.767476
0 22 2.154722
1 23 9.053701
2 15 4.978206
2 18 6.796340
4 22 4.023636
6 13 2.731844
0 21 5.491790
1 11 6.102292
1 16 4.023636
2 13 2.259069
3 9 8.851478
3 15 15.976727
5 9 8.937530
6 11 7.793945
6 17 6.966242
0 9 4.398732
1 22 6.659132
1 23 8.250882
2 0 4.652073
2 7 6.584854
2 20 3.856404
3 2 15.133054
3 19 3.628563
4 9 7.257619
4 10 5.583320
4 18 4.952775
4 19 12.665262
5 15 2.194711
6 7 6.014571
6 10 3.672765
6 13 4.131861
6 15 4.111216
0 14 3.909946
0 16 3.313811
0 16 9.122967
6 3 11.786202
6 16 2.296720
0 14 2.911301
0 23 4.537355
2 0 25.033667
2 3 6.761294
2 3 5.583320
2 22 2.765736
5 1 4.627684
5 10 10.898434
6 23 4.035790
1 8 6.791050
1 19 10.235720
1 19 2.843528
2 2 9.535010
2 18 4.253376
3 20 7.150764
4 16 6.021951
4 23 6.089593
5 20 8.305238
5 21 6.947808
6 16 5.389281
6 22 5.298184
6 22 6.785252
2 19 25.826094
2 21 7.868140
3 2 12.766648
3 23 4.325419
5 9 12.289328
6 10 3.307098
0 20 4.726021
0 20 4.923069
6 17 4.023636
6 21 2.559467
0 2 4.729608
0 22 7.561845
0 23 12.034568
1 0 3.992695
1 16 8.580917
5 11 8.590515
6 1 3.856404
6 3 6.186134
6 16 2.812311
2 17 4.782818
3 10 6.439466
3 14 3.412622
3 16 7.429800
4 21 6.981348
5 16 6.706301
5 22 6.116383
0 18 4.053949
1 1 6.322034
1 20 4.261287
1 23 2.154722
2 2 4.729608
2 13 2.917183
3 18 5.534163
3 19 6.176456
4 10 6.711101
6 11 3.258933
6 12 4.718298
1 0 3.856404
1 7 4.729608
1 20 4.577040
1 21 4.771502
6 5 10.898434
1 9 3.832035
4 14 4.023636
6 14 6.456523
0 11 2.720397
4 11 10.898434
4 15 3.250116
6 20 3.199333
0 7 8.877681
0 12 3.102384
6 19 2.861107
6 20 4.131861
6 22 5.935369
3 7 7.336332
4 10 3.262408
5 14 7.206018
0 3 6.036713
3 19 6.651709
4 3 7.150764
2 23 5.583320
3 23 4.504388
4 22 6.805418
5 1 4.254511
0 3 7.084648
0 9 7.563790
0 11 5.389281
0 12 5.583320
0 15 6.434624
0 17 6.427340
0 20 6.322034
1 8 5.583320
1 13 4.189241
1 14 6.111562
3 18 7.595910
6 0 10.255279
1 7 7.489547
2 15 4.284893
2 15 6.920094
3 6 2.765736
3 19 8.072223
3 21 4.118159
4 15 2.765736
5 6 5.912010
6 7 8.429388
6 21 4.642657
0 13 4.013660
1 0 5.850608
1 19 3.957675
3 0 7.339660
3 21 9.772548
4 1 8.612267
4 9 10.649558
4 16 5.583320
5 2 10.879763
5 2 8.501032
5 22 7.206018
2 8 8.535513
3 10 8.858067
4 19 4.236305
4 20 6.654773
6 12 6.429187
6 17 8.727736
6 20 6.118098
0 23 10.379460
3 23 10.760056
4 0 8.879445
4 21 5.198624
5 1 6.429187
5 14 8.996474
5 14 9.981709
5 19 3.302537
0 13 6.244595
6 14 6.538395
6 23 6.375724
1 2 6.651709
1 11 5.271613
1 16 8.780673
1 21 5.479102
4 14 2.296720
4 19 7.024482
5 7 8.262344
1 6 10.606360
3 10 5.425966
3 11 10.444330
3 13 5.564244
4 8 5.403213
6 15 2.530780
1 4 3.302882
1 7 2.564079
2 16 3.307098
2 20 5.146958
3 14 3.170963
3 16 5.623528
4 14 8.421553
5 16 4.235407
0 20 6.322034
1 3 5.931427
1 16 9.139996
1 6 11.808777
5 8 18.893816
5 10 3.361676
6 11 8.401552
4 7 1.631328
6 17 3.559757
6 18 7.847389
6 23 6.512320
5 4 6.322034
6 5 7.950161
6 20 3.412622
6 17 5.218193
2 15 5.491790
2 20 7.257841
3 2 10.101304
3 14 3.559757
3 19 7.864399
5 7 8.599752
5 19 4.974134
5 20 4.238249
5 21 5.854827
6 1 8.732144
6 21 10.101304
6 22 9.616264
1 1 14.564881
1 12 7.353856
4 20 5.982128
5 19 4.254974
6 1 5.506448
6 2 3.530299
6 13 11.083153
0 2 3.714126
2 0 5.913951
3 0 4.235407
3 1 6.429187
3 21 4.926458
6 19 4.325419
0 20 8.908395
0 21 3.305489
6 21 5.787697
0 1 2.980481
0 2 10.739414
0 2 8.277670
0 3 9.725711
0 4 9.205812
0 14 3.856404
1 1 6.456523
1 3 6.584958
1 11 2.296720
1 13 6.456523
1 22 9.494167
2 21 12.675264
3 3 5.389281
3 4 9.815348
3 13 4.756012
3 14 1.658072
4 2 8.131883
4 2 6.456523
4 2 4.718194
5 4 7.206018
6 2 2.959245
6 2 2.650062
6 21 4.652073
6 23 5.748052
0 2 3.085123
0 3 7.782423
0 13 5.506448
1 20 3.258933
2 1 4.707932
2 20 5.787697
3 1 15.404771
3 3 8.048950
3 6 9.029944
4 1 8.879445
4 1 7.687876
4 3 3.957675
4 20 4.652073
5 14 3.302537
6 20 3.102384
0 0 11.504202
0 3 15.750103
0 3 7.150764
0 3 7.687876
0 7 5.403213
0 15 4.672481
1 4 3.957675
1 12 5.491790
2 1 5.497421
2 1 9.752269
2 8 7.219337
3 4 5.741801
6 16 3.657851
0 11 6.111562
0 13 7.252338
0 22 4.206986
1 17 8.590515
2 6 5.491790
2 17 7.206018
2 19 2.650062
3 16 7.206018
3 19 3.960797
3 21 7.595910
4 7 5.491790
4 14 6.896765
4 17 6.173729
4 21 8.180020
4 22 8.631696
4 23 2.974775
5 6 8.779346
5 13 8.048950
5 19 4.227467
0 20 4.536945
1 8 4.284893
1 14 4.023636
1 19 6.197358
1 23 5.583320
2 8 11.315530
2 18 6.994598
2 22 10.120409
3 6 7.033539
3 7 8.356350
3 22 6.164394
4 11 5.583320
4 11 23.138403
4 14 5.583320
5 8 6.654773
5 19 3.669464
6 0 5.037793
6 15 6.731407
1 7 7.173915
1 10 3.526903
2 9 4.999988
3 8 8.581310
3 10 5.279947
3 21 8.192648
4 1 11.861014
4 7 6.875071
4 16 4.162383
4 17 4.962353
4 19 18.648911
4 20 5.835724
4 20 5.686139
5 6 4.820505
5 7 8.048950
5 7 5.306732
5 19 5.661523
5 20 3.247834
6 0 2.980471
6 1 3.302537
6 12 5.139313
1 2 8.083250
0 16 5.479102
4 13 4.299644
5 0 7.206018
5 19 7.030143
5 20 7.758805
0 18 11.320798
1 10 10.599843
3 7 8.074821
3 10 7.296724
4 22 3.361054
5 1 6.011716
6 0 6.836718
6 0 4.918265
6 16 6.132504
0 18 5.747304
0 21 5.583320
1 8 12.759320
1 22 4.095147
2 14 10.898434
2 16 5.781961
2 19 7.878935
3 1 5.491790
3 2 13.293125
3 2 7.033539
3 20 8.048950
4 3 9.019103
4 17 4.718298
5 14 7.444426
6 4 3.412622
6 13 5.877341
0 0 1.685706
1 8 5.857162
6 21 3.109715
0 8 8.924518
0 15 7.449835
0 23 4.235407
1 17 13.301514
1 19 7.206018
2 16 3.957675
3 6 4.445265
4 18 6.973566
5 20 5.877179
6 1 13.627483
6 10 7.917000
6 13 10.379460
6 13 8.879445
0 9 5.561682
0 23 10.634034
3 6 4.023636
3 7 6.791050
4 9 6.703842
5 10 4.684900
5 21 5.733548
6 10 8.392859
6 13 5.153833
1 9 6.862875
1 20 18.048813
1 21 6.654773
2 2 6.322034
2 6 9.374337
2 7 9.883366
3 10 6.703842
4 7 13.131743
4 9 5.583320
6 13 8.021914
0 16 7.206018
0 22 4.899261
0 22 10.917833
1 0 5.418200
1 11 7.923844
1 17 6.129873
1 21 18.746582
1 23 4.407884
2 21 4.652073
3 17 2.765736
5 6 5.389281
6 13 4.023636
6 14 5.569954
0 11 6.322034
1 16 6.203689
3 19 5.114904
5 20 3.827842
5 20 6.042900
5 22 3.085123
6 0 5.353201
6 14 6.627532
6 22 10.745637
0 18 5.870467
0 20 10.370315
0 23 6.218394
1 18 3.448831
1 21 9.606295
4 0 8.064393
4 17 9.371471
4 18 4.438840
6 22 25.226410
0 14 3.714126
0 20 1.997148
6 14 3.856404
0 1 7.173915
1 0 7.236735
1 6 7.150764
1 7 7.776820
1 21 15.812745
3 6 4.235407
5 19 4.059372
6 1 12.598494
6 22 4.299644
6 23 7.507205
0 2 4.284893
0 4 5.006733
0 9 7.206018
0 10 7.665667
1 3 6.456523
6 17 4.729608
0 0 4.785703
0 16 3.992695
0 16 4.139696
0 20 3.732003
0 22 3.856404
2 22 6.282640
4 11 5.342490
5 19 2.099288
6 15 3.192108
6 17 7.272916
1 2 4.014850
2 9 2.258073
3 19 4.539996
3 20 9.764784
1 18 20.564003
3 11 5.583320
4 1 8.048950
4 16 5.406775
0 11 5.140342
1 1 2.598267
6 10 7.137633
6 21 3.941167
0 10 3.957675
1 0 5.389281
2 10 9.932274
2 18 3.412622
4 14 7.272916
4 19 4.960684
1 9 3.856404
1 10 8.190920
1 11 5.057210
1 13 4.630454
3 20 3.856404
3 20 3.228146
5 21 5.388350
6 2 2.925105
0 2 5.606524
1 20 9.206217
2 20 11.315530
2 21 3.612227
5 8 9.066707
5 8 7.082785
5 20 4.784803
5 20 8.712226
6 0 7.087887
6 4 17.868395
6 10 2.259069
0 3 2.938257
0 12 3.957675
4 18 4.642657
6 8 2.417600
6 16 4.504388
6 22 7.888487
0 7 15.621393
1 7 4.091834
2 1 7.961677
4 16 3.791802
5 1 2.702024
5 3 12.395948
5 3 9.883366
5 7 14.068716
5 17 6.087891
6 14 4.729608
1 21 7.604944
1 23 6.512320
1 23 18.561861
4 1 9.759791
4 5 9.346785
4 23 6.836718
5 21 10.612487
3 19 7.276125
3 20 3.832035
3 23 4.309444
4 13 10.608265
5 23 3.201673
6 1 4.451705
0 2 6.679163
0 9 7.087887
0 12 8.804271
0 13 6.322034
1 3 9.728459
1 7 11.993808
6 12 8.270205
6 21 5.957863
1 20 6.931940
2 20 5.565487
2 20 3.727469
3 7 9.461925
4 8 4.803202
4 20 5.601001
5 0 4.828363
6 0 4.571376
6 12 5.471977
6 16 7.465166
6 22 2.638435
0 19 3.743698
1 20 6.835062
1 22 9.679690
2 9 4.451648
2 14 4.474572
4 14 3.064920
5 1 7.226783
5 12 7.440451
6 1 3.513921
6 1 5.583320
0 1 3.731126
0 22 32.634460
1 8 7.513252
1 10 9.646129
1 22 7.150764
2 0 5.948118
2 1 7.619781
3 11 5.407380
3 14 3.707944
4 14 6.703842
5 8 6.999087
5 9 4.846608
5 22 12.181342
5 23 7.789307
6 13 7.923844
0 7 7.739154
1 2 7.439880
1 7 5.583320
0 3 10.081862
0 16 3.453496
1 12 5.153833
4 5 4.729608
1 23 9.054039
2 19 8.194782
3 6 6.322034
3 8 6.524816
4 19 5.571968
5 8 9.496079
2 5 9.578448
3 6 6.994598
3 7 11.563028
3 8 4.642657
6 19 10.662488
6 18 4.652073
6 18 3.399504
6 19 4.131861
0 0 4.326115
1 9 4.059372
2 20 4.880673
3 15 6.442292
3 15 6.427340
4 21 9.028150
5 17 9.900250
5 20 4.325419
6 23 7.373874
1 16 3.262408
1 23 2.187353
2 0 6.315661
5 15 6.660902
5 18 1.743834
5 18 27.916597
5 22 3.992720
6 10 4.254511
1 5 11.857512
1 20 11.572653
1 21 6.090894
1 22 10.923532
2 1 8.305282
2 6 2.514306
2 21 7.487562
2 21 5.479102
2 23 5.751505
5 5 8.048950
5 20 7.923844
5 20 9.512531
6 18 2.514306
0 16 4.923069
0 20 5.926907
2 18 7.150764
3 2 10.988240
4 11 11.137529
4 14 4.652073
5 17 13.276923
6 18 7.929706
6 21 10.293777
6 22 2.559467
0 17 7.008695
0 20 3.412622
0 20 4.206986
0 22 7.317227
0 23 7.619781
1 13 6.090894
2 14 14.298773
2 14 4.998684
3 21 14.620834
3 23 3.921766
4 17 6.632965
5 3 2.720397
6 2 3.579630
6 8 31.115850
6 9 4.451705
6 12 5.491790
1 19 9.650761
2 10 3.772159
3 16 7.102896
4 1 4.926260
5 2 9.895627
5 22 6.059384
1 15 9.864089
1 21 4.023636
6 17 3.250116
1 20 6.087891
2 13 3.772159
2 19 9.501696
3 8 7.087497
5 18 3.657851
5 22 5.982128
5 22 6.124018
6 10 8.733881
6 10 9.714153
6 11 3.732003
0 11 8.055111
0 21 6.020985
0 21 11.508928
1 10 5.043362
2 11 7.619781
2 14 1.685706
2 14 3.957675
2 23 6.251292
3 9 6.456523
3 9 4.023636
4 19 4.729608
4 19 7.482983
4 22 7.206018
5 0 8.420388
5 11 9.569608
5 18 7.144150
6 19 10.048089
6 20 5.696933
1 8 7.460557
2 17 3.832035
2 19 2.026518
2 22 5.061175
2 23 4.365792
3 0 5.128271
3 8 11.430853
3 11 9.842489
3 15 6.743866
3 23 4.398732
4 2 14.639178
4 17 4.235407
6 20 4.706363
6 20 3.057887
0 12 2.765736
0 20 4.023636
6 11 1.635031
0 13 8.852508
0 16 4.023636
0 21 7.093777
2 17 8.492916
2 20 5.388135
6 17 3.085123
6 20 6.796340
6 20 3.258933
0 20 4.052982
3 18 5.316448
5 19 11.018296
5 23 9.270520
2 8 3.656381
2 8 10.354061
2 8 3.302882
6 16 7.487562
0 3 4.652073
0 14 6.363487
1 7 3.793184
2 6 10.301027
3 7 5.595092
3 15 4.023636
4 17 4.091834
5 7 8.816545
6 9 7.923844
6 12 4.785164
6 13 5.479102
6 13 7.150764
6 18 3.302537
0 10 7.206018
1 7 7.206018
3 7 9.146527
3 19 4.325419
4 8 9.489814
4 8 8.680183
4 18 1.454264
4 23 3.655284
5 1 4.729608
6 12 8.881349
6 14 8.742738
6 14 8.087263
6 16 4.978206
0 2 9.892269
0 20 10.932772
0 20 6.322034
1 20 5.583320
1 23 6.863599
2 20 6.620859
5 7 5.403602
5 7 10.532419
6 21 6.456523
0 13 4.809771
0 22 11.494608
1 7 4.023636
1 9 6.558236
6 18 3.456316
6 21 2.223033
6 22 4.587021
0 3 7.150764
0 6 5.075745
1 8 5.941557
0 6 7.336332
1 9 5.583320
1 15 3.150113
4 1 4.023636
5 22 6.456523
6 12 3.793184
0 0 5.884138
1 15 7.869883
1 20 3.281029
2 6 10.988240
2 7 7.328154
2 8 5.179878
2 15 6.651709
2 18 3.957675
2 18 3.912709
5 16 3.657851
5 20 4.671854
6 19 4.270346
6 21 5.435667
6 22 5.031718
0 1 6.699597
1 6 8.732144
1 7 5.324693
0 7 6.512320
0 15 4.532131
2 0 4.733690
2 19 2.756064
2 19 3.957675
4 18 3.412622
4 23 5.389281
5 21 2.505513
6 8 5.043362
6 10 4.785703
6 13 11.323154
6 19 5.569954
6 21 4.023636
0 18 15.151713
1 8 5.234362
1 9 6.791866
1 18 3.448831
1 21 5.030092
2 1 4.023636
2 15 9.256635
3 12 4.892697
3 23 4.023636
4 0 5.775848
4 1 8.590515
4 22 5.761143
5 11 6.350679
5 21 3.003034
6 1 7.787683
0 19 6.863599
1 15 6.456523
2 0 13.735920
2 8 3.102384
2 22 4.764437
3 14 6.404966
3 15 6.679163
5 12 4.718298
5 21 5.389281
6 10 5.126575
6 12 6.917596
6 19 4.054208
0 2 3.247834
0 8 5.775848
0 14 4.012642
4 12 4.254511
4 22 3.448831
5 22 9.193003
0 2 13.386827
1 20 6.518219
3 8 6.446033
3 23 11.593948
4 11 28.282701
4 20 4.023636
5 20 8.791223
5 21 3.412622
0 9 7.759363
3 0 9.883366
3 13 2.980471
4 0 3.057887
5 13 3.359828
6 22 7.506353
0 1 8.816628
0 11 4.091834
1 21 1.861430
6 18 9.267399
6 23 3.730834
1 19 3.017167
3 6 3.559757
3 9 6.917704
4 19 8.742738
4 21 6.102833
5 10 4.487297
5 17 4.254511
6 15 7.595910
6 21 8.147349
1 5 3.412622
1 6 7.339660
1 12 3.957675
2 6 6.167176
2 11 2.838505
2 14 7.033539
2 16 8.580917
2 18 4.023636
3 5 8.877681
3 9 7.641987
4 8 8.877681
4 18 6.641506
5 9 2.911301
5 10 6.090894
5 20 6.620859
6 10 7.150764
6 16 4.206986
0 19 3.448831
0 21 7.721257
0 23 17.175909
3 18 4.798729
3 23 4.463981
4 16 7.087887
5 22 3.559757
6 8 10.832606
6 11 5.331664
6 15 5.533753
0 19 42.061359
0 20 5.228738
1 6 7.800834
1 9 2.259069
1 11 6.728645
1 23 5.521282
0 4 11.078070
1 8 10.358035
2 12 5.583320
2 18 5.479102
3 16 3.722860
5 0 8.842638
5 0 7.607965
5 0 9.341515
6 8 9.569608
6 9 8.858067
6 22 13.564089
6 23 5.833323
0 12 5.829982
0 23 5.389281
3 10 4.052103
4 0 6.383662
5 8 8.899343
5 23 3.074384
6 1 4.284893
6 22 3.555394
3 0 15.581523
3 13 2.296720
3 17 3.957675
3 22 13.527161
4 2 7.159777
4 2 10.330972
4 14 9.890021
4 19 3.356678
5 13 4.299644
5 18 4.470707
5 22 4.097391
5 22 7.224841
6 10 6.620859
6 13 6.574923
0 18 5.418887
1 1 6.075556
3 14 4.311039
3 17 7.033539
4 12 6.796340
4 17 4.228014
5 13 8.569786
6 0 10.898434
6 1 7.033539
1 22 6.763181
2 10 5.491790
2 13 3.412622
2 18 5.198624
2 20 4.892697
3 10 4.729608
4 2 7.493224
4 9 5.775848
5 14 8.899343
5 23 4.235407
0 13 7.124042
0 17 3.218909
0 19 4.377208
1 6 6.973566
1 8 5.661523
3 9 10.180397
3 23 7.214059
4 9 5.767476
1 9 4.365740
6 7 7.394132
6 12 3.856404
0 6 7.183976
0 12 8.236319
1 18 5.583320
1 20 4.185890
2 0 6.699984
3 19 2.967497
3 20 4.077182
5 0 13.465952
0 22 6.268661
1 11 6.273095
2 18 7.338949
2 19 8.904150
2 21 8.879445
2 22 9.596239
3 9 8.574869
3 21 5.479102
6 12 5.029545
0 10 2.779897
0 18 6.896765
0 22 7.923844
1 9 5.075745
1 11 11.508928
1 13 4.161749
2 9 4.692429
2 20 4.923069
3 17 7.585282
3 20 6.783969
4 20 5.955542
5 0 4.052138
5 20 4.052933
6 2 6.322034
6 4 12.374335
6 15 9.571405
0 1 3.007757
1 9 4.351609
6 12 6.679163
6 13 5.141871
6 15 4.416741
1 10 8.727736
1 13 5.929127
2 12 3.856404
4 9 6.389632
4 21 5.057632
2 12 7.173915
3 10 3.633286
3 11 6.196576
3 11 4.772101
3 13 6.458133
5 10 5.654376
5 13 8.429379
6 5 6.068480
6 16 5.977202
6 16 8.714578
0 12 4.324797
1 2 7.917000
1 3 6.966386
1 20 5.859951
2 13 8.058146
2 20 10.432487
2 21 7.661533
3 11 5.614368
4 0 5.342564
4 11 7.869883
4 13 5.286736
4 19 5.791356
0 8 4.023636
1 15 1.846905
1 22 5.583320
5 1 1.685706
5 17 4.173183
2 13 3.412622
2 21 6.309498
2 22 2.765736
2 23 7.150764
3 0 8.070619
3 1 4.828242
5 8 5.029545
5 11 12.109005
6 4 9.916586
6 10 3.733901
6 14 5.968347
0 0 18.832188
1 11 4.299644
1 18 7.148474
3 11 3.957675
3 18 9.066631
3 20 3.254463
3 23 8.475153
4 18 3.856404
4 19 6.227906
4 23 3.793184
5 12 3.985219
5 21 3.793184
6 12 6.050209
1 12 6.703842
