6 23 5.244011
0 20 3.490559
2 2 8.029042
6 1 2.089609
1 14 6.068321
2 2 5.199127
2 3 9.772648
5 0 5.142002
5 18 4.605129
5 20 5.095652
0 21 13.424700
0 22 5.526155
4 12 3.054044
6 3 6.238350
4 8 4.761511
6 5 17.447445
1 1 5.280639
1 11 4.658157
6 13 5.725866
0 0 3.133408
4 0 2.514897
4 3 3.433337
1 8 3.433337
3 15 5.065642
5 0 7.658052
3 11 1.126238
6 3 7.839517
0 1 3.739885
3 2 2.277390
4 2 8.385704
5 1 6.429740
2 1 6.040896
4 2 5.701535
4 2 3.342301
4 2 5.408836
1 2 6.237000
6 20 8.483676
0 1 6.340950
5 1 6.907694
1 6 8.462383
2 7 5.065642
3 1 9.665725
5 0 8.162306
5 8 5.402077
5 8 5.058410
6 1 17.882694
4 21 8.214555
5 1 7.839517
5 3 2.617919
1 22 8.582578
3 0 6.674684
4 22 7.404094
6 7 6.082970
0 16 6.554349
0 19 10.249844
1 1 6.340950
1 2 9.392537
1 3 4.833441
5 2 9.046215
6 23 5.394572
6 8 5.237007
0 3 5.732910
0 3 13.516800
0 23 11.323270
5 0 4.982599
5 1 3.889827
6 13 1.627555
4 4 7.868675
3 7 6.024613
5 1 4.877579
5 1 5.771740
5 3 8.949192
6 16 5.106286
2 1 12.981538
0 4 13.368505
3 3 10.890952
6 2 5.001092
2 21 5.984350
3 0 5.670216
3 1 8.033511
3 3 6.042291
2 1 8.049225
3 3 12.463758
0 4 6.331103
1 2 9.210258
1 3 6.264434
2 1 6.674873
2 12 2.308867
3 21 10.660971
0 16 3.319941
4 16 3.878399
5 2 5.065642
5 6 3.490559
6 22 1.115952
6 6 9.008859
6 9 3.490559
0 10 5.169017
2 0 4.982599
4 13 6.058690
6 4 2.148095
1 4 6.264434
1 20 7.868675
4 1 6.126725
4 1 6.429740
1 2 10.846234
6 21 3.674273
0 1 5.332255
2 21 5.734959
6 20 4.042082
0 2 4.269760
1 3 7.669512
6 23 7.388710
0 9 9.657501
0 9 7.739680
0 9 8.121732
6 4 4.821869
6 9 8.257094
0 9 9.878730
1 11 12.234163
1 19 8.749969
1 19 7.045499
2 2 7.619858
1 12 4.735976
3 0 3.490559
0 20 12.195632
4 0 6.470325
5 21 7.532511
0 15 8.018495
4 2 6.339453
4 3 9.942382
0 14 5.660367
1 1 5.332255
6 23 15.131511
1 3 6.126725
2 1 6.561306
4 1 5.065642
5 1 10.544427
4 20 2.821873
3 20 3.234667
6 13 17.717093
4 1 11.433405
4 1 5.526155
5 1 2.522085
5 1 6.874184
1 1 6.131056
5 23 4.027456
0 1 13.779961
0 2 4.106541
0 3 6.237000
4 0 6.161739
0 13 1.057484
1 20 6.340950
1 21 16.771418
5 1 4.675978
6 20 5.077102
0 2 9.483999
1 17 2.643709
1 17 3.883009
4 23 4.775073
6 20 3.437710
1 10 5.474051
1 15 3.698104
3 0 5.918499
6 3 3.272399
6 3 9.443757
6 19 7.111954
0 15 3.222055
0 23 4.738671
3 0 7.868675
3 1 3.490559
3 20 6.222329
4 2 4.924758
4 2 5.732910
0 1 13.683143
4 8 1.957323
4 1 14.782399
4 4 12.444225
6 20 4.687737
0 11 10.046166
3 10 6.784301
4 0 4.835335
4 1 7.577332
4 23 7.746856
0 19 2.066709
1 19 4.468000
3 1 4.833441
3 1 2.556124
3 1 6.566755
4 1 6.094263
4 2 7.158311
5 0 22.877764
5 13 4.763449
5 20 5.178995
0 15 5.378744
0 19 4.659405
0 20 19.036417
2 0 5.832312
2 0 5.944640
2 1 4.922231
4 8 2.759145
5 8 3.356531
5 8 14.057090
5 14 3.356531
0 0 6.306201
6 21 4.124510
4 22 6.237000
4 23 7.481237
5 22 22.106934
6 1 9.556792
4 1 8.029042
6 21 4.648953
0 1 2.177172
1 1 6.024613
2 1 6.560453
3 2 9.196985
4 1 11.601316
6 22 4.563127
3 0 36.931004
6 13 4.852000
0 11 4.687737
3 23 5.833192
4 2 4.839326
2 5 6.674684
0 17 7.180249
3 2 7.839517
6 1 7.388710
6 1 4.638447
6 1 5.065642
0 13 3.812286
1 21 7.459940
6 9 6.430854
0 2 3.222055
2 1 9.633283
2 6 6.214407
2 14 3.674273
3 1 9.657501
6 13 4.765867
6 19 7.144156
2 15 3.359736
3 23 9.960675
6 22 3.301606
1 0 5.531755
2 1 8.248582
3 0 6.987322
5 1 4.716403
6 23 6.242559
1 19 5.065642
1 23 6.219500
2 1 4.366552
2 1 6.237000
2 2 4.266768
2 2 3.287510
2 20 6.847897
6 6 6.126725
0 8 7.868675
5 18 6.281509
6 3 7.372132
0 3 4.870548
2 23 6.141578
3 3 4.840869
3 4 9.389467
3 22 6.340950
4 8 5.065642
4 11 7.113091
3 22 2.828966
6 22 4.536396
1 1 7.711000
3 18 7.972390
6 1 12.351528
6 21 7.912054
4 17 4.721879
6 9 4.269067
6 1 36.250706
0 22 7.711000
6 23 3.490559
0 8 4.765867
0 23 7.839517
1 0 6.004264
6 1 4.667793
5 22 3.558133
6 8 7.658052
6 0 4.341979
1 1 2.254903
0 0 12.561277
2 21 3.490559
4 22 6.833928
2 18 4.322031
1 23 9.633283
2 0 5.601527
2 1 6.317474
0 18 19.531202
1 23 6.219856
6 11 4.042437
6 19 5.789264
1 21 7.685333
1 0 8.602546
1 4 8.617023
1 5 8.608641
2 15 5.255167
2 15 5.271409
4 22 2.254903
2 23 4.094555
2 22 2.046233
3 11 8.247908
6 1 8.029042
1 23 4.765867
3 7 3.610924
1 22 3.324342
2 1 6.423418
2 1 6.146252
3 21 5.774634
4 2 5.832312
6 1 6.136403
2 19 4.919981
6 23 4.203496
3 7 5.085646
0 2 4.045670
5 11 2.216923
1 8 4.243448
1 17 6.712426
3 15 2.479894
0 20 9.199168
0 18 4.558101
2 22 7.256083
4 0 4.106541
4 2 2.514897
5 1 6.967401
4 0 2.949769
4 13 2.468674
0 3 8.801581
0 9 3.680828
1 9 2.018290
0 18 12.432659
1 12 5.949200
3 22 8.305906
4 14 1.174687
5 0 3.265517
5 3 6.264434
6 22 2.102067
0 4 4.884821
1 3 6.361273
1 3 14.349465
1 3 6.445110
2 1 2.834974
3 0 5.247107
5 1 6.024613
5 2 6.264434
2 1 10.739030
4 2 5.517930
4 4 19.256071
6 2 6.530475
0 20 5.627254
0 9 5.199127
0 9 7.221016
0 11 4.504429
5 0 6.324334
3 22 9.882376
5 0 3.082491
5 1 4.389958
0 7 7.513943
1 23 6.768147
5 2 6.264434
1 15 7.104376
2 1 8.390418
2 2 4.765867
5 8 7.882751
1 23 11.399732
2 22 11.242992
1 20 6.237000
5 0 4.761511
5 2 8.245942
4 2 5.898139
0 3 4.846644
0 3 8.261125
0 21 5.047975
6 21 3.674273
5 18 3.324342
6 19 3.032430
2 8 6.024613
6 22 5.186646
0 1 19.661070
6 20 4.023960
0 18 2.989074
6 1 5.474051
0 22 8.552200
6 6 4.850924
6 7 4.612129
2 21 5.466646
3 0 6.967648
5 1 12.897315
1 3 5.928707
3 1 5.925849
1 22 4.454889
2 2 5.782555
0 1 5.169017
0 1 1.980963
0 12 9.385552
0 19 6.445110
0 21 8.390418
4 3 6.554349
6 10 1.502760
6 12 4.536011
2 21 9.172630
2 23 4.603277
3 19 1.913061
3 22 5.494068
5 17 4.922918
1 23 9.304467
4 2 5.107251
1 2 38.244671
0 8 5.511206
1 0 8.622173
3 12 1.197721
0 3 8.900093
6 20 2.314122
3 0 22.021154
3 1 6.161739
3 1 5.669645
4 23 5.944478
5 3 6.024613
0 3 5.316840
5 16 3.173236
2 1 4.523426
6 4 2.066994
1 1 9.243350
0 20 7.493976
1 0 5.065642
1 18 4.922231
1 18 3.290064
1 23 15.579764
2 0 8.390418
0 1 3.947254
3 8 4.982599
3 19 4.919981
0 0 11.846221
4 19 4.126435
6 7 3.443355
2 13 5.065642
1 22 20.807035
0 0 16.036989
1 1 4.765867
2 23 3.390740
3 2 7.299920
0 2 3.772106
0 18 4.902235
4 23 5.116096
5 1 5.474347
5 2 4.846644
6 15 4.171383
6 20 4.502563
5 2 1.301724
5 4 3.287510
5 21 3.784345
0 23 8.926138
6 13 9.771022
0 17 3.558133
2 19 3.739885
6 16 4.401499
1 0 8.297633
2 1 4.212213
2 2 4.687737
2 2 7.803198
2 3 5.204770
3 2 6.370611
3 10 8.207373
5 3 14.701395
3 20 8.168362
3 21 6.445110
4 2 6.237203
4 2 16.399752
6 21 3.767489
0 5 6.784301
1 1 6.340950
1 10 4.221441
2 23 4.703162
5 1 7.404094
5 2 8.521324
0 0 7.068338
0 4 5.077102
4 6 5.606193
5 1 8.209912
1 0 3.142930
3 13 2.305600
5 2 9.241207
1 1 6.337766
6 13 2.391259
0 2 5.526155
0 5 3.889827
1 21 5.248826
0 2 9.637591
3 0 1.892173
3 22 5.404001
5 23 6.464819
0 15 5.220362
6 4 3.433337
6 20 6.719586
2 15 3.821747
5 5 10.420674
6 1 8.706460
6 2 6.206456
6 3 5.280949
3 18 2.482756
4 2 6.943734
4 2 9.566211
0 21 6.324334
0 5 9.478384
0 23 13.234193
1 23 16.218624
5 20 4.133988
2 22 41.554775
5 7 4.989168
0 0 2.461459
2 21 12.448670
4 0 13.026934
0 1 1.527022
4 17 8.191435
1 6 8.252871
5 0 6.340950
6 18 6.332613
2 21 11.159522
6 7 18.011408
0 4 7.392539
4 1 2.033109
4 1 5.065642
4 2 6.140222
5 5 3.100491
3 19 13.641706
3 11 3.883009
0 2 5.169017
6 1 7.316480
2 23 8.442681
5 10 7.877367
6 12 12.164113
2 1 3.581037
1 0 5.427474
2 23 5.853184
6 3 5.690473
5 0 6.833928
5 20 7.313913
3 20 8.857458
3 8 7.493508
6 13 3.953482
4 18 2.026892
4 19 4.268770
1 2 6.037379
0 3 4.982599
1 1 3.342301
3 1 12.635089
0 10 1.907995
3 1 7.866017
5 0 6.572305
5 3 6.341698
5 4 6.651416
5 4 2.998530
4 1 6.472876
0 23 1.102849
3 1 3.043506
3 0 6.237000
3 2 3.290064
3 2 6.619634
3 3 3.834123
3 4 9.519708
3 4 8.603423
4 23 9.848847
1 17 2.325047
3 0 6.123562
