0 0 6.792639
3 23 5.264540
0 23 7.392646
0 11 5.616126
0 22 5.955747
6 11 4.568575
2 22 3.876875
5 13 5.799721
0 12 3.849501
2 7 1.661733
1 9 5.264540
6 16 5.331811
6 0 5.195058
6 10 5.103607
6 11 2.704475
2 20 7.461779
0 1 5.363112
0 13 5.264540
1 7 5.849488
3 11 3.308165
4 8 4.675920
4 20 6.805494
4 21 9.708422
5 7 6.481423
6 9 5.273727
6 10 5.522233
1 9 4.811876
1 10 4.236233
2 6 5.178236
2 7 3.308165
2 13 4.615597
3 10 8.772506
4 7 4.211632
1 7 4.942191
2 7 5.685846
2 14 5.094716
3 7 3.920788
3 11 4.186798
4 8 6.920842
6 12 10.216185
6 18 6.693929
0 1 7.358689
5 23 5.021037
5 23 9.055410
6 1 5.252301
5 11 5.164966
0 7 6.866791
6 9 7.358689
0 2 6.491788
0 8 9.180481
4 23 7.171317
0 17 8.182443
1 11 5.187273
1 13 6.442605
6 8 9.373011
3 8 6.374296
3 11 6.227134
6 13 2.932351
0 4 4.757616
6 8 5.446075
0 1 4.785003
0 14 4.864361
1 19 2.929848
3 21 5.927051
4 10 6.894646
6 11 6.204385
1 1 4.859575
4 20 6.848411
4 20 3.839113
6 5 6.902955
2 8 9.623753
2 15 5.264540
0 14 4.151423
6 7 3.056556
0 5 5.622637
4 7 5.069591
1 21 6.171194
6 0 20.899693
6 0 8.233162
6 20 2.581983
0 13 6.894646
1 0 7.532818
0 20 10.884158
0 1 5.455580
0 14 4.410887
1 11 7.403691
3 14 6.126116
3 14 6.008192
1 13 4.417786
3 13 5.968012
6 16 1.782991
3 11 7.711268
0 8 6.571240
0 11 5.436020
0 11 1.845869
1 21 6.572266
6 19 5.013847
6 19 3.518821
0 13 5.094716
5 13 5.425351
0 23 5.201396
0 23 4.985586
2 8 4.050099
3 9 5.894196
1 1 6.172215
2 2 7.128340
2 2 6.805494
3 1 8.365955
4 23 5.013847
6 14 3.964680
0 19 5.041107
0 0 6.658229
0 19 7.064654
3 11 1.800161
5 5 6.690526
0 9 8.808259
2 11 3.813891
2 12 5.867692
6 14 5.154084
6 15 5.069591
0 2 6.186813
0 16 3.470862
0 21 7.009557
4 23 8.551212
5 21 5.178236
6 1 5.264540
6 23 3.817423
6 2 5.751122
6 14 3.650389
0 3 7.435837
3 9 4.954051
0 5 6.805494
4 23 7.584103
1 8 6.843754
2 2 6.805494
3 2 6.380151
0 22 5.414681
1 1 7.009557
3 1 7.009557
0 0 4.705475
2 5 6.070844
4 6 3.716146
4 21 5.779112
3 0 5.273727
0 18 3.650389
5 13 3.351258
3 9 5.317185
0 19 8.143175
0 19 5.154084
3 8 6.173657
5 16 4.722741
6 7 5.154084
1 17 6.369049
2 8 3.771281
1 7 6.786691
1 10 5.135537
6 21 3.207918
1 19 5.264540
0 2 5.541621
2 1 5.264540
1 7 7.378481
6 12 9.099811
0 14 5.429024
2 6 4.492112
2 6 8.746749
5 8 3.528709
0 21 4.963253
2 7 7.233065
6 8 6.894646
4 10 6.668961
3 21 5.753157
5 11 5.154084
6 0 8.006464
6 21 5.736492
2 5 6.662506
3 23 6.008192
4 10 12.605345
6 21 6.094472
0 2 8.147125
6 4 5.541621
6 22 1.665845
0 2 3.778897
4 7 4.902966
4 11 5.264540
4 12 7.018004
6 1 5.556033
1 14 4.448907
4 13 3.714431
5 20 5.264540
1 14 3.528709
1 16 7.009557
1 23 8.416657
4 11 4.481812
2 8 9.199737
3 22 5.543970
6 8 4.577860
0 9 7.262950
0 10 7.251266
6 7 5.178236
6 17 5.293064
4 12 4.970455
1 21 6.094472
0 20 4.234451
2 6 7.935348
3 15 5.178236
1 8 6.457625
1 10 4.417786
6 7 5.818153
2 9 4.664298
0 7 7.009557
2 11 5.743134
0 23 5.683424
6 14 6.311123
2 2 5.178236
6 17 2.503510
2 17 3.704022
0 2 8.316582
6 2 5.187273
6 14 3.994765
1 6 4.935506
1 21 5.986398
2 12 5.264540
6 5 3.962202
6 11 4.308760
0 2 3.528709
0 4 5.273727
1 9 3.518821
6 10 5.362053
0 4 6.279460
6 13 8.067144
4 10 5.959856
2 20 4.171323
2 9 3.554864
0 2 9.083041
0 10 6.186813
0 1 3.528709
1 6 5.965487
4 7 6.668530
5 22 4.500638
6 1 9.346076
2 6 6.668961
3 4 7.009557
5 4 5.575993
6 5 2.984885
0 1 4.868056
1 4 6.662506
2 9 4.322014
4 13 4.654233
4 16 6.064580
6 6 7.065943
1 4 5.859696
2 22 2.377479
5 5 5.989089
6 6 9.644086
6 20 6.094472
0 14 5.773052
4 17 7.204233
6 14 6.671038
0 1 4.581746
4 23 5.264540
5 9 4.071588
1 2 5.273727
1 12 7.788397
0 10 4.500638
0 18 3.528709
2 10 4.456671
3 8 3.625633
5 8 5.094716
6 12 4.240271
0 14 4.481812
5 0 9.663907
6 1 6.417887
6 15 4.219769
0 21 8.271008
6 14 2.636863
2 7 4.178987
0 13 5.154084
2 19 1.301264
6 21 6.096467
2 1 6.708930
3 19 4.520338
6 10 5.376470
6 12 3.454598
0 0 3.310707
0 9 6.499839
2 16 3.207918
6 14 3.518821
6 21 4.868056
6 23 2.137997
4 10 7.009557
4 23 10.595644
1 13 3.365757
6 13 5.264540
1 5 6.805494
0 8 3.113567
3 6 4.859575
0 1 4.722741
2 18 3.241802
4 21 14.507673
0 1 5.293064
4 23 4.798392
5 6 6.446375
0 9 5.187273
3 15 5.154084
5 23 6.805494
6 16 6.662506
0 2 4.380973
2 5 7.527058
2 12 5.264540
2 23 7.086617
5 5 7.009557
6 12 5.986398
5 11 5.154084
3 10 5.055102
1 20 7.527058
6 22 5.537031
0 22 15.462252
0 18 5.404463
6 2 2.680032
0 0 6.074469
4 19 5.353769
6 2 6.683814
2 0 7.666447
6 18 5.069591
2 21 8.117414
0 15 8.188802
1 19 4.928431
6 2 8.503101
6 0 8.589929
0 11 6.209684
1 18 3.780760
5 6 5.425351
6 22 5.983618
1 19 5.163965
4 12 5.506604
4 20 3.588518
6 22 6.066661
1 17 5.264540
6 21 3.588518
1 11 6.899803
0 9 5.722231
2 19 4.714513
4 21 6.915664
6 12 5.622637
6 3 10.200910
6 19 4.516272
2 11 5.522233
6 18 4.615597
6 8 6.380151
6 13 5.154084
0 19 7.016748
0 23 6.899803
1 7 8.166074
6 7 4.653288
0 0 8.987201
0 2 10.033682
0 4 7.926742
6 23 4.802678
0 1 8.514406
6 1 11.273588
6 2 3.780760
0 21 6.571460
1 7 5.154084
0 9 3.414880
4 14 3.470862
6 20 2.952078
0 1 4.387116
3 22 6.920842
6 3 3.588518
0 1 10.984467
1 3 5.154084
6 0 8.791343
0 8 5.332049
0 3 5.859696
4 2 7.009557
6 14 4.294314
0 17 7.019386
2 18 3.703329
5 10 8.999743
0 14 2.982008
0 17 3.955295
0 6 5.154084
0 6 5.187273
0 10 6.015816
1 10 6.380151
2 13 7.710505
3 7 5.965487
0 12 1.645838
1 10 3.564182
4 23 3.257270
1 19 5.753157
5 0 8.333259
0 17 4.794297
1 8 4.069014
1 13 5.178236
3 11 4.240271
3 14 5.990345
5 2 11.000129
0 2 6.328472
3 12 6.899803
3 15 4.653288
5 11 5.041013
0 0 5.447376
5 21 5.022597
0 7 6.204385
1 16 5.541621
0 13 6.899803
6 1 4.405771
1 7 6.066658
5 7 7.781070
0 4 7.018004
2 14 3.565982
3 7 4.151423
0 2 3.994765
2 11 6.783442
5 8 4.279178
1 7 5.332049
1 7 5.273727
6 23 4.408916
4 22 4.479577
6 1 2.982008
2 0 6.503478
4 23 7.979834
5 14 4.355564
6 1 5.013847
6 19 3.066722
0 1 6.783442
0 7 8.607604
3 22 5.273727
4 23 6.328472
4 19 5.343334
1 10 10.507321
6 20 8.084534
3 15 1.465472
5 11 6.577878
0 15 5.154084
6 21 3.402405
6 21 15.282778
1 12 2.378905
2 23 5.041310
6 0 5.076906
3 0 5.965550
3 21 10.793860
0 2 6.600207
0 11 5.178236
1 22 7.032605
2 20 3.236505
6 1 6.722718
6 4 4.151423
2 13 8.087951
4 17 5.773052
1 1 7.009557
3 10 5.069591
6 10 3.858824
0 17 5.069591
4 11 5.264540
6 17 4.417786
2 8 7.419267
4 20 4.785945
6 9 5.859696
0 15 10.136395
0 22 7.656005
6 0 6.764153
0 1 8.753835
0 10 5.069591
0 12 3.578462
5 5 10.303737
6 22 10.387465
3 23 15.821180
5 0 8.797052
