0 2 7.862895
3 10 5.368110
0 0 9.387588
4 1 10.143535
1 20 3.373792
4 22 4.014660
6 18 1.218554
0 22 13.239228
1 0 8.309799
1 0 5.075238
1 1 9.291795
6 2 8.207824
1 19 3.494022
3 23 8.357689
6 23 8.846972
3 16 4.473425
5 20 3.187858
5 11 4.997855
1 8 3.680500
3 9 4.627681
5 2 9.653924
6 5 7.384131
5 8 3.373792
6 12 3.688558
2 2 8.884440
4 0 7.949922
4 10 9.748768
6 18 4.204448
6 19 2.687969
6 21 7.641779
6 2 3.373792
4 15 1.238863
5 0 9.335643
2 2 11.274965
2 3 7.369190
3 2 9.983188
4 4 5.075238
2 1 11.274965
3 2 8.210575
3 9 8.382869
5 1 4.204448
0 22 8.606802
2 1 10.407660
1 1 6.152851
0 0 4.204448
4 15 4.285039
6 22 2.271342
0 10 6.001454
0 3 4.880100
0 21 9.664310
1 2 9.174562
1 13 7.814538
6 21 7.971189
0 0 4.671609
0 3 9.811756
2 14 6.394603
3 11 2.942638
4 21 1.032386
6 23 5.906193
0 20 4.204448
1 22 5.309414
3 0 11.681672
2 1 9.609355
3 1 6.759896
0 0 13.093847
1 20 5.262853
0 5 7.210166
5 1 12.220826
0 17 2.891822
2 17 4.135522
1 20 5.975285
0 4 10.138814
6 10 8.023868
1 22 9.769511
5 13 6.970738
6 13 2.987642
4 5 9.039087
5 0 6.712847
5 8 5.452146
6 2 6.489543
4 13 7.725178
0 2 9.614478
6 1 8.613466
1 1 9.591530
1 16 1.602173
0 9 9.911248
0 12 3.097158
0 2 14.695964
6 10 9.748768
1 7 4.129315
6 1 8.173573
6 22 10.834283
6 23 9.911248
1 1 7.288661
1 4 9.633290
3 2 4.727975
3 2 6.293995
4 14 7.458793
1 23 7.684296
2 0 6.564534
4 13 7.259526
5 2 1.132288
6 7 11.755088
0 21 5.906193
5 2 8.207824
5 20 5.176948
0 16 4.202708
6 4 8.782184
0 2 1.218554
0 12 3.614505
6 4 13.873496
6 8 5.970868
0 3 7.903850
0 4 12.711033
1 1 5.075238
1 19 4.135522
3 23 7.325182
5 0 9.911248
2 12 2.889886
2 22 7.332373
6 23 7.054099
0 23 8.141259
1 4 10.003706
4 13 8.173573
0 1 7.210041
4 2 4.204448
3 3 7.427851
3 2 15.245780
6 13 7.558324
2 3 6.850592
3 1 20.221649
3 1 5.045338
0 17 3.646325
6 2 14.773840
6 3 7.330396
0 1 6.050068
6 2 9.769511
6 19 7.330396
1 17 7.506065
6 23 8.173573
5 18 4.758035
5 22 7.441611
6 0 9.475368
0 2 6.490230
1 0 7.404700
3 0 7.330396
5 3 7.909006
5 3 8.744828
6 21 7.504491
0 15 4.473425
3 4 17.407261
0 0 8.406795
0 12 3.436743
0 19 9.304426
0 19 2.361376
2 19 12.388633
4 1 7.330396
4 2 8.461668
0 2 8.309799
1 23 7.330396
2 2 13.239228
6 4 7.865636
6 2 9.769511
4 13 4.708868
0 2 9.911248
5 23 7.330396
6 7 9.817522
3 2 8.041741
4 2 4.363132
6 19 7.470726
6 1 6.612546
6 6 16.950983
0 21 5.075238
6 2 10.310505
1 17 17.312538
1 17 19.162540
3 1 7.492010
4 1 11.373300
6 22 8.309799
0 4 9.899512
4 20 7.564633
5 1 5.940864
0 23 7.974500
3 21 5.536623
0 9 11.520671
0 19 5.078153
1 3 8.347418
1 20 5.856043
0 22 4.129544
1 10 10.138814
5 23 3.261473
0 22 4.135522
6 3 7.684296
5 3 13.944152
5 23 3.997870
3 6 7.949922
4 22 1.218554
4 18 3.373792
6 16 11.644920
4 19 7.203096
6 0 8.173573
0 14 9.376845
0 5 9.666442
6 19 3.477663
2 20 6.427819
0 1 8.588701
4 18 7.214218
1 8 3.373792
1 23 2.911685
6 1 9.010225
2 18 4.204448
2 17 6.003171
4 0 7.330396
4 0 13.022192
4 1 10.717254
0 5 11.251824
1 0 6.459001
6 1 7.129036
0 2 9.343218
6 22 4.129315
2 4 8.040822
6 13 3.318484
3 16 4.135522
3 21 7.454640
6 23 7.084373
3 11 1.587043
1 5 8.657062
6 22 8.309799
0 18 8.347418
2 2 9.772448
5 1 11.562855
1 16 12.908161
6 22 4.852577
0 23 9.426985
4 5 11.370959
0 7 5.427397
1 3 5.356472
6 1 9.372352
2 13 7.470726
1 11 6.534950
6 20 1.327353
0 9 1.905944
6 3 9.291474
6 4 12.538987
6 21 9.473683
4 15 9.591530
2 2 6.669861
2 3 7.831593
3 3 8.527749
5 4 14.121340
6 3 13.239228
6 12 3.373792
1 3 8.040822
3 0 4.473425
6 6 7.210166
6 6 12.220826
4 3 7.492010
6 19 4.204448
0 1 9.193459
3 0 7.909006
3 21 9.148844
0 19 8.998347
0 19 16.996120
1 2 9.911248
5 0 7.705309
5 11 6.627134
2 21 4.425735
3 1 7.210166
3 2 9.318377
6 1 9.519063
3 21 9.588230
0 2 8.490852
3 1 9.883745
2 20 4.204448
3 1 8.529019
3 17 3.318484
5 20 5.244015
2 23 5.029776
5 0 8.729161
3 0 9.817522
2 21 4.204448
6 1 4.948197
4 22 9.148844
5 0 7.009433
0 17 14.371905
1 18 3.373792
2 23 5.322787
6 16 7.203096
0 1 9.473683
0 18 3.881029
1 10 7.670010
2 21 3.780359
6 12 8.149904
4 1 8.073269
6 21 7.897506
0 23 7.315860
6 18 4.400090
6 21 9.628641
4 19 4.193836
0 4 9.430530
0 23 3.649809
2 22 8.173573
3 23 10.812270
4 2 5.151084
2 20 3.881029
2 2 6.598401
1 22 6.817161
5 10 8.538107
0 22 4.708868
2 0 6.006354
5 13 6.074873
6 23 10.138904
1 2 9.398663
6 10 2.326356
1 0 16.010078
6 2 11.432003
0 1 7.679124
2 1 9.166807
6 2 9.827200
0 1 6.465132
0 17 12.354782
6 12 5.430920
1 23 10.792589
5 3 6.687574
5 13 1.323306
6 19 1.218554
0 23 8.152523
5 0 9.293995
5 1 2.898053
0 20 1.733499
1 20 5.161259
5 8 3.441739
6 23 9.009254
1 16 6.422420
3 14 4.708868
0 8 10.922918
5 17 7.203096
1 13 5.255850
1 21 7.808058
2 3 8.029429
2 22 4.102442
6 20 10.263926
5 3 8.162453
0 1 11.373787
2 20 5.327040
3 16 1.922608
4 19 3.373792
6 23 8.450644
3 4 5.808297
6 21 5.043250
6 21 2.830318
2 16 3.680500
4 14 4.414388
4 2 8.078147
5 20 2.872359
6 9 9.151895
0 10 4.400090
0 13 4.204448
6 5 4.992037
2 19 4.400090
1 9 5.856043
1 19 7.330396
1 0 13.022192
4 14 11.572815
4 14 11.373258
4 2 9.417196
5 1 9.074280
0 1 9.824908
5 20 4.880792
3 1 3.436743
3 16 1.218554
4 1 7.558324
5 10 3.494022
5 21 2.322869
1 15 9.972604
5 19 12.192787
4 20 10.849912
0 23 3.661180
3 0 4.349429
6 20 12.960465
6 20 10.733201
1 2 7.535622
2 1 4.720766
2 16 12.863656
2 16 16.410048
5 23 3.494022
2 23 13.361119
3 20 9.251450
5 9 4.992037
5 9 13.374624
5 20 8.866495
5 20 3.553055
6 13 8.421047
6 14 3.430975
0 3 11.813040
0 9 13.011570
2 17 11.868294
3 20 3.834364
3 21 7.154930
5 3 9.789606
0 5 7.203096
2 23 6.766520
3 20 6.598401
0 19 7.093196
0 23 10.017975
3 2 3.455711
4 2 7.365369
6 3 6.194011
6 11 6.983074
0 1 9.252746
0 10 6.875929
4 20 7.684296
2 1 7.330396
0 8 12.734678
1 19 8.563227
2 3 9.609355
2 23 7.330396
4 0 9.040348
5 4 6.338931
6 23 4.123286
1 5 11.438398
4 21 5.072987
0 23 6.904779
1 19 8.309799
3 0 8.347418
6 0 8.669878
4 23 14.371905
5 0 18.978687
5 0 6.324145
