3 10 5.368110
0 3 28.482943
1 20 3.373792
1 0 8.309799
1 1 9.291795
5 22 4.899409
6 2 8.207824
3 23 6.165009
3 16 4.473425
2 21 6.445433
1 8 3.680500
3 9 4.627681
5 8 3.373792
4 10 9.748768
6 21 7.641779
6 1 5.100513
2 14 3.010586
6 2 3.373792
4 15 5.822533
0 1 4.780101
3 2 9.983188
5 1 6.382793
3 9 8.382869
1 2 9.433084
4 15 4.285039
6 22 2.271342
4 13 10.084395
0 3 4.880100
0 21 6.815279
1 2 9.174562
1 13 7.814538
4 1 7.415128
6 21 7.971189
2 14 6.394603
4 23 7.826899
6 23 6.598920
0 0 1.642828
2 1 9.609355
3 1 6.903712
1 20 5.262853
0 5 7.210166
5 1 7.107470
0 17 2.891822
1 20 5.975285
1 21 9.806607
6 10 8.023868
1 22 9.769511
6 13 2.987642
4 13 7.725178
0 2 9.614478
6 1 8.613466
1 1 9.591530
1 16 1.970704
6 1 5.876648
0 9 9.911248
6 10 9.748768
1 7 4.129315
6 1 8.173573
1 23 7.281162
6 23 9.911248
1 4 9.633290
4 14 7.458793
1 23 7.684296
5 2 1.132288
6 0 8.244214
0 3 1.120737
5 2 8.207824
5 20 1.635670
1 5 6.475659
6 17 5.319168
6 4 8.782184
6 8 6.514724
2 0 5.641595
5 0 9.911248
2 22 7.332373
0 23 8.099162
0 23 8.141259
1 4 10.003706
0 15 5.098774
4 13 8.173573
0 0 6.464313
6 0 3.763232
0 16 4.705998
3 3 7.427851
4 3 6.054397
6 13 7.558324
3 1 6.445433
3 3 5.062722
6 2 6.204955
6 2 9.769511
5 17 2.108296
6 20 34.510811
6 23 8.173573
5 22 7.441611
6 0 9.475368
0 2 6.490230
0 15 4.473425
0 19 4.976249
2 19 1.856460
0 2 8.309799
6 4 7.865636
4 20 12.157163
2 0 8.990908
6 2 9.769511
4 13 4.708868
0 2 9.911248
6 7 9.817522
3 2 8.041741
0 0 4.290763
5 15 2.463379
0 21 7.464373
6 2 10.310505
3 23 6.101889
5 0 7.675662
6 22 8.309799
4 23 7.578352
5 3 4.994199
0 9 11.520671
1 3 6.188988
5 23 3.261473
6 3 7.684296
5 23 3.997870
3 6 6.402401
6 1 5.118805
4 18 3.373792
6 0 8.173573
0 14 9.376845
0 5 9.666442
2 20 3.234562
5 14 3.659878
5 21 8.104775
5 23 5.802728
1 8 3.373792
6 1 9.010225
4 1 10.717254
0 5 11.251824
1 0 6.459001
6 22 4.129315
1 7 2.874785
6 13 3.318484
6 13 5.665305
6 9 6.492318
5 21 9.528425
6 1 9.198794
6 22 8.309799
6 23 3.701540
2 2 9.772448
1 16 12.908161
4 5 11.370959
0 7 5.427397
6 1 9.372352
6 4 12.538987
6 21 4.986720
4 15 9.591530
4 23 11.852432
2 2 9.666159
3 3 8.527749
6 12 3.373792
3 0 4.473425
4 2 6.464313
6 6 7.210166
6 6 11.588414
1 2 10.321120
0 1 5.319168
3 21 9.148844
1 2 9.911248
1 23 3.763232
5 0 8.787416
5 11 6.627134
3 1 7.210166
3 2 9.579085
6 1 9.519063
6 2 4.390087
3 21 9.588230
0 2 8.490852
3 17 3.318484
3 0 9.817522
4 22 9.148844
1 18 3.373792
2 23 5.322787
6 4 6.087529
0 1 3.085311
1 10 7.670010
2 21 3.780359
6 12 8.149904
1 3 4.181035
4 1 8.073269
6 2 18.357775
6 21 7.897506
0 0 10.000958
6 18 4.400090
6 21 9.628641
4 19 4.193836
2 22 8.173573
3 23 10.812270
4 2 5.151084
2 2 6.598401
0 22 7.817291
5 10 8.538107
5 21 5.462972
0 22 4.708868
6 21 4.390087
1 19 3.827016
5 13 6.074873
6 23 10.138904
6 20 8.099162
0 1 8.038235
1 2 9.398663
3 3 5.489720
6 10 4.422681
6 1 4.705998
1 1 8.581527
6 2 9.827200
6 16 11.388557
0 1 6.465132
6 12 5.430920
5 1 6.955245
5 13 1.323306
0 23 8.152523
3 21 7.398263
5 0 9.293995
5 2 6.751623
0 20 5.208075
1 20 4.733505
1 16 6.422420
3 14 4.708868
1 0 4.052388
2 22 4.102442
3 0 7.703610
5 3 8.162453
2 20 5.327040
3 16 3.080535
4 19 3.373792
5 1 9.752849
6 23 8.450644
3 3 4.783146
3 4 10.723353
3 22 5.954529
2 16 3.680500
4 14 4.414388
5 20 10.541481
6 9 3.234562
0 10 4.400090
2 19 4.400090
6 1 7.502804
2 2 4.862865
1 0 6.042593
0 1 9.824908
4 1 7.558324
5 0 5.246569
0 23 3.661180
1 2 6.928866
0 2 3.774123
2 22 4.855976
2 23 8.390898
0 1 12.487384
5 9 3.528613
5 9 13.374624
5 20 8.866495
6 14 3.430975
0 3 6.785393
0 3 11.813040
6 21 8.099162
0 1 4.862865
0 9 13.011570
0 22 12.297183
3 20 3.834364
5 3 9.789606
1 11 28.032339
3 20 6.598401
0 19 7.093196
0 23 10.017975
2 22 6.096794
4 2 7.551686
6 3 6.194011
4 9 5.062722
1 19 5.015188
4 20 7.684296
5 5 10.095055
1 1 5.580011
1 19 8.563227
2 3 9.609355
0 17 12.818302
4 0 9.040348
0 23 6.904779
1 19 8.309799
3 0 9.657012
6 0 8.669878
2 14 4.390087
0 20 5.796654
