2 22 4.761564
0 10 13.860876
3 22 3.387466
5 1 6.915572
5 22 4.304976
0 22 6.413535
1 20 9.836005
2 2 6.979201
6 16 7.433885
4 9 6.999336
3 22 5.450321
0 11 3.910795
3 1 7.661539
4 1 7.114823
4 22 3.818598
0 9 3.505346
1 12 6.864788
2 8 5.833231
4 7 8.728766
4 7 8.230874
4 8 8.598667
0 10 10.102379
1 11 2.778723
4 22 6.177535
6 21 7.364466
1 2 7.212203
0 18 9.100262
5 21 6.322804
0 1 6.894996
1 16 5.938720
6 22 9.084898
3 1 8.751507
6 8 5.250905
4 11 6.991427
6 17 5.912318
6 20 2.295467
1 13 6.453626
4 22 5.106606
0 21 4.910363
3 3 9.971664
4 2 5.245870
5 10 3.092952
5 14 3.518925
6 0 5.237053
6 23 9.531018
3 0 7.495975
2 22 8.275864
0 3 5.237720
1 0 7.237493
6 19 9.387493
1 19 5.245870
4 7 8.290901
4 9 4.203948
6 9 5.237720
6 15 7.101568
0 8 6.770557
1 1 6.983208
2 1 5.237720
3 6 6.842438
4 6 5.237720
4 8 3.442998
6 8 5.076648
0 9 6.979201
4 5 6.991427
5 7 7.773603
6 12 6.996243
0 8 6.983208
5 4 3.684612
6 20 7.632265
6 9 1.731008
0 10 15.289964
0 13 4.780017
4 16 9.321903
2 4 9.407027
0 20 3.984205
3 0 6.881550
6 14 6.191080
1 2 7.350746
0 22 5.625969
1 17 7.694726
1 1 8.736767
3 21 6.458070
5 3 3.500381
2 12 5.237720
1 19 6.765898
3 12 7.495975
0 22 8.535201
1 9 9.252813
5 7 5.325817
0 1 5.819689
0 2 6.868730
1 0 7.110562
6 21 4.842341
0 1 2.921122
0 2 8.916513
1 23 5.519548
2 1 4.922723
6 22 3.500381
1 21 3.750408
3 23 6.881550
5 7 7.868804
6 4 6.868730
6 5 7.650546
6 10 5.081521
2 1 6.996243
6 21 7.326286
0 21 4.988305
6 11 4.996066
0 0 6.671340
0 1 5.513390
0 17 6.881550
1 2 6.996243
0 0 12.467524
5 23 8.623045
0 1 8.355494
2 18 7.773603
4 17 3.505346
2 22 8.593541
3 18 4.842341
0 13 4.945669
1 23 7.900256
2 23 8.220324
6 22 3.186678
6 22 8.841189
2 21 6.983208
5 1 3.621084
0 19 8.225209
6 6 7.684250
6 9 10.034649
4 14 4.553978
1 10 8.064708
3 20 5.245870
6 3 8.729011
1 5 12.219840
0 1 10.835282
0 5 9.921194
2 22 5.237720
0 22 30.928747
6 11 11.971214
2 2 6.876814
3 0 8.566828
3 20 6.696855
3 23 6.983208
6 21 5.620574
1 0 5.728259
1 23 4.196695
3 13 3.392271
0 1 15.372088
0 23 7.544931
0 22 5.250905
0 18 8.593541
5 19 8.943416
0 20 8.593541
3 22 4.598298
5 2 5.334783
0 21 7.942515
6 23 5.513390
5 18 9.466227
0 1 9.387315
4 2 5.081521
0 0 5.611843
6 17 19.426619
0 2 13.709375
0 2 8.064708
6 0 6.991427
0 3 3.655607
0 22 5.000861
1 15 3.447881
2 0 9.533765
2 21 3.755728
6 1 1.955398
2 23 10.745760
1 11 6.996243
2 23 4.072713
4 22 10.077666
4 22 10.108778
2 16 3.442998
6 0 7.966625
6 19 4.667175
2 21 9.174129
5 16 7.153458
1 14 5.237720
1 3 6.979201
2 0 3.500381
5 9 6.996243
4 16 6.468134
6 17 4.561625
1 19 4.415638
0 17 6.868730
6 19 6.491005
5 19 3.231121
0 2 5.564299
1 15 7.495975
6 23 5.686444
0 10 1.731008
2 2 8.728766
6 2 7.495975
5 12 5.250905
1 21 6.043523
4 10 4.918003
6 8 6.996243
1 8 6.868730
1 7 8.072588
3 9 7.700601
4 0 3.500381
4 2 10.482501
4 7 8.736767
6 7 5.237720
0 8 8.593541
0 9 5.625969
4 6 6.881550
2 5 6.868730
4 6 5.722767
4 6 12.612880
0 2 6.996243
0 13 1.649867
0 13 3.762833
0 10 4.474910
0 18 3.442998
5 2 6.881550
5 3 8.736767
6 0 3.500381
0 22 7.219863
1 12 1.789686
6 2 5.250905
0 0 5.519058
5 1 5.237720
2 1 6.979201
6 2 5.241251
0 0 4.183604
0 18 8.061624
1 18 13.127261
6 20 9.310945
2 20 4.038901
1 6 5.245870
1 0 8.395492
4 21 11.039096
5 1 9.328323
3 22 5.237720
5 0 4.842341
5 1 4.918003
6 20 3.505346
0 12 6.413535
6 10 3.519716
1 2 5.237720
4 23 5.392840
5 3 5.245870
6 23 7.978906
3 20 5.334783
5 3 5.159872
4 9 6.301085
5 10 7.644169
5 21 4.068212
0 14 2.212536
