3 21 11.974752
6 0 8.292205
6 23 10.057295
0 2 10.654048
1 22 8.158448
2 19 10.862601
3 19 7.672040
0 1 10.929336
5 12 5.931931
2 23 5.139392
1 23 9.616073
1 23 10.116601
4 20 5.120813
4 21 6.777788
5 20 10.181094
4 22 5.476380
4 23 6.073365
0 10 3.974454
0 15 9.776340
1 13 8.290724
6 9 9.040751
5 12 10.987185
0 15 7.267424
4 8 4.384171
6 16 6.311891
6 18 7.447027
1 8 4.888011
5 15 6.796716
3 7 10.432881
4 19 6.760128
5 11 8.253865
6 23 5.157753
3 5 9.083738
3 5 11.502278
4 6 7.335820
6 16 6.180553
5 5 6.598444
5 12 7.215297
2 19 7.036622
5 11 8.606667
5 23 6.811341
0 22 7.533958
0 0 6.255148
3 11 7.298795
3 13 9.903906
4 9 6.335921
2 10 9.776340
6 20 5.962496
3 18 10.872410
0 20 6.760128
3 19 6.257943
1 1 9.060619
0 0 7.447599
3 0 10.932699
4 5 4.888011
4 5 8.326761
5 20 9.554073
0 23 19.025917
5 8 8.754932
2 18 9.455392
2 23 6.128186
3 23 8.222885
4 10 8.361234
1 14 4.899866
6 21 7.116420
0 11 8.544126
2 20 7.821073
4 23 11.348792
4 13 5.571692
6 13 7.342604
4 15 6.490273
2 19 9.779382
5 23 6.292516
1 11 7.420442
2 11 6.609482
0 10 7.222233
2 11 6.836372
3 20 7.872206
5 8 6.634255
6 22 6.575466
6 14 6.230323
1 6 7.741784
5 17 7.576006
1 0 7.757498
1 14 7.097131
6 2 31.815510
1 1 5.879839
6 15 8.137192
1 22 7.222233
4 20 6.205017
1 20 9.620397
4 23 4.199885
5 5 7.631101
5 19 5.926898
1 19 3.450473
1 22 7.929228
2 22 7.792928
3 10 8.166443
5 20 11.298241
2 15 10.113456
5 7 8.307097
1 5 9.033750
1 5 8.913525
4 20 6.174887
2 19 7.323472
6 19 7.867075
0 17 6.230323
3 19 12.002939
0 1 10.731089
0 2 6.668610
2 9 7.143220
0 21 4.618743
5 1 9.463918
5 9 6.230323
1 8 6.205017
2 22 7.447599
5 9 5.961680
6 22 9.889337
2 7 7.087232
6 6 7.867209
1 18 9.776340
2 7 7.204711
3 11 1.331070
3 19 7.710305
5 9 12.314591
5 22 9.440651
0 19 7.323472
2 18 4.899866
3 2 4.899866
6 23 6.796716
1 8 7.324790
0 9 7.342604
0 11 7.323472
5 10 3.868315
2 21 4.547077
4 6 5.239872
6 14 6.396764
1 7 5.445401
6 19 5.904154
5 19 9.516579
6 1 8.127982
6 15 7.867075
1 10 7.323472
3 15 7.584500
5 19 7.050336
0 9 6.617143
0 12 6.865756
2 2 8.179522
5 7 8.952341
3 5 9.619063
4 5 5.985648
4 7 11.770469
5 13 8.456156
2 8 4.104421
0 12 4.593624
6 10 3.334464
1 6 9.785169
1 12 7.587477
2 16 6.660275
3 5 9.619063
4 22 5.653691
5 9 2.445274
5 13 4.819540
2 5 8.161209
4 9 5.282651
4 10 6.420540
5 15 10.458930
0 9 6.609512
0 10 2.619936
2 5 5.810916
3 14 7.323472
5 20 6.462425
6 3 9.758336
5 17 6.230323
0 14 8.653930
4 11 9.107780
1 13 10.474650
3 23 7.420442
6 0 6.697819
6 10 7.198303
1 7 9.421842
4 12 10.698791
4 21 10.604609
1 8 4.819540
0 7 8.896893
5 7 8.697554
6 9 4.982914
0 0 7.342604
0 12 8.394406
4 23 2.768234
2 9 9.616073
3 17 6.128186
6 7 10.116601
3 5 9.619063
4 6 9.272067
5 8 9.785169
5 16 8.952341
2 7 7.323472
5 5 7.357850
6 3 10.430638
0 19 7.053195
1 8 5.732926
2 6 8.653930
2 14 5.933641
4 9 6.598444
6 17 7.816558
6 18 7.708919
1 7 4.387939
3 9 7.467054
4 7 12.841081
5 7 11.070997
5 11 5.437397
6 6 8.279800
1 6 4.118979
2 6 6.508666
3 6 9.766211
2 6 17.858032
3 6 6.387814
5 8 6.230323
1 10 7.210377
5 20 7.688653
5 7 7.324790
6 19 9.776340
5 19 7.222233
0 17 12.484317
0 19 6.675094
4 20 5.865158
4 23 9.779382
5 18 8.179522
1 11 4.710011
4 9 8.887583
6 20 3.334464
6 2 5.547018
6 16 4.899866
0 8 6.277262
2 12 9.071833
2 20 9.039886
0 22 6.719483
2 6 5.828457
3 2 9.039886
3 20 12.202989
5 11 8.937769
0 23 5.505057
3 23 11.048727
1 5 8.653930
1 17 6.558235
4 20 9.088946
3 19 8.020493
4 19 5.937951
6 19 24.980282
1 7 6.866990
3 10 5.933641
4 19 4.819540
4 21 7.587477
3 8 7.324790
5 21 7.324790
1 9 6.524876
0 15 8.512062
2 7 6.230323
4 15 8.891691
1 7 6.335921
6 13 7.077938
1 7 5.643867
6 16 10.113800
4 9 7.324790
1 21 9.447343
5 7 11.143638
6 9 6.032542
2 16 8.456794
6 23 6.675346
3 16 5.770691
6 3 7.448938
1 6 3.713834
4 9 9.986553
0 21 9.463918
5 8 7.641222
0 2 10.189324
3 11 9.616073
6 16 5.946502
0 2 8.653930
0 3 5.345308
1 8 6.975990
5 7 17.097136
6 13 6.534504
2 18 5.120813
4 23 9.421842
5 16 8.212698
6 23 7.329792
4 16 9.779382
4 19 4.899866
0 10 10.781353
6 16 10.865979
1 7 7.324790
1 7 4.819540
6 23 7.926763
0 23 9.785169
1 20 7.352381
4 7 9.619063
4 12 4.899866
3 9 6.445161
3 10 2.667571
6 7 11.974752
6 10 9.045175
0 4 6.230323
6 8 8.969130
5 6 2.529593
0 1 5.249856
0 22 7.988243
6 13 8.037383
4 13 7.176235
1 20 7.723501
5 18 6.128186
6 12 6.230323
0 7 9.206478
0 7 12.059443
2 17 4.243227
5 7 11.382689
6 22 10.102977
5 16 9.766386
2 23 8.653930
4 20 7.595797
4 23 9.107780
5 18 6.697819
2 7 6.818899
3 7 4.819540
6 0 4.801574
0 18 8.048317
5 6 8.544480
1 7 6.315053
1 9 4.643076
6 21 9.633939
4 5 16.390949
4 10 7.198303
4 23 7.990679
5 6 5.981512
1 5 6.965414
5 5 9.616073
4 6 7.324790
4 11 9.889876
2 18 9.619063
1 13 2.405187
6 23 3.860958
6 23 8.326761
1 21 10.537420
2 13 11.538121
6 12 4.243227
6 18 9.779382
1 19 6.308561
4 19 7.323472
2 17 10.938752
0 1 6.335921
5 17 7.986187
5 7 10.116601
6 17 13.354955
6 19 9.132431
0 18 16.586697
0 18 2.674688
2 6 4.724821
5 9 4.584888
5 21 8.010113
5 19 9.779382
0 15 7.204711
2 22 31.815510
4 21 7.464101
6 10 3.713834
6 11 6.973099
1 10 9.790138
3 6 8.512062
5 6 7.323472
5 9 9.616073
5 10 11.958626
0 18 6.501159
1 0 12.381470
3 8 7.989243
3 22 5.249856
6 10 8.982649
6 22 3.555394
5 22 9.117545
6 9 7.264559
6 17 7.298795
6 22 10.924720
1 1 9.948000
2 10 9.319208
2 22 6.607491
3 15 6.623989
4 8 5.157753
0 12 14.375137
1 9 9.701875
4 23 12.999762
0 11 9.619063
6 18 5.935535
3 19 6.835336
6 21 5.249856
6 23 6.351506
2 1 3.121626
5 10 7.324790
2 20 9.132431
3 19 4.819540
5 1 10.300178
5 22 5.643244
5 6 6.367793
5 7 5.196319
6 4 9.776340
6 6 7.846578
0 0 9.779382
6 16 5.015067
