3 23 4.081044
6 13 5.605878
0 7 8.835363
6 2 6.140546
6 0 4.618607
0 18 2.300121
0 23 10.664169
4 20 14.114042
3 17 4.970126
3 19 5.144516
6 15 5.765005
1 0 13.173619
0 6 9.382262
0 7 5.890244
0 7 10.272828
6 15 14.913531
6 23 5.037732
2 10 5.591572
6 0 5.680220
6 19 13.963687
6 17 7.649859
4 18 1.476920
4 21 5.697504
6 14 8.791030
6 16 9.559476
5 11 7.152133
0 20 9.237214
5 17 2.555817
6 0 7.038031
0 16 7.131081
4 23 9.558777
6 7 11.769057
6 17 5.338933
2 11 2.751125
6 9 4.887290
1 19 3.018142
6 21 7.578694
1 8 7.559577
5 4 7.338514
6 3 8.036942
2 4 11.654136
6 2 8.328359
0 3 11.782572
4 5 13.959310
5 18 4.708897
5 23 2.585264
6 7 9.068918
0 19 5.749753
0 0 8.201107
1 0 8.162553
1 12 6.858495
2 23 13.069106
5 14 3.717262
1 7 7.963333
2 23 16.496008
3 23 5.932949
2 0 12.299557
5 18 2.598284
0 1 9.787938
4 2 10.268312
6 14 3.427383
1 6 9.951070
0 15 4.221769
5 11 4.789680
5 20 6.772570
5 20 30.664083
2 0 5.196569
0 2 10.008867
6 10 5.653501
0 12 10.786469
0 14 5.653501
6 16 2.300121
6 23 4.452048
0 16 6.658404
3 20 4.081044
3 22 9.940099
4 18 2.985263
5 20 30.324900
6 12 6.978819
2 3 5.869561
4 0 9.964880
1 17 4.150214
4 23 6.419965
0 10 5.236382
0 17 5.604103
0 23 16.496008
6 21 4.189106
6 19 4.126687
5 20 11.290203
6 20 3.767117
6 21 9.126441
0 1 7.114137
0 2 7.798962
6 13 7.727023
6 20 7.338514
3 19 6.879857
3 23 5.031052
4 21 17.538420
4 23 4.887290
6 12 28.683376
3 18 3.146450
5 20 5.747725
2 20 12.406588
6 17 7.816558
0 21 7.862107
5 23 5.144516
0 2 10.008867
0 8 4.807171
5 17 5.183439
3 8 8.652619
4 2 12.612732
6 2 12.252665
6 10 3.564517
4 2 5.055818
5 23 1.856985
6 14 7.018416
0 0 3.146450
2 22 9.787938
6 23 9.698521
2 18 5.487036
4 20 5.893970
6 16 3.928380
2 19 5.604103
6 0 6.504144
5 19 12.946385
6 16 4.807171
0 1 7.340672
3 20 5.773338
6 21 8.791520
0 17 7.206932
6 1 3.198891
2 20 6.178485
3 19 7.837807
5 3 6.086586
0 20 12.091890
6 2 9.884125
0 8 11.579482
6 6 8.201107
2 20 5.387005
6 10 4.442991
6 16 4.729636
6 0 2.551043
4 2 11.579482
4 23 4.189106
3 16 4.807171
3 5 9.951070
0 18 8.246339
1 20 7.586244
5 19 5.532782
1 14 5.500482
6 13 8.246339
6 21 5.869561
1 7 10.705072
1 7 5.590058
4 18 8.988904
6 22 8.139292
5 17 2.513919
1 0 11.230234
1 0 7.425883
2 16 4.249818
6 14 6.363953
6 23 4.240341
6 21 4.887290
6 22 5.697504
3 15 8.708685
4 23 8.982014
5 17 2.263022
6 19 8.762853
6 20 10.697605
5 1 14.641551
5 7 5.869561
3 20 5.259234
5 21 8.530695
0 21 9.090966
0 17 4.014142
1 23 12.235984
1 23 11.579482
3 23 9.926035
5 23 5.305593
6 3 4.887290
6 10 14.110324
6 23 6.742249
1 18 9.781855
6 5 16.496008
0 23 8.619200
2 18 4.490324
6 21 4.502095
0 0 4.581835
0 13 3.422131
0 13 5.502713
2 22 4.083691
5 12 3.825979
2 20 8.250043
3 13 5.627493
5 13 6.876006
6 9 7.588654
6 9 7.227290
5 0 7.338514
0 11 7.794853
6 9 4.798337
6 23 8.307752
4 23 13.963687
4 8 6.374727
6 15 5.653501
2 22 20.199192
4 8 8.246339
5 0 10.130961
1 9 4.221769
6 11 7.273409
6 18 6.521192
4 11 4.474614
4 18 5.331590
5 13 9.755766
2 9 10.828402
