6 0 11.425466
6 21 14.268288
4 18 5.618625
1 21 8.101694
3 20 3.434732
3 23 4.081044
6 10 3.361980
0 23 6.491747
6 12 8.392531
3 19 2.289069
4 22 4.410398
4 19 5.566558
6 0 4.618607
0 23 9.988589
2 0 7.304806
4 20 14.114042
4 20 5.289208
0 15 4.193811
0 21 4.984264
0 4 9.215070
0 18 4.480404
6 10 5.554293
6 15 1.802677
6 20 6.937495
0 19 1.659607
1 0 13.173619
1 19 3.701798
2 19 2.479736
3 1 6.709966
6 0 16.286705
6 20 8.730423
0 6 6.790846
0 6 8.212035
0 7 5.890244
0 7 10.272828
0 8 4.552669
6 15 14.913531
6 23 5.037732
1 22 5.864992
4 11 1.584171
6 0 5.680220
0 1 3.361888
1 22 2.479736
6 17 7.649859
6 17 3.253440
3 9 3.510299
3 23 3.596856
4 18 5.502909
6 3 8.392531
6 11 5.028612
6 12 17.303499
6 20 4.193811
0 18 1.487841
4 11 4.208882
5 10 10.530918
0 9 4.704424
1 9 3.361888
3 22 5.150406
4 6 7.717273
6 0 3.542479
6 14 2.521765
2 23 3.602023
4 19 7.605438
5 6 4.639112
5 23 2.376256
0 1 4.659791
5 11 1.259702
0 7 3.361888
0 20 9.237214
6 10 6.366083
6 10 3.612718
6 14 9.733654
6 14 5.566558
6 14 3.814978
5 3 10.736856
5 3 3.056262
2 18 5.013410
6 0 7.038031
6 21 3.076142
0 2 8.433867
0 7 9.133719
6 21 6.582586
0 2 6.098529
1 7 9.222173
1 7 3.960041
4 12 5.962741
1 4 11.008809
3 22 4.385072
4 19 2.966372
6 2 5.150406
6 17 5.338933
3 11 18.817698
3 19 7.576569
5 22 4.390584
0 19 2.942588
1 19 3.018142
6 1 4.993530
6 8 6.188615
6 21 9.987060
2 21 6.941344
6 0 3.089276
1 19 20.601624
3 22 5.359017
5 21 3.005541
0 12 6.064085
0 19 2.966372
6 21 1.686375
2 2 8.080952
2 2 5.659334
6 3 8.036942
2 21 4.449872
2 2 4.323802
2 2 9.138659
2 4 11.654136
4 21 4.769744
1 1 7.447851
3 0 3.625467
1 13 8.212035
1 14 5.982328
4 7 4.869442
6 2 8.328359
0 3 11.782572
2 9 9.132137
2 20 7.368709
3 11 3.596856
4 5 1.714021
5 18 4.708897
6 11 2.923381
3 1 3.879102
5 1 3.920389
4 20 9.598978
5 6 5.204350
5 7 4.747711
6 2 3.306776
6 5 5.518292
3 0 6.276570
3 19 3.361888
2 21 4.178791
5 22 3.103281
6 7 9.068918
6 22 4.704424
3 19 7.381740
5 20 3.151770
1 11 4.781892
1 12 3.528251
5 13 4.429876
6 2 5.367430
6 15 3.531105
2 7 5.040455
2 23 5.065973
4 19 3.361888
6 3 3.625467
0 1 5.659334
0 2 3.490944
0 9 3.253440
5 7 4.848605
1 0 6.133015
2 23 7.539222
3 1 9.677846
6 0 4.704424
0 1 2.065044
3 1 3.361888
3 1 6.904027
4 21 5.574746
5 0 3.361888
6 9 7.702157
6 0 3.361888
6 2 5.950768
6 16 5.918189
0 0 8.201107
0 13 3.538830
1 0 8.843040
1 0 8.162553
1 0 1.608543
3 22 1.742588
1 12 6.858495
2 2 3.361888
4 8 11.617978
4 9 6.955631
4 12 5.760520
0 15 6.750274
1 13 6.993776
2 23 13.069106
4 1 1.511636
4 9 2.966372
4 10 4.493369
4 11 14.362526
4 13 2.586068
5 11 2.917336
6 0 1.290653
6 23 6.136206
1 15 4.584393
2 11 3.361888
3 18 2.155451
4 9 4.043790
4 11 3.361888
5 8 4.866646
1 1 12.615934
0 12 5.150406
1 14 6.732683
2 9 3.818837
2 14 4.552669
2 14 3.954074
4 7 11.550859
4 14 4.704424
6 3 13.774734
0 14 4.478607
4 7 3.667515
5 13 6.303541
5 14 3.717262
1 7 1.750961
1 18 6.236649
2 10 3.306776
2 13 7.387258
5 10 6.844894
5 12 9.287230
5 13 5.619568
6 1 6.196451
2 0 12.299557
4 2 8.248178
1 0 11.944991
1 23 8.121805
2 19 7.896745
3 6 13.877626
4 2 8.514582
4 3 5.659334
0 11 5.404458
1 1 5.659334
6 12 3.321082
6 12 5.813049
2 12 5.813049
2 17 4.952026
2 22 4.631582
5 8 3.306776
6 1 2.841582
6 16 3.971020
2 12 1.584171
5 20 7.830744
1 13 5.659334
4 18 2.479736
5 17 3.879102
0 3 4.193811
1 18 5.150406
2 22 4.704424
0 1 4.667191
3 23 7.426553
0 2 6.504809
0 3 8.296892
6 12 6.658040
0 1 9.787938
0 10 2.656607
0 12 7.510379
0 13 3.821666
3 20 6.544400
4 0 4.589266
4 2 5.164130
6 0 3.477816
6 14 3.427383
0 13 4.034266
1 20 5.866971
0 3 6.173819
3 18 3.005592
4 1 5.065973
4 1 4.806653
6 2 11.518837
6 4 8.549063
6 21 4.067361
0 3 6.917458
1 6 6.844894
1 6 9.951070
1 10 3.955163
3 13 3.667515
0 4 9.186892
0 15 4.221769
4 13 2.345504
6 0 4.632684
2 12 3.322843
0 12 6.278202
5 15 6.053847
5 16 2.929625
0 22 5.325764
1 23 6.135375
2 5 6.199353
4 20 3.494791
4 22 6.791201
5 18 1.323746
5 20 6.772570
6 23 5.512132
0 4 5.662345
2 23 5.167471
5 20 7.319728
5 20 30.664083
6 17 2.244613
2 0 4.701886
2 2 8.124928
2 23 3.693149
3 21 6.294399
4 19 4.905149
4 22 3.361888
0 1 3.755226
0 22 4.245940
0 2 10.008867
0 2 7.349509
4 18 6.231106
4 23 7.012150
6 10 5.653501
1 14 2.479736
5 15 3.667515
5 21 5.994666
0 12 10.786469
0 12 7.918546
6 8 7.161138
6 15 5.659334
6 20 7.867999
5 18 4.193811
0 14 5.653501
3 1 8.392531
3 13 4.672824
4 8 9.683987
6 1 4.496790
6 17 3.361888
6 21 3.306776
6 23 4.452048
3 14 3.826257
4 1 8.593675
4 5 7.510379
4 6 6.183754
4 7 1.901005
5 12 5.211470
6 0 6.098529
6 7 5.150406
6 14 2.656860
6 14 2.272941
6 20 8.255733
3 3 7.797662
1 19 2.725855
6 14 2.479736
2 0 3.083245
2 12 4.278072
5 2 7.147712
5 23 7.212513
6 10 6.916314
1 0 6.594393
1 16 6.437115
2 13 4.704424
3 20 4.081044
5 2 7.150227
0 12 3.822272
3 21 4.276750
3 22 9.940099
5 14 3.361888
3 19 4.480404
4 15 4.866646
4 18 10.155066
4 20 9.264408
4 23 3.538830
5 20 30.324900
0 12 4.952026
4 8 5.370143
6 12 6.978819
0 3 6.410965
2 1 3.748129
2 3 5.869561
2 20 6.472526
6 14 5.403512
1 6 9.821726
1 12 8.193141
4 6 6.306620
4 7 6.173819
4 22 7.174685
5 6 10.577244
6 12 3.151770
0 14 5.659334
0 16 6.232762
1 9 10.532641
1 13 4.777181
1 22 8.392531
2 9 7.313607
2 14 3.485176
4 5 7.510379
4 6 4.896442
4 11 11.008809
5 8 3.361888
1 19 1.714021
1 22 6.770069
2 7 5.080837
2 9 1.686375
3 20 6.108813
4 6 3.201798
4 7 6.276389
5 7 6.063572
0 0 5.634994
1 18 8.831347
1 19 4.575067
2 7 5.238198
3 7 5.091035
3 16 7.668244
3 20 7.156573
4 7 6.552841
4 13 3.473218
4 20 7.055421
6 21 3.879102
2 22 6.487806
3 20 1.901005
3 21 6.665834
4 7 3.564018
4 10 2.437869
4 23 5.288225
5 22 6.756885
6 21 3.835894
1 17 4.150214
3 17 3.656804
3 23 5.196899
5 4 7.739286
5 19 3.871210
6 10 3.910326
0 0 4.933896
0 1 6.502685
0 3 9.686808
6 15 5.620213
3 19 3.361888
4 11 3.361888
4 23 5.989903
0 11 6.844894
6 10 4.772785
3 20 5.250198
3 20 4.858150
3 23 7.822594
4 20 5.566558
6 0 3.306776
1 0 3.822272
1 23 12.351255
3 20 6.173819
3 21 3.531105
4 20 3.538842
4 20 8.658408
6 17 8.979585
0 20 8.260419
1 0 5.279439
1 0 4.704424
4 21 6.716836
6 8 7.325755
0 10 3.361888
1 2 7.214707
2 19 5.566558
2 22 5.620213
2 22 5.068616
3 0 5.224000
3 22 4.605952
3 22 7.387258
4 0 5.250198
5 0 6.199339
5 19 17.208700
6 16 3.759612
1 19 1.742588
3 21 5.566558
3 22 3.667515
4 1 5.451711
5 20 11.290203
1 13 5.560450
1 21 8.121805
3 20 2.776257
3 22 1.901005
4 0 7.870460
5 0 3.391566
6 4 4.130968
6 20 3.767117
0 0 5.054825
6 4 10.017274
3 21 4.410398
4 19 19.812002
6 19 4.636423
6 19 4.021357
6 21 9.126441
0 21 5.880531
2 19 5.618625
4 21 3.092310
1 6 6.869499
1 8 3.822272
1 22 6.552466
2 0 6.417089
4 23 2.689511
1 19 5.728870
1 23 3.070526
4 0 8.717764
6 14 2.128430
0 3 15.505796
0 9 4.932932
1 23 4.858150
5 23 4.169885
6 11 4.032364
1 2 7.510379
1 2 6.869499
1 3 9.930468
1 4 8.383601
1 23 8.241729
1 23 5.566558
2 10 4.552669
1 17 4.400771
1 22 5.150406
3 19 8.265785
5 12 6.867208
0 1 7.114137
0 1 9.997513
0 2 7.798962
0 3 6.756885
0 2 5.238198
0 5 6.756885
1 1 3.418869
3 6 7.692280
3 23 5.031052
4 7 4.480404
4 8 6.913236
4 19 3.361888
4 21 1.742588
5 23 13.847817
6 0 6.386500
6 13 2.760490
6 18 4.182211
0 2 5.162610
0 15 13.708604
1 3 4.584393
1 21 5.566558
3 6 7.692280
3 19 3.306776
6 0 26.494040
6 7 5.042832
6 12 28.683376
3 18 3.146450
3 19 8.808188
4 13 7.204047
4 21 3.361888
5 1 5.065973
5 20 5.747725
5 20 4.777181
6 2 5.864992
6 10 5.476775
6 12 7.152742
6 13 2.966372
6 14 3.667515
0 1 4.577744
0 4 1.714021
1 4 6.800009
1 8 3.759612
0 8 11.216578
1 7 10.294562
4 21 2.917336
5 3 6.834397
6 17 5.918189
0 20 3.361888
2 20 1.659607
5 2 7.867999
5 20 5.470189
6 17 5.032815
0 1 6.469244
2 1 8.523328
0 2 6.173819
4 21 8.084763
5 2 6.530001
1 6 11.865488
3 2 7.664876
5 23 5.722673
5 23 4.689696
6 20 5.064733
6 21 3.875451
0 1 7.862755
6 21 6.960909
6 22 3.439111
0 2 10.008867
0 8 6.386500
4 20 1.901005
5 17 5.183439
6 3 5.150406
6 12 11.268693
3 8 8.652619
6 6 8.212035
0 9 5.150406
2 22 6.288149
3 1 4.208882
3 6 9.214084
4 10 11.103461
5 1 8.344866
2 14 6.756885
6 1 14.831571
6 14 1.772123
6 14 2.705166
0 1 5.313719
4 23 4.219483
4 23 5.132100
6 11 6.568560
0 5 4.356045
3 22 2.801574
4 2 2.987293
4 11 5.144849
4 12 1.901005
4 21 15.023460
5 14 3.361888
5 23 6.638394
6 2 1.742588
6 2 2.168960
6 18 3.465489
1 11 4.150963
1 21 5.051208
2 20 4.447238
5 12 7.040980
6 10 3.564517
6 13 5.518292
1 11 2.521416
2 13 4.840065
2 21 7.945921
4 12 3.735431
6 0 5.808626
6 11 2.757949
6 13 4.777181
6 16 4.478607
0 18 3.253440
0 14 3.656804
5 14 6.293959
6 11 5.701136
2 1 5.566558
5 1 5.963151
0 2 3.347828
1 9 5.566558
2 10 5.150406
2 16 4.866646
6 13 4.985524
6 16 4.698866
0 21 9.987060
1 1 5.566558
6 6 7.447851
3 15 2.881618
5 7 6.197872
0 1 7.834416
0 22 5.040455
5 20 3.372751
0 11 3.885122
0 20 5.522149
1 23 6.176704
5 1 6.800009
6 1 5.468978
6 20 1.259173
3 6 3.885122
3 19 6.062536
3 20 7.746953
1 19 4.662518
3 22 6.491747
1 10 4.504389
5 15 3.542479
5 17 5.110921
6 8 6.982360
0 0 3.146450
2 22 9.787938
5 10 6.844894
6 0 1.584171
6 9 13.202121
1 19 1.987785
6 23 9.698521
5 23 6.112525
2 7 4.388165
6 21 7.929778
5 22 7.426553
5 23 8.808255
6 6 7.679224
0 16 4.775550
2 19 3.296078
3 18 4.356470
6 10 5.728910
0 19 13.289994
0 7 7.897955
3 13 5.341140
4 19 3.477816
6 6 8.392531
6 13 5.659334
0 10 11.747787
3 5 6.544400
2 11 5.150406
4 11 3.822272
6 16 7.386529
6 16 3.928380
6 16 6.136206
6 0 6.504144
0 2 3.210095
4 20 6.173819
3 22 2.796784
1 9 4.682187
1 19 6.932658
6 19 3.667515
2 20 6.178669
5 20 5.784418
6 16 1.843789
6 18 3.887056
0 0 5.325764
0 1 7.117384
1 10 4.682187
2 6 13.422155
2 22 1.714021
3 2 3.361888
3 20 5.773338
4 20 4.777181
4 20 5.028612
5 6 6.056725
5 6 7.165408
6 6 5.101636
6 9 4.021193
6 20 2.133781
0 11 3.822272
6 14 3.418869
6 15 4.575067
5 2 8.068290
4 19 10.017274
6 0 12.511668
6 1 3.198891
6 12 4.777181
2 20 3.667515
2 20 6.178485
4 18 3.425853
5 19 3.361888
6 23 3.448657
1 1 1.394070
2 1 7.297854
2 22 9.884660
4 23 2.763262
5 2 7.305710
6 6 6.409637
2 20 8.737121
3 19 7.837807
5 1 3.763540
6 23 4.202361
2 19 5.645309
2 20 6.534704
3 0 5.489615
4 2 6.611063
5 1 6.575264
5 3 6.086586
0 22 5.918189
6 9 6.173819
0 7 5.884257
2 18 4.480404
4 13 4.352456
1 10 3.531105
2 2 8.433867
0 20 12.091890
2 14 4.627303
5 1 1.901005
5 20 3.923450
6 2 1.742588
0 19 6.904027
1 3 9.709742
0 9 11.725598
0 15 7.447851
0 15 5.068060
6 16 3.361888
0 2 3.656804
1 3 5.150406
2 22 5.065973
3 3 7.539222
3 3 8.850435
4 20 3.531105
4 22 3.667515
0 1 3.667515
6 2 1.742588
6 6 8.201107
6 10 3.698973
0 23 5.110921
3 2 7.447851
6 10 2.479736
0 0 18.460062
0 12 7.990620
1 19 3.361888
2 6 3.755652
6 0 3.714019
6 11 3.361888
0 13 6.417089
0 16 3.306776
1 8 1.742588
2 20 5.387005
3 7 9.762415
3 20 6.955631
5 6 10.304197
5 17 4.493369
0 0 4.228415
0 1 5.591748
4 6 6.375823
4 8 3.075155
6 20 3.964976
0 20 7.364685
0 20 3.288600
3 10 11.303663
4 12 2.801574
4 20 3.201798
0 1 5.328006
0 2 7.426553
2 20 6.732683
3 10 38.479416
4 18 5.408129
5 6 9.865864
5 6 10.091981
0 7 8.251725
3 1 10.961882
4 2 3.748129
4 2 7.664876
1 11 5.659334
6 16 3.253440
6 16 3.165620
1 0 5.091035
6 7 6.506881
6 12 1.742588
2 6 9.069779
6 9 10.766813
6 12 3.485176
6 14 3.391566
0 3 5.659334
1 6 5.716288
1 20 24.231686
3 5 9.951070
5 22 8.411843
1 19 3.008672
2 11 3.759612
4 11 3.531105
1 18 3.103281
1 22 5.504069
2 10 6.495878
2 19 6.199353
3 21 7.239392
5 9 4.655249
5 19 3.866609
0 13 3.099669
1 12 5.150406
2 20 2.904313
6 7 1.633676
6 19 6.168354
0 2 4.712430
0 14 4.414538
0 19 3.361888
0 20 3.361888
6 17 6.239014
1 14 5.500482
4 20 2.809784
6 2 7.360178
0 19 4.414473
6 21 5.869561
0 0 6.756885
0 21 13.514125
1 7 10.705072
1 7 5.590058
2 21 5.305625
3 1 7.510379
5 22 6.621807
5 22 7.863396
6 17 4.627303
6 18 7.992414
1 8 5.755255
3 20 7.897955
4 2 4.145488
6 2 3.473218
6 21 6.839031
1 23 8.544836
2 20 4.777181
3 22 5.420674
5 21 6.790846
6 19 5.101636
0 2 3.977472
0 17 3.640102
2 16 4.672824
4 23 4.480404
1 0 11.230234
1 0 14.840193
4 1 4.125060
4 5 6.756885
6 12 4.298888
0 12 5.065973
1 13 5.305625
3 18 3.522820
6 0 1.560526
0 3 7.970988
2 20 4.919837
3 21 6.483632
3 22 3.306776
4 1 6.932658
5 1 6.624091
5 1 4.932392
6 14 6.363953
1 19 6.288149
5 0 8.068078
5 1 6.259982
6 12 4.139884
0 22 4.356470
5 23 3.822272
0 23 3.361888
6 13 3.306776
1 8 5.681798
1 13 4.704424
2 13 5.994666
3 6 3.894020
3 6 5.421480
5 6 7.692280
5 7 4.682187
5 7 6.276389
2 7 6.259982
2 11 3.151770
3 7 5.040455
1 1 7.049293
2 23 4.588649
3 15 8.708685
3 19 5.042832
4 23 8.982014
0 0 4.032364
0 18 11.694896
1 23 6.518947
2 0 6.879552
5 15 8.888012
6 11 1.772123
1 20 3.667515
6 18 4.592927
6 20 10.697605
0 9 4.777181
1 0 23.245440
1 13 3.361888
5 1 5.950768
0 18 1.659607
2 21 5.659334
2 23 3.361888
5 0 4.397456
5 6 4.247188
5 7 5.869561
5 20 5.172136
2 0 3.418869
2 0 7.839843
4 18 5.389842
5 22 1.802677
0 9 5.468978
0 17 5.659334
0 20 7.142097
1 5 6.269241
6 10 3.361888
4 3 8.392531
0 21 9.090966
6 19 3.879102
3 18 6.303541
0 3 3.531105
0 17 4.014142
1 22 18.337572
2 12 7.746953
3 1 3.361888
6 5 7.304806
0 4 8.254950
0 13 5.042832
4 22 5.150406
0 15 11.782304
0 15 4.704424
1 23 12.235984
1 23 5.250198
2 18 3.361888
2 23 5.659334
3 23 3.259482
4 20 5.755255
1 21 3.306776
2 6 3.361888
2 20 5.951365
3 17 8.858846
6 2 6.173819
2 0 5.659334
2 1 7.510379
2 21 6.062536
4 21 5.476775
5 23 5.305593
6 3 4.342546
6 3 4.846337
6 10 14.110324
6 12 5.500837
6 23 6.742249
0 1 7.815880
1 6 2.563477
1 18 9.781855
2 20 6.231106
2 22 4.171208
3 6 6.756885
4 20 5.755255
5 22 3.253440
1 0 3.361888
6 12 2.479736
0 21 3.361888
0 1 6.874939
0 7 20.101025
1 7 7.165771
2 15 2.288987
4 22 3.954482
4 23 4.850858
0 15 3.793137
0 9 5.962741
6 15 5.844103
1 20 6.844894
2 19 2.479736
4 23 5.150406
5 22 6.194031
6 21 4.502095
0 9 5.513893
5 13 3.418869
1 19 30.124960
0 13 3.756202
0 13 5.502713
2 19 7.039009
2 20 2.725855
2 22 4.083691
3 15 5.755255
6 11 4.682187
6 14 1.742588
0 21 3.253440
5 12 3.825979
5 22 6.717921
6 11 3.528251
6 11 1.742588
4 17 4.322273
6 9 8.392531
6 10 5.177324
6 11 6.089561
1 8 2.906525
6 12 4.237326
1 11 3.477816
6 2 8.836333
0 3 6.122264
0 12 3.103281
1 2 1.659607
1 18 2.050103
1 19 4.713283
3 1 4.182211
3 2 5.171461
3 13 6.977785
3 13 3.361888
3 14 7.397172
5 13 5.884257
5 14 2.881618
5 15 3.735431
6 9 8.192333
0 12 4.414538
1 9 3.361888
1 19 4.706093
2 19 1.733563
3 1 3.504618
3 13 5.627493
4 11 5.150406
4 18 4.291772
5 13 6.876006
5 15 7.387258
6 13 5.728910
6 13 3.923450
2 20 5.566558
4 17 3.418869
6 9 7.588654
6 9 7.227290
0 22 8.241729
0 8 3.417198
6 9 4.798337
6 19 17.946985
0 6 7.794788
0 20 6.880086
2 22 4.784161
4 20 2.821679
4 23 11.199123
5 2 3.151770
0 9 8.685783
1 2 6.440156
2 19 8.623126
3 23 7.815880
6 13 2.863058
6 13 3.010646
6 15 5.653501
6 18 3.640102
2 17 7.957021
3 17 12.495611
3 20 3.361888
6 17 1.936209
0 1 7.905662
0 23 5.773901
1 9 4.221769
0 8 12.534568
4 23 6.326621
6 18 5.364218
6 18 6.521192
1 12 4.552669
1 19 1.956871
1 21 6.082339
5 2 1.633676
6 20 6.589356
1 1 6.955535
4 11 4.474614
5 0 4.066110
4 18 1.686375
2 9 1.148959
4 10 7.576465
4 22 3.306776
5 4 4.034266
5 7 4.276750
6 6 3.590954
1 18 4.182211
2 20 3.477816
2 22 9.507895
