6 6 10.475668
6 16 2.425596
4 12 13.137115
5 18 10.817204
0 17 8.270534
5 19 4.663550
5 7 8.765296
5 9 7.665277
0 16 10.817204
3 20 4.120534
4 23 7.930067
6 22 14.632997
3 22 5.538151
0 15 3.709923
6 12 6.527172
3 11 5.756540
6 3 2.530147
0 11 7.855325
1 19 5.263603
0 20 4.375471
2 8 8.600055
0 5 5.741693
0 20 3.927384
2 21 7.145633
4 6 7.351297
3 12 5.510037
3 13 9.091332
6 8 8.243149
6 8 3.989723
0 2 9.904194
3 22 13.922065
5 9 10.777890
5 18 3.494186
5 22 7.951055
1 19 4.151912
3 8 4.522412
4 11 8.812021
6 0 8.928507
3 18 24.968884
3 18 10.639873
3 6 4.891618
5 8 5.947100
6 21 8.140127
6 21 9.787856
4 8 6.541186
3 18 10.817204
4 0 7.724741
4 0 10.817204
0 17 4.665043
0 21 4.488439
1 2 13.929667
3 22 9.883470
0 15 2.769010
1 19 4.885978
0 4 10.598812
2 5 18.506960
4 20 3.717362
6 21 6.603336
4 15 4.811428
0 1 5.857551
3 19 6.637283
1 1 9.275355
6 20 6.080862
3 8 8.560943
1 8 10.950973
3 19 4.673941
6 22 4.052259
6 0 4.913401
0 2 5.238054
3 6 7.342257
3 9 11.027230
3 13 4.724552
6 7 6.348970
3 7 6.854358
4 22 9.219988
6 0 4.844290
5 6 4.460186
1 13 4.189209
3 19 4.031058
4 21 9.264817
6 23 11.402146
4 17 6.025082
5 22 2.597319
1 17 20.481785
1 9 5.537681
0 8 7.166291
1 8 21.247728
3 7 13.260401
6 8 8.434017
0 23 4.891618
6 15 3.579371
6 19 5.614665
2 5 10.688948
6 2 7.331637
6 6 6.513154
0 8 6.698067
6 0 8.821615
4 22 5.979514
2 9 5.239961
3 19 6.988743
4 23 6.637283
5 22 9.535162
0 21 4.015784
2 19 7.473819
2 8 6.002354
2 3 4.778771
2 7 8.503448
6 21 2.530302
6 23 9.028076
6 23 8.523539
0 2 6.285369
6 21 1.646049
6 23 8.445627
5 23 11.237451
4 10 3.962008
3 0 6.625879
1 15 2.257808
3 7 7.211800
3 7 7.383821
4 15 9.265364
3 20 7.214515
5 15 2.574693
5 7 6.253539
0 2 6.471296
0 2 10.660380
1 23 8.125609
3 23 5.941311
5 19 7.157455
2 23 6.114522
4 21 6.284568
0 2 10.624498
5 3 4.189209
6 2 10.816672
5 23 8.243149
0 23 4.974526
3 19 7.658404
1 7 4.891618
4 9 5.440136
6 23 4.276677
0 15 6.021461
4 8 8.228674
5 22 9.888465
6 7 6.712564
1 17 5.728498
2 18 10.598812
6 17 3.060399
0 21 6.614542
3 19 5.810116
1 23 7.473819
4 19 1.560056
0 17 8.798395
0 10 10.282430
1 14 3.256577
6 10 5.741693
0 3 13.910918
0 3 14.210701
0 9 2.574693
6 13 2.329484
0 1 21.753925
0 1 9.481833
5 8 4.509542
0 22 14.781208
3 23 6.835229
1 17 4.409694
5 22 6.629029
3 8 11.570983
1 22 11.794137
