3 18 11.380659
2 18 5.837025
6 20 12.782174
2 5 9.754495
2 12 8.272294
6 17 7.536566
1 22 11.661326
2 1 6.402982
4 15 11.940695
0 0 6.631288
5 8 8.136683
2 23 5.486761
2 19 13.322799
4 8 29.289043
4 10 13.208856
4 22 7.037133
0 7 9.561749
6 22 4.412241
5 7 6.238019
5 20 6.214622
6 13 7.471561
0 2 9.400229
0 19 26.405106
0 19 15.691972
3 20 6.217320
3 20 13.618200
2 11 14.282050
4 9 9.131939
0 19 4.700439
2 21 5.726707
3 19 6.896826
6 20 7.872682
1 8 6.792328
5 10 17.525736
6 4 7.556006
4 20 3.166418
4 13 10.768645
4 8 14.528292
2 22 3.902283
6 0 9.071205
3 14 10.241969
1 11 9.437041
4 8 8.863173
4 10 13.225223
4 8 8.322824
5 19 6.238019
3 16 14.613385
4 8 4.142735
4 15 14.946568
5 21 5.058107
0 21 12.002679
2 8 5.726707
2 9 18.848547
6 12 10.799862
2 19 13.202135
1 15 4.999988
6 13 11.288618
3 22 4.997882
2 0 4.700439
3 16 11.503957
4 15 9.880541
3 22 8.184494
5 12 17.646671
4 23 7.486434
2 6 9.386548
3 13 2.196790
3 17 10.274404
1 7 11.410120
1 0 8.136683
1 8 3.293580
6 7 8.192195
6 12 5.726707
3 18 6.985044
6 9 8.175056
5 23 8.597904
6 13 13.618200
6 18 15.565522
0 5 7.895582
0 10 7.147377
2 19 5.792636
3 6 6.658259
1 1 14.946568
5 22 11.959085
0 7 7.443390
1 12 9.611539
3 8 12.715648
6 5 8.272294
1 13 5.886199
1 17 13.369333
1 19 5.747355
3 5 7.443390
5 7 8.272294
2 7 10.720615
2 12 13.520386
5 10 7.443390
2 13 9.917069
2 15 9.911583
3 6 6.088132
3 12 8.272294
4 6 9.917069
4 21 5.472542
5 5 8.272294
6 9 8.272294
2 20 3.405226
6 0 5.780694
5 0 3.348473
2 23 16.131540
0 0 13.618200
5 20 4.177309
5 8 5.822152
5 9 5.172401
1 17 23.870674
6 23 8.281189
5 19 12.053235
6 15 4.142735
0 0 11.335705
5 9 13.567729
1 7 4.629103
1 10 8.610708
6 18 5.388023
1 8 4.701432
1 4 21.679350
1 4 24.319761
0 8 11.284530
4 0 12.354220
4 7 4.543529
5 8 9.444828
1 14 6.507948
4 23 11.321000
3 9 5.837025
0 21 2.738524
0 22 14.410404
0 15 15.738772
0 16 8.136683
4 16 10.799862
6 15 5.082592
0 19 4.851793
1 14 3.902271
5 15 11.698683
0 21 25.015076
6 20 2.026508
1 13 12.507195
5 14 5.226377
2 12 15.253348
6 0 8.502450
3 18 13.193983
6 9 4.162435
3 11 14.792678
1 10 16.983303
2 19 26.769897
0 20 19.220150
6 2 8.202081
2 23 13.260562
2 23 20.077337
2 16 3.652879
5 0 20.946074
6 23 9.944601
2 7 10.135877
2 13 15.538439
3 19 5.292865
0 4 8.851753
1 22 7.126930
5 6 3.348473
5 6 5.822152
5 18 8.941608
0 14 8.266315
0 8 12.977688
5 17 11.497360
4 6 17.801401
4 1 4.653251
5 8 3.842248
0 20 7.992719
6 13 11.513408
2 10 5.548549
3 19 8.882240
1 6 7.644175
0 18 16.690413
2 15 6.202888
2 16 3.348473
3 6 8.863173
6 2 17.801401
6 20 10.713804
5 18 7.736506
2 9 5.766723
1 17 5.822152
2 6 12.715648
3 12 5.920832
4 20 6.805850
1 10 4.230228
0 6 9.073888
4 6 19.835676
0 19 1.688756
5 13 24.005358
6 17 9.931924
4 7 14.044016
0 12 8.202081
0 22 4.321354
2 7 3.377513
3 0 5.909069
3 12 4.700439
6 6 9.131939
4 18 7.793578
5 5 10.625322
0 8 4.997882
0 15 7.729201
5 20 7.156010
4 23 8.787857
5 7 12.977995
4 8 13.813786
4 10 3.293580
4 11 6.492009
5 19 32.884296
3 14 11.380659
4 18 7.755276
5 9 8.726852
1 23 4.613430
0 18 6.741518
1 14 14.946568
3 7 11.902064
3 19 13.556567
2 8 14.925602
4 7 12.428072
6 13 12.027166
0 10 27.006027
0 15 6.005035
6 23 7.184961
6 18 3.348473
3 4 13.813786
0 21 17.231859
3 9 10.427838
1 10 6.426629
2 13 5.990161
1 23 4.496096
2 19 10.802411
0 13 13.208856
2 9 11.687786
0 18 20.271753
4 20 3.405226
6 22 4.018167
5 15 11.380659
4 23 17.847282
4 20 13.253805
2 10 10.074068
5 14 4.932650
