6 21 7.233975
4 19 5.450086
5 12 3.202187
6 23 3.662418
2 18 8.941247
2 22 4.817997
5 20 7.270624
3 23 8.032251
4 20 4.104434
1 2 8.142269
2 19 4.809977
0 2 9.290828
3 10 4.682779
0 12 3.576499
0 13 6.714699
0 20 6.104272
0 20 4.863997
3 0 2.804179
3 22 8.046273
5 23 7.304095
0 2 4.416084
0 19 8.691175
6 0 3.370723
1 14 3.902576
3 14 5.847322
3 16 5.045557
4 10 6.431116
4 13 6.435543
4 22 9.231743
2 7 6.072198
4 9 7.080618
5 7 1.804577
2 2 5.985857
0 0 9.293983
2 22 7.634597
6 1 6.394952
2 9 3.715123
6 14 5.448211
0 2 1.988093
0 11 3.766967
3 19 3.812491
6 15 3.812491
0 23 3.967619
5 19 5.097416
0 9 4.489685
0 15 1.804577
6 0 3.392898
6 9 4.959178
4 18 5.589637
6 11 3.576499
6 11 4.559997
6 14 2.413882
1 17 7.973489
6 3 13.226145
6 23 4.585873
1 11 7.669314
6 16 8.855320
1 4 10.335338
0 20 5.248051
1 21 7.145685
0 0 5.115031
2 21 5.097416
4 15 4.784259
4 23 7.118130
0 1 8.300336
6 2 13.399756
4 13 10.594501
6 20 10.920084
0 16 4.570453
2 23 6.238374
1 20 8.410761
3 20 6.806783
0 23 7.215529
0 19 2.094599
5 22 7.851210
4 0 7.225721
1 5 2.477025
1 5 8.746523
1 7 7.433014
6 21 3.287608
1 23 2.386701
4 1 10.069662
0 7 2.867630
4 11 4.552408
3 11 6.857546
0 12 6.536098
1 18 6.330866
1 3 8.706696
5 19 15.317310
5 23 6.079996
6 2 4.863997
6 23 3.049993
0 20 4.016081
6 13 5.614151
4 7 8.055172
0 1 4.795493
5 22 6.172253
2 17 4.652068
5 0 7.122614
5 17 4.859786
6 1 5.795821
5 20 2.286484
3 0 7.566019
5 13 3.815277
0 23 6.261255
5 20 7.198146
6 6 7.820266
6 17 3.576499
6 17 3.662418
3 18 3.821671
0 14 3.553092
6 12 7.599905
6 22 1.922910
6 2 2.094599
3 20 7.666300
6 7 7.438394
5 10 3.616972
6 20 3.749991
0 9 6.151622
2 23 10.693216
3 20 1.954959
4 0 3.202187
0 5 6.907182
1 3 11.020878
1 20 5.419078
6 21 6.684596
5 11 21.981476
2 0 14.687407
0 7 4.341930
4 22 8.297328
1 14 2.393827
6 22 2.436418
0 4 7.236765
2 10 29.435980
6 1 6.372190
6 1 4.799205
5 14 2.618138
6 22 9.401900
0 1 6.469138
4 23 8.418159
0 18 3.642719
6 16 2.436418
0 11 5.627154
0 12 4.735499
3 20 3.606926
0 3 4.508322
6 23 5.737294
1 1 9.445675
5 21 8.227847
3 18 5.207104
6 13 3.831963
0 12 7.571504
4 19 7.396080
3 11 3.480102
3 16 3.943956
6 17 1.937994
4 19 7.605642
3 7 6.319679
5 16 4.416084
4 16 5.365701
2 17 4.421815
3 21 1.346634
6 21 4.877880
6 22 5.349988
0 23 3.576822
6 10 7.338777
3 20 4.565782
0 2 7.433014
2 8 3.119632
0 7 10.708225
0 0 12.041164
0 17 8.629423
0 6 5.608859
0 23 7.416889
2 9 3.384831
6 7 12.099333
1 14 6.226519
4 0 8.150547
5 19 3.493295
0 7 4.983978
0 14 4.761143
0 22 8.853115
0 15 7.358995
6 7 7.717849
1 2 10.430128
6 13 8.798056
6 2 15.083600
4 12 3.749991
5 19 4.081532
5 22 7.090005
1 1 7.241646
1 2 10.036394
1 3 2.359071
2 22 8.691801
0 11 6.880887
6 23 7.691029
6 0 7.139121
1 14 7.851949
3 23 5.224866
6 10 2.443698
6 0 9.924391
3 15 7.111227
4 8 4.034867
4 17 2.322211
6 22 7.551996
3 17 3.301383
3 18 5.189263
1 23 6.864539
2 18 2.359071
3 18 5.035888
6 1 5.609088
2 20 4.285304
1 20 7.017093
5 17 9.605771
6 18 2.477025
6 17 4.489685
5 3 9.718919
0 6 4.489685
3 21 6.493124
4 14 4.913144
5 10 8.868745
5 22 5.753010
0 1 9.910686
1 21 10.547667
5 14 6.746940
2 15 6.835906
4 9 5.432601
5 11 6.714699
0 11 5.551724
2 9 5.799727
4 11 4.176441
0 17 3.428773
0 12 3.719643
0 23 4.282351
6 21 4.489685
2 20 5.584468
2 20 4.081532
2 22 7.647503
5 17 3.576822
5 17 4.416084
5 22 6.224542
1 9 3.098891
2 22 9.445675
6 16 2.185610
