2 2 3.374425
1 16 2.647856
3 13 3.245289
2 22 1.663027
2 22 1.903389
6 11 2.199494
1 12 5.028238
2 13 1.413573
2 13 1.033415
2 22 2.296477
4 22 12.962414
4 23 4.061430
0 18 10.044369
0 21 11.933651
5 13 3.332038
6 22 13.967669
0 0 7.360199
1 7 11.781907
4 7 10.623031
0 15 2.823448
4 22 7.160465
3 14 6.742747
5 1 25.473782
1 12 4.093908
2 12 3.717587
0 8 7.861978
5 12 11.032932
4 14 7.517579
0 18 12.552662
6 16 7.466974
2 7 1.287334
2 23 4.571126
6 20 6.166325
0 16 1.807397
1 9 10.106321
6 6 16.659855
0 22 8.238227
2 18 2.068644
2 18 1.730354
4 18 13.706479
5 12 5.809288
4 15 5.058185
4 19 4.722880
3 22 12.738582
4 20 2.888570
6 23 8.703422
0 18 2.604449
0 23 12.981757
5 15 6.990030
1 11 13.418604
1 2 15.003010
1 0 3.876273
5 21 6.269753
6 8 13.315409
5 18 1.367974
5 18 1.838031
5 2 2.636539
0 0 3.332716
1 15 16.240414
0 10 13.407389
0 12 8.464117
6 1 12.392834
6 2 9.867357
3 0 5.398899
6 22 4.704683
0 3 3.374425
6 21 4.045080
4 23 7.284827
1 11 13.143141
5 16 1.413573
5 16 2.744308
4 17 3.994848
6 22 5.209476
6 22 38.907356
3 22 1.367974
3 22 3.781683
0 16 1.495174
4 5 1.413573
4 5 3.655627
6 10 11.063141
5 14 14.698949
3 12 4.316480
5 2 5.406901
4 2 8.611765
4 0 14.899234
4 12 5.362420
4 13 5.809288
0 19 9.271205
4 19 2.604449
0 12 7.938368
0 0 1.696288
0 0 2.286397
6 12 10.373243
5 16 5.482631
5 20 2.019390
5 20 1.872186
4 22 7.758595
5 18 4.199485
4 11 6.786144
2 22 3.046356
3 21 3.323938
3 21 4.512199
1 13 13.362681
6 9 4.945808
0 16 7.548237
1 17 2.997573
0 10 10.539847
6 18 1.413573
6 18 4.945808
1 21 3.895322
3 8 2.259246
3 13 7.290462
2 10 8.133538
5 12 2.146910
5 3 7.463298
1 14 6.640528
4 22 13.797706
6 13 7.790921
1 2 15.933483
5 2 12.372581
5 10 7.983671
0 9 6.984245
5 12 17.080080
0 23 10.190866
1 18 5.397971
1 6 8.906868
6 10 2.463882
6 18 10.305036
0 23 10.128198
2 23 1.631046
2 23 5.397971
4 22 4.376121
3 21 7.020687
5 3 7.144531
0 20 7.340702
3 10 1.777767
4 21 17.292881
5 2 16.080410
6 14 4.450759
1 20 1.390400
4 10 6.337405
3 0 19.245953
5 1 5.928847
5 19 3.029085
5 19 6.683164
6 19 1.807397
6 21 1.542080
6 21 4.012005
6 20 7.067865
6 20 3.270833
6 0 6.606577
5 21 19.201965
3 16 5.125621
6 18 10.320179
0 1 4.788798
5 21 4.504663
0 23 17.716814
4 21 4.652976
5 3 1.123728
3 11 2.231957
3 11 2.215532
0 14 1.838031
5 23 6.908219
0 17 7.008896
5 22 11.767083
4 21 7.055008
5 23 5.201626
3 23 5.622050
4 20 4.945808
5 12 7.324178
2 8 4.003774
5 21 2.997573
6 10 6.319248
6 20 9.964713
2 19 2.961068
5 2 4.089720
5 22 8.305605
5 23 2.386355
3 2 14.120255
0 2 5.028238
3 8 7.840697
4 3 8.639508
0 16 4.934368
2 12 4.934368
0 13 2.444175
4 12 7.834162
0 19 1.390400
0 19 3.655627
6 16 6.441812
6 20 11.671202
0 1 6.550522
5 4 2.482681
6 1 2.989640
0 22 10.852989
1 18 2.647856
1 5 4.934368
1 1 9.036984
0 16 9.973721
2 13 4.887372
2 20 7.253289
6 7 12.179737
0 23 10.229209
6 19 13.659941
5 12 8.291732
5 21 12.940167
2 7 1.165639
2 15 12.747674
4 10 12.191258
2 12 1.570637
2 14 4.113580
6 15 10.162869
0 17 7.078791
3 10 4.792163
6 3 6.441812
0 8 5.753735
3 0 1.608498
5 18 2.146910
0 12 8.049115
4 19 4.001981
6 12 7.951500
6 12 2.258758
0 23 8.260171
1 22 1.413573
1 22 4.378973
4 1 11.396314
5 17 4.113580
6 23 5.465121
