6 23 1.934348
3 17 1.526931
3 20 4.371315
6 16 4.199347
2 17 7.253417
2 18 7.978759
3 19 6.226961
3 21 6.147470
4 14 4.497159
4 21 7.975989
5 18 4.954069
6 0 4.225243
0 1 3.372802
1 21 4.049797
2 17 8.812081
3 23 5.971068
6 22 3.452410
6 23 2.627124
2 9 8.395587
2 16 3.013465
2 22 5.700491
3 1 4.728823
3 2 7.151915
3 3 6.451652
4 2 3.113356
4 8 9.146527
4 0 7.327847
4 23 4.913510
5 10 9.978029
5 23 4.512325
6 19 3.013550
0 1 4.644603
0 14 1.571190
2 5 4.118178
2 11 4.377163
3 0 5.502603
3 13 3.772019
4 11 3.813471
4 12 4.995789
4 20 6.228670
0 7 3.317510
0 19 4.136299
6 19 3.771094
0 20 2.977190
0 20 1.693939
4 20 7.086008
5 7 4.836583
6 14 5.038909
4 20 4.662736
4 21 9.860312
0 13 4.662736
0 21 4.056996
1 13 5.604473
1 13 6.762472
1 19 2.950963
1 23 6.334240
4 19 6.283630
5 10 10.909536
0 10 2.853262
3 13 5.122891
3 17 6.407279
3 18 3.249097
3 19 4.763110
5 0 4.216003
6 7 5.038909
6 18 1.806868
6 19 4.908143
6 20 3.271718
0 14 3.817217
0 19 2.712938
1 17 3.635445
2 20 2.712938
2 21 2.758153
3 1 5.122891
5 23 4.717186
6 21 3.718214
0 18 5.686732
0 21 5.362928
6 9 2.169214
1 8 8.548670
1 21 5.122891
2 9 5.086621
2 19 1.777247
3 15 6.965906
4 0 3.264002
4 13 4.662736
4 20 5.521589
6 9 6.737515
0 12 4.662736
0 20 2.712938
1 15 6.131230
1 21 5.209720
2 16 7.058867
2 19 5.661667
3 14 4.526670
3 21 4.520198
4 19 2.463911
5 20 4.085352
5 20 4.586298
5 23 1.902637
6 0 1.934348
6 14 6.673575
0 11 4.165405
0 11 6.045052
0 17 4.995789
0 17 8.165571
1 8 4.329204
1 21 5.038909
2 7 11.884501
2 14 3.264002
2 15 3.264002
2 20 4.696294
3 18 6.074176
3 22 13.801846
4 0 5.180818
4 0 12.122565
4 20 11.622213
5 16 4.662736
5 17 10.706210
6 19 5.588609
6 22 3.264002
6 22 25.591116
0 2 4.018379
0 3 7.591898
4 3 3.817217
4 18 2.463911
5 21 3.168799
2 7 4.662736
4 0 5.750093
4 21 6.849807
5 1 5.122891
5 1 6.228670
5 11 6.737515
0 21 3.686476
1 8 9.146527
3 9 5.856767
3 18 5.038909
4 19 5.954379
4 19 7.572239
0 22 5.038909
1 12 8.082898
2 12 7.656950
2 20 4.662736
3 3 9.374967
3 8 6.932192
4 18 9.386775
5 20 5.488812
5 21 5.122891
6 15 4.070687
6 21 3.261591
0 11 4.586298
0 14 5.122891
4 11 7.016243
4 11 13.049726
4 19 4.728823
4 19 6.181756
5 8 5.263665
6 16 4.802711
0 0 5.325893
0 13 4.581770
1 11 5.911028
1 18 5.528528
2 9 5.856767
3 2 7.061991
4 19 6.319326
4 20 4.917371
5 12 5.215343
5 22 4.131349
6 16 4.728823
6 20 2.382382
1 11 5.122891
6 8 4.624927
6 9 11.244306
6 9 2.581240
6 13 5.209720
0 8 11.286573
3 20 5.661667
5 2 3.747558
0 18 2.411760
0 20 5.714141
0 21 5.087161
1 2 5.209720
2 23 7.227433
4 20 3.923328
5 23 1.967134
1 9 5.856767
1 10 8.762602
1 23 4.085352
2 10 4.551671
4 0 5.969760
5 0 1.652700
6 20 3.871861
1 11 4.918513
1 19 6.495687
4 20 4.452727
4 22 5.002286
6 1 3.923989
0 20 5.177721
4 22 4.329436
6 16 5.299542
1 14 10.213380
5 1 6.769516
5 9 7.729459
6 18 5.100397
6 19 3.113356
6 20 4.153696
1 11 3.317510
0 10 5.209720
0 20 4.582929
2 16 5.122891
4 18 5.709473
5 10 8.370637
5 12 5.063178
5 21 14.764306
5 21 7.164376
1 8 7.684337
1 16 5.761150
2 20 5.588609
3 6 10.553685
3 23 3.484223
4 0 5.588609
4 16 19.947569
5 22 5.863424
0 2 6.126560
0 11 2.359526
0 18 3.550318
6 15 1.869174
3 14 5.856767
5 3 5.087161
5 5 8.107772
2 11 6.126560
6 3 4.935808
0 12 3.951012
0 20 2.125727
2 5 3.372802
2 13 6.126560
3 22 4.802711
6 3 6.405520
0 11 4.662736
0 2 4.599276
1 9 9.590942
1 12 8.679032
1 18 4.728823
2 17 8.782100
2 17 5.972846
2 22 4.802711
4 19 10.343075
4 23 7.867968
4 23 6.129342
5 18 5.086621
5 20 10.258733
5 21 2.493751
0 13 3.604722
1 1 3.194946
1 20 11.200670
2 1 29.159826
3 8 9.146527
3 8 6.228670
3 12 5.122891
4 22 4.085352
5 0 2.125727
6 2 3.066184
6 18 4.642469
2 21 6.380791
2 22 4.918513
2 23 4.216003
2 23 4.184600
3 15 7.978759
4 19 6.836562
6 12 4.657139
6 20 2.644197
6 20 9.246719
6 22 4.324087
1 13 13.119977
3 23 3.550318
4 2 4.549550
5 20 3.882373
0 1 5.188702
1 19 4.324087
1 23 6.421694
2 23 3.212193
3 3 3.817217
3 16 8.211676
6 20 4.455508
0 12 8.058597
0 20 2.950963
2 0 4.908143
2 9 3.317510
4 9 3.679421
4 21 4.587664
5 8 6.507393
6 23 3.372802
0 21 2.369771
4 23 3.194946
5 0 4.662736
2 10 2.712938
2 18 5.520111
3 10 7.099320
3 16 6.443451
0 1 5.122891
1 12 3.953567
1 19 5.038909
2 23 6.523626
3 10 4.700826
6 10 3.372802
6 16 2.178661
0 7 6.849807
0 18 4.878944
4 1 5.967008
5 9 2.758153
5 18 1.935930
0 0 3.679421
0 1 1.693939
0 10 3.471609
2 7 5.122891
2 7 7.544038
2 14 3.317510
3 20 3.542927
5 1 5.209720
5 7 5.694540
5 9 4.586298
5 21 2.758153
0 1 3.372802
2 6 5.122891
5 6 13.688672
5 6 6.380791
6 2 3.542927
6 15 4.069192
0 1 4.675364
1 1 3.372802
6 23 2.523063
6 23 2.212492
0 10 5.800719
0 10 5.122891
0 11 1.333244
0 11 4.935808
0 15 2.501426
1 23 6.600819
1 23 4.085352
2 19 7.598818
2 21 6.241298
3 0 5.299542
3 12 10.644924
3 12 8.378085
6 10 5.122891
0 12 4.049797
2 23 3.372802
3 9 5.488812
3 22 2.503443
2 14 8.234980
3 19 1.693939
3 0 4.878944
4 0 5.122891
5 21 4.041537
5 22 3.380195
5 22 12.779783
6 16 4.512325
6 20 5.122891
6 23 4.199165
0 14 5.800719
0 12 4.154595
1 1 6.849807
1 7 5.495502
1 20 3.151029
2 10 8.996584
5 14 4.957637
6 13 4.662736
6 13 8.567157
6 14 4.184600
6 22 6.126560
1 14 3.317510
2 0 4.797660
2 21 4.238851
4 13 4.662736
5 13 8.193669
1 0 4.997469
2 9 9.146527
2 14 2.521211
3 8 5.773572
4 15 9.943758
5 9 5.180818
5 12 2.669181
5 20 4.662736
1 8 8.535513
6 10 2.955164
0 2 4.016063
1 8 7.306547
2 10 9.131700
2 12 5.383496
2 12 4.155060
3 8 6.650268
3 18 3.264002
4 16 8.978052
5 19 1.934348
0 21 4.304064
1 20 7.472517
2 11 3.317510
2 19 6.938051
2 19 6.849807
2 20 4.995789
3 15 5.662427
4 8 7.180987
4 10 5.531348
4 11 4.624927
5 10 4.065534
6 12 3.372802
6 14 5.495885
6 15 8.798615
0 21 3.604722
2 8 5.583327
3 8 5.799500
3 9 6.849807
3 10 4.304064
3 20 4.253201
4 15 5.799500
4 20 4.908143
6 3 5.122891
0 19 4.657174
1 3 1.806868
1 3 5.209720
0 0 8.214333
0 0 6.957774
1 13 4.829869
3 6 3.968003
3 15 3.890811
5 23 4.675364
0 10 4.662736
1 16 4.497722
4 10 5.476039
4 14 5.046125
6 18 4.801700
6 19 1.871950
6 22 2.892631
0 10 4.908143
0 13 2.178661
1 13 3.940340
2 0 4.348049
2 8 11.205885
2 23 4.773283
2 23 4.662736
3 0 8.091809
4 19 4.018379
5 7 4.324087
5 13 3.372802
5 23 6.263363
5 23 6.741451
6 1 5.122891
6 10 4.146835
0 9 4.580162
0 13 5.122891
0 15 4.440701
0 15 4.662736
1 12 5.209720
6 20 3.613717
0 2 3.556759
0 20 3.370652
0 21 3.771094
0 22 5.122891
0 22 2.153694
0 22 5.225690
1 0 3.754640
1 14 5.908391
1 22 4.444091
2 0 3.066184
2 13 4.054553
3 2 9.146527
3 2 3.372802
3 22 6.005493
3 22 9.665043
0 22 1.505723
1 22 4.957637
1 23 4.085352
2 0 4.728823
2 14 3.953567
3 0 5.392517
3 21 4.085352
3 22 5.563078
4 2 5.122891
4 22 6.241298
5 23 3.489106
6 1 3.098512
0 21 5.773250
1 1 2.463911
1 1 7.991387
2 0 5.978104
3 0 4.586298
3 10 4.662736
3 10 6.598769
3 23 3.265353
4 1 5.681758
6 0 4.176711
6 1 6.360125
6 3 3.098512
0 0 5.294800
0 2 4.632950
0 10 5.225690
0 19 1.693939
0 23 5.122891
1 1 1.777247
1 22 4.336484
1 22 9.075530
1 23 5.828748
6 19 5.570935
1 20 3.718214
2 20 4.540166
2 20 4.238851
3 9 3.066184
4 16 6.849807
4 19 3.529434
5 1 3.372802
6 9 5.488812
0 18 3.212193
0 18 7.319595
2 11 3.817217
4 0 1.806868
5 0 5.036092
5 11 6.965906
5 19 2.908041
6 9 2.758153
6 18 4.154595
0 1 3.294560
0 15 4.152682
0 16 4.098313
0 23 5.911028
2 11 5.889961
3 6 9.827529
5 1 6.849807
5 12 3.036794
6 11 5.488812
6 13 4.187483
6 19 3.422694
6 20 1.106246
0 0 5.828420
0 12 8.462024
1 0 3.923980
6 5 3.919158
6 10 3.484846
6 11 5.253864
6 22 3.754640
0 20 5.122891
2 6 5.392517
2 18 4.741765
2 19 4.918513
4 19 9.165095
5 21 2.787378
0 11 4.662736
0 17 2.585769
0 19 3.261813
0 20 1.777247
3 6 5.038909
4 6 3.429968
5 5 5.122891
5 6 9.146527
0 3 1.777247
0 18 5.978104
1 7 7.598818
3 22 4.662736
4 20 5.978104
4 21 5.750093
4 21 3.968003
5 14 8.741748
6 21 3.008894
0 7 4.914701
0 18 4.657174
1 0 5.122891
3 1 6.126560
3 14 4.957637
6 15 3.681107
6 23 5.122891
0 10 4.391050
1 19 5.595283
2 12 3.983407
2 19 6.228670
2 20 5.995368
3 20 5.047197
3 21 5.442435
4 21 1.111037
4 21 5.122891
4 14 9.317747
4 19 5.567306
2 23 8.668462
5 21 7.318416
1 14 2.540277
5 22 3.113356
2 1 5.606529
0 1 5.122891
0 22 5.038909
2 14 6.228670
2 14 5.310663
3 13 5.122891
3 10 3.372802
0 16 5.978104
0 16 8.709943
0 17 5.209720
5 9 6.849807
5 22 3.066184
6 22 6.453846
0 20 6.267767
0 22 4.657174
2 18 5.521978
3 8 3.404460
3 18 6.627736
4 2 3.948845
4 11 3.989379
6 10 5.692101
6 17 4.662736
6 17 8.709943
0 23 5.902289
1 23 4.906606
2 0 8.444117
4 9 6.073425
4 18 2.144079
5 0 4.754607
5 0 5.219349
5 9 5.709473
5 15 3.453878
6 1 4.624927
6 23 4.360517
2 9 4.580660
2 14 4.018379
2 22 4.728823
3 11 4.391050
3 20 3.550318
5 19 5.383021
6 12 7.003461
6 20 3.780443
6 22 6.868145
0 3 7.151915
1 19 4.624927
1 23 6.737515
3 19 2.874771
4 0 4.662736
4 2 7.998186
0 11 5.106690
5 5 6.951258
6 19 2.860165
1 4 3.317510
1 9 7.515170
1 19 4.587664
2 22 5.488812
4 20 4.662736
0 3 2.816829
6 21 4.724109
1 0 4.512325
1 0 6.331300
5 12 5.209720
0 22 2.412089
1 11 3.387878
0 16 3.919158
2 17 3.098512
3 1 7.145255
3 8 4.995789
3 14 4.440701
3 21 3.694081
5 9 8.996584
5 11 3.953567
6 1 4.321194
6 21 6.904760
6 21 2.774064
2 21 6.849807
4 5 7.754499
6 8 4.324087
1 10 7.089768
2 8 4.995789
2 12 4.377163
3 3 4.685167
3 9 7.371399
3 10 4.823520
5 22 5.209720
6 11 5.024614
6 12 5.038909
6 13 3.098512
6 15 29.244549
0 19 6.334240
2 2 4.324087
2 12 5.122891
2 22 6.830522
3 18 6.380791
3 18 5.794060
4 1 6.600819
5 20 6.393222
6 0 4.391050
6 23 1.697608
0 0 2.411760
1 0 3.805411
3 21 4.049797
4 2 3.660707
5 19 5.995861
5 20 6.804647
6 8 3.774951
6 9 3.463747
6 10 4.662736
6 12 4.763253
6 19 3.429968
0 15 3.314423
0 19 4.355489
1 21 4.734445
2 15 3.372802
3 22 4.305705
4 19 5.008659
5 16 5.122891
6 21 4.927823
6 21 5.591175
0 12 5.038909
3 20 6.965906
4 23 3.701045
4 23 3.727127
4 23 8.262389
6 17 4.823520
6 17 9.168361
0 0 1.902637
0 23 7.608245
0 23 4.460804
2 19 3.463368
3 0 6.564507
3 1 4.597315
3 6 7.265730
3 23 2.738019
4 6 4.942137
4 10 4.690526
4 15 5.209720
0 1 4.834787
0 21 8.303596
1 2 3.372802
1 2 5.209720
1 14 2.312100
1 22 4.512325
2 0 4.085352
3 1 1.869174
3 1 5.038909
3 1 5.574521
3 8 6.429049
3 9 5.435497
3 14 6.228670
5 14 5.209720
0 0 3.194946
0 1 2.036156
0 11 4.965528
0 15 5.122891
0 17 3.188591
0 7 7.339079
2 0 6.787632
2 0 8.196852
4 8 7.839880
4 9 7.365008
5 14 2.214377
1 9 10.760620
1 22 3.621506
2 9 4.662736
4 12 6.794912
6 16 3.656439
0 21 4.154595
1 20 8.406173
4 12 4.440701
5 9 6.849807
5 9 4.662736
2 6 3.317510
2 7 6.849807
2 12 4.728823
3 7 8.517192
4 7 10.553685
5 10 4.662736
6 16 4.456748
2 7 9.146527
2 15 5.122891
4 20 3.305343
5 9 4.995789
5 20 3.679421
6 18 3.573350
2 10 4.085352
4 15 5.496350
5 16 4.253201
5 19 4.754607
5 20 2.553345
6 16 5.122891
6 19 8.802247
0 17 3.817217
1 22 5.002472
3 20 6.585921
3 22 4.657174
5 20 3.497164
6 3 6.447827
6 10 4.662736
6 10 5.488812
6 11 3.182485
6 16 5.122891
2 0 4.085352
2 22 5.122891
3 14 3.372802
3 17 9.799850
4 10 5.031870
4 14 3.162002
4 20 5.688124
4 20 4.647405
6 1 5.122891
6 14 2.779797
0 10 4.018379
3 9 4.305705
3 22 8.432006
6 8 6.849807
0 15 11.286573
1 7 5.488812
1 14 5.122891
1 23 4.728823
3 9 10.530699
3 10 6.941220
4 7 5.978564
4 20 5.954379
5 6 4.018379
5 7 6.143449
5 9 12.426962
5 21 3.008894
5 22 4.586298
0 23 3.832386
1 0 5.692101
1 1 13.459109
1 10 8.256588
1 13 4.049797
1 20 11.286573
2 20 6.443451
3 9 4.175584
3 19 6.228670
3 20 4.647547
3 22 3.817217
3 23 6.849807
4 12 6.380791
4 20 5.122891
5 0 5.122891
0 23 6.839850
1 0 6.787632
1 22 4.049797
1 22 3.579699
2 23 5.496057
3 7 5.122891
3 11 6.455072
3 23 6.276383
4 6 4.529767
4 21 3.372802
4 23 3.219182
5 0 2.597634
5 7 6.849807
5 17 4.523427
5 21 2.758153
5 21 5.122891
6 14 1.934348
0 7 8.059347
0 8 6.556494
0 9 4.304064
0 9 8.709943
0 10 4.514040
0 12 7.472517
0 17 4.662736
0 22 6.960863
1 9 6.421694
6 3 2.330227
6 10 3.817217
1 0 8.221040
1 9 7.953502
2 10 5.952429
2 10 4.467310
2 12 5.122891
2 23 5.086621
4 16 4.520141
5 0 5.122891
5 13 4.833022
5 19 4.085352
5 21 2.045511
6 1 1.806868
6 13 3.264002
6 21 4.662736
0 12 4.728823
0 14 1.748582
1 10 7.903624
1 22 3.614166
4 1 4.049797
5 1 5.588609
5 20 4.456748
6 14 3.387878
6 20 4.018379
1 21 6.227098
2 12 4.657174
3 17 6.228670
6 8 6.113509
0 13 4.018379
6 17 4.085352
0 20 7.210323
1 0 3.817217
1 1 5.692101
1 1 1.806868
1 3 5.038909
2 4 6.849807
3 19 6.228670
4 11 5.588609
4 20 6.199602
5 20 5.709473
0 23 5.122891
1 11 9.297167
2 15 4.540166
4 20 6.568676
4 21 8.701079
4 22 5.036637
5 10 3.842168
2 17 8.812081
0 3 2.758153
0 8 1.618091
0 8 4.153696
0 13 4.018379
0 13 5.278569
2 21 5.278569
3 20 5.595283
6 2 3.940340
1 8 12.328909
2 20 4.272195
2 22 2.442616
3 0 4.920444
3 20 4.000315
4 20 3.194946
4 23 4.423989
5 20 3.264002
6 16 2.855029
0 2 4.908143
0 18 6.138981
0 23 5.086621
4 23 1.920863
0 0 3.040669
0 3 6.026931
6 23 3.597591
6 23 6.922102
1 1 3.372802
2 3 3.679421
1 17 2.178661
1 19 3.147998
2 20 6.272928
5 6 4.399307
0 18 6.507393
0 21 4.018379
2 16 3.372802
2 16 2.521211
2 16 5.435720
2 19 4.662736
3 16 5.567306
3 17 4.863141
3 19 3.414697
4 0 19.127155
4 19 4.018379
5 4 4.085352
6 7 4.763253
0 6 6.079428
2 7 4.586298
3 5 7.544038
3 7 7.673205
3 19 3.313187
5 11 4.440701
6 20 4.175584
6 23 2.810668
0 4 7.193635
0 17 4.741765
0 17 7.714111
1 6 10.478770
1 9 10.377438
3 6 3.613717
3 8 6.126560
4 5 10.478770
5 4 4.304064
5 6 3.317510
6 1 6.849807
0 2 6.836562
0 18 3.162002
1 1 4.154595
1 5 4.837882
1 6 3.372802
1 7 8.912837
3 11 2.369064
3 20 4.300371
4 6 5.038909
4 11 4.662736
5 9 3.317510
5 21 5.122891
6 8 2.932872
6 11 4.878944
0 5 5.038909
0 14 2.804902
0 6 6.105584
1 1 3.501730
2 21 9.427735
2 22 5.692101
3 13 3.261813
4 8 5.785262
4 23 6.856278
5 0 7.160409
5 1 4.551671
5 3 7.034670
5 5 4.675364
6 10 3.270394
1 1 4.426445
2 12 8.535513
4 23 5.724935
5 1 5.091761
5 1 4.586298
1 19 5.122891
3 23 4.908143
4 11 3.484846
6 18 2.439472
0 1 4.524546
0 3 6.074176
0 11 4.662736
0 16 5.122891
0 19 4.675364
1 0 3.543004
1 14 5.670837
0 0 3.008894
0 3 3.372802
0 10 4.512325
4 0 4.329204
5 1 5.122891
5 20 3.087480
5 20 1.837493
6 8 6.227098
6 20 4.662736
6 22 3.098512
0 0 2.885633
0 0 4.324087
0 2 2.944886
1 19 2.251283
1 20 6.870438
2 22 3.141325
3 8 3.119148
3 20 1.485097
3 21 5.122891
4 14 6.882446
5 15 4.085352
6 1 5.570935
6 19 2.432732
6 23 3.471609
0 0 3.955547
0 17 6.380791
4 0 4.456748
5 21 5.621337
2 6 8.992256
2 19 5.488812
2 23 5.278569
4 23 7.362054
5 1 2.758153
6 1 1.748582
1 12 4.662736
3 14 4.085352
4 18 3.735580
5 0 4.996415
5 1 2.068615
5 1 12.746258
5 18 3.780597
5 23 7.998186
6 9 3.754640
0 23 5.476039
2 0 3.372802
2 8 4.954069
5 1 6.228670
5 9 6.825206
5 14 8.431053
6 5 9.536665
1 7 6.570035
6 18 4.586298
1 6 3.429968
4 17 5.122891
4 18 7.847960
4 19 6.228670
5 14 6.737515
0 8 4.717186
1 10 4.662736
2 22 5.488812
4 17 6.597613
4 23 2.585769
5 23 4.878944
0 21 4.117970
1 9 11.101547
3 1 3.679421
4 2 6.902677
4 20 6.849807
0 0 2.186828
1 0 4.371315
1 3 4.253201
1 11 5.122891
1 20 4.216003
2 13 9.055850
2 21 5.591888
3 18 5.865819
4 1 6.985761
4 1 2.571562
4 20 5.500428
6 0 3.029041
6 1 3.231793
6 21 5.113557
1 11 8.088776
2 21 4.251512
4 1 4.336484
4 1 7.382431
4 1 4.741765
4 2 6.844360
4 20 3.253072
4 22 5.145904
5 1 2.364131
5 20 9.669553
6 12 4.586298
6 22 7.799484
1 13 4.391050
2 0 6.902677
2 1 5.750093
2 20 4.312570
4 19 4.918513
5 11 3.319319
5 16 6.691355
0 20 3.372802
2 2 8.132713
2 11 4.587664
4 2 11.568089
0 3 5.635697
1 2 4.324087
2 1 6.787632
2 21 5.122891
3 9 8.851478
3 13 5.788569
3 21 5.299542
3 21 5.122891
4 11 5.038909
4 21 10.815485
5 15 4.892387
6 10 3.968003
6 11 6.380791
6 18 5.299542
0 11 6.849807
0 21 4.049797
1 1 4.215868
6 8 4.878944
6 11 4.251512
6 15 3.771094
0 9 8.260711
0 12 5.122891
1 9 7.930974
2 22 5.059203
3 2 5.750093
4 2 5.792561
5 7 6.380791
6 1 3.018790
6 19 24.240479
2 11 6.965906
2 22 7.086008
2 23 6.634723
3 18 6.026931
3 19 9.085238
3 22 7.223537
3 23 5.328720
4 2 8.220126
4 8 3.380195
4 20 4.512325
4 21 4.098313
5 9 8.574869
5 22 6.900112
6 13 5.488812
6 14 4.662736
0 9 4.253201
0 9 3.713956
1 9 9.546566
4 1 6.276188
4 1 3.471609
4 9 6.849807
4 15 4.049797
5 0 6.324004
5 8 9.146527
5 21 4.802711
5 23 7.835862
6 9 5.741773
6 13 4.728823
6 15 4.717186
6 23 4.957637
0 7 5.122891
0 21 3.008894
1 23 5.670837
2 15 4.018379
2 18 6.753849
2 18 4.624927
2 18 4.675364
4 22 5.447136
6 13 3.788637
0 12 5.981992
1 11 5.038909
1 12 3.097488
1 16 2.804902
1 23 5.122891
2 13 3.066184
3 9 8.851478
4 22 6.775756
4 23 2.758153
5 9 6.941220
6 11 5.954379
0 10 4.018379
1 22 3.968003
1 23 4.391050
3 2 8.084022
4 9 4.662736
4 18 4.952775
5 15 5.209720
6 7 4.129962
6 13 4.329204
6 15 4.111216
0 14 6.624895
0 16 2.573793
6 16 4.049797
0 14 5.122891
0 23 8.748873
2 0 32.790089
5 1 4.357322
6 8 5.880103
6 23 1.465028
0 4 7.269748
1 8 6.827429
2 2 3.204562
2 22 2.189828
3 2 7.660035
3 20 5.200365
5 20 3.351829
5 21 7.489539
3 2 4.397377
3 23 9.003953
5 9 6.178735
6 10 8.463030
0 20 2.589126
6 17 4.093242
6 21 5.122891
0 20 5.778975
1 0 3.922186
6 3 3.113356
6 16 4.586298
3 14 4.586298
3 16 6.081830
4 21 3.679421
5 1 11.709245
5 16 5.469250
5 22 6.081830
5 23 1.902637
1 1 6.737515
1 20 3.520041
1 22 3.305116
1 23 3.893138
2 13 5.749541
3 18 6.682032
6 11 3.216119
0 16 4.136299
1 17 3.142570
1 20 8.234980
6 5 6.849807
1 9 4.878944
6 14 5.209720
4 15 5.122891
6 19 3.011447
5 22 4.043429
0 12 5.299542
6 19 4.586298
6 20 6.868141
3 7 3.317510
4 10 7.721379
5 14 5.122891
0 3 5.038909
4 3 4.324087
0 1 4.997469
3 23 5.209720
5 1 4.304064
0 11 4.790216
0 11 8.582462
0 15 2.521211
0 17 37.303108
0 20 3.098512
1 14 2.932872
2 14 5.291438
0 21 2.758153
2 15 6.495687
3 19 5.878235
4 15 6.276188
5 12 3.317510
6 7 6.849807
6 21 4.802711
0 13 4.662736
1 19 3.064615
3 0 4.371315
3 21 1.806868
4 1 4.741765
4 9 5.772912
4 15 3.817217
5 2 5.299542
2 8 8.535513
3 23 7.542265
5 2 4.018379
6 14 6.538395
1 16 8.329694
4 14 3.694081
4 19 6.377182
0 18 9.748183
1 5 7.544038
1 22 7.700681
3 10 5.269836
3 22 2.275704
3 22 4.088839
3 23 7.101145
6 15 4.890373
1 1 5.836217
1 7 4.995789
3 23 5.103754
4 14 5.979943
5 16 8.166141
0 20 4.908143
1 0 5.860322
1 16 7.472517
5 10 5.471364
6 11 3.552480
6 20 5.278569
3 19 4.754607
5 4 12.843389
6 5 9.686218
6 5 6.330266
6 20 6.026931
6 17 2.238113
1 20 3.091883
2 15 3.117790
3 2 8.462024
3 19 5.749541
4 0 5.036637
5 7 8.865288
5 19 2.045511
5 21 5.854827
6 1 4.957637
6 21 4.957637
6 22 5.122891
0 2 3.066184
1 12 5.299542
4 20 4.802711
5 18 9.555164
5 21 3.162002
6 1 6.950243
6 13 4.520198
0 16 2.669181
3 1 4.018379
3 21 5.392517
6 19 6.276188
6 21 4.961756
0 21 7.798842
1 1 4.635693
1 4 5.122891
6 21 4.719399
0 1 6.380791
0 2 4.662736
0 4 2.330227
0 4 5.588609
0 14 4.662736
1 0 4.085352
1 1 6.676360
1 11 4.878944
1 13 5.392517
1 22 5.038909
2 0 5.889961
2 0 5.122925
2 1 5.932066
2 3 4.920061
2 21 6.436821
3 14 6.849807
4 2 5.038909
4 2 2.330227
5 4 8.488416
6 2 3.011447
6 23 2.007631
0 13 2.450756
1 2 6.775756
1 20 4.657174
2 0 6.787632
2 20 4.918513
3 0 2.084848
3 0 5.392517
3 3 5.488812
4 1 4.662736
4 3 3.317510
5 14 5.692101
6 20 5.122891
6 21 2.778214
0 2 3.794096
0 3 9.454233
0 15 5.978104
1 2 13.464268
1 4 5.038909
1 12 3.372802
1 13 6.126560
2 0 2.712938
2 1 4.954960
2 8 6.951258
6 16 4.129962
0 22 2.976002
0 23 3.344854
1 16 12.901112
2 17 5.588609
2 19 6.488461
3 16 4.399307
4 7 5.880103
4 14 4.570883
4 17 7.617393
4 21 3.818267
4 22 6.627736
5 6 10.913677
5 13 6.334240
5 19 1.806868
6 10 4.300371
6 13 2.885633
0 20 2.952585
1 0 6.680767
1 8 6.637614
1 14 5.038909
1 19 4.238851
1 23 1.548744
1 23 6.676360
2 8 11.646811
3 7 4.995789
4 14 5.518188
5 8 11.479352
5 19 6.946220
5 21 4.190012
5 21 3.372802
6 0 2.289440
6 15 3.471254
6 20 4.650040
1 10 5.351206
1 20 5.122891
2 9 4.728823
2 18 3.722753
3 8 9.718304
4 1 5.038909
4 7 3.817217
4 21 7.906678
5 7 5.685087
5 20 4.324087
6 1 4.587664
0 21 4.456748
1 1 5.196276
0 16 4.324087
1 16 4.005842
5 20 4.085352
1 10 7.941093
1 21 4.662736
5 1 4.324087
5 10 5.952429
5 10 6.968920
6 0 4.329204
0 0 5.038909
0 17 4.085352
0 21 5.122891
1 0 6.936243
1 21 4.269076
1 23 7.270601
2 16 4.154595
2 19 7.878935
3 1 3.264002
3 1 5.122891
3 2 1.806868
3 2 5.967008
3 20 3.372802
4 3 5.750093
4 17 11.260331
6 21 5.180818
1 17 6.941220
3 6 5.038909
4 18 6.941220
5 19 1.806868
5 20 5.799500
6 1 4.823520
6 10 2.804902
6 12 3.588963
6 13 4.018379
0 9 2.356785
0 9 7.360984
0 23 10.634034
3 6 5.122891
3 7 9.236659
5 21 5.733548
6 10 3.372802
6 16 5.495885
1 21 5.002472
1 21 1.934348
1 21 5.956354
1 23 2.328913
1 23 10.501974
2 1 5.892666
2 2 6.568676
3 10 26.894369
4 9 5.122891
0 16 4.085352
6 22 6.846313
0 1 4.238851
1 0 2.930057
1 11 5.299542
2 0 2.724504
2 21 4.662736
6 23 4.371315
0 11 5.209720
1 3 10.478770
2 20 3.794096
3 19 6.648022
3 20 1.970343
5 20 2.627124
5 22 6.197023
6 14 6.627532
6 22 3.613717
0 20 3.713956
0 23 1.806868
1 21 6.276188
2 20 2.788957
4 0 8.064393
4 17 5.736027
4 17 3.438213
0 20 8.328768
0 0 2.037858
0 10 5.392517
6 10 2.934506
6 17 5.692101
0 16 5.588609
0 16 3.550318
0 20 4.599276
2 22 3.066184
4 11 5.275012
5 19 3.326741
6 22 5.338361
1 1 5.662427
2 9 2.331368
3 19 4.304064
4 0 4.713868
4 1 6.539861
5 12 4.587664
0 11 3.968003
1 1 5.122891
6 20 5.971742
0 4 5.122891
0 15 5.122891
1 0 7.652366
2 10 9.932274
2 18 7.774541
2 21 4.468010
4 19 3.613717
0 1 1.837493
0 1 3.098512
1 9 7.673205
1 10 8.190920
1 11 6.380791
1 13 4.908143
2 7 2.741683
3 20 5.036637
5 21 6.410714
6 2 5.693432
1 20 4.440701
2 20 6.849807
2 21 5.122891
5 8 4.440701
5 11 27.497774
5 20 3.659208
6 0 6.787632
6 4 4.085352
0 3 6.276188
0 12 3.484846
0 20 6.380791
6 16 4.957637
4 1 4.957637
4 2 10.106282
4 2 2.546682
4 16 7.253417
5 1 6.322899
5 17 4.473194
1 21 7.924963
1 23 6.941220
2 18 4.753489
4 1 4.587664
4 5 4.675364
4 21 7.976545
4 23 4.018123
5 21 7.065620
3 19 6.074176
3 20 5.621337
4 1 3.098512
4 1 1.806868
4 13 8.193669
6 1 4.399307
6 17 3.331785
0 9 5.392517
0 11 4.657174
0 12 5.122891
0 16 7.089768
1 7 8.912837
6 21 5.957863
1 19 7.774381
1 20 4.001692
2 22 1.706778
3 7 9.461925
3 19 5.724935
3 19 4.766941
3 22 4.908143
4 2 4.473194
4 8 5.624528
5 3 6.276188
6 12 5.189680
6 16 4.164237
0 19 5.038909
1 20 4.208207
1 22 3.991465
2 9 6.443451
2 14 3.554917
2 14 6.076944
3 2 4.797660
4 14 1.693939
6 1 3.359622
6 1 5.676894
0 1 2.356785
0 22 7.919379
1 0 5.038909
2 1 4.954960
2 12 4.717186
3 14 8.133749
3 16 7.584906
4 14 4.806296
6 13 3.817217
1 7 5.588609
0 3 6.849807
0 4 6.719497
0 5 7.233039
0 16 5.380080
1 12 4.728823
4 5 4.741765
2 19 6.379692
3 8 3.769492
4 19 4.377163
2 5 4.154595
3 8 4.454688
6 18 5.588609
6 18 1.806868
6 19 5.001878
1 9 2.998560
2 20 3.817217
4 10 3.008894
4 21 2.819128
5 17 4.018379
5 20 2.860165
6 1 2.918109
6 23 4.662736
0 2 5.880103
1 16 6.027745
5 0 3.940340
5 15 6.022670
5 18 6.985761
5 18 5.836217
0 21 5.954379
1 21 4.728823
2 21 4.216003
2 21 4.802711
2 23 3.098512
5 20 5.595283
6 1 4.226226
0 20 6.027745
2 18 7.847960
3 2 7.754499
5 17 8.205398
5 22 6.519084
6 18 5.209720
6 21 4.586298
0 20 5.122891
0 20 3.372802
2 14 4.238851
2 23 5.002286
3 21 3.991863
5 1 5.122891
5 3 7.978759
6 9 4.449050
6 12 5.122891
6 21 4.315720
1 19 5.122891
2 10 6.147470
2 23 5.038909
3 16 1.777247
4 1 4.395946
4 1 7.472517
1 14 5.122891
1 15 5.799500
1 21 4.662736
5 18 6.519084
5 22 5.799500
6 10 5.856767
6 10 3.372802
6 11 5.038909
0 21 3.396599
0 21 2.007631
1 5 4.542478
1 8 5.550734
1 10 3.372802
2 11 5.086621
2 14 8.058597
2 14 4.662736
2 23 4.517170
3 9 4.878944
3 21 2.256251
4 19 5.457210
4 22 2.744406
5 0 4.918513
6 19 4.018379
6 19 1.777247
1 8 6.334240
2 22 8.993722
3 0 4.675364
3 8 11.430853
3 11 6.380791
3 20 5.122891
3 22 3.098512
4 2 7.401298
4 2 3.871861
4 17 7.978759
6 20 5.086621
6 20 8.926917
0 20 3.205357
6 11 1.635031
0 13 5.542953
0 21 4.250330
0 23 2.991255
2 17 3.520041
2 20 5.388135
6 20 5.485572
5 19 2.932872
6 0 5.390712
2 8 4.957637
2 8 10.354061
2 8 5.299542
0 3 6.849807
0 14 4.995789
2 21 3.613736
3 7 11.626100
3 15 4.628233
4 17 9.141766
5 0 2.741683
5 0 6.836223
5 7 7.077075
6 12 3.890811
6 18 3.613736
0 10 5.038909
1 7 5.122891
1 16 1.777247
1 21 5.588609
2 22 2.463911
3 7 9.146527
3 19 6.600819
4 8 8.680183
4 15 5.952429
4 18 1.454264
4 23 5.227357
5 0 3.372802
5 1 4.625375
5 1 9.133077
6 3 6.941220
6 14 3.817217
0 2 5.932066
0 20 4.391050
1 20 6.433814
1 23 3.660707
2 0 4.175584
2 20 4.606543
3 21 6.275892
5 7 6.858217
5 17 6.960863
6 21 1.777247
0 13 4.662736
0 22 4.908143
0 22 5.038909
1 7 4.957637
1 9 6.228670
6 22 7.089768
3 14 5.729317
4 1 3.372802
6 12 4.852838
1 15 3.113356
1 20 1.806868
2 6 2.903319
2 8 8.058597
2 15 3.414697
2 18 3.039714
3 23 3.312306
5 16 6.126560
5 20 4.085352
1 6 4.473194
6 20 30.049978
0 1 5.828420
0 7 5.447136
0 15 4.532131
2 0 4.085352
2 0 3.404460
2 19 7.673205
2 19 8.113992
4 23 2.758153
5 21 5.709473
6 10 4.440701
1 0 5.534613
1 18 1.971129
2 1 10.037193
2 23 6.487193
3 22 5.038909
3 23 14.667147
4 1 5.122891
4 22 2.937110
5 11 7.404690
0 19 2.501426
1 0 4.203791
1 15 4.085352
2 8 4.884954
2 22 7.854351
2 22 4.586298
3 15 4.210596
5 21 3.122438
6 10 4.586298
6 12 4.300371
0 8 4.454688
4 18 3.249097
4 21 27.385250
5 22 2.339767
5 22 5.255672
3 22 4.159584
4 20 9.605421
5 20 1.806868
5 21 5.692101
3 0 4.153696
3 13 6.682032
6 10 2.949181
6 21 3.317510
6 21 6.308990
0 11 5.392517
1 21 6.147470
6 18 9.267399
1 19 3.264002
3 9 5.694540
4 21 6.102833
6 15 6.055301
6 21 5.122891
1 5 5.038909
1 12 5.122891
1 15 5.122891
2 6 9.674206
2 11 6.126560
2 14 4.728823
2 18 7.978759
3 5 5.122891
4 8 5.122891
5 9 7.173725
5 20 4.377163
6 2 5.295147
6 16 2.758153
0 19 4.085352
0 21 7.320127
3 0 5.869188
3 5 12.998616
3 17 3.996631
3 23 3.817217
5 22 4.892719
6 8 7.913056
6 8 10.832606
6 11 8.227234
6 15 5.299542
0 19 42.061359
0 20 5.228738
1 9 3.881916
1 11 3.521047
1 23 4.649203
6 15 5.122891
1 0 1.362447
1 8 6.849807
2 23 5.507415
3 16 8.865288
5 0 6.830522
5 0 4.070135
6 9 4.425776
6 23 3.204562
1 11 2.098908
3 10 4.611106
3 23 7.579562
4 0 4.098313
5 1 6.687105
5 8 4.995789
5 11 2.772166
6 0 10.726553
6 1 4.114179
3 0 4.693388
3 22 5.009318
4 2 6.953848
4 19 5.122891
5 18 3.771094
5 22 3.254616
6 10 3.441927
3 14 4.184600
3 17 8.995564
4 12 7.058867
5 13 6.849807
6 1 6.676360
0 21 3.919158
0 22 3.245270
1 22 3.706360
2 13 5.670837
2 18 6.380791
4 9 6.228670
5 14 5.523113
0 19 4.226226
1 6 6.653482
1 8 7.086008
3 23 3.372802
6 1 4.542478
6 12 3.372802
0 12 6.228670
1 18 8.897028
3 20 3.702599
4 13 2.186828
0 22 4.329204
1 1 7.094069
1 11 6.126560
2 21 4.878944
2 21 3.066184
2 22 7.186927
3 9 8.574869
3 22 2.251283
0 10 4.085352
1 11 4.657174
1 13 2.538283
2 20 6.737515
4 20 4.497070
5 0 6.685858
5 20 3.291343
6 2 11.976239
6 2 5.978104
6 15 3.632305
0 1 6.276188
6 12 8.053605
6 13 5.479846
6 15 5.911028
1 1 2.214377
2 12 3.672784
5 15 6.822583
5 18 1.669276
5 23 4.018379
1 12 5.550734
3 9 4.657174
3 11 6.363405
3 11 4.772101
3 13 6.458133
3 19 4.961756
4 14 4.859686
4 14 4.216003
5 10 15.566779
5 13 4.754607
6 7 13.787354
6 16 7.186927
0 12 4.569918
0 12 6.627736
1 1 2.322815
1 2 5.799500
1 14 5.837883
1 20 2.220351
2 13 3.686476
2 13 4.586298
2 21 8.242443
3 11 4.199347
4 0 7.270576
4 11 3.066184
4 13 6.276188
0 8 6.673575
0 11 5.412825
1 22 4.586298
1 23 4.647820
3 19 6.071271
4 14 6.351004
5 1 2.298461
2 12 2.409158
2 13 1.693939
3 1 4.405119
3 1 5.302677
5 8 4.269076
5 11 3.818267
5 20 4.324087
5 22 5.122891
6 4 7.472517
6 14 3.312448
6 17 7.625265
6 17 5.621214
1 17 4.908143
3 11 2.804902
3 18 6.938051
3 19 2.306640
4 18 4.823520
4 23 6.849807
5 8 10.090004
5 12 5.596263
5 20 5.488812
1 12 4.844106
