0 14 38.308357
3 18 16.781683
4 9 7.689587
5 22 12.552612
1 0 7.445473
2 8 6.210001
1 12 18.593199
0 2 17.640993
4 19 29.771927
2 17 4.609087
5 10 4.609087
6 21 17.593462
0 8 21.407526
4 16 6.774547
5 14 8.376157
4 17 22.534237
6 21 6.672396
0 10 8.910110
0 22 21.770365
1 22 7.216382
4 20 6.210001
2 16 19.800243
6 20 5.551287
0 22 6.215295
2 19 4.661471
6 20 9.061129
6 10 12.229821
6 13 17.428493
2 1 38.587765
5 11 20.342117
6 22 10.131824
3 1 14.044651
2 14 18.861956
2 23 14.730490
0 19 6.108198
5 3 7.817747
4 10 7.817747
6 0 16.781195
4 12 16.482271
0 17 8.376157
4 14 9.406401
4 18 11.018796
0 20 24.458256
2 13 9.772183
2 21 10.274526
2 21 10.482322
2 22 11.052899
6 19 13.316099
0 20 9.381296
1 9 15.749336
2 11 36.102779
2 23 17.956011
6 10 24.025541
3 19 13.406258
0 17 29.840765
2 19 26.514023
2 17 16.788734
6 22 20.716961
5 16 20.721144
0 17 9.772183
2 9 3.338961
3 3 8.871431
3 10 6.747945
0 8 21.407526
4 23 9.720119
6 13 9.020476
2 9 7.817747
2 16 8.701091
3 9 6.947536
5 20 16.578568
2 19 12.482351
0 10 13.798115
5 17 16.494919
6 15 23.429455
0 10 7.894976
6 22 8.528451
2 7 19.836756
1 14 1.731280
2 14 1.352495
5 14 1.471714
2 14 1.720970
0 22 9.837255
0 12 7.216382
0 2 25.534067
0 5 21.563671
2 11 18.621250
3 21 7.689587
0 16 8.873763
0 1 34.679138
2 0 19.371115
3 9 6.017219
6 5 10.657027
3 22 9.589389
5 3 10.197061
5 21 31.460684
3 17 11.958875
4 21 10.823407
0 2 7.309195
2 0 7.823040
4 17 17.044748
0 8 32.323807
4 9 10.223450
4 19 16.151503
4 15 4.596648
4 17 8.528451
5 10 12.158189
2 0 10.076985
4 22 16.776646
3 16 29.562958
5 8 9.061129
6 18 21.205969
3 12 19.390907
5 19 11.009890
6 22 36.704128
1 3 7.309195
5 15 12.158189
6 17 4.609087
2 12 25.289444
3 20 5.658391
4 2 15.644538
4 8 8.224716
4 22 12.158189
1 0 10.044237
3 20 10.070272
4 8 4.609087
5 13 4.533528
5 0 9.857991
1 21 5.175001
6 12 8.910110
5 2 23.847116
5 22 10.850722
2 18 10.850722
4 23 11.573717
3 18 6.011852
4 13 12.158189
0 21 4.533528
0 22 9.746592
6 14 10.814790
0 14 21.056583
4 7 7.979202
6 20 18.305563
6 23 8.034353
1 7 12.158189
1 15 10.850722
2 9 8.376157
3 22 15.124857
4 16 11.726620
6 23 14.914031
1 11 11.958875
3 4 8.289724
6 18 21.576025
0 0 14.041535
1 22 12.858524
6 21 10.055852
1 0 20.721144
6 9 11.052899
2 21 38.556309
0 16 9.008214
2 20 6.108198
5 15 4.851670
1 0 8.726026
4 19 5.318177
2 19 6.900002
3 18 6.216832
3 9 11.152854
0 8 11.958875
6 10 4.609087
2 8 8.224716
2 22 38.322353
1 17 36.698616
4 13 22.636755
2 19 16.781683
3 15 8.485819
2 17 15.644668
2 12 14.752176
1 16 9.080366
2 17 8.910110
6 6 6.014802
0 19 8.622686
2 12 28.849699
4 17 7.171494
5 9 9.746592
5 21 7.216382
3 10 16.781683
0 9 6.718032
1 8 8.622686
1 19 12.158189
5 19 8.915403
6 22 9.437177
0 12 20.537655
0 15 16.467327
4 10 21.767015
2 20 8.772960
6 10 4.533528
6 21 3.968190
1 14 6.316434
4 13 4.490958
0 1 9.746592
3 20 25.858965
5 13 15.100034
