3 21 4.501361
6 0 16.107466
6 23 6.677191
1 21 1.672410
1 22 4.311418
2 19 10.862601
3 19 5.111493
3 20 2.452868
5 18 6.666635
1 17 2.412657
6 10 5.959926
4 22 7.997528
0 1 10.195276
5 12 7.997528
1 9 5.418305
1 23 9.616073
1 23 4.959127
2 9 6.487770
4 20 7.327778
4 21 5.224795
5 20 5.042608
5 20 6.305910
4 22 2.373744
4 23 6.360620
0 15 9.776340
1 13 4.239561
6 9 4.943902
0 14 9.175749
2 19 7.583862
2 20 5.981753
5 12 2.581967
6 1 13.233589
6 16 5.111493
0 20 10.705041
2 18 4.168492
2 8 13.803596
4 8 8.976816
6 16 8.618195
6 17 2.452868
6 18 10.664060
1 17 24.572659
5 15 3.344820
5 18 2.880755
5 22 5.913670
6 1 8.948786
0 2 13.509367
1 6 4.876475
1 9 2.102459
4 19 2.452868
6 22 3.066086
6 23 5.418305
3 5 9.668675
4 17 4.994631
0 12 5.352520
3 8 5.224795
4 14 4.188584
5 6 2.412657
5 12 5.224795
2 19 5.299451
3 10 4.226892
5 11 7.094581
0 22 14.597448
1 13 2.452868
0 0 7.095820
3 11 7.455322
3 13 2.725409
4 9 13.681033
4 9 4.237967
0 1 3.334106
2 10 9.776340
0 21 6.877444
2 7 10.603012
2 15 7.331067
3 18 4.179836
3 21 4.943902
4 4 2.537450
0 20 9.371317
6 9 5.628747
6 22 4.421979
3 19 2.229880
2 18 4.366992
4 16 3.086025
6 20 4.593657
0 2 6.154655
6 5 2.830233
6 14 9.581458
0 0 12.035592
5 20 2.499227
0 23 2.264186
0 23 7.287621
1 15 2.612397
3 11 6.645219
5 8 8.754932
1 0 8.156516
2 18 9.455392
6 2 6.695795
2 23 4.876475
4 10 9.639012
4 12 4.864162
1 14 5.385323
2 23 6.365081
6 20 7.576177
4 23 7.574898
0 9 4.671494
6 18 12.490140
0 9 2.264186
0 11 8.544126
5 15 2.628073
2 9 9.264056
1 9 6.296583
2 20 7.821073
4 1 4.168492
4 23 4.959127
6 13 2.452868
4 15 2.452868
2 19 4.467063
6 12 2.452868
5 23 1.058792
5 23 6.292516
1 12 4.876475
1 22 5.634650
5 13 7.173738
4 13 8.760426
6 16 8.774670
0 10 4.876475
1 8 7.210886
0 2 10.751766
0 15 2.725409
5 1 6.771796
3 20 2.612397
5 11 4.876475
3 9 5.037728
6 22 7.818505
1 10 5.026301
6 14 4.876475
1 6 7.104063
1 7 10.639972
2 9 9.527980
4 7 4.876475
5 7 8.137323
0 21 3.011479
2 7 2.537450
4 6 9.240067
1 0 4.037677
1 18 10.156730
2 11 6.260813
2 23 2.452868
0 19 6.816720
3 21 7.748457
6 2 6.664606
6 10 10.786777
0 19 4.796533
4 1 2.725409
4 14 10.944827
6 16 5.385323
1 22 7.209588
4 18 2.378768
4 20 5.971194
1 20 4.571695
2 17 4.876475
4 7 4.168492
4 23 4.581378
5 5 4.876475
5 19 6.360620
1 19 3.450473
1 22 5.319791
2 22 5.864853
5 20 5.691035
6 19 2.737416
0 17 4.876475
1 21 7.331067
2 15 10.113456
2 15 7.974263
4 19 18.176104
6 21 4.501165
2 0 4.876475
4 6 15.001368
5 5 4.790477
4 20 6.174887
6 17 6.811400
2 19 2.044057
6 19 13.339943
4 12 4.421979
6 18 6.961153
3 19 2.102459
0 1 8.414157
0 1 4.865928
0 2 9.271976
2 9 5.199622
6 17 3.388518
6 21 5.748573
0 21 4.618743
5 1 5.044629
5 9 4.876475
6 1 8.137323
1 8 4.719169
2 22 2.373744
2 8 4.889954
4 23 8.546339
5 9 7.094581
6 22 10.141486
2 7 2.830233
5 12 5.754636
6 6 6.816069
1 18 9.776340
1 19 5.026301
2 7 4.943902
2 11 7.449907
3 19 8.359672
4 22 10.449590
5 9 12.314591
5 22 5.026301
0 19 2.412657
2 18 4.433159
3 2 11.448481
4 12 10.902304
6 23 4.311418
0 2 5.234703
0 14 4.876475
1 8 7.331067
0 9 5.087473
0 10 2.196599
0 11 5.584779
0 15 5.026301
5 10 6.501966
2 18 3.723186
2 21 7.587204
4 7 2.494442
0 17 1.711304
4 5 5.975586
6 14 5.044629
5 15 4.461019
6 19 7.802086
4 15 4.719169
5 19 2.336065
6 1 5.967016
4 8 2.452868
5 11 3.633471
0 1 6.234804
0 2 2.675856
1 10 11.074180
3 15 2.412657
5 19 4.685658
0 9 10.705041
1 20 5.397500
2 9 10.599154
3 4 4.790477
4 20 4.876475
0 3 7.327778
0 12 2.581967
3 18 27.878376
4 7 10.156730
4 11 21.814672
5 7 4.712157
0 11 4.177095
3 5 4.876475
4 7 11.770469
4 10 4.959127
1 7 4.101259
2 8 4.961508
4 14 2.776832
5 9 4.943902
0 12 7.340865
6 17 4.876475
2 16 2.412657
2 16 4.237967
3 5 4.876475
3 10 10.280769
4 9 4.876475
4 22 5.418305
5 13 4.876475
2 5 9.175749
5 11 7.430618
6 18 4.237967
2 5 5.734843
2 22 5.799578
3 14 5.026301
5 4 7.327778
5 20 2.675856
4 7 4.571695
5 17 4.501361
0 14 5.026301
1 14 2.299564
4 11 7.331067
1 13 10.474650
3 22 4.876475
3 23 4.876475
2 15 10.775806
4 6 4.719169
5 18 4.719169
6 10 7.094581
1 5 9.125963
4 17 5.981753
6 15 4.876475
2 10 2.412657
3 6 2.628073
4 18 6.525549
4 21 7.502269
1 8 5.418305
0 3 7.720746
6 1 4.433159
1 22 5.851770
5 7 5.224795
6 0 1.598738
6 9 4.876475
0 0 12.705142
5 0 15.136627
2 9 9.616073
3 17 4.501361
5 21 2.299564
6 19 4.454492
1 7 7.340865
1 14 4.756539
6 6 4.943902
6 7 4.644262
3 4 5.026301
3 5 2.412657
4 6 7.557889
4 16 4.876475
5 8 4.876475
5 16 4.170060
5 18 2.336065
0 2 13.755892
0 17 2.118984
1 2 2.452868
5 5 5.026301
6 13 5.690152
6 20 2.412657
0 13 4.876475
0 19 4.571695
1 18 1.876267
5 8 4.711945
0 18 5.224795
2 7 4.644262
2 7 4.786953
4 9 4.229462
6 23 7.288342
3 6 7.449907
4 8 6.981968
5 19 4.943902
0 11 10.775806
2 23 5.026301
6 13 5.111493
0 7 9.375443
1 7 5.418305
2 10 2.196599
3 9 5.737030
3 13 8.555186
4 7 7.331067
4 8 6.512661
5 7 4.876475
5 15 4.257090
5 20 18.734728
2 6 4.876475
5 12 10.198113
0 23 2.725409
3 6 6.387814
4 17 1.857585
5 6 9.218652
5 8 4.433159
1 9 2.452868
1 6 4.790477
6 19 9.776340
2 19 4.747487
5 19 4.571695
0 1 8.358459
0 17 4.876475
0 19 3.724954
2 9 3.388763
4 19 4.876475
4 20 5.865158
4 21 6.772643
1 0 2.807989
6 2 5.319791
4 9 8.887583
5 19 2.131442
6 20 2.943442
0 0 10.556526
4 13 10.279615
6 2 6.385635
4 2 8.314749
4 2 8.885014
6 16 4.179836
5 20 5.466811
6 15 4.155823
0 8 5.199622
5 23 2.132929
4 20 2.628073
2 7 7.982044
3 20 3.140415
0 23 6.095594
3 20 2.776832
4 0 13.094848
6 21 5.472216
1 5 2.452868
1 9 7.327778
1 17 2.458727
2 14 10.951958
5 11 5.981753
4 20 4.876475
4 10 5.981753
4 19 2.885728
6 20 7.479279
1 7 7.210886
6 23 8.272945
3 10 4.712157
4 19 4.876475
1 9 2.824663
3 8 4.433159
5 21 2.264186
1 9 4.876475
0 15 8.226070
5 21 7.340865
2 7 4.876475
1 7 4.876475
5 7 2.412657
1 7 5.026301
3 20 4.177095
4 10 4.719169
4 10 11.482561
5 14 3.589564
1 21 6.154655
6 9 5.224795
0 2 6.892343
4 8 5.207737
6 23 2.522315
3 16 2.452868
5 2 4.501361
6 19 7.566895
1 19 4.790477
6 14 2.943442
0 20 4.943902
1 6 6.876838
4 9 5.483238
5 22 5.026301
0 21 4.644262
3 5 7.331067
5 8 7.641222
0 20 5.133132
3 11 9.616073
6 0 2.602987
0 2 15.789651
6 4 7.331067
0 1 5.026301
0 2 5.026301
0 2 4.943902
0 3 7.327778
6 19 5.418305
1 8 19.993818
3 19 4.237967
3 21 8.310412
4 23 5.132655
5 23 10.141143
6 13 9.285468
0 0 4.165633
2 18 6.225287
3 21 4.063729
4 23 6.664606
5 16 7.716913
6 23 5.988097
3 5 4.876475
4 16 2.412657
4 19 4.959127
5 11 7.212135
3 22 4.796533
2 16 2.336065
3 5 11.389190
6 16 4.876475
1 7 4.876475
6 23 7.926763
0 0 2.659895
1 8 2.373744
6 3 17.349928
0 14 5.044629
0 23 7.331067
4 7 4.943902
4 12 7.576177
6 12 10.262673
0 22 6.188021
3 9 4.796533
4 16 2.452868
0 0 7.095150
2 6 7.720746
3 16 5.423182
6 7 4.644262
6 13 4.876475
4 21 5.319791
5 6 2.452868
6 8 7.210886
6 13 6.584567
5 6 5.026301
3 8 6.650458
1 2 12.730163
6 13 2.734472
0 0 15.868545
4 13 3.849849
3 20 2.997988
6 18 3.778944
1 20 7.723501
0 4 2.537450
5 18 4.876475
6 12 4.876475
6 20 5.981753
0 7 5.044629
0 7 10.425789
2 17 2.102459
4 2 11.602292
4 5 4.168492
5 7 11.774437
0 14 5.026301
0 16 4.711945
4 0 11.078904
4 18 4.433159
6 14 12.561090
0 1 4.170060
1 9 3.180310
3 0 7.314085
4 20 4.366992
4 23 4.170060
4 23 10.359296
6 1 10.115856
2 18 4.571695
3 11 4.876475
4 19 2.452868
5 18 6.365368
1 8 4.719169
6 0 4.801574
6 1 6.767138
0 14 8.250471
0 18 2.830233
1 7 4.876475
0 3 9.798718
2 5 16.803736
4 5 16.390949
4 9 8.489946
4 10 6.109222
1 18 4.876475
1 5 5.026301
1 22 16.277828
2 5 8.127172
3 9 3.751135
5 5 9.616073
6 23 13.755892
4 6 7.331067
4 11 2.452868
2 7 9.990227
2 18 2.412657
3 22 22.034824
5 15 12.723271
2 11 6.811400
2 18 10.829787
3 9 10.171091
6 12 4.943902
6 12 7.210886
6 18 4.644262
1 19 8.624784
3 8 8.535105
4 19 2.412657
2 10 8.903194
2 17 2.452868
5 23 5.981753
0 1 11.142586
5 17 15.454805
6 15 11.469687
2 6 10.775806
5 7 5.224795
6 13 4.501361
6 17 13.354955
2 14 10.547647
4 16 8.016317
6 19 4.501361
1 23 5.824524
4 7 5.231935
0 18 7.331067
0 3 11.700460
0 6 4.876475
2 6 2.412657
2 20 7.035933
3 18 4.623237
1 9 6.994967
1 9 4.876475
2 7 4.557555
4 18 9.073886
5 9 7.331067
5 21 4.501361
6 14 2.581967
5 18 2.725409
4 18 2.581967
0 15 6.468588
2 9 4.105693
5 6 6.203547
5 12 4.639663
6 19 6.689555
0 2 7.245010
0 0 2.943442
2 23 8.907926
3 8 4.120965
3 9 3.199394
6 21 11.278564
1 10 2.452868
3 6 8.008216
3 16 2.675856
4 18 1.517238
5 6 5.026301
5 9 9.616073
5 16 3.581381
2 19 5.085561
5 10 5.026301
0 16 4.943902
1 2 12.261258
1 0 7.557889
1 7 7.210886
3 22 4.240413
6 10 8.982649
6 14 4.161655
6 22 3.555394
1 22 5.099907
5 21 2.196599
5 22 4.943902
6 2 3.724954
6 13 7.304169
6 17 5.026301
6 22 10.924720
2 10 5.133132
2 22 2.299564
3 10 6.164603
3 15 4.876475
4 8 4.796533
0 12 7.197989
1 18 13.922421
4 9 7.178104
4 23 12.999762
0 1 14.316897
0 11 4.501361
6 18 5.935535
3 19 7.997528
1 14 5.536472
2 9 4.790477
6 21 4.796533
6 23 6.351506
0 4 7.885509
0 18 10.178617
4 18 3.977624
5 0 6.926847
5 10 7.210886
0 0 8.340489
0 2 13.591826
3 17 3.632544
3 23 4.048291
1 2 15.083212
2 20 4.796533
3 19 4.501361
5 1 5.385323
5 22 13.090619
2 21 5.026301
6 1 10.861897
6 4 9.776340
6 6 11.448481
6 10 5.696908
1 18 7.037357
4 21 10.705041
