1 9 6.492332
2 19 13.528736
1 17 7.877207
1 17 4.093082
3 13 23.940542
4 19 6.229280
6 18 9.615936
6 18 18.583500
2 9 7.149238
2 18 13.561616
3 8 8.991903
4 15 6.422788
1 10 7.350688
5 11 3.882155
5 15 5.518225
2 5 7.175427
2 6 4.974445
2 8 6.341350
2 9 6.069405
2 11 9.809888
2 12 6.029081
3 17 5.182700
4 15 5.838718
4 18 4.318917
6 10 4.531474
6 17 9.657992
6 18 7.210979
1 22 8.934879
2 10 4.656375
2 14 5.750104
2 15 8.331871
3 9 6.395911
6 10 8.701842
2 10 4.179597
2 12 9.849901
2 19 5.823232
2 19 5.289355
3 9 9.465161
3 10 8.018932
3 13 5.202064
4 10 3.685651
4 12 6.396019
1 20 12.248369
5 22 5.776304
0 1 5.668992
0 3 7.935404
0 23 7.350688
3 21 8.182505
3 22 5.426255
0 11 5.288765
1 18 10.875122
6 12 5.740168
0 0 15.201775
0 18 8.135585
6 23 6.372875
2 17 5.426255
0 16 7.506700
0 18 6.372875
0 9 20.308634
2 11 10.190413
2 12 8.493965
3 8 8.345422
3 10 9.981779
3 12 4.413759
3 21 7.833558
4 14 19.248219
5 4 9.269881
5 12 20.984529
5 13 7.506700
1 8 14.087766
3 9 6.462295
4 9 9.597886
5 9 14.655770
5 12 7.773379
5 23 7.527558
0 6 5.548829
4 7 6.127160
4 8 8.827188
4 19 6.639137
6 5 9.829722
6 6 7.400680
1 0 13.835402
1 1 7.905132
1 5 7.230185
6 7 8.991903
6 12 7.819046
6 18 20.332176
0 8 4.598584
0 11 9.317474
1 8 12.043185
1 10 9.178498
2 17 6.171597
2 22 9.565572
0 12 5.202064
6 12 8.569158
6 13 6.902070
0 6 10.611096
0 14 8.844496
2 10 3.624223
2 17 7.949232
3 2 7.077775
4 19 8.566014
0 16 7.760747
1 9 12.824097
1 9 8.031185
1 11 5.426255
0 1 9.326159
0 10 2.080123
0 14 6.317301
0 16 4.758048
2 18 3.882155
2 18 6.317149
0 2 6.855326
6 15 8.636560
1 16 4.945973
6 0 5.657477
6 19 8.682608
1 22 15.932582
4 13 8.174458
4 14 11.499149
4 17 16.174557
5 9 3.549039
5 12 5.758556
5 12 5.426255
1 17 12.846065
3 22 6.346518
0 15 10.325810
1 17 3.956306
1 19 5.919551
2 0 4.318917
0 8 8.001352
2 17 7.112933
2 23 6.261063
2 22 8.991903
3 7 4.859333
1 15 8.490535
2 19 5.330015
3 12 7.506700
5 2 8.344623
5 3 6.759460
0 11 8.866161
6 19 6.211957
1 2 6.722417
1 15 8.429910
4 18 6.317301
5 13 4.667763
5 15 3.886690
6 8 4.604563
6 9 9.763367
6 20 9.328055
0 0 7.399438
0 19 5.426255
3 13 6.229280
4 21 6.044066
5 19 7.538105
0 2 8.991903
2 22 7.933147
3 16 3.951429
5 0 4.859333
5 1 4.651075
2 15 9.033154
4 18 4.665707
4 20 15.436568
5 18 8.114160
6 13 6.422590
2 18 9.809349
4 12 7.106387
4 17 5.181800
6 17 8.563718
6 20 4.386643
6 23 5.286593
0 1 6.113593
6 18 7.006944
1 19 10.464273
3 1 6.319088
3 2 4.680047
0 4 5.567121
2 17 5.337300
5 19 10.172324
0 0 9.490162
0 19 6.091375
3 9 2.860008
5 10 15.870124
1 13 9.004511
0 14 7.735414
1 8 7.092929
3 8 11.660628
4 11 5.058311
5 8 4.758048
6 17 10.289976
6 19 5.337300
1 9 8.563718
4 7 18.973751
6 13 5.186404
0 11 6.742944
2 8 5.865825
2 9 5.518225
2 10 11.733836
2 10 6.760621
2 16 6.372875
4 15 2.008660
5 9 5.426255
5 17 4.353662
6 0 6.266373
1 7 5.864151
1 10 5.865825
1 0 16.964397
4 17 8.991903
1 20 6.021178
2 22 5.159887
1 13 5.863017
1 15 5.337300
1 22 6.580771
6 16 6.589497
2 12 7.506700
4 13 5.202064
5 6 14.780939
5 14 5.129905
0 15 7.571518
2 7 5.583761
4 14 6.753139
1 9 8.991903
2 8 10.112226
2 9 8.182505
3 8 13.592279
3 13 6.514463
4 8 6.422590
4 8 3.624223
0 4 7.092929
1 10 7.090796
1 19 5.426255
2 14 7.119483
2 22 8.021721
4 9 8.560047
4 12 7.090796
4 13 9.523191
4 14 6.016272
2 13 4.929697
2 18 14.103545
3 20 6.446178
1 9 6.383829
1 11 8.844496
2 9 10.244520
2 13 6.430501
2 15 8.153225
3 17 8.991903
4 10 7.364197
4 15 6.644393
5 21 10.112631
6 2 15.962665
0 20 7.961337
0 21 16.137186
2 22 6.422590
4 12 5.471136
5 7 4.501337
5 16 7.573823
5 23 6.806073
2 9 5.111658
3 18 6.531447
4 18 7.113569
1 16 10.998219
2 18 4.318917
3 12 8.304299
3 22 11.810110
4 17 7.773379
5 14 6.422590
6 14 6.110029
0 0 4.462747
0 15 8.757471
1 11 6.041200
1 9 5.908031
2 20 6.522506
3 0 6.780113
5 10 7.647413
6 22 7.090796
6 10 7.071228
3 18 4.082789
5 8 3.905083
5 8 6.702294
4 17 16.591753
4 18 6.630352
5 5 6.855326
6 9 6.785250
6 11 7.533274
1 3 6.638299
2 0 10.112597
2 17 6.488247
4 10 5.778319
5 9 12.435502
6 0 5.311226
6 8 2.754812
6 8 6.808117
6 17 6.649621
0 11 2.541483
0 11 15.755556
3 9 5.173250
6 4 6.028335
3 0 4.145735
3 22 8.042055
0 17 5.065492
0 2 43.038120
0 13 9.005487
0 19 8.991903
6 22 7.068314
0 21 5.337300
0 22 5.251215
0 22 5.813844
1 9 4.553484
3 21 3.947954
2 5 31.881418
5 1 4.903310
5 9 8.991903
6 19 13.528736
1 4 7.335307
2 10 7.092929
1 6 12.175573
1 7 15.855191
1 19 8.445391
2 15 10.224998
2 8 7.910532
2 10 5.466901
3 11 7.459459
6 2 8.166923
3 7 5.809545
4 9 6.021178
4 19 8.012998
6 7 19.591545
6 10 10.603273
6 14 5.328627
0 4 4.333826
1 10 7.930080
6 20 19.591545
6 8 8.991903
3 6 3.882155
3 23 7.350688
0 2 7.400680
0 7 13.309398
0 18 8.991903
0 22 7.136211
1 23 10.165021
2 19 7.350688
2 23 8.823012
3 7 3.406985
3 9 3.082510
3 13 5.711847
5 8 4.718482
6 6 7.647450
3 22 5.793523
5 13 4.263792
0 18 6.139098
1 15 9.323595
2 20 5.063680
2 20 8.537100
3 18 6.372875
5 10 3.583527
6 12 4.027630
6 13 6.461686
1 17 12.500304
2 9 2.902497
2 22 12.011206
2 23 5.960531
2 23 9.103799
4 14 4.838693
5 11 6.569053
6 17 6.268402
1 10 7.546345
0 0 5.008851
0 21 20.196711
2 10 6.116752
3 0 23.452066
3 14 5.766902
3 23 7.230185
3 15 6.881346
4 13 5.072390
4 14 6.855326
4 15 4.787872
5 22 4.467845
1 13 6.742944
1 18 6.372875
1 21 5.190598
2 11 5.337300
3 12 11.144773
4 9 18.044104
5 20 5.689826
6 1 6.422590
0 1 3.962610
0 2 6.742475
1 9 10.044317
4 18 5.307452
4 8 6.268402
1 9 5.583761
1 18 9.638522
1 19 5.863017
3 11 5.226288
3 22 5.456753
6 19 5.324021
6 22 6.379041
0 16 11.529579
0 23 10.486917
1 7 12.876676
2 14 6.568749
4 8 5.618649
4 12 4.585567
4 12 9.144309
4 13 3.818513
3 20 21.515188
5 16 7.598792
3 12 5.919551
4 13 8.991903
1 4 8.671490
1 6 5.426255
1 7 5.583761
1 10 10.364888
2 11 3.161260
3 4 9.750591
3 6 7.506700
3 11 6.996480
4 7 11.212621
5 0 4.406057
5 10 7.350688
5 12 9.051791
5 12 8.030102
2 6 9.793324
4 17 7.353317
5 16 5.875994
6 17 13.091210
1 15 8.226392
1 15 6.317301
1 17 10.573440
2 17 4.585567
2 17 14.675482
0 21 5.288765
2 12 6.967381
3 10 16.755909
4 10 4.188982
4 18 7.986802
4 20 4.628933
4 21 5.678401
0 21 5.426255
3 21 5.712772
6 9 4.758048
6 12 7.911661
2 9 10.981390
4 10 8.991903
4 12 5.311226
6 22 6.629521
5 12 5.583761
6 19 4.198277
5 10 5.036919
5 23 4.832298
0 15 14.190508
0 17 5.813844
0 9 4.680047
0 15 6.335076
2 19 11.010407
5 8 4.979439
5 13 11.975974
1 6 8.563718
2 13 43.587997
4 9 12.711071
5 13 6.634187
6 23 11.181522
2 12 13.154738
4 8 3.673398
5 6 6.682443
5 17 9.637423
5 22 4.626668
0 18 7.082800
6 9 6.349967
6 20 7.090796
0 16 6.317301
1 13 4.756139
3 16 4.318917
3 20 6.674228
5 8 3.650398
5 11 4.680047
0 22 7.921169
0 22 5.711847
1 19 5.849376
1 22 4.846607
2 9 3.044280
2 16 2.747492
0 22 5.496578
0 22 24.407166
0 22 5.286720
1 10 13.558736
3 14 7.350688
4 7 5.321013
3 9 8.717995
5 12 6.891270
6 16 5.426255
0 11 6.421029
0 12 6.029172
0 14 4.758048
6 23 9.597849
1 22 5.167861
4 13 13.452889
5 3 8.137073
5 3 11.632845
5 3 5.426963
1 17 10.901859
1 23 6.974554
3 15 8.493965
3 22 7.090796
5 22 4.826693
1 19 4.680047
1 21 5.499109
3 18 13.309398
3 19 5.293847
6 14 5.337300
1 14 7.350688
2 12 5.426255
2 14 8.407189
3 4 5.288765
3 8 12.846065
5 21 8.650223
2 8 3.882155
4 7 5.548829
1 2 7.772344
2 23 7.091717
3 12 6.281804
3 17 7.234859
4 23 7.506700
0 3 13.126698
0 12 8.003263
4 5 6.422590
5 9 4.436166
5 17 9.603977
2 0 6.372875
2 8 3.639520
3 12 6.840572
4 22 7.203324
4 23 5.559815
6 9 5.662982
6 11 9.680243
0 2 6.626396
0 7 7.886859
1 18 11.181522
2 5 5.492224
3 19 5.076146
0 18 4.341004
3 0 16.047325
6 18 5.766902
0 5 5.426255
3 13 4.758048
4 10 8.016009
0 8 6.422590
1 11 5.337300
6 20 19.591545
0 19 7.126053
2 9 6.266873
3 0 6.204178
6 22 12.075666
6 23 14.115602
1 7 7.383639
0 13 6.373471
3 9 4.313505
5 23 8.519868
4 17 6.649721
3 15 4.901218
4 11 4.680047
4 18 5.636379
6 16 5.087114
0 0 7.091717
5 23 5.064452
1 2 10.851562
1 10 7.707108
1 16 9.269881
2 22 20.783323
3 8 2.911616
4 8 7.475276
6 19 7.475276
0 18 8.249691
0 19 5.590865
0 21 10.988743
0 21 5.539881
5 10 7.954230
3 16 8.348084
4 17 9.035084
4 18 11.181522
5 0 8.933837
5 8 7.163178
5 13 11.379037
4 15 8.991903
5 8 10.879012
5 15 8.300219
6 22 8.933837
0 6 7.321871
0 12 6.893115
2 11 4.869102
3 13 7.773379
3 15 5.337300
4 9 5.246406
5 8 5.251215
5 20 14.517039
6 11 9.043758
0 4 4.758048
0 21 6.644393
1 12 7.887270
1 15 6.176368
2 14 16.415033
5 10 6.426868
5 11 12.175573
6 15 13.748463
6 17 4.990916
1 20 13.094725
2 12 7.867902
3 17 12.056044
4 10 13.158215
4 13 4.488360
0 22 6.110029
1 19 13.748463
2 19 5.471136
3 8 9.034546
4 8 5.655661
4 22 6.029172
6 12 5.426255
2 8 9.709906
3 9 6.891270
4 7 20.362717
5 21 13.526713
2 7 5.504851
3 16 13.748463
4 16 6.422590
0 10 6.974554
0 10 5.202064
0 15 10.872670
1 12 8.671490
1 18 11.181522
3 11 9.809349
5 15 7.773379
0 15 5.426255
2 0 5.545935
2 1 9.082734
2 17 4.758048
3 12 2.921771
3 19 7.478538
6 9 7.509680
6 21 9.144309
0 2 6.317301
1 10 8.752905
2 13 10.614903
3 11 5.613367
3 21 6.077826
4 23 7.090796
6 12 9.082734
0 11 4.680047
0 13 5.288765
4 20 6.682443
2 12 5.337300
5 13 1.510085
6 23 18.888115
0 7 3.294749
1 17 6.476039
3 16 11.197697
3 18 3.624223
4 10 6.261063
4 22 6.029172
0 12 16.413700
2 15 17.589050
1 9 4.881937
4 22 6.974554
1 7 4.241552
4 9 4.731998
5 14 7.773876
6 15 4.533227
0 9 5.678401
0 18 6.422590
1 15 6.710097
4 17 1.434604
5 0 9.059452
6 20 6.655122
0 20 5.492224
3 18 7.271914
4 18 5.772016
6 12 9.731501
6 18 4.467845
6 20 6.765019
2 18 6.069405
2 19 4.932959
3 14 9.144309
4 17 6.855326
5 11 8.340448
5 12 9.902353
5 19 5.518225
5 19 6.201313
6 23 12.832696
0 0 7.092929
6 23 3.624223
1 15 5.518225
5 20 3.583527
1 18 7.598792
2 8 7.255910
3 1 5.613367
5 11 6.215409
6 0 5.919908
0 0 6.251058
1 0 14.326541
1 6 5.426255
6 12 2.285981
6 18 6.335353
6 23 7.235006
1 8 7.506700
3 20 20.990915
5 7 3.807806
2 9 5.348764
1 13 13.122249
5 11 9.835812
6 19 9.765670
1 7 8.354720
1 20 5.711847
1 23 6.392828
2 0 6.316878
3 10 5.919551
3 20 7.878663
5 15 6.212954
3 19 5.426255
1 20 5.518225
2 10 12.154238
3 20 8.420737
4 16 5.426255
5 15 5.518225
6 19 7.416802
0 23 7.216133
2 11 4.188273
2 9 7.092929
2 19 6.225104
4 19 7.755980
0 21 13.309398
0 16 20.858898
1 14 7.597282
4 9 3.564810
5 20 7.707108
6 1 6.529860
0 5 6.317301
3 18 5.193639
5 19 5.426255
6 12 6.974554
6 13 7.037531
1 17 17.939054
2 8 6.167298
3 23 9.987844
5 7 8.828607
2 1 8.637931
2 12 9.395494
3 14 5.839950
5 16 5.899300
2 5 5.426255
2 7 7.803526
2 12 5.087114
3 16 8.991903
3 19 11.228753
4 9 7.598792
5 13 2.568429
5 15 11.686544
5 15 10.998219
3 0 9.326538
4 16 4.589220
5 18 8.300219
2 21 7.466241
0 23 11.645062
1 18 7.603367
4 15 8.565922
6 2 8.370583
6 4 11.218331
1 22 12.413300
5 12 7.513054
6 6 13.291857
6 7 7.463996
6 11 8.757471
0 3 8.034869
1 19 8.153209
4 8 14.013888
5 10 9.791348
6 3 8.816014
1 15 12.472244
1 23 7.735414
2 10 4.999548
2 17 1.757851
4 8 4.235078
5 8 13.575728
5 12 6.167298
5 19 5.426255
5 23 9.269691
0 23 4.667763
6 18 5.863017
0 10 2.948120
3 10 7.222885
2 8 5.998324
3 14 9.144309
0 19 6.268402
6 18 7.593591
0 6 7.538634
3 2 5.931226
3 12 27.536684
3 14 5.613367
3 17 3.947954
4 20 5.426255
5 19 13.473032
0 17 8.644002
0 18 8.509563
1 7 4.248115
1 12 15.387815
3 17 5.393523
4 2 10.014067
5 13 7.905132
5 19 6.879046
5 22 9.560773
0 8 5.426255
1 20 5.337300
2 20 6.116673
2 22 10.077895
3 18 18.296755
4 17 12.846065
4 20 7.538634
4 22 5.311226
5 16 6.334861
5 18 10.482677
6 3 6.976652
0 14 5.426255
0 15 5.813844
0 8 5.317867
0 12 6.299605
1 10 4.758048
1 15 3.213948
5 3 7.090796
3 16 7.473057
3 20 6.984667
4 0 6.119896
4 16 8.300219
5 2 9.725451
4 8 7.513054
0 15 5.426255
1 10 12.500304
0 17 7.090796
2 9 7.875737
2 10 8.820826
2 13 3.814972
3 7 7.831858
4 10 7.473057
5 0 9.627790
2 9 7.950896
3 12 5.403581
4 9 2.919157
4 11 8.484512
0 16 10.325810
3 9 5.426255
3 12 11.812059
3 20 22.721300
4 7 3.892494
6 7 6.229280
6 8 6.545351
0 16 5.759412
1 5 5.167861
1 11 10.100561
1 11 5.224156
1 12 7.475135
2 11 3.564810
4 5 5.734027
4 9 4.680047
3 7 7.519025
3 11 4.248115
5 9 8.844496
5 9 5.196970
1 5 5.426255
1 6 6.707698
1 12 8.968808
1 11 5.337300
2 15 9.809349
3 14 5.445508
3 22 11.455739
5 16 5.974570
6 12 7.819046
0 9 5.008851
5 18 7.475276
5 19 5.045963
5 19 6.301124
6 11 5.416765
4 11 6.667800
4 15 6.164865
6 18 6.422590
0 0 16.444134
0 17 5.234776
2 14 5.863017
2 9 4.758048
2 11 7.284734
3 9 5.006652
3 17 13.311135
4 0 8.678450
4 0 10.217744
5 18 5.426255
5 23 9.338287
1 9 4.653134
2 16 5.008851
1 9 9.390810
0 22 10.513552
1 18 4.318917
2 17 6.828080
3 2 7.737566
3 14 9.927349
3 16 7.136211
4 18 16.444134
5 9 7.255910
5 10 4.159451
6 5 4.990201
6 6 7.538634
6 11 8.991903
2 11 6.321239
2 13 3.060903
3 10 7.377837
3 10 9.144309
3 20 6.795578
3 22 6.855326
6 19 10.924437
0 14 9.393320
1 20 8.443397
5 22 7.508271
3 11 5.426255
0 11 5.182700
1 5 12.643122
1 10 6.784828
2 5 7.773379
3 11 9.896601
4 6 6.317301
4 14 5.793233
4 15 8.272691
2 9 9.938327
2 9 5.311226
3 15 5.711847
3 21 8.820826
5 11 5.190598
2 7 10.030538
2 13 5.337300
2 17 7.773379
3 12 14.496117
4 11 3.882155
5 6 4.758048
0 22 4.758048
1 6 8.991903
6 17 8.174458
6 19 6.800121
0 1 3.818513
0 13 5.202064
1 5 5.518225
2 5 5.251215
3 5 6.110029
3 9 3.749197
3 11 5.288765
4 8 7.726243
4 8 8.525593
6 5 5.426255
6 9 10.985383
3 21 7.335307
4 13 6.470258
4 17 6.248501
4 21 7.737566
5 22 16.015965
6 7 7.159593
1 5 7.399414
2 5 5.426255
2 18 8.511515
3 11 10.639202
3 15 9.517084
4 6 4.665707
0 8 7.230185
0 20 13.977604
1 9 3.856737
0 7 7.912344
1 7 4.828387
2 7 11.273604
2 18 7.707346
3 7 8.299354
3 20 5.167861
5 23 8.480050
1 7 7.350688
2 2 13.567135
2 7 8.616393
2 18 9.265985
3 12 5.337300
4 15 5.526658
5 20 12.902404
5 20 9.051597
6 6 6.012709
6 8 5.426255
0 7 7.350688
1 17 8.844496
1 19 6.277254
2 0 9.790974
2 7 1.089380
2 18 6.426065
2 19 14.206009
2 20 9.701150
3 7 6.362875
3 20 6.423032
4 7 7.287543
4 9 4.758048
5 10 3.818513
5 22 4.382656
6 11 9.604964
0 7 9.840631
0 10 4.604563
1 7 4.854953
4 9 3.947954
4 9 3.965040
2 20 6.531447
0 8 11.546423
0 9 9.066454
2 10 6.716311
2 13 9.800729
4 13 10.100561
5 11 6.976652
5 16 12.846065
0 8 5.539881
2 14 4.318917
3 10 5.089862
3 23 4.711545
4 10 6.087936
4 12 7.410668
4 13 5.426255
6 10 5.251215
1 21 1.304186
2 16 7.344993
3 10 5.874743
5 11 9.479432
6 12 8.318412
3 0 12.557987
3 16 11.181522
5 11 16.183737
5 20 8.689232
6 17 6.091375
4 1 5.139896
5 15 9.651875
6 0 9.940057
5 10 7.098871
5 17 8.260648
6 7 13.794691
6 13 10.321405
0 11 6.485901
2 17 7.773379
2 19 5.331460
3 13 5.288765
4 1 7.876405
4 22 5.111648
5 23 5.481070
6 2 6.229280
0 22 12.346824
2 17 3.685651
2 21 8.300219
3 20 5.963589
3 20 5.356580
4 16 5.426255
4 23 7.071160
5 16 10.649069
6 9 9.712644
6 14 6.229280
1 20 8.991903
1 17 5.775510
4 16 8.991903
4 18 7.923746
5 17 13.534981
5 18 7.876405
0 19 6.251947
6 16 9.383458
1 12 5.118160
1 23 9.626868
1 16 19.363670
2 3 23.208885
2 17 5.875994
4 17 9.628396
6 12 7.900584
6 13 4.388541
2 20 7.493253
2 22 15.387815
4 9 4.231003
5 10 5.097908
5 18 13.768342
6 0 6.142930
6 20 8.243181
2 11 7.331829
3 13 20.858898
4 20 5.613367
4 23 7.675784
2 15 6.167298
5 10 4.585567
6 15 17.618715
3 1 5.505077
3 17 7.538634
3 20 6.927134
5 16 7.090796
3 9 4.704724
4 9 5.994013
4 12 5.885012
4 12 14.020834
6 8 7.385480
0 15 7.234494
1 19 4.026915
3 9 7.232171
3 19 8.844496
3 20 6.229280
5 23 9.522696
0 20 5.378405
