5 23 5.421538
5 18 2.815710
3 21 5.581280
4 1 10.400017
6 0 6.212597
6 1 2.801875
6 5 8.978548
5 10 5.938310
5 20 4.419700
3 21 6.055064
4 15 4.727338
5 1 11.397950
4 10 5.788577
6 20 2.082517
3 13 5.516669
5 4 9.682919
3 6 2.860100
4 6 4.727338
5 6 6.182748
3 5 2.537186
4 8 4.233437
1 6 5.109985
5 6 2.124399
3 13 3.137569
1 19 4.807462
3 17 6.856896
2 22 3.891098
0 13 10.765391
4 19 8.163598
6 11 3.508097
2 22 5.312126
0 0 6.537898
3 6 5.758551
4 23 6.807649
6 1 7.002642
0 23 8.508740
6 11 4.891860
0 15 4.469071
4 1 5.651633
6 1 7.951723
4 7 4.727338
6 3 10.056963
2 6 7.991742
3 5 6.165190
5 15 5.674301
6 3 9.775327
6 3 7.198198
0 0 6.944429
2 11 5.674301
3 14 4.139619
0 19 4.973392
3 9 12.061660
6 5 9.986454
6 2 6.423737
5 8 2.467661
1 17 6.426796
3 22 6.785982
1 23 5.581280
4 23 7.830709
0 6 9.424973
1 1 5.070008
6 5 11.181220
0 18 9.638247
0 5 16.471504
3 5 6.169838
0 17 8.396463
0 18 9.255984
0 10 8.504237
6 3 6.941659
6 11 4.669095
6 16 6.526857
0 19 4.826145
1 6 11.601346
0 6 8.138797
0 7 13.558930
0 7 8.839400
0 9 9.061569
6 23 10.209326
6 12 5.651633
4 13 8.526177
3 6 9.076632
6 5 7.707629
5 7 5.525991
4 0 8.031518
0 11 6.190147
1 8 9.688596
1 11 6.055064
6 23 6.842305
6 1 4.005966
4 8 6.348041
0 18 5.384145
5 1 10.883056
3 19 4.284032
0 18 6.877044
1 7 5.734080
1 8 4.363696
3 8 4.297580
4 8 5.720610
2 8 7.015842
3 8 5.761952
4 8 5.664528
1 15 7.269908
2 8 6.304779
1 8 6.190147
2 6 2.383417
4 1 6.099937
4 11 4.727338
0 0 6.254333
2 5 8.920722
3 5 6.793193
3 12 4.727338
4 6 2.762761
6 5 6.697977
2 9 9.510909
0 17 3.542548
0 17 2.893081
2 9 5.185447
1 2 6.598597
2 10 11.047762
0 10 5.674301
1 20 9.092448
0 4 6.182748
0 10 2.598826
2 21 6.079608
3 5 7.050338
0 10 5.633934
1 7 3.508097
1 21 6.537945
2 14 4.972003
3 11 2.337435
4 22 8.367546
6 3 4.679039
4 21 6.490423
3 4 8.005374
5 10 5.967548
5 11 6.906413
3 8 8.178843
6 8 6.197327
6 22 4.763544
4 9 3.100854
0 20 4.633568
0 7 7.695899
1 9 4.132972
2 11 9.456326
3 21 7.112230
2 10 11.047762
6 3 9.805923
3 8 8.332646
3 21 5.887212
0 21 7.557823
0 15 9.523098
0 7 5.049331
6 23 5.927819
3 20 6.019640
3 22 7.409774
0 6 10.859554
6 6 11.784280
0 3 8.163598
5 8 4.036857
1 10 5.225041
4 9 5.315585
1 14 5.745641
5 8 4.513529
5 8 5.672805
0 11 4.649840
1 7 4.923850
