0 2 5.725413
5 21 6.200885
4 23 5.526354
3 8 7.043890
0 14 5.665753
0 8 5.846300
0 11 5.524521
0 20 8.389596
1 17 7.681410
0 22 6.212104
3 14 4.513397
2 14 8.967646
0 10 5.162258
5 17 5.885315
0 1 24.305618
6 14 10.116440
5 21 13.104050
0 0 4.259396
0 20 7.158957
5 8 8.720610
1 19 5.787227
2 12 4.603688
6 22 3.605824
3 15 25.141727
6 21 14.967606
1 2 4.981039
5 11 4.096776
6 9 6.460333
0 5 5.078995
0 1 2.698522
0 2 6.983100
0 19 16.306486
6 2 6.763536
0 18 4.920277
0 20 6.976488
0 23 4.921820
1 3 6.328054
4 1 6.938681
6 19 4.191609
1 0 4.438173
5 2 4.920277
6 3 7.681410
0 15 5.248295
0 3 6.891022
5 13 3.221252
6 22 9.498471
0 10 2.795447
0 22 13.232488
5 23 11.725513
2 19 9.747873
4 4 10.672812
1 17 6.807880
2 11 4.286307
5 21 6.379452
6 21 4.954401
0 10 6.644457
2 1 14.607177
1 15 5.425775
3 12 10.334399
5 21 18.370230
4 19 4.920277
0 10 12.734261
3 16 7.811604
4 23 19.213947
3 14 7.078579
6 2 29.543739
4 10 4.844580
6 23 9.644866
0 1 13.478653
6 23 4.090898
6 23 6.234211
6 19 10.907445
2 21 13.218784
2 15 4.981039
5 0 9.789986
0 2 12.903391
2 11 6.198551
1 6 17.064674
6 9 7.106853
0 16 6.634332
2 6 7.274424
1 22 4.771177
0 1 10.019491
6 22 5.582765
6 22 4.191609
4 16 4.110981
5 20 6.697469
2 23 10.864961
4 8 13.906159
0 20 8.379721
0 22 13.554561
1 17 8.928759
1 17 10.335691
6 18 8.200259
4 6 6.936701
5 18 4.365417
2 22 7.295457
3 19 10.601572
6 7 6.668731
5 21 8.410854
3 4 5.248295
0 0 4.844580
3 19 6.589445
2 1 18.127554
2 22 5.162258
2 23 14.528526
3 1 16.222204
6 22 3.049579
0 0 13.306026
0 1 8.888471
4 11 6.199926
4 17 5.248295
6 22 5.787227
0 15 11.686658
6 0 7.323203
1 0 6.644457
1 11 15.641736
1 23 6.426484
6 20 9.618370
0 1 2.245387
0 1 8.402619
5 2 6.158074
4 22 6.133345
2 23 11.104589
3 13 7.259589
1 10 5.238679
3 23 13.122092
0 4 5.429271
6 3 12.277457
6 21 5.248295
3 9 7.811604
0 0 4.122894
6 23 6.497628
0 17 5.745240
1 10 14.195934
6 23 7.761620
2 5 2.795447
6 2 13.242676
4 21 5.511645
5 18 7.681410
5 20 7.362818
6 21 8.143442
3 2 6.562878
2 23 4.898305
5 8 3.020003
4 23 20.039677
0 20 4.438173
0 16 10.694898
2 22 5.569228
0 19 21.703098
1 0 5.625388
6 6 3.407410
0 9 7.555485
0 9 7.928723
3 19 5.162258
6 22 22.300034
5 23 9.428814
1 10 7.426039
0 3 9.945052
0 22 5.182591
4 21 8.630847
6 18 8.686185
0 0 6.460333
3 10 7.425615
5 16 5.936748
2 5 2.795447
3 17 1.404110
5 23 6.143097
0 2 10.161939
6 22 7.045728
1 22 6.535532
6 1 12.285366
5 18 4.438173
0 22 8.520386
4 12 8.545713
5 7 6.297954
4 21 4.365417
3 22 2.842828
0 13 4.014699
1 17 6.808502
2 18 5.565701
4 23 5.337249
5 1 23.842321
0 0 4.822911
0 0 3.509872
0 10 8.832514
2 22 9.638329
5 20 7.796242
0 20 12.184953
2 19 6.330070
6 17 10.480529
1 8 5.248295
4 5 3.334378
2 15 4.438173
2 5 7.683262
5 23 4.813579
