6 7 13.643863
1 17 9.224557
1 18 9.535909
1 19 7.535743
1 21 5.681624
2 20 13.524055
2 21 9.774322
3 18 4.857752
3 22 6.064397
4 11 5.729286
4 21 1.884101
4 22 9.774322
4 22 13.319723
5 11 6.195635
2 17 13.101367
3 19 7.248093
3 20 9.859159
3 22 12.733889
4 16 12.564592
4 17 10.337213
6 12 7.394190
6 23 21.934195
1 17 7.585550
1 20 8.054971
2 19 12.171649
3 14 12.171649
3 21 12.171649
3 22 10.772045
6 22 11.629642
1 0 16.421047
6 23 11.075584
0 16 11.036947
0 17 5.705850
2 20 7.390119
3 23 10.006041
2 18 2.018680
3 15 8.260797
5 9 5.994031
2 17 5.251198
2 17 13.278163
2 21 9.542042
2 23 14.610494
3 17 4.751995
3 18 7.268970
4 13 6.692073
4 16 5.251198
4 19 12.591361
5 12 11.281441
5 21 9.672505
6 7 18.651217
6 11 10.337213
6 13 9.454917
0 18 10.352560
6 23 18.293783
1 8 19.059603
2 17 11.186355
2 21 9.774322
3 9 6.895955
4 1 13.779024
4 20 10.496058
4 20 6.615508
4 21 8.456077
4 21 10.512419
3 11 12.198207
3 19 9.360490
4 20 4.778117
4 20 15.849857
4 22 11.129096
6 21 5.681624
1 11 11.376354
1 17 11.276958
1 22 20.307983
2 21 7.322172
5 7 6.810010
5 12 8.661321
0 1 8.183300
0 18 7.292655
2 19 5.473527
5 20 9.535909
6 0 9.672505
6 4 1.853214
6 19 7.847121
6 22 4.831194
1 17 9.224557
1 22 11.806967
4 11 5.430071
5 10 7.276344
6 1 14.608157
6 3 5.725980
0 21 3.991256
6 22 9.401200
0 1 12.077987
0 20 11.661065
3 11 7.866798
3 15 6.908375
5 11 12.134600
6 9 13.737283
0 10 11.661065
0 20 10.576190
1 21 11.210433
1 22 9.525551
3 14 9.938087
4 20 7.939885
5 18 10.512419
5 19 5.681624
5 19 10.436067
6 20 8.332258
0 17 7.394190
0 20 12.171649
3 10 10.947054
3 17 5.664056
4 18 5.234294
4 20 9.148796
4 22 11.284902
5 16 10.389347
5 21 16.502306
6 18 5.397502
0 3 15.172701
0 16 6.092375
0 20 10.767594
0 23 11.661065
1 8 4.716938
1 11 8.456077
2 22 7.809722
4 18 9.601899
4 19 7.687343
4 20 14.977109
4 21 4.184381
0 13 9.917095
3 10 5.776318
4 21 4.601138
4 21 9.694840
4 22 11.661065
5 10 8.456077
5 19 4.626431
5 23 11.972114
6 3 9.967781
0 12 9.582686
1 23 12.377949
1 23 11.376728
4 12 11.469900
4 19 9.097936
4 20 7.653635
6 1 11.594867
6 4 10.947054
1 0 6.820618
1 11 4.873626
6 10 14.368679
0 11 9.124166
0 16 8.259897
1 13 13.479502
1 17 7.901761
1 19 10.991916
1 22 14.608157
1 23 11.598392
2 12 10.868696
2 20 11.858710
2 20 9.131558
3 7 12.077987
4 14 8.681947
4 19 6.633190
5 6 6.600442
5 7 4.831194
6 15 8.546546
0 1 10.113155
3 9 5.776318
4 7 17.260925
4 12 9.224557
4 18 10.772045
6 18 5.848351
0 11 7.816571
1 19 7.721984
2 20 10.899984
3 22 11.252326
4 14 4.323860
6 17 5.508984
0 20 11.991181
6 14 10.337213
0 17 13.086798
1 13 11.839622
1 17 12.134600
1 18 8.216077
1 19 11.282335
1 20 11.858710
1 22 11.469900
4 14 8.687134
5 19 7.270953
5 21 7.447254
5 23 9.513940
6 5 7.133292
6 8 8.559950
0 20 12.889550
1 23 8.971972
4 9 11.867374
4 21 10.337213
2 23 12.587160
3 9 6.609545
4 20 9.535909
5 2 12.634515
5 10 7.399672
5 17 11.972114
5 22 13.482888
6 9 9.584436
6 22 13.891473
6 3 9.039524
2 17 8.028065
2 20 8.456077
3 0 9.579123
3 10 6.886371
3 14 5.776318
5 2 8.456077
6 1 11.539727
6 19 4.913079
3 0 20.028803
3 2 10.390891
3 2 15.200858
3 22 14.334678
4 0 6.188912
4 16 10.249507
4 17 5.776318
4 19 12.798267
5 1 26.163069
6 1 11.830874
0 23 11.972114
3 8 12.530223
3 17 10.321808
3 18 8.456077
5 22 7.619429
6 19 3.450135
6 21 7.809722
0 13 9.542645
0 18 4.323860
0 18 5.860135
1 11 12.619599
1 19 9.097936
2 12 10.711126
3 13 9.181640
4 17 6.574099
4 19 5.683758
4 21 13.428424
6 13 12.377949
6 20 18.295679
1 22 12.340271
2 10 6.024879
2 12 15.507780
2 17 10.003754
2 18 10.209043
2 21 12.890055
3 0 9.224557
0 19 11.235369
1 15 12.956738
2 19 2.755321
2 21 7.093786
2 22 2.763084
2 22 8.814606
3 14 9.995198
4 17 10.337213
4 17 10.847539
4 20 7.270953
5 10 11.282335
5 12 12.493998
5 13 11.132597
5 14 6.207188
5 18 11.276958
5 21 4.563500
6 12 7.239972
6 14 10.443018
0 20 15.253554
1 21 9.193429
2 20 7.151757
2 22 12.493998
2 23 12.217323
3 7 13.912531
5 12 8.044801
5 18 4.675350
5 22 13.270540
0 0 3.541273
0 1 14.891673
0 19 10.662896
0 22 4.482293
1 7 7.333851
6 20 9.382104
0 1 10.637338
0 2 14.599956
1 4 6.793236
1 8 7.892291
1 8 8.461659
1 8 5.508984
3 1 9.694840
3 14 9.740329
4 8 12.134600
5 4 9.580651
5 5 14.139633
5 14 8.959678
6 1 5.508984
2 2 10.811721
5 2 13.670118
6 2 14.802388
0 0 13.019160
4 21 8.058171
5 20 9.740329
6 17 5.874221
1 9 9.224557
6 22 10.512419
0 0 10.288759
0 11 14.523502
1 13 11.469900
1 14 9.819791
3 2 9.360490
4 18 12.377949
5 0 8.648022
5 8 13.330380
5 12 4.751995
5 12 12.812263
5 17 13.278163
1 1 6.058749
1 1 13.364521
1 15 8.461659
5 0 15.007529
5 0 17.235092
0 3 6.563922
2 6 10.918508
2 8 12.533810
2 10 11.858710
2 11 5.924091
3 18 9.163426
4 13 7.762909
4 14 11.661065
5 2 10.078174
5 14 6.092375
6 13 12.171649
6 20 4.888606
2 9 2.863373
4 12 6.024879
4 20 12.162843
5 17 9.844964
5 23 12.908806
6 2 11.552997
6 0 12.548409
0 8 10.498852
0 9 14.477008
4 16 14.760537
4 18 5.597625
4 22 6.904736
5 14 3.686097
6 20 11.469900
4 16 8.216077
5 15 7.390119
5 19 10.498878
3 16 10.006041
4 13 6.134400
4 15 10.337213
6 0 6.895955
1 19 11.503257
2 21 7.535743
3 10 8.928467
3 11 9.883453
4 15 10.387329
5 19 9.954894
6 14 9.740329
0 19 4.554142
6 16 7.835988
6 23 5.776318
4 1 10.947054
4 22 8.078333
5 22 11.469900
6 0 14.364566
6 22 7.091660
0 0 10.316388
1 11 13.704161
4 6 3.591601
5 9 6.681871
5 22 12.733889
6 2 7.939885
6 23 7.801053
2 11 28.052303
3 22 11.469900
4 8 2.628978
4 15 5.992500
4 19 10.167749
5 19 9.694840
6 13 9.774322
0 14 5.776318
3 15 10.252978
1 19 7.151757
2 17 9.694840
3 20 12.377949
5 12 7.584071
5 13 8.953525
5 14 4.459564
6 12 13.319723
1 20 13.101367
5 20 8.530191
0 10 8.164438
1 7 10.167749
6 21 5.797433
0 21 9.020833
1 19 12.256998
1 21 9.224557
2 19 5.776318
2 20 7.390119
6 23 13.491552
0 17 13.339090
2 18 5.188632
2 22 10.873493
5 0 3.815171
5 1 6.230509
5 21 12.830264
6 20 9.404759
2 12 9.224812
4 6 14.406877
5 12 12.171649
5 13 8.971972
5 14 8.648022
6 21 11.001510
2 7 16.126883
4 14 14.608157
5 13 5.602356
6 23 7.481647
0 0 9.513940
2 3 8.790816
3 11 5.935482
3 21 7.390119
3 22 21.179386
4 15 6.674696
4 22 11.592047
5 9 7.151757
6 21 6.633190
6 21 7.157060
6 21 9.535909
6 22 13.755285
0 8 10.136023
6 19 5.328177
6 22 9.080080
0 1 15.111887
1 15 8.959678
1 19 7.330431
2 12 5.736024
3 13 6.058783
4 15 8.722683
6 2 15.819539
6 3 15.869338
0 12 6.563922
0 20 14.475024
1 22 5.776318
2 22 10.767594
3 9 5.602356
3 23 15.568829
4 13 10.337213
4 18 5.251198
5 11 12.136927
6 14 13.278163
0 7 4.831194
0 10 8.446080
0 11 11.360607
0 11 8.605078
1 12 1.884101
2 1 9.740329
2 13 10.510281
2 19 4.105143
3 9 11.503257
3 16 8.926991
3 21 4.655479
4 21 9.224557
5 2 10.521414
0 21 13.428424
0 13 14.102645
1 8 3.768202
5 8 9.761930
5 10 5.681624
5 17 8.288546
6 13 5.957803
6 16 11.972114
6 18 12.619599
6 23 28.882565
0 18 14.113291
2 6 10.142205
2 13 11.097379
3 19 10.209043
4 6 13.045616
5 19 7.869093
6 0 6.058749
6 20 12.210830
6 21 4.475126
0 1 9.717257
1 17 8.926991
1 22 12.212516
2 12 8.216077
2 14 10.337213
3 11 9.233181
3 13 11.945565
3 23 11.207684
5 23 6.644085
0 0 14.368679
0 0 11.026655
0 1 9.200763
1 9 15.822798
1 11 5.776318
1 22 8.977270
2 1 14.179338
2 20 7.310850
2 22 10.003754
4 13 6.175046
4 15 7.923393
4 20 9.740329
4 21 8.434351
4 22 12.721162
0 22 10.037805
0 23 11.806967
0 23 13.831856
1 21 11.439865
3 3 14.406877
4 3 13.428424
4 9 10.080922
4 9 9.639451
4 10 9.601899
4 23 10.278237
5 1 25.257092
5 7 12.171649
5 16 4.675350
5 16 8.747666
5 23 11.198967
6 0 14.608157
6 18 6.058749
6 18 6.301438
1 13 5.776318
2 19 7.038208
3 23 15.128140
4 13 4.570852
4 16 5.270394
4 16 15.943663
5 9 12.134600
5 10 9.130098
6 1 9.450513
6 2 24.339958
0 19 4.831194
1 0 10.895109
1 0 37.763439
1 14 9.224557
1 20 11.635740
2 20 9.740329
2 22 13.001357
3 20 6.656825
4 21 14.765055
6 23 8.084366
3 11 19.894630
3 17 4.809770
3 18 14.561520
3 19 4.675350
3 21 10.003754
4 20 12.106425
5 20 13.686782
6 0 11.661065
0 16 11.284902
1 3 7.585550
1 21 9.927387
1 22 8.258040
2 0 10.866562
2 7 8.333116
2 19 7.145981
2 20 10.255855
2 21 10.143041
4 19 7.151757
4 22 8.661552
5 14 10.167749
6 17 7.701757
1 0 8.586458
0 12 8.461659
0 18 8.949083
1 17 10.142205
1 19 7.322172
1 23 13.319723
1 23 3.651461
2 18 5.681624
2 20 10.337213
2 22 12.340569
3 21 9.844964
3 22 9.694840
5 17 7.390119
0 2 11.749736
2 14 12.617891
2 18 5.740226
2 19 5.776318
2 20 4.873626
2 22 8.926991
3 16 11.661065
3 23 17.947538
4 0 7.809722
6 13 11.469900
0 17 8.081387
1 14 11.661065
1 20 8.560596
2 21 15.707987
3 20 10.167749
3 21 12.677756
4 0 9.250764
4 19 7.322172
5 21 8.546546
0 2 11.469900
0 12 8.860163
0 2 15.134459
0 19 9.896000
1 8 3.991256
1 9 4.642860
1 15 12.581964
4 14 9.774322
4 20 7.265089
5 3 11.661065
5 13 9.380905
6 22 10.337213
2 11 6.122944
2 12 9.513940
2 14 12.134600
2 16 7.390119
5 7 8.114358
5 19 13.041387
5 19 10.395531
1 12 5.681624
1 18 6.660841
1 18 9.109006
3 18 8.532134
3 19 10.249507
4 14 4.796563
4 20 9.717257
6 23 6.646227
0 0 12.016631
1 9 6.195635
1 13 9.401200
2 9 10.425766
2 10 15.046457
3 9 16.231285
3 10 11.264286
4 8 7.939885
4 15 12.377949
5 11 10.445778
0 22 16.055359
2 15 5.508984
3 9 14.379071
3 18 10.764060
0 3 10.131089
4 9 11.270564
4 15 9.151810
0 2 11.046088
1 12 9.224557
2 14 11.276958
5 12 6.188912
5 13 1.853214
5 15 9.672505
6 0 9.350699
1 22 10.557313
2 13 9.606773
4 9 11.210433
5 10 9.762807
6 20 13.116773
5 19 19.526907
6 20 5.415298
6 23 8.216077
6 23 9.157479
0 0 10.805158
1 7 6.644085
1 23 12.833491
1 23 10.809440
2 11 12.798820
3 13 12.720802
4 10 9.228549
4 14 11.456710
4 20 7.184340
4 20 8.748915
5 15 12.721162
5 17 13.830279
6 0 8.599401
6 8 8.154922
6 17 17.994978
6 23 6.539228
0 16 9.694840
1 9 6.993774
1 23 4.873626
2 14 11.469900
2 23 7.717095
3 1 12.171649
3 2 11.405890
3 11 9.482113
3 12 16.461443
4 9 8.527061
4 11 13.278163
4 12 2.920640
4 14 29.016790
4 19 7.495298
4 20 17.515335
4 21 8.373048
5 17 11.065136
1 7 5.561427
2 1 15.128140
2 10 8.609772
2 11 15.338572
2 23 10.995590
2 23 12.365663
3 13 10.991916
3 22 13.997280
4 2 13.276341
4 7 10.281708
4 21 9.382104
5 12 12.849152
5 22 8.456077
6 8 10.075265
1 7 8.605078
1 20 9.580651
2 7 25.384979
2 7 9.233181
2 12 7.461196
2 22 9.844964
3 18 10.512419
3 19 7.390119
6 20 13.836835
0 5 7.133292
5 6 20.513523
5 12 12.171649
5 23 15.865612
1 4 5.860135
1 10 10.735403
2 8 6.041721
3 0 9.401200
3 7 12.195805
3 9 16.082493
3 10 8.461659
3 15 30.981140
3 20 9.204227
4 1 11.972114
4 9 9.096584
4 12 13.721610
5 12 14.113291
5 21 9.710059
6 19 13.455074
6 23 12.096127
0 0 11.215480
0 2 6.890265
1 14 12.231306
2 19 11.187976
3 11 6.563922
3 19 9.761930
3 20 11.935672
3 21 9.247083
3 22 9.513940
4 8 11.795942
4 8 11.036947
4 12 5.029142
4 19 9.067974
4 21 12.134600
4 21 11.503257
4 21 12.591361
4 22 4.316472
5 17 5.668491
5 21 6.793236
6 12 3.686097
0 8 12.001533
1 0 17.588137
6 20 14.081109
6 21 8.396847
1 12 7.062886
1 15 9.659243
2 13 7.322172
2 18 10.466426
2 20 4.961961
3 1 13.943017
3 1 10.551825
3 9 4.118557
3 17 4.881395
4 13 8.317452
5 1 11.201169
5 10 10.947054
0 0 9.694840
3 7 10.716477
3 19 5.568119
3 19 4.857752
4 18 6.092375
4 21 9.535909
5 11 8.355332
5 16 12.210830
5 17 7.892291
5 17 10.167749
6 18 6.121093
1 9 10.794851
1 23 10.337213
2 12 9.480149
2 22 20.009153
3 14 4.472959
5 22 4.913079
6 13 5.681624
0 9 9.513940
1 12 3.651461
6 10 5.681624
6 20 9.542645
6 21 10.337213
0 0 8.544735
1 22 12.018666
1 23 12.171649
2 17 4.323860
3 15 6.924717
3 17 10.181585
3 20 10.600967
4 1 5.737980
5 11 8.461659
5 11 7.114132
5 14 9.860960
5 15 10.029145
6 22 17.353138
6 23 11.235369
0 0 16.751198
1 13 7.759799
3 8 6.830627
3 15 9.297076
3 19 7.151757
3 21 7.331528
3 22 6.447296
4 12 7.892291
4 12 8.923302
4 23 9.276504
5 23 10.577075
6 11 6.270679
0 15 11.473561
1 9 7.350974
1 20 10.600967
3 14 9.691136
3 18 4.751995
3 20 8.317452
3 22 11.858710
4 0 13.268772
4 9 9.694840
4 11 6.694300
4 11 7.637701
4 15 11.105776
4 19 24.303394
5 10 11.363823
5 14 9.740329
5 23 2.898617
6 5 21.686718
6 14 11.503257
6 16 9.694840
0 2 8.991073
0 12 9.721736
0 16 3.591601
2 0 4.252977
3 9 8.446080
3 9 6.769652
4 22 9.535909
5 23 13.428424
0 0 11.661065
0 3 10.351713
1 10 6.550489
1 10 6.659665
2 10 5.776318
2 11 13.533425
3 11 8.682553
3 15 6.190026
3 19 9.614087
3 20 5.383146
3 22 6.356048
4 14 7.702572
5 19 5.312413
6 13 12.076035
0 22 5.776318
2 18 8.497193
2 19 3.591601
3 14 1.884101
3 14 11.972114
5 3 14.961920
5 20 10.700212
6 1 18.289616
6 2 9.975939
6 10 8.560596
6 11 9.043302
6 11 20.723307
6 11 7.637701
6 12 6.058749
6 21 20.666140
6 23 7.643229
1 0 11.469900
1 11 5.339036
1 22 6.673076
2 1 7.261991
2 19 6.242415
2 23 11.284902
3 11 6.327700
4 14 11.972114
5 8 5.602356
1 1 9.774322
1 14 10.991916
2 14 12.899424
3 5 3.625669
3 15 8.735672
3 20 6.756697
4 7 11.082853
4 10 18.841009
4 15 8.377990
6 0 1.216070
2 16 7.038208
3 13 3.052137
5 9 7.535743
5 10 8.299389
5 18 7.151757
6 6 4.235862
6 16 11.461718
0 9 8.499390
0 20 7.016353
0 22 7.772224
6 19 5.681624
1 13 11.661065
1 17 5.975501
2 5 8.971972
2 19 9.727160
2 20 4.427597
3 4 11.935672
3 11 8.216077
3 13 8.870265
3 13 5.549199
3 17 12.417793
3 19 12.171649
3 20 12.026427
4 8 6.547697
4 9 9.529508
4 10 11.728987
4 10 7.343001
4 11 5.346328
4 11 9.721736
4 13 8.599401
4 13 6.175669
4 20 11.661065
4 22 11.633808
5 11 13.405979
5 12 7.461196
5 15 5.508984
5 21 8.420259
2 6 9.327314
2 17 3.713747
2 18 1.884101
2 20 8.678031
3 19 4.252977
4 16 11.282335
4 20 11.469900
4 21 10.892392
5 12 6.574644
5 13 6.550489
5 21 9.717257
5 22 9.852098
5 23 16.395664
6 20 8.554063
6 21 11.441638
6 23 11.553220
1 16 10.947054
1 18 12.308002
1 19 9.088913
1 20 9.881957
2 10 13.656025
2 16 5.508984
2 17 8.456077
2 22 13.278163
3 16 11.405890
3 17 8.648022
3 20 14.646555
3 20 10.337213
3 20 9.672505
4 7 10.337213
4 11 12.171649
4 16 11.959623
4 22 10.932248
4 23 6.793236
5 9 12.077987
5 12 4.323860
5 15 7.270953
5 19 9.535909
5 19 8.514976
6 18 5.949927
0 0 6.815744
1 21 14.102920
2 19 9.073335
2 19 10.076202
2 21 10.711126
3 16 11.592047
4 16 12.274805
5 20 7.297511
6 1 8.259990
6 14 8.605078
6 14 3.613695
0 2 9.535909
0 8 1.884101
1 15 12.134600
1 17 7.343001
2 16 9.975939
2 19 9.537900
3 13 13.237745
4 14 6.124931
4 17 5.776318
4 19 6.943163
4 21 8.813492
6 18 9.131544
1 21 10.767594
2 20 2.433867
3 9 5.617632
4 14 13.891104
5 17 9.080080
5 21 8.366173
5 22 5.079852
6 13 11.661065
0 6 7.762909
0 16 5.776318
1 19 12.316865
1 23 13.041387
2 19 5.508984
2 21 9.535909
2 21 9.247083
2 23 10.387329
3 17 12.134600
3 20 5.992500
4 11 9.224557
4 13 11.749736
4 14 10.770093
4 21 12.134600
6 16 4.642860
0 1 13.926901
0 20 11.840794
0 23 9.401200
1 11 5.957803
1 21 21.331200
3 13 8.514976
3 20 10.281708
3 20 9.691136
4 17 9.115382
4 21 10.337213
4 21 11.469900
5 0 13.355756
6 0 10.821157
0 16 7.607281
2 19 13.492740
2 19 11.322060
2 23 10.077075
4 9 9.353106
4 23 13.208286
5 7 7.948434
5 16 10.054693
5 18 13.268772
6 18 7.521676
6 23 16.991936
0 1 10.599139
6 21 12.811348
0 0 7.792238
1 23 8.885747
2 10 5.602356
3 8 17.797812
4 14 5.957803
4 16 7.906763
4 20 8.317452
4 20 9.535909
4 23 7.322172
5 13 14.608157
5 19 5.776318
5 19 7.390119
5 21 9.224557
5 22 7.644950
5 23 11.376728
1 5 2.431126
2 22 11.945565
3 19 7.353110
3 21 9.156456
4 12 12.171649
5 6 9.230902
5 6 3.983412
5 16 7.390119
6 18 12.324919
6 18 5.251198
6 21 1.853214
0 0 9.694840
0 12 6.527544
1 11 6.247828
1 11 4.751995
1 21 12.063170
2 13 10.142205
2 19 14.344264
3 18 7.469161
4 16 12.171649
4 17 4.459564
4 20 7.322172
5 14 2.384785
6 9 13.725779
6 12 6.535166
6 17 8.216077
6 17 8.139315
2 3 15.128140
5 22 7.690455
2 12 6.681871
2 13 1.853214
3 17 11.661065
4 17 9.011013
4 20 8.456077
4 21 10.003754
4 23 10.593924
5 11 9.542042
6 0 8.309863
1 11 11.858710
1 17 8.156131
1 22 4.416138
1 23 8.698396
2 9 8.052110
2 15 11.848610
2 23 10.098549
0 18 14.942535
0 23 13.912531
0 23 9.721063
1 14 14.286339
1 7 6.924717
1 11 5.251198
2 10 6.009800
2 11 12.353887
2 15 7.202136
2 17 12.299409
2 19 9.128974
3 7 14.682964
3 8 6.758927
3 11 8.881361
3 16 8.971972
4 8 9.713112
4 19 5.776318
4 20 15.936172
5 20 11.661065
6 0 7.322172
6 2 16.889843
1 8 8.971972
1 10 8.824890
1 15 10.696771
1 15 12.553034
2 14 9.022450
2 15 10.098549
2 22 10.685452
3 10 8.456026
3 21 10.758112
3 22 12.025455
4 13 16.271254
4 18 12.721162
5 0 11.559417
5 9 12.256469
5 10 7.357681
5 11 8.026058
5 11 6.903185
1 11 11.001510
1 19 10.003754
2 10 11.661065
4 7 5.681624
4 8 8.971972
4 12 6.492239
4 15 8.216077
0 0 6.299326
0 1 14.720072
1 7 8.682553
1 10 7.892291
6 23 5.029142
0 0 34.832088
1 1 10.882076
1 23 14.951664
2 12 10.516392
2 19 1.712819
3 17 9.975939
6 23 23.190313
0 19 12.871474
1 11 6.656825
1 16 10.414463
2 19 4.301859
3 20 11.633808
4 16 7.639713
4 16 8.901134
4 19 8.877524
5 14 10.167749
6 23 17.773848
6 15 13.745533
0 0 11.858710
2 0 15.441062
2 13 5.926110
4 17 4.831194
4 20 4.601138
5 17 12.134600
5 19 10.337213
6 0 2.898617
2 16 11.935672
2 18 7.322172
2 22 11.661065
2 23 13.111850
3 20 8.183300
3 23 11.548765
4 5 10.337213
4 22 12.377949
5 23 5.776318
5 23 13.921282
6 3 11.503257
6 10 11.469900
6 22 9.224557
1 18 12.210830
1 19 12.134600
1 21 4.831194
2 16 11.661065
2 21 11.282335
3 18 9.276504
3 20 6.633190
4 13 9.672505
4 20 11.097379
4 20 12.377949
5 6 14.663055
6 0 9.247083
6 2 15.849857
6 17 18.242140
6 18 12.377949
1 9 14.837844
0 13 12.492165
2 19 6.080335
4 5 16.269197
3 17 6.928236
4 14 2.433867
6 3 11.756132
6 22 15.610320
3 7 14.955787
4 19 7.270953
5 16 8.376436
5 20 9.582686
5 20 8.456077
5 22 11.065136
6 0 12.727868
6 16 10.176475
6 3 11.282335
0 0 9.863289
0 0 11.972114
3 14 12.577011
4 0 11.065136
5 17 10.337213
5 23 12.148711
5 23 13.337600
0 1 9.694840
0 18 16.854700
1 15 14.132879
1 19 9.955002
2 23 16.460346
3 2 6.656825
3 9 10.455974
3 22 8.959678
4 1 11.698228
4 1 13.881925
4 15 9.224557
5 2 13.881925
5 11 7.939885
5 20 10.167749
6 21 4.751995
6 22 13.136465
0 1 13.533425
0 1 13.319723
0 5 9.672505
0 9 10.167749
1 15 9.513940
4 0 2.605150
4 10 9.542042
4 11 4.831194
5 9 14.379071
5 21 8.682553
5 22 8.496339
5 23 9.579708
6 11 25.729076
0 14 12.853505
0 21 11.858710
0 6 9.694840
0 7 12.460743
0 22 9.033554
2 23 16.610212
3 4 10.840723
3 5 10.337213
3 8 14.608157
3 9 10.899984
3 10 12.134600
3 10 8.689874
3 19 3.229887
4 7 11.730907
5 15 1.835346
6 2 12.080111
6 11 10.167749
0 19 8.689874
2 8 7.515375
5 7 7.268970
5 13 8.216077
5 19 8.514976
0 23 4.671947
1 10 1.957668
1 18 4.751995
2 0 9.905419
3 6 12.460743
5 1 7.609114
5 5 14.851501
5 6 9.513940
5 8 10.147266
0 3 7.253070
1 7 5.508984
6 11 14.939868
6 13 6.058749
6 18 9.535909
2 6 10.861587
3 22 12.171649
3 19 4.323860
6 19 13.912531
0 1 8.267743
2 19 10.881276
3 13 9.774322
3 21 9.362035
5 16 12.828189
5 19 14.514528
5 23 12.704777
6 0 23.777639
0 8 12.041964
2 14 9.717257
2 19 8.614344
3 23 6.526307
4 18 6.758927
4 20 5.681624
5 19 7.416329
6 3 12.617891
0 0 12.598977
1 0 8.158430
2 12 11.661065
2 19 4.252977
2 21 8.428389
3 21 4.201039
5 1 9.397466
5 10 6.527544
6 13 10.044993
6 19 9.939988
6 23 11.041318
0 10 19.085037
1 10 38.140209
2 14 6.886371
2 21 13.881925
2 22 8.256904
3 12 11.105776
3 20 7.220397
3 23 10.593924
4 14 1.884101
4 14 8.263712
4 15 5.681624
5 3 10.947054
5 19 11.984368
5 19 7.702572
6 0 15.716482
6 2 16.917578
0 21 28.924179
0 21 11.615484
1 16 7.653201
2 12 11.473561
3 16 11.756132
4 13 9.740329
4 23 10.107316
5 1 14.951664
5 2 10.167749
5 15 6.040055
5 21 11.531014
6 0 3.353131
0 1 11.858710
0 19 9.917095
2 2 12.828189
2 13 9.401200
3 2 12.050749
3 10 7.268970
4 2 13.881925
4 20 11.661065
5 1 12.134600
5 14 6.660590
5 16 9.401200
6 17 9.224557
3 22 6.058749
4 20 14.064260
4 22 5.508984
4 23 6.140852
5 0 27.959921
5 10 18.065083
5 16 12.591361
6 16 7.096532
6 17 4.666424
6 21 7.180601
6 23 12.010653
0 0 12.619599
0 1 12.468160
1 0 9.580651
1 10 9.761930
1 11 7.521676
1 20 9.694840
3 23 25.384979
5 3 10.797603
5 13 4.751995
5 21 7.935968
6 17 14.608157
6 18 9.414245
6 19 10.011361
6 22 12.171649
0 0 7.874118
0 8 9.080080
1 12 6.024879
1 22 10.215960
2 18 8.352179
3 13 8.678031
5 17 8.977270
5 23 11.395260
6 0 11.806967
6 1 17.368586
6 14 10.445778
1 10 7.892291
2 15 8.461659
2 17 14.514528
2 22 16.519979
2 23 14.466765
4 5 21.686718
5 0 12.412721
5 15 11.469900
6 13 14.530607
0 8 16.377405
0 10 5.765616
0 14 12.616312
0 15 8.504114
0 18 10.003754
0 19 9.247083
1 17 10.254591
2 15 13.031526
2 22 11.656857
3 19 5.776318
3 21 10.337213
3 22 4.177393
4 23 6.058749
5 19 9.766887
6 14 4.588068
0 18 9.542042
0 21 15.643909
0 21 10.346083
1 18 11.998236
2 19 1.884101
2 20 4.920202
2 23 10.946652
3 9 5.477191
4 20 12.412721
4 21 9.694840
6 6 18.215939
0 23 9.403798
1 17 4.323860
1 20 14.901042
1 21 10.947054
1 22 21.179386
2 18 4.716938
6 14 6.468995
6 22 6.655651
6 22 15.771624
0 22 9.067974
1 0 3.532689
0 9 9.257205
0 11 11.097379
0 23 19.103008
2 1 13.755624
2 16 6.240773
4 16 6.092375
4 22 9.447029
5 1 10.337213
5 1 12.815736
1 8 13.116773
1 19 10.029884
4 22 7.322172
5 22 8.201333
6 21 14.364566
0 8 4.235862
1 0 10.397931
2 20 12.229061
4 11 14.820643
5 22 9.892797
0 20 7.148213
1 22 4.974493
1 22 12.721162
6 9 8.188703
6 20 4.442979
6 21 5.681624
0 20 5.216373
1 5 9.247083
1 10 1.916035
1 18 13.298259
1 20 6.356520
1 22 11.469900
5 10 12.434463
6 0 5.776318
1 21 10.275716
2 21 13.083032
3 9 7.151757
3 10 13.111850
3 14 11.097379
4 18 9.694840
4 18 4.831194
6 1 11.375518
0 22 10.991916
2 18 8.317452
2 20 24.341291
3 11 4.888606
3 14 9.580651
3 17 12.404655
3 17 7.698081
3 22 8.456077
1 6 9.276504
1 13 8.923302
1 18 5.681624
6 6 10.627939
6 6 11.974635
6 23 10.029145
0 5 8.785292
0 7 13.139494
1 22 14.170698
2 22 14.190654
3 10 14.514528
3 11 11.972114
3 15 13.721610
3 15 6.572595
3 17 8.548185
3 18 9.815037
3 19 8.456077
3 20 10.003754
4 18 9.426125
4 19 5.508984
6 11 12.693651
0 11 11.661065
1 5 17.452898
2 23 9.073335
3 0 10.173222
3 0 22.937559
3 5 4.323860
4 11 12.171649
5 12 8.532134
5 19 10.510281
0 11 14.479944
2 15 4.831194
2 23 11.629361
3 10 11.963452
4 20 11.469900
4 21 4.493090
5 18 10.662549
5 19 11.629361
1 9 12.547030
6 12 10.811721
6 19 5.670918
6 21 20.870634
0 16 4.513426
0 17 3.713350
5 23 4.556208
2 6 9.694840
2 16 6.736164
3 18 14.020761
4 2 12.171649
4 18 8.949083
5 15 6.796164
5 20 8.636251
5 20 12.078223
2 7 13.045616
2 20 9.774322
2 23 12.324919
3 6 14.514528
3 15 7.353110
4 8 7.180601
5 9 10.209043
0 2 18.252102
1 14 10.337213
3 13 11.972114
3 14 8.461659
6 0 14.608157
3 14 9.580651
5 13 14.608157
5 21 10.685452
6 16 7.887471
0 2 11.284902
3 19 6.633190
3 19 8.554271
4 19 5.681624
0 11 11.271423
0 19 10.337213
1 17 11.935672
3 1 12.171649
3 7 9.717257
3 21 9.535909
3 21 8.648501
3 22 11.661065
3 23 9.490883
4 16 14.113291
4 22 5.776318
4 23 19.010283
5 22 9.694840
5 22 22.848236
6 19 11.972114
0 22 9.606773
2 16 13.924925
3 1 10.205095
3 10 10.337213
3 19 10.337213
3 19 10.076202
3 20 7.390119
4 17 7.861564
4 22 11.469900
5 11 9.717257
6 0 10.167749
6 17 10.167749
2 13 7.515375
2 17 9.672505
2 21 11.972114
3 14 8.343575
4 22 10.063152
5 13 11.972114
5 14 15.646704
5 14 7.270953
5 20 9.710059
6 13 6.646227
0 20 10.472487
0 21 12.545140
1 3 14.608157
1 12 5.776318
2 6 12.987064
4 9 1.794382
4 12 10.337213
4 18 7.805610
5 20 5.404825
6 2 12.274805
1 22 6.524449
2 11 11.633761
2 16 8.081387
2 18 3.949389
3 10 7.944676
3 13 8.735672
3 14 19.371355
3 20 13.984540
4 0 18.682526
4 19 10.745370
5 22 12.350398
5 23 13.779225
6 15 13.993278
1 19 5.538522
2 9 11.502225
2 18 10.907124
4 11 6.646227
5 20 9.547914
6 1 16.598452
6 20 6.218616
6 22 7.218077
0 20 12.788128
1 15 6.092375
6 17 9.694840
3 4 6.563922
5 11 11.622869
2 19 2.281750
3 9 12.171649
6 17 17.773848
1 23 6.124931
5 19 8.216077
5 22 9.731477
2 9 14.912856
6 17 9.572917
6 19 9.740329
0 8 9.071357
1 8 8.385087
1 9 7.585550
1 13 7.151757
3 2 10.179481
5 15 9.130098
5 17 7.655877
5 19 10.337213
5 21 10.054693
5 23 8.826345
6 14 11.934404
6 19 6.511302
6 22 9.350699
1 11 5.667196
1 11 15.742370
3 12 10.003754
3 19 11.485791
4 11 13.163164
5 2 9.672505
5 15 12.108840
5 19 4.675350
5 21 9.870256
6 0 7.754720
6 13 9.694840
0 4 16.854700
3 12 12.812263
3 21 14.676860
4 22 2.256994
5 16 11.743161
0 10 13.431444
6 7 7.845713
6 10 14.387597
6 15 9.073335
6 21 9.179349
6 23 10.337213
1 7 16.368834
1 13 8.456077
2 23 8.259897
3 13 7.939885
4 13 9.859159
4 20 12.171649
5 5 6.773481
5 7 16.923319
5 8 10.882076
5 21 12.237891
6 22 13.590340
6 22 14.135183
6 23 14.350831
1 12 10.167749
3 6 8.661692
3 20 13.116773
3 23 13.101367
4 0 9.672505
4 4 14.113291
4 12 7.951042
5 3 14.368679
5 7 8.026058
5 15 4.831194
6 21 17.186068
0 12 6.336135
0 12 11.036947
0 20 6.793236
0 21 6.024522
0 22 16.773874
0 23 12.404655
1 8 7.892291
1 13 9.601899
1 21 9.691136
2 20 5.681624
6 15 11.751500
6 16 9.397466
1 11 15.798780
1 17 12.308002
2 11 13.524055
2 20 12.899654
3 19 7.268970
4 23 15.128140
6 14 18.419966
0 3 12.171649
0 23 8.188703
2 19 9.542042
3 17 8.456077
3 22 7.234306
4 21 5.961336
5 19 11.469900
5 21 8.874482
5 22 11.872725
6 1 15.901452
6 13 6.524449
6 17 8.500591
0 3 11.779016
2 18 9.580651
2 21 10.167749
3 10 9.691136
3 22 5.801162
3 23 16.442968
4 6 11.786301
4 17 16.228865
4 19 11.972114
4 20 10.337213
5 16 8.275688
0 23 14.141609
0 20 11.592047
0 21 5.130132
1 17 13.116773
1 19 10.103584
1 22 14.608157
1 23 10.539299
2 17 12.171649
4 18 10.337213
1 23 19.255001
3 4 13.022555
4 21 9.426125
5 16 20.161844
6 18 9.694840
0 0 11.532434
1 19 12.591361
2 9 14.517704
2 11 3.816049
2 11 14.751218
2 15 11.160583
2 20 6.644085
2 21 7.151757
3 22 13.351082
5 19 27.759123
1 8 42.308300
6 15 14.030952
6 22 9.535909
0 0 9.787655
0 1 14.656232
1 19 8.747666
1 20 7.707549
2 18 8.499390
3 16 6.711649
5 18 5.508984
0 14 3.324884
4 9 16.548079
4 16 5.992500
5 21 6.080335
5 21 10.891506
6 2 11.661065
6 14 5.508984
6 14 9.308878
1 11 9.725380
2 17 6.336135
2 21 10.288759
4 17 9.513940
4 21 11.523214
6 21 9.425593
0 16 12.721162
0 0 9.129965
1 0 9.759649
1 6 8.231526
1 16 6.440441
1 22 12.099219
2 21 10.198633
3 8 4.751995
3 12 7.892291
4 11 6.644085
4 22 11.972114
5 8 5.585441
5 14 10.167749
5 17 9.073335
6 16 8.407836
0 11 22.355335
3 17 4.716938
5 16 2.655128
5 20 12.404655
6 0 11.198967
6 17 17.506882
6 17 4.962155
6 17 5.164672
6 22 11.661065
1 11 8.417017
1 18 9.542042
1 21 12.171649
3 22 17.136580
4 6 8.461659
4 14 13.773741
5 18 8.317452
6 13 8.607203
0 13 5.681624
6 13 11.661065
0 0 10.901686
0 1 9.837018
0 15 8.913980
0 20 14.327002
0 22 11.805037
1 12 15.078932
2 19 13.428424
2 19 4.675350
3 11 28.474651
5 6 14.113291
0 2 12.668776
6 16 7.078338
6 22 1.896520
0 1 13.280143
0 2 10.160225
0 8 7.359912
2 13 7.858605
2 14 3.697112
4 16 9.224557
5 18 8.625276
5 19 7.331528
0 23 4.796563
1 2 9.740329
2 10 6.963786
2 11 11.403482
2 13 7.039687
3 18 13.779024
3 19 4.935486
3 23 10.272715
6 22 12.591411
0 6 10.044993
0 10 12.548011
1 21 6.934024
1 21 8.632629
3 20 12.171649
4 20 6.124931
6 12 7.798277
6 13 11.795942
6 14 4.323860
6 18 3.686097
6 19 8.081387
6 20 11.154947
6 20 14.368679
6 21 14.608157
6 23 11.756132
0 2 9.382104
0 10 12.134600
0 15 11.469900
1 21 12.171649
2 16 4.751995
3 23 11.661065
4 9 10.167749
4 19 7.390119
6 2 12.890055
1 21 10.076202
2 17 9.224557
2 19 5.418673
5 1 10.337213
5 14 14.422677
5 17 9.761930
5 22 6.793236
5 23 14.149499
6 21 5.776318
1 22 9.740329
2 0 12.593278
2 14 6.356520
2 22 11.001510
3 12 10.946652
3 17 15.644678
3 21 12.901743
3 23 11.282335
4 18 5.874221
5 3 17.060383
5 23 5.765616
6 10 5.957803
0 10 9.892521
0 17 12.901743
0 23 11.410921
1 8 10.167749
6 16 6.644085
6 18 8.520931
0 7 12.353887
1 8 19.947710
1 8 8.026058
1 8 3.029408
1 17 8.681947
1 17 5.025260
1 19 10.693667
1 20 9.224557
3 23 10.676005
3 23 12.535928
5 15 7.248631
6 7 6.873191
6 22 10.685452
2 15 7.515375
2 16 11.469900
2 19 10.693667
3 18 7.038208
3 19 6.718290
3 22 11.661065
4 3 17.912895
4 16 11.469900
4 17 11.410921
4 22 14.195891
4 23 14.603975
5 15 7.845184
6 16 4.252977
1 17 9.073335
3 12 10.633698
3 17 4.141024
3 18 8.216077
3 19 11.485791
3 20 14.276000
4 10 5.957803
4 19 10.337213
5 11 12.176094
5 15 10.577189
6 16 5.776318
0 8 9.659243
6 21 1.823323
0 18 9.397466
3 13 10.337213
4 16 12.289854
4 20 6.764862
5 0 12.547030
5 18 9.754519
5 21 6.886230
1 9 4.295059
1 9 11.770494
1 12 9.614087
1 13 4.323860
1 19 13.101367
1 20 8.507019
2 9 9.665973
2 10 3.896151
3 8 17.060383
3 10 7.268970
3 17 7.376757
4 14 7.202136
4 19 4.831194
5 10 6.656519
6 18 7.584071
0 1 12.171649
0 22 8.392263
1 14 3.617855
1 14 11.972114
1 23 19.910641
2 0 8.216077
2 10 11.512896
2 15 4.831194
2 17 10.337213
2 21 11.469900
3 11 8.216077
3 20 8.074459
4 10 4.397146
5 7 7.322172
5 10 6.773481
5 18 6.574590
5 22 6.758927
6 23 8.544735
0 17 11.469900
6 21 9.224557
0 9 10.324844
1 5 3.990909
1 18 8.620103
3 6 12.721162
3 8 13.633038
4 12 5.874221
4 19 5.681624
1 11 5.299366
2 5 21.686718
2 10 17.674492
3 5 12.171649
3 7 8.471129
3 12 9.694840
5 18 9.224557
1 6 11.779016
6 21 8.031063
0 2 11.972114
0 20 5.091447
0 20 12.014828
1 18 9.073335
1 20 12.501371
1 20 7.659309
2 16 8.317452
4 6 9.481937
5 4 7.440918
5 17 13.001357
5 19 12.617891
6 10 10.445778
6 13 10.946652
0 21 12.296974
1 15 11.661065
4 6 8.599401
6 0 10.618391
0 7 8.548185
1 19 13.201205
1 19 10.029145
3 18 29.864681
4 18 6.718290
4 22 19.290905
4 23 3.653966
5 15 8.988548
5 22 6.755914
6 15 5.602356
6 16 10.767594
6 19 11.051242
0 14 10.457506
1 0 12.010653
2 9 14.912856
5 15 5.418673
2 8 9.073335
3 20 4.831194
4 16 10.167749
4 16 9.247083
5 4 14.608157
5 21 12.171649
5 23 11.972114
0 18 15.451015
1 12 10.946652
1 23 3.983412
2 0 6.126996
2 11 10.512419
3 16 7.987823
3 21 13.490791
4 18 6.232255
5 23 10.167749
0 18 7.796082
1 14 4.915046
1 15 10.918389
1 23 7.322172
6 20 5.508984
6 22 7.512251
6 23 13.319723
0 22 9.740329
1 18 18.583960
1 20 12.171649
1 22 9.818583
2 18 33.846638
2 19 5.418673
3 16 17.499384
4 0 11.690493
4 0 10.685452
4 14 11.992541
5 1 15.183711
6 0 7.838349
6 1 7.798277
6 13 4.751995
0 10 9.860960
0 20 6.024879
1 20 5.776318
3 12 8.971972
4 18 9.224557
4 21 10.772045
5 0 10.337213
5 1 16.590418
5 19 10.167749
6 0 10.205095
1 11 12.591361
1 12 11.671381
1 21 5.798930
2 10 9.401200
2 13 7.390119
2 20 12.591361
2 21 13.116773
3 10 9.899995
4 16 14.675163
5 15 4.831194
5 16 12.591361
6 20 5.589985
6 20 11.132184
0 19 15.739954
0 21 11.935672
0 17 8.824890
0 22 17.109346
2 20 11.031454
4 19 8.348853
6 17 9.593580
1 20 5.172822
2 18 8.281456
4 19 9.224557
0 0 24.809309
0 0 8.239899
0 17 5.681624
1 17 9.403798
1 20 11.830874
2 12 9.224557
2 18 5.380853
2 19 7.939885
3 21 9.224557
4 17 6.793236
4 18 9.263503
5 2 11.290436
5 14 12.645444
5 16 7.805610
6 17 13.212620
1 15 12.743952
1 19 11.439865
2 16 7.939885
3 20 6.610781
4 18 6.270679
5 16 9.717257
1 17 5.681624
2 16 12.833491
2 23 15.849857
3 20 30.595898
6 22 32.018906
0 9 11.503257
0 10 9.774322
0 19 9.939988
6 5 13.282267
6 14 6.947092
6 19 10.767594
6 21 5.148486
6 22 8.534564
0 1 13.116773
0 2 5.775616
0 7 7.910073
0 9 12.171649
0 14 13.725373
0 20 6.617311
1 6 11.576373
1 9 8.744207
1 9 6.584577
1 21 12.231306
2 13 9.326965
2 20 12.171649
2 20 12.171649
2 21 8.560596
3 17 14.649190
4 10 11.935672
5 11 4.831194
5 12 5.096751
0 6 9.080080
0 8 9.073335
0 12 12.212516
1 12 4.857752
2 6 12.653075
3 8 8.752636
3 15 6.793236
3 19 7.390119
4 19 5.331985
4 21 8.813492
5 2 21.091810
5 8 8.949083
5 20 10.167749
5 22 10.147292
5 22 10.104973
6 0 6.694300
6 9 4.323860
6 10 8.663424
6 18 7.038208
0 11 13.823581
0 16 6.711649
1 17 9.535909
1 21 12.171649
2 12 10.662896
2 17 9.073335
3 14 9.740329
3 17 9.163426
4 20 13.845270
4 21 7.927572
5 7 3.617855
5 7 5.029142
6 9 9.291698
6 22 8.216077
0 20 14.608157
0 23 3.651461
1 5 9.740329
1 7 12.840748
6 15 13.524055
6 22 9.900673
1 9 11.713767
2 19 5.589985
3 8 7.067228
4 18 14.044210
5 19 10.932248
6 19 14.681825
6 22 9.281350
6 22 10.918389
0 11 11.129096
1 9 10.697520
1 15 17.186068
1 19 9.131558
2 8 6.982305
2 15 8.456077
2 20 11.926422
3 9 14.270638
3 13 8.392263
3 23 11.553220
4 0 10.100624
4 18 17.260584
5 0 13.309167
5 23 4.225204
0 17 9.459021
1 15 9.257205
1 20 10.187755
1 21 4.857752
2 8 6.124931
2 9 7.185631
2 20 9.401200
3 7 4.831194
3 22 12.828189
4 7 17.078482
5 11 11.473561
5 19 11.224251
5 20 9.580651
5 23 14.952036
6 1 13.997280
6 13 9.694840
6 23 10.584043
0 7 2.532418
1 8 7.229855
0 18 12.798309
4 12 9.927626
4 16 6.681871
4 19 7.322172
4 22 5.331275
5 15 8.216077
5 19 11.410921
6 22 8.192823
0 13 16.966272
0 22 6.058749
1 1 4.323860
1 7 13.881925
1 10 14.932341
1 11 13.773741
1 12 6.024522
3 8 9.580651
4 19 9.007357
4 20 11.661065
6 10 5.765616
6 16 7.840638
0 9 6.572595
0 11 16.085056
1 10 6.024879
2 19 4.831194
4 21 12.107790
6 8 12.337678
0 8 9.535909
1 9 17.893593
1 14 7.474526
1 15 10.685452
1 20 6.773481
6 14 39.380924
6 20 20.843916
6 23 25.901024
0 15 9.096584
1 20 7.698158
2 9 24.507883
3 15 9.542042
2 9 9.096584
2 16 11.469900
2 19 4.252977
5 17 1.884101
5 20 10.866806
2 18 4.252977
2 21 9.908155
3 11 8.322944
3 19 7.270953
3 23 15.128140
4 23 7.382317
1 22 4.442822
1 23 12.171649
2 0 14.113291
6 19 11.462785
6 22 7.748339
0 1 13.143030
1 11 8.352179
1 11 11.777053
1 12 5.975501
1 16 12.134600
3 15 5.874221
3 19 8.456077
4 9 11.473561
4 15 7.683759
5 0 11.698228
5 11 6.924717
5 19 11.592047
6 22 12.775446
6 23 10.915901
0 10 9.049372
0 23 10.063152
1 17 12.920566
2 12 5.895846
2 20 9.401200
3 2 13.997793
3 13 11.698228
3 14 8.833871
4 0 11.359441
4 0 12.266726
4 18 7.987823
4 18 9.542645
5 19 11.472363
6 14 12.340271
6 22 19.645741
0 10 11.582368
0 16 7.535743
1 21 6.018223
1 22 6.644085
2 0 8.456077
2 13 10.363399
2 14 4.796563
2 14 3.423245
3 13 11.661065
3 13 9.121775
3 20 7.343001
4 2 25.315380
4 13 2.393967
4 18 5.294523
4 21 8.693318
4 23 6.134400
5 12 10.149933
5 13 9.874997
5 14 12.901743
5 16 7.177879
5 17 13.319723
5 18 8.081387
5 22 15.922527
6 13 14.415998
0 22 15.183711
2 18 5.776318
2 18 4.472959
3 17 9.308878
4 17 11.314679
4 20 11.503257
5 14 12.210830
5 19 7.939885
6 1 15.315194
6 22 6.058783
0 22 3.872113
1 0 17.757694
2 15 12.694050
2 21 10.676602
3 21 12.210830
5 13 9.257205
6 0 13.101367
6 17 2.402364
0 2 17.133728
0 2 9.982503
0 17 11.132184
1 9 11.282335
1 18 7.322172
1 21 12.795218
2 19 15.121383
2 20 9.179349
2 22 11.661065
2 23 15.775310
2 23 9.580651
3 19 4.796563
3 19 4.873626
3 22 10.167749
3 23 13.319723
4 11 6.339833
4 11 8.528048
4 17 10.946652
4 17 8.366173
4 19 10.521414
4 21 10.932248
5 14 6.681871
5 17 4.751995
5 18 11.469900
6 16 6.835059
1 10 10.552958
1 19 7.906763
2 14 10.337213
3 19 5.270394
3 19 10.466426
4 18 6.267672
4 19 4.186891
4 22 11.376187
2 15 1.884101
2 18 12.598588
2 19 5.776318
3 22 4.151636
4 15 3.768202
4 15 9.152715
5 15 9.694840
0 18 9.401200
2 14 12.921515
3 14 5.284428
3 16 11.485791
3 17 6.124931
3 19 6.419216
3 20 22.809036
4 15 4.252977
4 19 9.678755
5 0 5.085468
5 19 9.672505
6 2 17.327919
0 1 8.970108
0 22 7.745542
0 23 9.535909
1 0 12.741158
6 15 22.506111
0 22 14.753980
1 11 10.063152
1 11 8.456077
1 16 11.469900
2 11 11.779016
2 11 18.844074
5 11 11.235369
5 15 14.514528
5 16 11.661065
5 22 6.568421
6 11 11.469900
6 12 5.458228
6 12 3.837250
6 12 10.337213
6 13 8.116255
6 17 8.325737
6 19 5.034763
0 8 4.796563
2 18 7.421197
3 12 7.584071
3 22 11.935672
4 21 8.788296
5 14 10.899984
5 21 11.001510
6 16 11.026655
6 16 7.885590
6 21 8.216077
0 1 10.586817
1 14 11.661065
1 21 10.337213
2 14 8.802939
2 18 6.524449
3 17 14.113291
3 22 12.756147
4 0 15.392337
4 11 5.589985
5 12 9.535909
6 18 11.830874
6 23 5.681624
0 1 14.254140
6 12 10.222272
1 1 11.503257
1 20 6.024879
2 19 9.579123
2 19 8.317452
3 20 6.637819
4 21 17.382862
5 16 10.167749
2 12 12.171649
3 2 16.100492
3 8 10.337213
3 11 9.859159
3 15 10.337213
3 22 8.813492
4 22 15.774499
5 20 11.502752
6 11 11.565960
6 14 8.512575
6 17 5.681624
6 19 12.340271
6 21 11.469900
1 18 8.207290
1 19 11.565960
1 22 12.274805
2 13 10.003754
2 16 12.308002
2 19 12.950071
2 21 12.926454
3 18 10.337213
4 19 11.730907
4 21 14.951664
5 12 4.831194
6 13 7.830124
6 20 9.410259
1 15 7.939885
