5 1 6.822700
0 10 10.368382
3 23 1.745523
6 22 8.207196
0 3 3.491047
5 1 5.250905
6 22 6.445034
2 14 7.046395
4 21 8.565918
5 7 3.235704
6 13 1.636395
1 14 2.950180
2 12 3.824014
2 18 5.236385
3 7 4.660952
4 7 4.637470
4 8 1.870166
4 11 1.485552
4 12 3.611428
4 14 3.035693
1 7 7.278984
1 12 3.272856
1 14 3.808414
2 7 5.610413
3 7 6.822700
4 18 6.160671
6 9 8.701536
6 17 3.491047
0 10 4.846989
1 7 6.991428
2 2 5.076648
4 22 8.185967
1 21 13.194668
6 22 5.236385
0 9 5.416950
5 23 6.446039
6 13 4.553539
0 2 10.254593
6 23 4.909111
0 17 5.236385
2 18 16.144657
4 14 3.447881
0 15 6.163744
4 19 4.833586
6 0 5.837712
6 22 8.727650
1 1 2.398353
5 5 5.339903
5 19 3.001266
2 23 7.222882
0 8 3.338425
2 23 5.236385
3 23 8.565918
3 7 5.155328
3 0 6.445034
3 0 4.333913
6 2 8.532534
0 3 8.164391
1 18 1.662370
1 20 3.878941
3 3 7.101568
0 22 10.474963
6 7 5.250905
6 22 5.625969
0 16 1.689182
2 1 6.756890
2 21 2.830578
6 3 9.425801
1 0 2.542767
0 17 6.446039
1 21 4.930615
3 22 6.375136
4 23 3.103164
6 22 2.514767
1 0 6.160453
1 0 9.976155
2 6 7.350746
4 5 3.491047
4 6 8.736767
6 7 3.447881
0 8 5.236385
0 11 3.626220
0 20 5.250905
1 6 8.724689
1 8 4.922723
1 13 6.411900
2 6 6.295044
4 7 3.447881
4 13 1.745489
5 5 6.982120
5 6 8.491435
5 14 3.032500
6 7 4.922723
6 8 6.982120
6 10 5.245870
6 21 7.068135
0 8 3.324806
0 9 5.067470
0 22 2.033978
1 7 6.983209
2 6 6.876814
4 5 6.996243
5 5 5.236385
6 7 3.491047
1 5 3.433816
1 7 3.286262
0 9 5.395462
2 20 3.051287
0 12 1.745489
3 23 9.798983
0 10 6.346860
0 11 9.078701
0 21 7.550573
4 4 10.474963
0 13 5.068531
0 23 9.008983
0 10 6.996243
0 13 8.822524
1 1 9.500381
1 3 4.760350
2 2 4.987033
2 4 6.996243
3 4 8.708683
6 21 4.556917
1 21 7.616858
4 0 26.186386
3 12 6.782815
6 20 3.462208
0 20 5.236385
0 14 3.689838
5 3 6.991428
6 3 6.983023
0 6 4.351526
5 11 3.958492
0 0 5.250905
4 6 8.704175
2 0 2.685367
2 1 8.565918
3 23 3.126322
6 23 8.610046
1 21 6.982120
1 18 2.562676
6 21 3.035704
6 10 5.164824
3 22 10.016371
3 22 4.189449
1 2 7.670680
1 19 3.550217
0 19 8.708683
1 21 7.222882
2 18 5.250905
6 18 3.491047
0 11 5.527268
3 14 3.491047
6 21 4.583518
6 22 13.134856
0 18 4.424051
6 4 6.868012
1 3 4.496460
5 21 5.828744
6 8 8.247677
6 20 3.878941
2 8 4.702302
1 21 3.740407
1 21 3.808414
5 9 3.491047
3 22 5.712420
5 19 6.996078
0 11 4.127606
1 1 5.148464
0 22 8.545648
6 23 5.722767
3 23 7.480550
6 22 7.201242
6 6 7.480843
6 7 5.712420
0 8 9.500381
6 5 8.931374
6 6 6.684747
1 21 5.728259
2 1 5.250905
6 0 8.913344
6 3 7.798821
1 0 7.684132
2 17 9.803454
6 0 8.856288
6 21 4.333913
6 2 4.987033
6 7 5.191013
4 13 4.909111
3 17 7.928102
6 13 4.028131
0 18 5.818206
0 18 6.446410
0 14 6.041983
0 8 9.435023
6 21 4.189256
3 9 8.728766
4 12 5.245870
6 2 5.523203
0 8 5.851904
2 7 7.109927
4 0 5.818206
5 21 4.132545
4 18 10.354863
2 7 6.983209
2 19 1.301264
3 13 19.536247
5 0 4.620340
2 8 7.616858
6 1 12.008769
6 17 5.154330
5 23 4.773550
0 11 5.245870
5 0 16.535954
3 19 3.392271
0 9 5.620575
6 8 5.159872
0 18 6.462962
6 4 6.163744
6 4 8.427758
5 14 4.930347
4 17 6.073879
0 12 8.427758
0 9 4.188384
1 12 3.867184
0 2 4.425114
6 13 3.491047
5 19 4.274751
4 21 6.867659
0 9 3.505346
0 10 1.415261
0 8 6.982120
6 1 9.015985
0 3 9.406924
1 2 5.250905
0 17 6.867659
3 6 3.491047
1 21 7.222882
5 1 8.708683
0 13 4.189256
1 18 6.445034
0 10 5.837712
5 22 5.712420
2 11 4.141476
3 13 6.315034
0 9 7.757882
2 13 3.443383
5 5 10.302400
1 6 5.150543
4 7 12.989410
5 1 6.698987
1 4 10.127565
0 6 10.310657
6 1 4.987033
0 21 6.982120
0 3 6.878756
6 1 5.164824
4 2 7.442983
5 20 7.232512
4 21 4.028050
6 21 6.376287
1 23 5.250905
2 23 6.558978
6 1 11.322356
6 12 8.085606
0 3 8.708683
4 7 5.067470
6 9 7.601720
0 9 4.745584
4 4 8.179396
4 17 7.450755
6 1 8.379971
0 8 8.584016
3 16 3.740407
5 21 6.982120
0 18 4.333913
5 23 4.842341
4 7 3.808414
1 15 3.491047
2 0 3.505346
6 2 12.109492
0 0 5.274100
0 0 5.150543
6 19 7.103710
1 22 10.054678
1 15 4.773550
0 17 5.250905
2 18 3.491047
6 8 7.222882
5 0 2.347309
6 3 6.876814
4 2 8.856288
6 2 6.347382
0 15 2.909205
1 21 4.612907
2 0 9.309493
0 15 5.828744
0 15 4.363721
4 1 5.620575
5 19 5.095179
6 18 7.014189
5 4 6.996243
1 6 10.583435
1 7 6.107793
1 13 5.245870
2 7 5.236385
3 10 5.686902
6 10 5.620575
0 18 5.681668
5 3 6.881550
6 0 4.427522
5 18 4.603642
5 7 3.689838
0 13 3.906522
6 20 8.011088
2 20 3.080335
4 19 6.594453
0 1 3.995102
0 15 3.491047
5 1 6.525973
5 7 8.860359
