1 21 10.560960
3 14 6.645983
2 20 10.097473
1 11 7.387747
2 22 20.526880
3 22 6.672846
5 9 42.508812
4 18 33.528034
0 20 32.850868
5 12 13.547924
3 21 15.120912
4 6 11.961410
0 13 38.374931
4 16 9.598897
0 11 16.262115
5 3 12.705715
0 3 19.839781
0 21 41.137558
6 9 11.438756
6 13 30.853168
5 20 12.498218
0 3 18.941465
3 23 13.746284
6 12 33.654430
6 12 7.138260
4 1 12.960781
0 1 10.952464
0 5 6.891652
3 9 7.911377
2 19 8.033224
5 8 6.782951
2 14 13.158615
4 11 12.735859
5 14 10.101884
0 10 27.746073
1 7 24.297625
1 2 15.120912
1 13 11.333587
0 23 21.679504
4 22 34.801868
3 3 38.057285
0 7 12.901371
5 12 31.760521
3 0 10.553082
6 3 12.131458
4 10 20.980827
1 8 13.547924
4 11 11.438756
2 14 9.587390
1 10 8.842113
0 20 11.682145
3 1 12.359906
2 19 14.940094
3 21 14.441414
0 1 13.991732
0 21 10.164572
1 8 40.517902
1 8 35.106236
4 21 26.425755
2 11 13.365096
6 12 12.999865
1 22 13.114365
0 12 11.804291
5 10 40.366577
5 0 10.237927
5 1 11.130143
3 7 7.775785
3 9 12.971027
4 6 12.406796
4 15 14.400868
0 6 18.134312
1 15 6.539022
3 5 20.747501
5 4 9.557919
0 7 10.264601
0 11 9.875630
2 7 13.285669
3 4 15.407252
6 16 11.879597
0 9 12.935819
2 13 10.940165
2 23 9.496142
6 2 10.542280
1 7 11.903289
3 22 10.453400
6 1 11.261720
6 14 11.602167
4 13 8.112407
5 23 16.474661
5 2 8.952483
1 22 5.263367
4 3 14.505071
1 18 33.292488
0 3 6.672846
5 6 13.341981
5 22 37.467873
2 22 23.911493
4 0 9.128327
5 21 13.411277
6 7 7.713876
1 12 15.120912
1 19 11.315645
5 20 11.796870
0 3 10.187153
2 9 33.814598
6 19 7.225967
5 13 14.728292
5 13 17.673409
5 10 6.155990
2 17 12.850162
2 13 10.761356
3 10 2.961375
6 22 10.133871
4 12 9.419831
5 10 14.444317
0 8 25.472397
3 19 10.076880
5 13 21.494905
2 14 11.596504
4 10 33.814598
6 4 14.463517
6 21 26.051336
1 9 4.021182
1 9 2.071972
3 3 10.898505
5 15 43.015865
6 5 18.185883
0 23 8.644368
4 4 7.589596
4 21 9.101691
5 17 12.651681
5 17 11.418318
6 4 16.262115
1 16 10.609579
4 4 11.695544
4 7 14.633141
6 0 15.055952
1 12 14.785484
1 3 11.296322
3 8 9.441538
4 2 11.924874
6 17 19.844086
0 2 7.982161
6 1 42.986858
6 23 10.342178
4 6 16.725725
1 23 13.167686
2 16 15.396901
3 0 17.684225
0 7 9.639837
1 8 7.037805
6 5 14.417556
3 15 12.278397
3 15 12.801243
4 10 25.371523
5 2 10.723436
6 19 34.043755
1 16 13.865101
4 23 25.161737
4 16 11.328454
6 14 10.663617
6 14 11.514813
1 13 11.617056
4 2 10.424913
0 13 12.642110
3 8 11.149264
4 12 10.982355
0 3 13.780701
4 13 8.858170
1 6 19.064821
3 21 13.476365
5 13 38.810612
6 12 10.719842
0 23 12.211306
1 22 10.737659
2 1 9.776571
6 2 11.782023
6 3 19.687088
3 1 15.445588
4 19 12.178849
3 21 9.976197
3 21 19.053720
5 10 33.665859
6 3 12.770975
3 12 15.120912
3 6 10.419204
3 19 14.417556
4 7 9.776571
2 5 12.960781
2 15 13.003867
6 16 10.341571
2 8 6.448016
4 6 12.642110
6 19 8.818175
1 8 9.526860
6 14 11.837253
1 7 8.658079
0 3 37.643993
6 18 15.120912
3 1 14.132624
1 18 22.902563
4 0 10.940165
5 23 10.419350
6 5 13.804816
4 0 8.436083
3 2 10.898505
6 9 9.338277
0 19 13.071225
1 10 27.271580
0 21 9.776571
0 21 7.664958
3 4 18.006460
3 13 11.453898
3 22 10.237927
4 14 10.641086
6 6 16.986845
0 5 11.874269
0 7 18.515402
2 13 14.171271
3 10 13.780701
1 21 13.302516
5 8 9.849482
0 0 12.061558
6 5 11.979952
0 20 13.930309
2 12 14.606036
6 4 22.208809
6 19 8.810915
0 23 13.676423
1 20 37.799206
2 6 13.116394
0 12 15.571731
1 2 16.374676
0 10 16.200977
3 10 15.169415
4 8 8.659657
1 16 10.760818
2 3 22.163771
2 5 10.541999
3 9 5.347347
3 16 9.486267
5 7 7.376203
6 1 19.314241
6 9 12.425570
1 8 7.819928
2 8 12.823690
3 16 13.510260
6 9 11.231205
0 0 17.146864
0 1 13.440538
0 8 13.975539
6 18 16.577097
6 4 23.051878
1 15 11.650055
2 15 11.338686
5 3 10.926597
0 2 14.873028
0 20 8.788441
1 23 8.190559
5 15 6.905464
3 22 10.932892
6 5 15.693970
2 19 8.046766
1 15 14.367602
3 20 36.150620
6 14 15.120912
2 11 5.178493
3 22 15.272484
6 9 13.180203
6 10 10.107981
1 10 8.164501
2 5 13.843093
3 7 18.778725
3 7 8.788441
4 8 5.653794
5 6 14.991856
6 4 15.120912
1 5 12.868237
2 8 11.555453
3 6 17.937508
5 6 12.983184
0 9 16.495541
0 10 9.035922
1 6 24.412426
2 7 9.494849
2 10 5.673769
3 16 21.612492
5 6 14.897280
6 10 13.434542
6 11 12.658203
0 11 14.252772
3 22 11.799602
1 11 13.289790
5 2 9.486267
3 8 8.065742
3 23 9.803392
4 10 30.431808
0 20 10.429988
6 2 9.356313
5 20 31.109947
1 0 16.801012
6 2 7.818902
2 20 10.593005
5 1 12.651681
5 1 11.996262
5 2 8.788441
6 12 18.838430
3 18 6.360403
1 16 9.443433
4 3 15.354685
5 20 9.488894
0 17 12.009995
4 3 11.231205
5 15 28.043882
5 15 21.372663
5 16 7.589596
