0 17 6.334308
4 21 9.044847
0 20 5.499708
6 18 5.701096
0 22 6.479240
3 15 4.958058
5 6 6.401691
5 7 6.171454
0 10 6.474933
0 11 4.055995
0 11 6.883483
2 16 5.796739
1 21 5.062490
5 11 10.466699
0 11 5.326873
1 1 6.629357
4 19 5.352936
5 9 4.855475
6 8 9.200544
0 1 8.499647
0 11 6.677084
0 13 4.744298
6 23 5.613387
3 20 5.246032
6 12 5.339663
6 18 6.843207
2 23 5.287973
4 20 9.483723
4 20 5.475741
1 10 6.631413
6 20 4.265798
5 13 6.615765
3 9 5.842167
2 0 6.861554
1 13 4.745584
1 23 11.044995
6 20 6.666691
1 22 3.023278
6 14 5.841464
1 8 5.337848
4 0 1.646722
2 13 4.579072
0 20 8.094883
6 20 7.298424
3 18 9.977284
3 19 5.393105
6 23 7.334650
2 18 4.410171
4 16 5.542663
6 15 4.783798
0 11 6.858998
3 15 4.979498
6 15 5.488156
0 18 5.326873
1 13 5.123327
6 12 5.989964
1 12 5.275544
2 7 7.655729
2 20 6.121641
6 18 6.226686
0 15 7.898579
6 22 6.792650
5 17 6.681295
3 11 23.593126
0 3 10.834257
0 23 9.196964
4 11 5.981477
5 16 4.579072
0 13 4.078236
6 23 7.406835
2 20 5.105941
5 10 6.069933
1 16 6.789257
1 21 7.692258
2 8 5.783687
3 19 5.292299
2 7 6.081169
3 0 4.199942
5 2 4.086467
1 22 7.280354
1 20 3.228939
2 11 7.848833
0 12 6.137517
0 15 5.257559
5 19 6.734585
6 19 4.680384
1 0 5.449579
4 0 7.198601
6 14 5.674067
3 11 7.472207
3 14 5.981477
0 13 5.275544
2 20 4.979498
5 12 6.305192
6 10 7.145814
1 18 4.979498
0 12 5.255897
2 6 7.584301
5 6 8.241274
0 22 4.078236
2 6 5.827516
2 14 4.945823
2 14 7.431879
5 20 5.022237
0 15 6.081169
0 16 4.678332
5 22 8.401903
0 18 5.123327
0 22 6.237776
4 11 4.894911
1 11 6.632620
3 17 3.234527
5 15 2.469558
0 18 7.485332
6 12 6.009016
6 12 4.991636
0 14 4.188978
0 11 6.081169
5 5 14.452319
0 9 8.499647
2 10 8.072416
4 12 7.384806
0 9 10.390169
0 14 5.278119
3 14 6.164583
6 14 5.655273
1 20 7.676672
0 15 5.749528
6 12 3.847808
0 1 8.658181
2 0 1.851487
3 20 5.945503
3 9 4.619377
3 18 5.301713
3 22 5.655273
6 19 5.105941
3 16 7.596743
4 19 7.408961
4 20 7.683475
6 11 3.445626
0 22 4.350119
4 21 8.677768
6 21 6.040662
0 11 6.255152
1 12 4.350119
2 9 4.483098
2 12 6.091488
1 12 4.251737
3 9 6.425979
2 18 7.455365
1 11 5.155136
0 12 5.589084
5 23 6.368109
3 9 6.958414
4 21 5.415654
1 14 5.908597
6 20 5.791589
0 10 7.941385
2 13 5.989964
2 14 5.801532
0 13 5.881332
6 15 4.402164
1 6 8.241274
3 22 4.869291
6 23 6.861554
0 18 4.745584
2 8 7.041770
0 10 6.081169
0 11 6.893363
6 17 4.940167
6 17 8.241274
2 14 13.044217
1 15 7.763194
6 11 6.144675
6 13 4.405649
6 21 7.016733
6 23 7.516724
1 12 5.022237
6 0 11.143414
6 0 4.705800
5 21 3.854124
6 14 4.638912
6 23 5.246032
5 15 7.676672
6 16 8.953971
4 19 6.634002
6 7 3.575742
4 18 6.139112
4 20 5.891768
0 13 5.367943
0 5 6.081169
6 21 9.943111
1 15 5.133984
5 23 16.109800
0 15 6.408524
4 23 27.905001
3 5 8.290550
6 19 4.035603
3 11 4.022251
2 14 13.845800
5 12 5.989964
1 13 5.326873
4 20 22.732483
0 8 13.219392
6 10 8.802485
6 18 6.764151
6 11 5.067640
3 19 10.082408
0 12 12.388754
6 11 10.965011
6 12 3.864877
0 16 8.641308
2 15 5.024368
2 20 6.188301
4 22 4.052507
0 16 5.244275
6 2 8.179640
5 20 3.905729
6 4 6.792650
0 13 5.055400
0 20 29.463156
1 16 11.889208
1 22 6.401691
2 9 6.913046
5 12 6.742011
5 14 8.653141
6 10 7.154316
0 22 9.428953
6 13 6.515538
4 14 8.593672
0 17 6.038006
0 14 5.981477
6 16 7.015565
5 23 6.633268
2 11 4.603181
4 19 4.027783
0 20 5.837303
0 14 8.856014
1 20 5.499422
5 20 7.033535
6 14 7.920416
5 18 7.015565
1 0 9.715377
0 14 5.782669
6 21 6.955391
6 22 4.078236
0 15 3.527123
3 20 3.919063
6 9 6.900556
1 13 5.749528
3 4 7.976257
6 13 6.038716
0 13 9.441803
5 19 5.626301
6 11 7.334650
6 14 3.375781
0 20 7.605049
1 15 5.625728
0 17 5.415654
0 16 4.423849
2 19 3.859531
4 16 5.326676
5 13 8.401903
0 0 3.447313
0 14 6.792650
1 1 9.199450
0 13 5.490483
0 11 3.181171
1 12 6.334308
4 9 4.350119
1 7 8.101226
4 11 8.507917
1 15 5.450285
3 16 16.878462
5 22 8.641308
1 10 5.210163
2 18 5.275868
6 16 5.212430
6 18 4.423849
5 5 8.641308
5 7 7.726194
3 9 4.528504
6 17 6.196514
3 17 5.796739
5 17 3.115100
0 1 6.423419
0 21 5.989964
3 19 5.529197
6 12 7.160504
6 13 8.225253
0 10 4.258794
1 19 6.099542
1 23 8.423383
4 9 2.470083
6 12 7.015565
6 17 6.333742
0 3 9.629747
0 4 8.641308
6 15 5.891768
6 20 11.231385
6 12 5.989964
2 12 6.141340
1 14 4.958058
0 11 4.499569
0 12 6.861554
1 13 5.022237
5 18 5.891768
0 3 11.248740
0 21 3.553453
2 19 2.181602
6 11 8.062963
3 23 7.496291
4 8 5.995034
1 8 7.281147
6 3 9.947899
6 12 4.935522
6 13 2.184198
3 17 4.992454
5 0 5.945503
1 15 10.179443
6 13 6.081169
0 18 6.381812
1 6 7.145814
1 17 6.141338
1 19 7.313970
4 18 5.220142
5 14 7.514224
5 21 4.713177
0 17 5.128176
6 10 5.945503
6 15 6.534506
4 9 5.105941
6 9 6.689228
6 10 7.280208
1 10 4.941234
4 22 5.194417
6 10 4.880039
6 17 5.062490
6 23 6.817298
0 16 4.500123
4 17 6.681295
0 13 5.798064
0 18 8.401903
6 15 7.443976
6 13 5.364522
6 12 3.372285
6 16 5.132030
0 15 8.499647
