4 17 3.455591
4 21 6.395745
2 16 7.249685
5 0 7.015824
0 2 9.373885
0 11 3.516150
0 7 7.372561
1 7 4.656138
5 0 7.715353
1 11 10.819336
5 3 14.556364
1 15 4.811342
4 0 4.265845
5 12 6.564871
5 13 9.327058
3 22 7.938340
6 5 8.003099
5 10 5.634523
1 9 9.103162
2 13 4.811342
4 22 3.148428
6 8 6.328276
2 10 7.130837
0 15 2.361321
1 12 4.243099
0 21 7.329585
1 5 9.694898
5 23 7.130837
1 10 7.249685
2 0 13.260734
5 21 3.818551
0 5 12.551081
3 11 10.800632
0 20 5.753287
0 2 6.229230
4 7 5.152107
2 18 3.852287
1 20 9.657675
3 18 6.745119
2 0 7.217035
0 4 9.767927
2 20 4.579813
3 0 5.357604
5 0 9.759127
2 0 8.713463
6 1 13.570233
2 7 5.642983
3 22 5.287435
6 0 14.809389
6 23 4.811342
4 23 9.669414
5 1 6.492255
5 23 3.484775
6 15 6.904461
0 13 2.485601
0 14 5.155010
3 13 4.656138
1 21 6.189108
2 16 4.852314
2 19 8.747895
5 18 3.843154
6 1 5.187390
6 3 3.728401
1 11 8.176730
6 10 7.209428
6 11 4.811342
1 5 4.732468
0 1 8.604949
3 23 7.209428
6 4 10.373498
6 22 4.392536
0 21 8.642112
1 9 4.123651
4 23 7.329585
1 22 9.672209
3 19 8.090561
1 2 7.726140
4 4 6.387378
5 3 10.653110
6 14 5.891439
0 0 7.139807
2 9 6.644060
3 20 19.436274
4 23 1.475825
4 19 4.441239
6 3 8.471473
2 13 12.790963
0 12 1.889057
5 17 6.639873
6 1 15.687120
5 7 6.713501
1 11 4.818733
5 22 6.099454
0 22 4.056049
0 12 8.682376
6 22 7.249685
3 8 6.185389
6 19 6.343988
0 17 4.656138
5 14 11.347657
0 21 4.811342
1 4 12.017628
6 1 4.204093
5 0 9.633524
0 1 5.751907
3 3 14.015159
5 21 8.210687
3 19 10.297577
5 8 8.304891
0 2 7.856466
0 3 9.217653
2 0 14.979835
4 1 16.005430
0 3 10.146788
0 9 9.456110
0 12 4.879563
1 3 9.470335
6 16 4.811342
6 23 7.249685
0 23 8.449953
3 3 9.354693
6 11 5.273847
1 20 12.119708
6 4 7.798567
6 9 9.083114
0 0 3.701851
2 20 7.479372
4 20 3.186274
6 13 7.249685
0 22 12.261481
1 19 9.607797
0 19 5.273847
0 16 4.830154
1 22 6.439966
5 18 6.150138
2 1 8.898791
2 21 7.209428
4 10 5.738473
0 16 4.732468
1 21 7.329585
2 0 7.908747
0 11 5.273847
3 20 5.154567
4 8 5.042739
5 9 6.313883
2 8 8.068477
6 23 6.470774
3 21 3.455591
5 20 5.340798
5 21 2.259059
0 14 4.056049
6 17 7.373174
6 18 5.136383
6 22 4.811342
0 23 8.476434
1 3 4.931861
6 20 5.941841
1 0 7.217013
4 21 9.694898
5 14 4.052550
5 23 4.811342
1 17 6.435519
4 16 3.851783
0 22 7.249685
4 22 6.612550
0 19 4.879563
6 22 7.294301
3 8 3.916466
2 22 8.663250
3 19 6.489260
1 21 12.813927
2 1 4.811342
5 4 9.083114
0 3 6.663260
3 4 9.660468
3 19 4.879563
2 22 7.130837
4 12 9.102052
5 6 9.942022
5 1 12.213140
5 2 15.411147
6 21 3.728401
1 21 6.229230
2 17 4.879563
5 1 9.942022
5 21 4.726065
6 7 7.249685
6 10 7.453815
1 20 5.345936
2 20 7.487734
1 2 8.850745
5 23 8.097208
6 23 4.528321
1 21 7.873527
1 11 8.166558
4 19 9.254916
3 23 13.644180
6 18 8.121013
6 17 8.134131
3 2 9.942022
4 20 7.991574
2 19 5.528453
0 2 12.551081
0 12 3.025526
1 9 6.161367
6 21 5.448398
6 7 10.764665
1 23 5.891439
2 23 9.146059
6 4 4.811342
2 23 5.878989
6 15 5.304647
5 1 11.540869
5 11 7.133001
0 0 8.546987
0 11 2.123135
1 22 7.696146
4 20 4.892890
2 3 13.884954
1 19 7.249685
5 14 3.134883
5 20 9.657675
0 19 8.126024
2 16 5.619563
2 21 4.775532
1 12 8.365021
0 0 9.796898
6 23 8.647075
2 17 6.316343
2 23 8.715690
1 1 11.706984
0 6 9.192312
4 2 9.499352
0 13 8.166558
2 0 8.078256
3 0 6.772910
1 20 4.852314
6 20 2.567113
6 19 6.439966
0 13 2.833585
3 1 7.087795
5 18 6.002161
5 23 5.055266
0 2 10.212623
3 2 7.690267
4 21 4.977162
5 1 12.537629
5 18 4.992505
6 8 9.561172
6 10 7.499674
3 19 6.184491
4 11 8.983153
0 4 17.418447
3 2 14.734264
2 3 14.734264
0 0 6.614694
2 22 14.519931
5 0 6.488934
6 2 7.716806
0 3 9.192312
0 7 10.241838
0 19 9.694898
6 19 9.622684
6 21 5.273847
6 4 13.628907
0 11 2.010137
1 14 7.130837
4 11 5.273847
4 19 4.879563
6 9 9.672209
0 18 5.667788
2 5 7.329585
2 5 4.879563
2 6 11.403234
2 13 4.879563
4 20 5.155010
3 11 8.521978
6 23 4.799571
0 0 3.811034
2 8 4.811342
1 9 6.714958
1 7 8.283040
1 10 6.598172
1 11 4.394547
1 14 8.457213
6 16 4.811342
6 20 6.477278
0 3 5.287305
5 4 9.931604
5 22 13.262139
0 21 5.273847
0 14 3.223138
3 13 5.755455
5 19 2.777532
6 14 4.816608
6 20 21.487587
0 16 4.740154
5 18 2.285149
2 6 7.463408
2 9 4.879563
5 8 9.396324
6 9 7.249685
6 9 5.137491
6 13 2.361321
6 9 2.944890
6 10 8.018904
1 0 5.571176
1 18 12.551081
4 12 6.685411
3 14 21.567207
0 13 6.921816
0 8 8.302610
6 5 12.225683
2 5 8.602620
5 1 6.457250
5 23 8.215459
5 23 9.696509
0 5 7.249685
0 6 5.715260
4 12 7.453815
0 12 6.210377
0 22 7.142485
4 18 4.504358
5 21 6.664178
0 18 10.358604
2 18 4.879563
5 14 3.648835
0 1 10.722583
0 2 9.269995
1 6 18.205420
5 9 5.323160
5 18 1.165957
5 19 3.667221
5 22 9.942022
6 12 7.594707
1 21 4.811342
1 22 8.984472
3 13 2.567113
4 15 3.685642
6 2 7.130837
6 2 7.118943
6 20 4.811342
0 1 9.177252
6 3 10.800632
0 17 4.799571
0 23 7.015824
1 1 14.979835
2 0 7.908747
3 0 10.129248
5 19 4.811342
6 10 12.963737
0 19 7.442184
0 23 8.521478
5 10 8.619469
2 0 9.041619
6 20 6.870632
0 3 9.849899
2 21 14.391210
4 2 6.320142
0 3 7.716806
0 17 6.980557
0 23 7.015063
1 1 12.790963
3 19 1.995482
6 10 6.089921
6 13 5.398179
0 2 15.165127
0 8 7.590330
4 10 2.762690
1 9 5.942907
4 23 4.985978
2 22 7.908747
0 18 4.799571
5 0 7.272344
5 20 10.989377
3 0 9.470335
0 18 13.833605
2 23 5.423926
3 0 12.033934
5 12 7.397237
0 15 7.591293
0 22 7.349339
1 8 3.816505
3 19 5.187390
2 15 5.779593
4 22 5.753850
6 6 9.019366
5 23 5.667170
