0 2 10.112020
1 19 13.173043
1 10 4.054211
4 9 9.749612
2 14 7.645428
4 12 38.127716
1 12 7.366971
4 15 14.254950
4 10 5.968059
0 15 44.393291
0 18 7.867583
1 14 14.987336
4 1 7.996560
6 21 7.234471
5 12 12.576871
0 15 3.623247
0 20 43.386711
5 0 18.874159
5 8 7.508260
5 14 21.761303
1 6 8.463351
5 11 10.343561
6 22 4.576166
4 14 7.505374
5 22 6.651796
1 20 12.448055
3 19 10.165893
1 17 22.153091
0 16 12.002853
5 14 9.398641
5 23 9.647198
2 17 23.888454
3 18 8.411126
1 17 7.345662
0 23 9.026480
1 11 7.547231
3 2 5.606514
6 15 11.319401
3 14 1.964767
3 14 4.501147
4 12 6.885193
6 23 44.962624
0 2 21.187307
0 4 12.469937
5 12 8.610134
1 12 8.388893
1 11 41.251896
2 12 14.490057
6 11 5.452308
0 12 14.140269
6 5 10.720245
0 3 9.823709
0 14 37.686234
2 22 4.080346
5 2 8.378486
5 20 9.383901
6 4 25.170511
3 20 10.045609
0 2 9.643113
1 15 9.269848
5 8 25.483995
2 13 3.126499
5 0 11.383733
3 15 1.964767
3 15 4.607584
0 19 12.427017
0 12 7.689735
5 13 5.246972
0 16 5.746615
3 13 7.282675
0 2 11.447767
0 18 7.585119
0 13 9.464362
0 21 13.027857
0 22 9.404157
3 11 8.458373
5 9 5.642792
0 14 6.540933
1 22 6.619596
2 11 41.996815
6 23 5.159234
0 7 10.014730
0 19 13.384912
0 20 13.822160
2 13 4.823857
5 8 7.966831
1 17 8.108996
2 22 12.111857
0 1 11.319401
0 13 4.228586
6 3 41.185349
0 21 7.612536
0 23 6.745071
0 4 12.344869
5 10 6.660096
0 6 7.732643
0 12 9.410935
4 7 8.714308
5 12 8.871862
3 9 3.996910
5 7 14.664948
2 15 5.595675
0 1 6.090029
1 17 2.619690
1 17 14.437456
3 2 32.292870
6 23 10.939553
2 5 7.487741
6 21 33.075920
1 7 11.703110
0 2 5.285995
6 8 13.026001
3 22 10.367455
1 6 23.966255
2 8 6.674908
0 1 7.165449
4 10 4.361398
4 18 8.550050
1 22 15.315489
2 17 12.346862
0 14 8.550361
6 14 14.299747
5 15 4.371621
4 10 5.530654
0 18 17.253965
3 9 5.855366
5 20 12.554245
4 7 6.143580
0 9 8.974353
0 23 16.534063
4 21 9.741714
1 16 9.083714
2 9 10.827225
5 13 2.766100
0 4 13.132994
1 15 38.432560
1 15 43.092781
2 11 9.469554
6 18 6.433705
0 19 7.638169
2 17 11.934098
3 13 9.960392
3 23 24.324102
0 2 11.989727
0 20 10.433332
1 17 3.215016
2 12 35.714718
2 20 6.771515
6 20 9.874140
6 0 10.102466
2 9 7.804105
3 16 3.647575
5 19 12.912457
0 0 15.544923
4 4 30.931631
4 1 6.094352
2 19 5.920556
3 2 14.151706
4 1 6.126307
6 2 13.845601
6 17 6.644102
6 23 8.089558
1 11 3.715302
3 20 6.439859
0 13 12.195913
5 8 6.292832
5 15 10.922955
6 16 9.146101
1 18 9.771555
1 0 10.727538
2 8 7.295484
5 14 3.740854
5 18 6.642345
0 9 5.462116
1 22 14.114677
6 3 7.233585
1 8 13.906333
0 3 10.857453
1 0 6.018978
3 9 8.217057
2 15 11.909836
2 15 6.754837
6 10 7.477187
4 15 1.742884
5 1 18.966881
1 3 7.835962
6 20 16.024656
0 3 6.143126
0 14 8.411126
2 20 13.935953
4 22 11.573462
5 17 11.633081
5 2 9.610010
0 22 9.388810
5 0 11.124744
2 21 16.382744
3 8 7.250034
3 21 7.136753
2 23 10.134193
4 10 10.126266
6 12 6.009571
6 20 3.563662
0 8 36.004898
2 19 4.768788
1 6 11.319401
3 17 5.771412
1 0 7.693202
5 5 44.753204
0 18 7.430727
4 18 5.739272
5 1 11.711424
0 14 4.372034
4 23 22.945515
0 21 1.876952
4 0 5.561361
2 10 14.526905
2 21 15.528536
3 12 8.388940
6 4 19.289246
0 22 5.644714
2 10 9.504165
1 3 19.662092
4 19 19.503075
6 2 10.577581
3 0 9.763922
3 0 17.467783
3 15 1.356727
4 0 10.833099
3 19 5.920306
2 8 7.201877
6 14 12.856627
0 11 4.207047
4 14 7.487741
2 20 13.175895
4 14 7.418526
6 19 2.567476
0 18 6.037785
5 23 11.051414
6 8 5.383725
0 10 10.639248
4 23 38.325012
1 2 28.515778
4 8 26.232996
6 19 7.878424
5 22 13.573929
6 18 8.545901
