2 10 15.252715
2 18 7.568945
3 15 1.359139
3 15 4.645627
6 15 17.702995
0 0 11.370616
2 19 9.741604
3 9 2.990793
4 19 4.027179
5 15 9.305412
2 8 5.032763
2 15 8.945333
3 12 3.227273
4 15 4.436723
6 18 8.566092
6 18 19.726868
6 22 7.866371
0 9 13.869707
0 14 38.308357
2 18 4.938993
4 9 19.476091
6 18 14.528579
6 18 3.511110
6 18 18.590481
0 7 4.362778
2 5 5.732353
2 6 15.001887
2 12 7.672189
4 18 8.283129
5 20 16.938774
6 17 6.068086
6 20 18.218699
2 12 11.789151
4 12 14.569465
1 12 2.958333
6 8 2.958333
0 3 6.165152
0 11 6.165457
1 17 7.569901
4 10 2.958333
4 19 8.957949
4 19 12.438104
6 18 4.362778
0 18 2.958333
2 23 5.970214
1 9 17.293659
6 21 12.397048
0 10 4.535505
2 0 4.291257
0 1 9.445673
3 9 16.791950
1 21 2.958333
4 0 15.922826
6 17 5.210246
0 8 21.407526
0 15 15.169804
1 0 11.108749
2 17 6.725953
4 16 6.064384
5 16 3.537387
6 19 33.090717
0 12 6.064384
4 16 6.213056
5 7 11.577888
5 14 9.631901
5 19 5.265749
6 23 13.983087
3 19 11.797191
3 22 14.181267
4 17 22.534237
4 21 9.432911
5 14 20.523899
1 11 8.068183
6 20 16.501837
0 12 8.144808
0 12 7.569901
0 14 6.064384
1 17 6.310135
4 19 6.064384
4 19 31.120161
5 11 2.909836
3 21 9.248186
4 20 22.250879
5 18 9.248186
0 2 10.431157
0 20 21.569664
0 22 21.770365
0 22 4.950259
1 1 15.518954
5 19 8.566092
6 15 8.092076
6 16 1.094372
6 16 8.412574
1 11 4.985345
1 16 6.174589
2 9 19.667141
2 19 6.269957
4 17 10.753518
4 8 4.870416
4 13 5.032763
5 15 2.958333
1 9 5.691191
1 17 7.905303
1 19 17.292799
2 0 13.821747
3 21 13.598166
4 0 30.829105
6 17 9.381639
2 23 7.569901
3 7 6.725953
3 14 8.884075
5 0 17.496986
4 12 7.159252
0 12 16.817261
4 7 9.567466
5 18 6.880859
4 18 12.224758
2 17 4.291257
4 4 11.284250
0 12 17.435217
6 16 1.359139
6 16 11.994365
4 17 6.844892
5 17 6.165457
1 10 11.238547
1 23 7.218258
3 18 9.489961
4 16 5.071713
4 22 12.283614
5 17 11.556415
5 18 4.087650
6 16 12.190431
2 1 38.587765
4 17 5.181800
4 18 34.297962
5 11 20.342117
5 17 7.785050
6 9 8.627594
6 10 6.064384
6 17 10.522327
2 19 10.778860
5 23 5.521305
0 17 1.642536
1 17 16.253908
4 14 2.385050
4 19 11.013692
5 14 5.937739
2 22 2.909836
4 20 9.114919
5 22 5.440109
6 7 11.228872
6 23 12.552155
0 15 15.653186
1 23 12.748281
2 0 6.165457
2 9 6.778160
4 23 16.036491
4 17 5.694665
1 9 9.221708
3 6 8.814359
4 13 6.064384
6 12 11.463779
6 17 9.485319
3 10 15.970116
4 14 3.114035
5 13 18.600897
6 11 6.169221
0 23 7.576036
1 17 8.388809
2 7 7.270425
2 23 6.064384
3 0 5.830094
0 20 18.885036
1 12 35.147743
1 20 16.813280
2 12 7.568945
1 20 2.006348
1 20 7.568945
6 21 2.958333
6 19 13.828645
0 1 13.784110
2 18 8.569699
2 21 9.083881
3 21 8.814359
4 15 11.577254
4 18 15.586566
4 20 6.165457
5 18 14.381316
6 0 12.749595
0 20 24.458256
2 14 15.136326
2 21 5.604961
5 18 6.165457
6 19 12.397048
6 20 6.725953
2 7 9.446404
2 13 6.064384
2 15 22.326576
2 18 4.890581
2 20 13.926144
3 13 2.773438
3 17 10.533329
3 17 7.217411
5 18 6.397099
5 21 22.497557
6 1 14.106772
6 19 14.204372
6 22 9.113151
6 21 7.113989
6 21 10.770020
3 10 5.774391
0 11 24.148405
3 18 10.836052
4 18 6.165457
0 17 6.165457
1 16 8.939478
2 18 9.850443
6 14 4.592398
6 23 10.226921
0 18 6.009258
0 19 8.939478
0 23 16.637287
1 18 8.353479
2 6 6.165457
2 11 21.645613
2 20 5.472218
3 19 8.427914
4 1 11.768603
0 18 17.309889
1 19 7.445804
2 19 6.165457
3 0 10.899987
3 13 6.125885
3 19 6.165457
5 15 3.060345
6 17 12.275516
0 19 7.325711
2 9 7.726011
2 18 2.658957
2 19 5.210246
2 22 7.971400
3 18 12.542520
0 19 6.881728
0 21 21.630789
2 23 8.735102
6 10 24.025541
6 8 13.265162
6 15 7.118332
6 15 6.725953
3 21 18.341761
3 22 6.992252
6 11 9.802110
0 17 5.754142
2 15 5.691191
4 18 5.966571
4 17 7.549540
5 18 7.607570
3 17 10.391044
6 16 22.685337
6 17 10.229218
3 21 11.873200
2 19 26.514023
2 17 4.990260
2 17 16.788734
3 0 11.349812
6 22 20.716961
0 5 25.009296
1 13 7.262774
5 13 13.811996
5 16 4.611097
5 18 4.611097
6 11 5.032763
0 18 12.610790
5 19 1.504761
5 19 3.169643
0 12 5.754142
1 22 7.972243
4 8 2.478430
4 8 6.725953
3 8 14.558465
3 10 3.683933
0 18 10.764096
3 11 5.780116
5 21 6.897007
6 1 11.503389
1 22 21.929159
2 8 25.725334
4 1 8.826285
6 6 10.065466
6 8 7.151582
0 8 21.407526
6 19 4.587819
0 2 7.239689
0 21 22.770704
3 6 13.621198
3 22 12.412930
4 6 21.066658
4 6 2.958333
4 7 11.081654
4 23 12.552155
5 6 5.938951
5 12 3.622449
5 21 11.977464
6 7 10.968801
1 6 7.816845
1 14 12.016927
2 16 6.605847
4 15 5.916667
2 12 4.362778
2 19 10.391044
2 9 6.068556
2 10 2.958333
3 20 6.489955
3 22 9.704701
1 8 5.807034
4 19 10.899987
0 13 13.367351
3 18 9.333008
3 22 9.485319
4 0 12.190431
4 9 5.047315
5 11 6.169221
1 17 5.032763
2 17 4.564542
3 6 11.499073
3 22 12.657687
5 20 8.190470
6 18 9.695062
1 18 19.994926
1 18 31.609419
4 20 16.814882
5 17 31.735518
6 0 9.999651
6 1 8.939478
6 15 5.152584
6 22 3.851016
4 19 8.110608
6 17 6.987601
0 23 9.219466
2 7 19.836756
2 7 10.391044
2 16 13.724792
3 15 6.064384
4 15 6.064384
6 16 9.932753
1 12 11.353671
2 18 4.417299
3 19 14.834364
3 23 16.732893
5 11 12.509842
6 7 4.950259
1 10 11.387037
3 20 7.597502
4 12 13.598166
5 0 6.605847
5 19 6.826924
6 8 17.814051
2 19 12.290002
3 15 2.718278
3 15 7.113989
3 18 5.988732
4 18 7.569901
5 7 4.938993
2 7 11.081654
4 9 6.064384
4 21 5.966571
5 7 11.269479
6 16 9.741604
1 9 4.362778
1 17 10.602160
1 19 11.410098
2 13 8.199175
5 14 8.109584
0 11 10.694923
1 15 8.144808
4 20 11.872735
4 23 9.768995
5 14 12.183102
6 17 4.592398
1 6 9.180008
1 9 3.008475
2 12 5.591959
5 9 4.645627
1 6 15.215140
6 11 7.229047
2 13 15.126684
3 20 8.029473
4 11 12.128161
0 22 3.349057
6 19 12.973385
6 20 7.692930
6 23 9.437296
0 2 32.984421
1 14 16.732893
1 19 7.821146
5 11 6.273784
0 7 8.922064
1 16 10.094629
0 10 5.970214
5 12 16.717567
0 4 5.582397
0 5 13.988481
3 5 19.095764
5 17 7.218258
6 18 10.785987
6 19 5.780116
5 8 5.604961
0 16 13.992867
3 21 10.585811
5 5 6.438343
1 16 6.064384
1 17 6.165457
1 21 9.067106
0 19 6.881728
4 10 32.298790
0 1 24.822485
1 20 6.165457
2 16 3.830302
2 16 2.958333
4 10 9.342106
1 16 19.480444
1 23 7.113989
3 15 8.602963
1 16 9.654836
1 19 9.805443
2 18 4.256397
3 19 10.778863
5 11 7.270425
5 13 4.592398
5 14 10.567163
3 19 6.165457
0 5 14.655072
0 23 5.206307
5 11 4.718215
5 17 11.997252
6 2 10.364755
6 16 22.206656
2 12 6.243049
4 20 6.489955
4 23 3.169643
5 17 7.084119
5 18 7.968317
5 19 13.095272
5 21 12.203986
5 17 8.144808
3 18 16.178982
3 20 18.709890
0 16 3.008475
1 20 18.218699
5 5 40.885117
3 0 4.362778
0 8 10.099563
5 4 11.238547
5 7 22.582754
0 19 8.412553
4 17 5.754142
4 22 14.852612
4 19 14.500148
1 14 2.958333
4 10 6.064384
2 14 5.130879
1 9 4.492956
3 11 5.538952
5 14 15.474066
0 12 5.443430
0 20 10.487801
1 22 7.270425
4 21 2.478430
4 21 2.773438
2 16 2.431507
1 18 4.222043
1 18 4.932121
2 18 5.284678
3 18 10.391044
0 11 10.094629
1 13 6.165457
2 21 7.732093
3 9 3.008475
3 12 4.012697
3 12 8.041901
5 1 23.576109
5 6 12.330914
1 13 12.360940
1 14 15.126684
2 8 9.578012
2 14 8.939478
2 18 5.638380
3 17 9.591733
4 15 5.691191
4 17 9.768995
5 6 12.538774
5 19 9.741604
0 5 10.220699
0 12 6.986719
3 7 6.064384
3 13 8.220610
3 15 7.569901
4 6 12.360940
5 11 10.719845
6 11 12.389595
0 9 10.768067
3 16 6.881728
0 9 13.422793
0 10 6.165457
0 18 13.360989
1 18 13.504103
1 20 10.513777
3 16 3.949514
1 18 5.595924
3 17 8.257031
1 19 6.064384
3 11 6.169221
3 18 6.806604
3 20 20.150972
4 23 9.487345
5 8 11.800576
5 14 5.607334
5 16 8.939478
5 20 6.064384
0 5 9.648866
0 13 7.008632
2 15 4.362778
3 10 12.448751
3 16 24.629213
3 16 20.150972
3 19 13.560007
4 16 18.496372
4 20 15.482585
4 22 6.064384
5 23 2.867655
6 7 12.943185
6 19 15.126684
3 19 5.966571
4 16 5.754142
4 16 15.265409
4 19 18.218699
5 20 6.064384
0 19 22.941977
1 2 13.201611
1 18 9.333008
1 19 10.220699
2 17 8.411001
5 15 6.064384
4 22 5.032763
5 13 6.710351
1 6 6.730811
1 10 4.476557
1 11 21.568529
5 2 23.847116
2 16 5.033974
4 15 13.109375
1 11 7.568945
1 9 7.568945
5 11 4.689251
5 20 11.800576
0 4 8.973390
2 7 17.195436
6 21 10.176591
0 13 10.391044
0 13 22.478674
2 9 4.213424
3 15 5.032763
5 19 2.862903
6 11 6.169221
1 19 1.452873
1 19 5.032763
2 23 14.404376
5 12 16.710009
5 19 12.903517
0 16 10.391044
1 18 7.569901
2 18 5.871864
3 6 12.895317
5 6 10.229218
5 7 11.977464
0 14 21.056583
1 9 15.929196
1 12 6.027592
2 9 4.759394
2 18 5.638380
2 19 4.611097
4 18 4.683638
5 3 8.139526
0 17 11.269479
1 6 12.281408
1 18 3.784950
1 19 11.428173
6 20 9.757204
0 15 1.296410
0 15 5.392246
3 8 21.066658
3 8 2.817461
6 14 6.850508
2 9 13.856423
5 2 11.012322
5 12 4.645627
1 17 6.850508
2 8 6.068086
4 5 20.150972
5 9 1.428248
5 9 5.364540
6 13 1.404444
6 13 5.784306
6 23 5.129205
4 4 13.375246
1 22 13.375246
2 19 16.479771
6 23 4.611097
0 18 9.316813
0 23 7.445804
1 2 15.126684
1 23 13.866104
1 23 15.135806
2 2 7.569901
3 6 11.439924
4 10 15.511471
1 19 5.953751
1 19 22.013111
1 18 6.025461
2 1 11.572745
6 12 11.919303
6 15 8.251825
0 16 9.970433
0 22 14.630884
2 10 5.968986
3 9 19.587948
4 16 11.499073
4 17 2.909836
6 18 11.463779
2 6 14.693952
5 22 5.930020
1 9 6.730811
5 9 3.906965
5 10 5.659811
5 11 31.609419
1 7 5.754142
6 18 31.609419
0 19 6.094399
0 23 5.604961
3 17 6.064384
4 9 6.711162
2 5 2.958333
2 6 7.095886
2 12 7.697233
0 20 11.252706
1 1 14.839760
2 11 9.873784
2 14 5.167406
2 18 10.143427
2 23 6.725953
3 13 6.068086
3 19 7.569901
4 13 5.032763
4 20 11.081654
5 12 4.950259
0 7 5.518579
0 12 10.567163
0 16 11.815865
1 16 10.017976
2 15 1.560493
2 15 6.378059
2 17 6.064384
3 13 7.828571
3 15 4.090104
3 15 7.568945
4 14 18.821911
5 18 10.749356
5 23 19.991291
6 0 18.303097
6 8 6.381953
0 6 6.165457
0 13 6.165457
2 15 12.526896
2 16 21.574255
2 16 5.659811
2 22 12.689592
3 14 3.241024
3 14 11.269479
4 14 9.525289
4 15 3.480392
4 20 12.486098
5 5 5.032763
5 15 7.568945
0 16 4.674405
1 22 11.245940
2 9 4.611097
2 14 4.362778
2 14 2.698510
2 21 14.407037
4 14 1.247148
0 3 12.183102
0 17 11.247424
6 7 13.855673
1 0 11.704421
1 20 17.277973
6 12 10.391044
5 20 13.764389
6 14 23.321293
6 18 19.994926
6 18 40.451729
0 0 8.393354
1 16 3.370665
1 16 6.064384
1 18 10.785987
2 6 5.547439
5 9 7.886090
6 19 17.016500
6 21 4.682626
1 8 6.583454
2 19 9.775926
2 11 8.961265
4 15 8.280555
4 21 13.724792
0 13 19.820629
1 3 7.449506
2 3 7.573664
4 0 15.388070
4 1 4.362778
2 10 5.032763
2 10 10.792356
4 20 11.081654
1 19 4.163918
2 6 12.678573
2 15 10.391044
2 19 7.665611
5 2 11.499073
5 18 6.165457
2 9 7.568945
2 14 6.489955
3 20 9.186159
5 14 8.110608
3 8 2.610294
3 14 9.409976
6 9 18.526548
6 19 13.375246
0 21 5.930020
0 21 11.613165
1 10 5.133451
0 16 8.411001
2 9 5.077184
2 12 1.478362
2 12 10.475661
2 18 12.302523
3 8 2.862903
3 9 2.407618
3 9 4.645627
3 18 9.531939
3 18 11.990587
6 20 10.438052
2 9 10.220699
4 9 1.337566
4 9 6.169221
4 11 2.817461
4 18 10.785987
0 18 8.015568
4 7 11.997252
0 16 9.168569
2 14 4.862655
4 8 6.025461
1 10 9.219466
0 16 7.697233
1 15 5.604961
2 15 30.440586
0 9 7.216819
0 12 10.620723
0 17 5.968986
0 18 8.168164
5 14 10.391044
6 10 13.709380
0 0 11.150547
0 11 15.906349
3 15 4.362778
4 15 4.362778
6 8 8.602963
6 9 9.333008
6 12 8.104002
6 18 6.165457
0 0 4.291257
5 15 9.446404
2 16 10.726087
2 17 11.962199
5 13 6.068086
5 17 6.605847
2 18 6.165457
2 19 3.480392
3 16 2.730769
3 17 12.791262
4 11 9.588826
4 17 1.532121
4 17 6.165457
0 23 6.850508
0 9 6.165457
0 11 11.950105
0 18 9.452786
1 17 36.698616
1 18 12.756118
2 17 6.165457
4 10 10.553956
4 13 22.636755
0 15 17.309889
1 13 8.792929
4 11 5.032763
5 9 4.291257
6 6 5.638380
2 15 10.391044
5 15 9.305412
6 19 8.258074
1 12 6.984024
3 17 2.572464
4 14 6.314806
2 20 5.517606
4 14 16.444792
1 11 24.149448
5 16 4.793108
6 15 21.648632
2 9 10.220699
3 8 42.697254
3 6 8.651107
3 15 7.338562
5 9 3.635648
5 2 4.932121
6 9 7.731729
2 20 9.432911
5 3 18.119938
6 6 18.274717
2 1 15.703947
2 11 1.316666
2 11 6.231446
2 12 28.849699
3 15 5.780116
6 6 7.549540
1 6 13.645369
0 7 10.055849
0 14 10.389050
1 7 13.037240
2 7 10.899987
3 7 2.572464
3 17 8.513788
3 20 11.247424
3 22 14.495951
4 11 3.114035
6 15 9.333593
0 7 10.220699
1 7 5.547439
1 17 8.615084
2 6 10.391044
2 10 5.591959
2 17 10.055849
3 7 12.735677
3 20 6.165457
4 7 5.732353
4 15 7.325711
6 20 13.632899
0 7 5.732353
0 16 11.081654
1 7 7.829944
2 7 6.888597
3 7 4.362778
3 12 5.206307
4 7 5.568986
0 7 2.909836
1 7 10.553956
3 19 12.880190
3 15 7.113989
3 21 1.755555
3 21 7.270425
4 17 9.929143
5 12 3.511110
5 12 5.032763
5 17 10.724181
1 19 19.088949
2 17 8.251825
4 9 6.277246
4 12 7.886242
4 17 9.724983
5 11 19.850702
5 17 10.569355
5 20 10.785987
0 7 5.137881
6 11 17.642582
6 17 8.527122
0 1 21.929159
1 17 7.445804
1 17 11.074387
5 5 15.417334
5 12 10.087968
5 15 10.391044
2 16 6.979763
4 17 5.284678
5 17 6.165821
1 11 7.270425
3 14 4.890581
4 19 7.569901
4 20 13.872130
5 14 8.109584
5 16 18.271992
5 17 10.094629
2 12 4.567005
5 12 10.930638
2 15 6.034056
2 17 12.190197
5 13 8.220610
0 16 5.159421
3 17 5.732353
4 0 10.594001
4 1 6.169221
4 21 25.590239
0 22 13.963094
3 20 7.145661
4 9 7.643589
6 21 6.725953
6 14 2.909836
6 21 9.676701
1 6 6.064384
1 7 7.717392
0 12 4.853786
6 10 5.780116
6 13 10.815674
6 21 13.637869
0 15 16.467327
4 10 21.767015
2 17 4.191906
2 20 14.499131
3 15 6.165457
6 16 6.293211
0 16 6.277246
0 16 6.165152
2 21 9.936666
4 16 11.133262
6 16 4.222043
0 15 6.987601
0 22 8.280555
2 15 12.509494
0 12 16.458584
5 10 5.514496
5 19 19.912315
1 9 7.324786
3 17 4.611097
4 18 4.506952
5 10 8.131927
6 17 10.093202
1 18 11.081654
4 6 11.838165
4 9 6.221051
0 15 8.733398
1 21 16.634663
6 1 16.509136
