2 19 4.376588
5 10 5.956764
0 23 3.544972
0 21 6.358176
5 10 5.258634
5 23 18.974300
1 9 4.840705
6 21 5.101856
0 22 9.312187
2 18 5.210081
0 21 7.573005
5 23 5.210081
6 19 4.940594
5 21 6.253471
5 1 17.441795
1 7 8.020172
1 12 2.556269
3 3 5.786062
5 23 4.557952
2 23 5.909531
6 20 3.808210
6 13 5.303636
6 21 3.322070
6 11 4.234326
1 1 3.598910
6 1 16.278126
5 1 8.202434
6 7 6.740252
6 10 7.028981
6 19 4.585408
5 23 6.275021
6 23 3.083345
4 0 3.857937
4 5 6.009116
5 2 6.621958
1 7 6.890219
6 2 9.949536
6 21 4.686346
0 15 5.917012
1 6 6.631537
2 21 5.761460
1 13 13.119977
6 0 4.879920
5 15 4.065376
2 18 6.042458
3 16 4.863811
0 1 3.797477
5 9 5.819348
2 9 5.731760
3 8 5.722359
5 9 2.671011
3 15 5.027271
6 19 6.203640
1 21 3.915332
5 23 7.181349
1 23 5.306564
5 1 9.601306
3 10 3.564557
3 19 5.736416
4 20 8.753910
5 2 10.196145
1 21 7.099584
2 18 3.925171
0 19 4.133503
5 19 43.239159
0 0 3.956059
5 23 3.770142
2 6 7.235667
2 18 3.794860
4 19 2.985599
4 5 5.020760
5 6 7.591867
0 3 7.448469
0 3 5.372168
1 6 5.857484
3 21 5.748659
6 17 5.625710
0 1 9.583732
0 14 4.189031
3 8 9.086849
5 20 5.290363
6 23 4.478990
1 7 8.177161
6 19 4.775908
0 0 5.818664
0 1 3.430300
3 0 5.002893
6 20 3.149034
0 3 6.818083
1 23 4.942259
4 22 4.327472
6 0 6.013561
5 1 5.808372
5 20 2.531856
6 18 3.544616
4 7 6.199751
0 1 7.856925
6 19 4.651863
3 20 7.864217
2 0 4.570522
5 1 4.140016
6 14 4.790725
0 16 5.107001
1 22 4.978604
4 23 7.077829
0 10 5.178958
6 3 10.809790
2 23 4.689939
3 6 8.729109
4 0 7.163861
5 0 7.776703
5 13 4.621846
0 12 4.065160
4 1 6.271051
4 0 8.640781
5 0 5.023280
4 21 3.543667
1 0 6.995693
1 21 5.856686
2 6 6.737634
6 14 4.637681
1 5 4.189031
3 11 6.966284
1 19 7.776703
5 19 6.910092
0 1 4.021943
1 0 7.088885
6 1 3.540026
4 23 3.616145
6 1 5.769176
0 21 5.107001
5 23 3.604055
0 23 8.001660
1 0 5.628550
0 0 3.413071
5 1 10.212696
2 22 5.235717
5 23 3.534189
6 14 3.396511
3 1 7.329463
6 19 3.726842
0 0 6.866811
1 0 19.550005
1 12 6.603432
4 2 7.677821
5 18 7.474724
6 22 1.937014
5 23 5.073983
4 2 11.568089
2 1 5.744960
4 20 5.722359
5 21 3.997243
3 20 4.470098
2 10 4.775908
6 19 6.519576
5 1 4.725628
5 20 5.761460
6 22 6.666646
2 23 3.149034
5 10 5.823148
3 23 6.132076
6 0 4.053901
3 23 5.722359
3 2 6.561436
6 1 4.792145
5 8 5.804436
0 1 5.956764
1 0 5.097489
1 1 33.274071
2 0 7.320572
2 4 5.856686
3 0 6.226379
1 13 4.181325
6 23 5.023280
0 20 5.401781
1 1 6.203640
1 8 6.485640
0 19 17.920837
6 13 3.932127
6 19 5.228648
1 21 10.457960
2 15 4.990982
4 18 6.040635
6 19 5.989179
6 20 8.877572
6 14 4.790725
6 19 3.561172
0 1 4.627539
6 2 6.769298
5 8 3.794692
6 18 4.769192
4 4 10.428343
4 1 6.358176
6 1 4.111098
5 9 8.230742
4 12 8.127928
1 19 17.223248
0 20 6.242573
1 16 7.735394
5 1 5.760674
4 21 5.406083
1 5 5.857484
1 8 5.856686
2 12 5.349642
5 14 5.722359
5 15 7.238183
0 1 4.940594
2 6 5.847972
3 18 5.400079
4 6 9.048025
4 6 7.485703
4 9 9.555255
1 18 4.775908
0 1 4.642728
2 18 3.752455
2 18 7.591867
0 7 5.871775
0 18 4.768632
6 0 3.223032
0 22 5.853556
2 22 5.241151
0 0 13.918898
0 0 5.987801
5 20 3.193012
1 17 5.989179
5 23 3.924340
2 23 6.007082
5 22 3.254616
2 19 6.840373
4 5 6.840373
6 1 6.989133
1 18 5.400281
4 18 6.790933
5 9 6.757603
5 23 5.628550
1 12 6.521495
2 11 4.655283
3 10 6.207955
1 14 6.864732
1 23 5.722359
2 18 5.107001
5 4 7.677842
6 2 3.364305
