3 19 8.941141
3 12 7.996389
3 21 11.760657
6 0 9.372805
3 14 10.533606
0 9 8.006149
0 14 6.117479
0 18 12.445771
3 1 6.941618
6 11 5.496223
6 21 6.214372
2 15 11.221597
5 23 6.482798
2 11 8.443006
0 7 7.737794
0 9 5.893450
0 10 6.319199
0 18 7.415273
0 18 7.294700
0 19 5.521648
0 23 8.305918
6 19 5.065145
0 20 11.043297
1 21 6.187642
4 13 5.057251
6 20 10.462670
6 13 4.082455
0 2 9.063195
0 9 6.096673
2 23 10.698194
5 21 5.098983
6 16 9.078697
0 10 10.868006
0 14 9.105974
1 2 12.439756
1 11 10.548209
4 20 7.493111
4 23 10.701150
5 0 11.408624
0 15 10.745894
0 17 5.871964
1 18 13.153753
1 22 9.725532
2 19 12.139289
3 16 10.218577
1 22 6.153738
3 14 10.282837
6 23 8.580420
1 23 3.564048
6 17 22.132929
6 23 10.781122
1 9 7.643772
3 7 11.184369
5 17 11.258492
1 0 9.835255
3 13 8.872098
4 18 8.034540
1 8 8.023462
5 0 5.563841
6 23 6.830814
1 15 12.447585
2 22 10.371475
3 22 5.868172
5 19 5.876276
0 16 11.043297
0 20 9.835255
1 12 10.001954
5 17 5.022352
6 11 12.693674
6 21 3.283098
6 19 8.029170
2 17 5.480287
2 23 8.761089
4 19 7.980988
5 22 3.891513
6 13 8.690399
6 20 12.365088
6 21 3.301957
1 1 9.835255
2 16 14.611804
3 17 7.130081
5 0 19.014372
5 22 7.289135
0 20 12.860638
3 20 10.374006
3 21 5.607269
3 22 7.549297
5 19 4.436835
0 18 11.500407
0 19 11.365605
3 19 22.702616
5 18 16.669643
5 20 10.631969
0 2 7.200831
0 18 6.980830
1 6 14.380811
1 7 5.440108
2 10 9.265131
5 19 3.761457
1 19 7.651622
2 0 13.646960
3 21 8.529723
4 21 8.551522
6 18 9.003450
6 22 8.049317
0 17 8.941141
3 22 10.060467
4 20 10.727864
6 16 9.078697
6 18 11.070154
0 22 9.172853
1 21 6.598673
4 10 3.742251
5 9 8.345382
5 10 12.223525
6 11 3.825211
1 10 7.895350
1 13 11.818012
0 10 7.265594
4 16 4.243771
1 8 4.466094
2 20 11.066807
4 11 6.679911
4 14 7.561713
4 16 10.001954
6 13 1.451131
6 20 11.082423
0 12 10.498742
6 14 10.108949
5 12 12.964660
5 4 9.761029
6 3 6.812408
6 8 13.043706
6 20 8.182179
2 4 13.291782
4 5 9.949577
4 6 12.141927
5 2 8.761089
5 9 9.568990
1 6 5.440108
2 10 7.017819
5 20 5.318402
0 9 7.097177
0 10 8.520719
0 12 6.315782
1 11 10.945260
1 18 7.697802
1 18 6.175628
3 7 7.097177
3 11 8.349620
4 21 5.793056
5 1 10.753193
6 3 9.507186
5 6 14.146701
6 11 10.374006
6 13 5.378720
2 11 2.119143
3 1 7.532134
3 22 9.568990
6 18 5.518940
6 19 10.998973
1 21 11.076867
1 21 7.989194
5 16 11.601990
5 19 6.595971
0 12 9.129211
1 3 9.789100
1 14 8.469196
2 9 7.351593
2 20 6.758899
5 1 8.874552
6 0 8.941141
1 19 9.835255
1 23 11.051894
2 8 5.440108
2 10 6.429218
2 20 9.835255
2 21 17.329243
0 12 11.354839
0 16 13.694730
5 19 5.417191
0 18 12.116808
2 11 3.021646
4 6 13.153753
5 18 12.445771
6 10 9.835255
0 7 3.321477
1 9 11.408624
2 7 8.095407
3 5 13.663071
5 0 8.384474
5 7 10.689417
5 7 9.731483
5 10 8.971257
6 13 12.597375
1 9 8.302505
2 7 9.255252
2 11 9.835255
2 13 8.365631
5 6 11.224334
5 6 9.951805
5 20 10.271706
0 10 9.701164
1 11 4.907192
6 19 11.922516
6 23 13.504333
0 8 8.807691
0 10 14.855334
0 23 15.783402
3 9 4.887031
5 23 6.873953
0 20 4.923792
6 16 9.560756
2 16 11.197138
2 22 5.796836
6 0 10.060467
3 14 8.488519
1 18 10.952768
1 1 8.440735
3 22 10.824387
6 13 8.531143
2 21 11.224334
3 7 11.624274
6 0 10.823452
6 12 1.802927
6 21 7.097817
5 20 15.916430
6 23 5.726855
0 21 8.075535
1 20 11.802024
2 21 13.340796
4 10 3.909625
6 22 7.742588
1 10 7.793900
6 20 5.422046
0 20 4.900642
1 19 2.142954
2 8 3.113884
2 8 4.938899
2 13 5.309029
2 19 10.309740
3 18 7.341908
3 19 8.540567
4 20 7.495304
0 19 5.954684
1 1 7.921669
0 21 11.046612
1 16 10.111456
2 18 10.509194
4 21 13.439086
6 3 6.041192
6 7 8.673328
4 14 3.871294
5 12 5.448301
0 13 6.671126
1 11 7.570066
1 13 11.365605
4 0 9.699434
5 13 7.015959
5 23 7.181349
6 10 8.297771
6 10 11.604820
6 19 3.946588
6 19 5.679784
0 20 5.599139
0 22 4.966683
1 0 6.632891
1 23 7.499975
3 0 9.638189
4 20 9.814237
4 22 8.870628
5 13 13.217131
5 17 2.483267
5 19 8.189831
1 11 10.051229
1 23 10.586074
2 12 10.654037
3 10 13.680232
3 23 11.079387
5 18 13.621570
5 21 2.315617
6 21 6.080163
1 19 3.567220
4 18 6.319199
5 1 6.763693
5 21 4.699707
0 9 7.909223
1 17 4.925830
1 17 2.530560
1 21 11.742638
2 8 8.275826
2 11 3.567220
3 8 8.981401
3 10 4.949951
3 19 8.349810
4 8 9.409506
4 8 6.410586
5 8 9.207885
5 11 5.087746
6 8 12.938118
6 9 9.538013
6 10 7.024075
6 19 11.084741
0 7 8.892005
3 6 12.137539
5 1 10.025533
5 12 11.365605
0 0 5.609269
0 11 1.967237
6 5 11.258492
6 14 6.969643
3 6 8.678166
3 23 12.043243
4 7 6.256944
4 23 9.054420
6 19 11.084558
0 17 6.210992
0 18 3.598614
0 19 12.908929
1 18 9.386881
5 5 15.520346
1 7 8.724006
1 22 10.462670
3 8 11.810113
4 20 6.438735
5 8 13.535019
6 6 11.302619
0 15 16.520004
0 16 7.106203
6 15 8.053697
0 6 6.319199
3 1 14.386476
3 11 8.673328
4 11 5.318402
4 18 16.463306
6 15 8.302505
6 17 11.995796
6 18 15.475004
0 18 9.517988
0 21 10.533606
0 22 9.082718
1 19 8.864635
2 19 12.596489
2 22 4.280664
3 8 7.885752
6 0 10.574032
0 0 5.703339
0 20 6.481389
3 22 11.818012
6 23 11.411407
6 17 9.386881
6 18 6.576614
6 18 7.942595
6 19 7.649786
6 20 7.135528
2 5 11.566800
2 22 6.529727
5 21 9.273067
1 15 6.527367
2 1 11.826241
3 7 9.054420
1 22 5.263367
3 11 12.707644
5 9 12.666057
0 14 6.804473
6 22 6.363961
2 18 6.318893
2 19 5.187003
5 23 6.054253
6 16 8.789727
6 23 4.832254
1 9 8.905987
3 8 9.604537
4 9 8.157695
4 14 8.413757
6 20 8.349810
6 20 2.603945
2 0 7.946332
2 9 9.366641
2 22 16.817360
5 7 5.659698
6 13 5.099511
2 11 10.768724
3 19 7.349120
0 20 12.432779
6 1 8.093554
1 17 3.436530
2 22 6.716297
3 20 8.371328
6 19 12.620741
6 23 10.035417
0 17 8.931638
0 17 8.053697
3 10 7.417328
6 20 6.419036
6 22 5.582469
0 16 7.873409
0 18 4.558630
2 1 13.846057
2 21 7.868204
2 22 10.899816
4 20 14.751889
4 22 9.835255
6 13 12.126891
0 15 5.774114
2 0 13.153753
0 21 11.875613
3 19 11.678374
6 0 2.985668
6 21 4.606297
0 20 8.087839
6 9 12.900731
6 10 10.001954
6 12 7.589966
6 19 5.909336
1 18 15.193048
3 18 6.136748
5 2 4.364100
6 14 7.793900
6 20 5.054543
6 22 8.800991
0 18 13.846057
0 20 11.224334
0 23 9.964448
6 13 12.445771
6 19 6.375924
0 16 11.709753
1 23 9.894081
3 16 9.409506
3 1 13.153753
3 9 6.989277
6 20 9.674021
4 19 13.068295
1 8 9.023636
3 21 7.675536
1 9 6.415287
5 21 11.348549
6 20 14.615282
6 20 5.598900
3 16 7.854110
3 19 11.411407
3 20 13.221248
4 20 7.509845
5 16 6.890799
6 19 11.274646
1 15 5.790813
6 18 8.302289
0 13 6.097464
0 21 16.022594
0 23 8.905987
1 20 8.538784
3 20 6.070963
5 14 16.330822
5 22 5.371319
6 3 9.806311
6 10 9.674021
4 10 7.896773
6 9 10.374006
6 14 8.864284
1 14 9.922962
3 10 5.142967
5 18 14.338004
5 20 5.516996
6 8 9.835255
6 10 9.117261
6 14 11.224415
6 17 10.307163
0 13 9.179328
1 7 10.007687
3 9 8.302505
3 10 5.545005
4 6 10.462670
4 13 12.828593
5 7 14.146701
5 8 9.174029
6 2 13.153753
0 16 11.494424
0 18 7.885752
1 2 11.666035
1 9 3.805679
2 7 8.357926
3 9 8.905987
4 8 8.285157
5 6 11.500407
5 14 5.184873
0 13 12.364091
3 11 10.291151
4 8 7.015959
4 9 5.815607
5 10 9.798826
6 15 10.049716
6 20 9.220551
0 9 14.836908
2 21 7.015959
5 0 10.273595
6 16 10.219687
6 21 10.823452
0 11 9.375432
0 14 5.199980
0 20 11.570889
1 1 7.115928
1 20 10.462670
5 11 1.567882
6 7 8.370136
6 20 6.868236
0 10 14.651236
0 0 11.166951
0 13 3.452570
0 23 6.122908
0 23 18.061556
1 0 7.128739
1 22 10.371475
4 6 9.023636
4 11 9.467836
2 20 5.538363
4 22 10.407775
5 5 7.528158
5 7 5.083212
5 10 11.694426
5 10 18.126045
3 0 13.153753
0 7 11.126898
0 8 12.059678
2 0 8.444838
3 19 7.908054
4 23 3.981991
5 6 8.796706
1 19 2.187167
2 12 11.957958
2 16 1.621445
2 17 1.095988
6 16 4.384874
3 23 13.317593
5 18 3.951383
6 10 5.585230
6 11 8.203094
6 20 4.615303
6 21 4.613566
1 10 8.302289
0 20 10.355324
1 0 8.053697
0 21 11.172987
1 21 7.592901
2 21 10.216678
0 0 9.381494
0 18 14.891042
3 17 7.347342
6 20 9.803975
6 20 3.108756
1 18 14.146701
2 6 13.153753
6 4 10.685191
6 23 7.974531
0 4 15.041784
1 2 10.174401
1 19 9.054420
3 8 7.543911
4 4 11.224334
1 9 7.168097
1 22 11.043297
2 4 15.099198
2 5 14.703593
3 19 6.760477
6 18 6.146309
6 19 9.113976
0 11 10.200035
0 14 11.040603
0 23 9.775034
2 9 5.844260
2 21 13.455665
3 13 11.624274
3 21 6.681865
4 15 9.835255
5 3 13.026409
6 1 10.945260
6 19 1.740228
4 20 3.621533
4 20 9.964448
4 21 10.823452
4 22 9.477316
5 19 9.918534
0 23 11.411407
0 0 9.883136
1 8 1.229845
3 8 7.248997
3 21 7.345001
5 1 11.454232
5 16 10.298872
5 20 9.127500
0 11 6.104232
0 17 6.003139
1 20 5.904727
2 10 5.607142
2 20 8.718891
3 21 8.661245
4 12 5.706503
6 19 2.922975
6 20 4.558672
0 15 12.223525
4 2 9.054420
5 9 6.333317
6 20 5.036076
0 0 12.232039
5 20 4.455558
0 15 6.816826
1 10 9.130584
5 4 4.280664
5 12 13.259900
4 17 10.309667
6 18 4.485478
6 16 7.037406
6 17 6.438735
2 7 10.291151
6 17 9.174029
2 8 9.409506
0 8 16.161184
1 9 10.924993
2 18 5.135540
4 16 12.432282
6 17 8.302289
1 8 7.117450
6 14 3.457274
6 19 2.815139
3 19 5.937825
4 11 9.935728
6 19 4.402647
1 21 6.309326
5 9 6.335822
6 21 11.034986
1 20 11.568592
4 10 11.674540
4 19 13.874092
1 13 11.745366
2 20 14.232562
4 20 8.753639
5 3 14.954714
5 13 6.784552
5 14 20.348803
2 2 12.219720
2 15 10.974557
2 21 6.262215
6 11 6.115235
6 14 8.062876
6 16 5.200882
0 6 6.319199
0 8 11.843025
0 9 8.104922
0 10 10.873060
3 13 9.674021
3 21 8.552396
3 22 10.462670
4 20 7.150576
0 22 6.881474
6 6 10.291151
6 9 14.146701
2 15 8.075535
2 23 11.601990
5 3 4.926854
5 7 14.146701
6 7 9.674021
6 9 12.917279
6 13 5.754434
6 16 9.227459
6 21 6.172356
1 22 6.316342
2 10 4.371289
3 8 5.435668
3 22 4.312974
4 8 11.127519
4 17 8.535920
6 7 15.916430
6 10 7.698818
6 12 10.599393
0 9 9.505731
0 21 6.532567
1 1 11.365605
6 9 12.938118
0 0 7.118217
6 17 5.163337
1 20 11.983530
2 15 8.878093
2 19 9.014740
2 23 10.279075
5 19 4.432002
0 12 5.901583
0 22 10.945260
4 20 5.223539
0 10 13.378882
1 1 6.911489
1 3 11.781243
1 23 15.592053
2 18 9.409506
4 22 8.705156
5 23 1.340726
0 13 7.603608
2 0 12.256667
2 20 6.378144
3 22 13.058494
4 0 3.334777
5 21 11.408624
6 1 4.258097
6 8 10.291151
0 2 17.157070
1 8 8.673328
5 1 11.218267
5 21 6.507471
6 7 11.993826
0 1 4.680307
2 23 9.447085
6 2 13.646960
6 22 6.351525
0 3 6.979011
2 11 5.363498
2 17 10.944490
5 10 8.066059
5 11 13.261102
5 20 11.922516
6 17 3.939211
6 18 3.865113
1 20 8.190200
5 16 7.997291
5 18 6.434200
6 0 11.411407
0 22 10.533606
0 23 10.374006
2 21 5.463707
4 10 8.006149
4 14 10.291151
1 7 4.862584
1 16 11.890708
1 20 10.462670
6 5 5.585374
3 5 8.864635
4 10 8.531143
6 19 5.655938
5 23 5.405413
6 19 14.681371
2 20 14.349549
6 22 11.673982
3 23 10.768724
5 19 4.601442
5 21 4.270284
6 20 6.672127
0 12 11.413821
5 18 15.107120
2 6 11.408624
3 12 4.599116
3 6 15.712635
3 18 6.061127
4 13 4.950245
5 6 11.787026
6 6 9.366641
0 17 11.446134
1 6 12.639993
6 16 9.054420
1 17 9.162357
4 17 12.494803
5 10 6.363588
0 12 15.296667
6 16 8.673328
3 10 7.323688
6 18 10.655255
0 17 11.729627
6 21 3.887546
0 4 10.899816
5 21 7.078274
0 17 11.313847
0 20 5.492471
1 19 9.835255
3 10 5.309029
3 19 8.685699
3 20 11.699100
2 0 9.045071
5 10 3.621533
5 23 8.648949
3 6 9.604537
6 21 12.176417
3 19 12.938693
6 5 10.264915
6 20 3.282936
2 12 9.826532
2 20 10.497316
3 9 6.784503
3 23 9.078697
6 11 9.674021
6 18 10.537773
6 22 5.842054
1 12 14.078197
1 2 12.331644
6 4 11.673982
6 4 18.467470
1 2 17.440680
1 11 11.889408
2 1 15.751584
2 4 12.800015
2 23 8.673328
3 3 11.408624
3 3 11.411407
3 4 13.563143
4 4 18.269352
5 3 6.438735
5 4 9.604537
5 4 11.221597
6 0 5.730699
6 1 11.084741
0 5 17.183475
1 2 6.987753
2 23 1.419005
4 0 6.812954
4 0 4.862584
4 2 10.740157
5 1 9.604537
5 1 7.542025
5 21 4.976295
6 1 8.820334
6 2 8.804296
0 23 10.219170
0 23 9.179172
1 1 9.918214
1 2 11.411407
1 3 13.504849
2 0 9.478671
2 7 10.462670
3 0 9.078697
3 4 9.255252
6 12 13.529890
6 14 9.992349
6 19 10.264915
0 21 7.390368
2 6 12.137539
2 19 14.674343
4 7 11.115189
4 13 11.583060
5 12 10.974557
6 21 8.673328
0 17 8.166185
0 21 13.800488
3 6 13.385746
3 22 11.224334
5 9 9.054420
6 15 13.425184
2 21 10.533606
3 7 9.835255
4 1 12.057595
6 7 8.053697
6 11 14.030837
6 12 9.835255
0 11 7.685316
6 14 10.928061
0 21 2.527449
2 21 10.704780
5 8 13.833299
6 16 9.054420
0 20 5.551677
2 18 5.517793
6 16 11.895417
6 17 7.273252
6 22 9.835255
0 16 10.654579
0 20 9.798826
6 8 9.233499
6 20 4.677484
0 19 6.772308
0 8 10.060804
0 19 6.699266
1 6 15.265914
1 17 10.525721
3 17 11.583245
3 18 11.896973
6 10 8.302289
6 13 6.505922
0 22 13.473048
5 18 3.080741
0 1 10.219170
2 1 11.104231
6 13 9.129211
0 16 11.922516
0 23 5.209911
2 20 12.132400
3 10 11.413821
3 11 7.335167
5 20 8.622655
6 18 4.658157
6 18 11.348372
6 19 8.402063
6 20 7.221387
2 11 4.151487
3 19 6.648022
6 22 2.750352
0 18 3.909625
0 20 11.127682
1 21 7.180351
2 10 10.670621
2 17 13.261102
2 20 12.141927
3 18 18.815041
0 7 13.914788
0 14 10.533606
6 14 11.224415
0 22 12.423160
6 17 5.023065
6 18 4.531082
0 0 5.150344
4 13 4.012982
0 0 3.744449
3 20 13.167007
6 17 7.771813
6 17 12.852933
3 9 5.296663
5 10 10.001954
5 14 15.799991
6 17 10.640003
0 6 8.028386
0 15 13.563143
1 6 8.972409
2 10 7.896773
3 22 12.620741
4 15 10.096509
0 1 7.403018
1 5 10.721130
1 8 10.462670
1 9 6.885180
2 6 10.116074
3 9 9.012516
3 13 9.315379
6 18 14.134211
0 18 8.053697
1 23 9.945695
2 21 12.938118
3 10 9.637032
5 20 5.545005
5 21 14.412014
0 17 11.313037
6 19 4.104091
6 21 14.835864
0 12 6.212796
4 3 12.620741
5 0 9.835255
5 3 7.097177
6 6 8.129729
1 0 8.393544
6 15 9.604537
6 16 8.488519
6 16 12.782739
0 8 7.168097
0 18 8.617465
0 20 11.127682
2 20 10.948125
4 1 12.938118
1 11 12.703050
1 23 5.832101
1 23 10.423296
2 14 11.482385
2 17 11.126898
3 7 10.462670
6 19 4.534334
0 22 10.873796
0 22 7.308915
2 11 13.153753
4 17 5.670253
0 14 8.183544
0 14 2.956663
1 7 8.626026
0 13 2.098558
3 5 10.049716
6 18 6.719690
6 19 11.408624
0 0 11.408408
4 22 12.305775
0 15 4.563970
0 18 10.174401
0 19 8.087159
6 3 11.050337
6 10 12.938118
0 8 11.151378
0 21 10.374006
0 22 13.153753
0 23 7.527605
5 19 5.766032
5 21 6.694789
6 20 9.172853
6 21 10.523024
0 22 11.411407
3 2 9.082718
4 14 10.792976
6 17 4.035061
0 20 8.663938
1 13 5.968225
2 14 10.138839
1 18 10.491328
2 23 8.685699
4 1 10.919160
4 1 7.546241
4 11 5.109258
4 20 10.735753
1 14 10.721130
0 21 11.147956
2 11 10.998973
3 15 13.846057
1 5 9.604537
1 6 11.416256
1 6 10.554021
1 8 9.054420
1 8 6.985153
3 9 7.689613
4 13 12.669661
4 18 3.975889
5 0 7.217468
5 18 8.183926
5 23 8.403642
1 8 8.108436
1 13 10.125164
2 9 5.660185
3 11 14.508763
3 19 6.267765
6 11 12.938118
2 17 6.426304
6 18 6.184203
0 21 3.242156
0 17 5.936273
0 17 12.339831
0 20 11.287653
6 20 7.213793
0 11 8.275826
4 12 2.838643
6 12 12.379445
6 19 9.129211
6 22 10.817778
0 11 9.835255
0 16 3.819945
2 22 10.462670
3 18 5.140850
4 8 11.221597
4 16 10.963326
4 16 16.115471
4 22 9.409506
4 23 13.768081
0 15 6.219670
5 15 8.116431
1 8 9.054420
6 22 9.216723
0 7 3.804287
0 21 4.340341
1 6 5.678463
4 18 4.368329
5 21 10.374006
3 17 8.807691
6 12 9.056157
6 16 3.372714
6 20 7.061293
1 20 10.111456
3 11 6.547184
4 19 6.377264
6 4 16.323116
6 5 6.789450
6 8 9.850699
6 18 6.941618
2 0 16.087416
6 18 3.742251
3 21 6.777617
3 21 8.761089
4 22 4.495547
5 8 2.842216
5 10 4.834911
6 23 11.221597
0 15 13.517779
0 16 8.961356
1 0 12.729439
2 19 12.226507
2 21 10.868006
6 13 7.822177
6 14 11.316286
6 14 6.881474
4 17 12.299093
5 17 11.411407
5 20 13.886183
1 12 5.309029
5 17 16.748022
0 11 12.420974
0 12 8.512070
3 13 8.648565
5 13 6.512818
0 11 7.996389
1 20 11.403022
0 13 4.680307
6 15 7.508906
6 15 7.366282
1 5 5.318402
1 15 7.800126
2 11 13.768081
2 14 10.698194
4 8 4.210490
4 18 9.255252
0 23 5.678463
1 2 3.452570
1 5 4.782869
1 6 11.411407
1 12 10.738342
3 2 9.078697
3 14 8.617465
3 17 10.755031
3 19 6.401581
0 5 9.447085
1 8 8.275826
2 20 12.331644
4 12 10.932413
4 14 8.685699
5 10 11.922516
6 17 3.845532
6 19 9.255252
6 22 10.108949
6 23 5.464678
6 9 5.024446
1 9 6.903168
3 0 3.432740
6 1 11.210004
0 10 15.154140
1 1 13.542849
3 18 7.517098
5 13 4.009554
6 20 12.527385
0 18 7.703177
1 6 10.988555
2 10 2.883915
3 19 10.191571
4 1 9.835255
4 8 10.959414
4 20 4.935693
6 5 12.938118
6 7 10.462670
2 13 5.501795
3 14 5.896091
3 18 9.233499
4 9 9.643442
4 20 5.065145
5 10 5.943448
6 21 3.501157
1 9 6.912542
6 11 8.552396
0 0 7.025182
0 13 14.444938
1 20 12.382360
3 20 13.712616
6 16 11.528030
0 20 7.713538
0 20 14.681371
2 8 4.862584
2 11 9.604537
2 18 6.171781
3 19 11.411407
6 17 11.427507
0 1 6.032439
6 23 6.316342
0 23 8.378549
6 18 13.693687
1 12 4.928619
2 19 9.053763
3 20 18.148623
4 19 7.447438
1 20 7.651622
1 23 11.912857
3 21 10.877886
3 21 9.079541
5 16 4.402647
0 8 11.979024
0 8 11.218267
6 15 2.961416
0 13 11.299456
1 17 20.575315
0 20 7.900048
2 23 6.652409
5 8 5.929965
6 4 8.053697
1 18 11.965985
5 12 11.408624
5 16 6.653604
0 9 10.191108
