3 18 15.673574
4 22 7.125281
2 8 12.867826
6 9 12.029902
0 13 6.736832
0 19 7.030975
3 15 4.275958
5 0 7.038481
0 8 5.131150
5 14 4.100646
6 10 3.833969
6 15 8.408341
3 13 3.313139
3 13 9.142604
0 22 5.394855
6 12 5.994284
0 14 8.700804
1 1 12.728693
5 11 8.295866
6 4 7.731376
6 8 14.981071
6 8 17.104355
0 16 9.750901
0 1 8.782132
0 2 9.841168
2 1 11.317224
2 18 6.269789
6 1 11.004833
0 9 10.224052
0 17 9.202382
0 20 4.719614
1 15 8.045285
0 20 5.553528
0 20 6.376056
3 12 6.927578
4 15 9.500797
6 13 7.730791
0 20 7.581969
3 20 9.132538
3 1 5.463882
2 13 9.426520
5 6 7.915523
2 14 6.865014
4 21 8.983765
6 15 6.067537
6 20 6.811059
6 21 9.432279
1 3 5.472113
1 13 8.569565
5 19 11.981576
0 7 10.473912
0 18 10.302847
0 2 6.509927
3 1 4.937971
3 20 13.104032
3 21 7.746415
3 23 8.477696
5 19 10.293943
0 2 5.626983
1 11 9.271348
2 15 1.130690
6 12 6.462665
6 13 6.049159
0 3 7.722546
6 4 8.264480
6 13 6.789786
6 14 13.547325
0 15 12.567827
1 8 11.245466
1 18 14.145388
2 12 6.745083
6 21 6.718600
6 22 12.454088
6 23 20.317764
2 10 8.021444
2 12 14.110662
2 14 4.842612
2 20 8.381183
0 22 14.079022
1 7 9.426520
1 19 9.432953
1 23 8.857477
2 13 5.891969
0 4 5.895412
0 12 4.882359
4 18 9.278315
6 15 8.565005
6 15 10.380602
1 1 10.856268
1 13 8.018476
3 16 4.169842
3 23 9.297062
5 22 8.112392
0 17 13.162260
0 21 5.899517
4 22 5.511363
2 1 7.762434
4 22 9.421506
1 7 8.700804
2 18 13.271174
5 7 1.974682
6 15 4.325251
1 1 10.475707
4 23 6.722773
6 10 7.606677
6 19 10.826890
1 13 9.348580
4 14 4.642243
5 13 6.991804
4 10 6.077595
2 19 13.724351
2 8 7.859637
3 23 10.224217
4 20 7.668163
5 23 9.875635
0 17 12.836304
2 16 9.393775
0 19 4.799607
0 2 7.859637
2 5 4.640484
4 7 5.271139
5 14 7.008832
5 15 13.478302
5 22 8.598747
5 23 4.717826
6 2 12.582603
6 9 5.787497
6 23 10.670797
0 2 7.706936
0 5 6.389964
1 8 9.432953
1 9 8.483950
2 6 4.852269
2 10 7.327048
4 5 6.293998
4 6 8.059752
5 7 14.252101
5 23 9.271348
2 5 9.583500
4 7 6.167005
5 7 9.315471
1 5 7.551750
5 14 11.633433
0 7 7.789880
6 16 17.265896
0 23 4.783275
2 22 7.851255
3 22 10.826890
5 6 9.743225
6 11 7.860232
1 9 7.255599
5 22 5.890748
2 22 7.342927
6 21 11.282576
0 19 6.717631
4 11 7.540157
6 21 9.748369
4 4 6.190818
6 4 12.445930
5 11 3.076113
5 11 12.176713
4 20 6.190818
0 21 6.959446
1 0 11.319397
1 21 9.431564
3 11 12.961135
4 7 4.841537
4 10 4.996272
4 13 6.966432
4 14 4.951109
1 13 9.743225
1 19 14.676452
4 15 8.571033
5 2 11.535412
5 13 4.426072
1 13 6.438839
3 7 4.570584
3 7 5.977982
5 1 11.891393
5 2 8.574800
5 11 5.845514
0 1 17.905333
0 3 8.993746
6 21 6.461693
0 9 3.170935
2 19 7.450537
5 17 16.348049
3 12 5.039522
0 9 5.800121
0 10 7.135071
1 23 7.859637
3 4 14.500303
4 21 5.552585
6 2 15.910866
4 23 7.368410
5 22 11.319397
1 13 10.670797
0 1 7.722546
0 20 12.091749
5 1 6.180457
5 1 21.505663
6 10 9.990277
5 13 9.622792
0 1 6.834467
0 7 7.730726
0 8 9.739736
1 19 7.971509
0 14 8.341309
1 10 10.256026
0 2 6.981627
2 5 5.148669
2 23 13.606964
3 11 4.079194
4 4 5.244015
6 4 9.592834
6 10 5.035834
6 17 8.056440
0 2 9.540004
0 2 6.190818
4 16 15.722562
0 2 9.583500
5 22 4.717826
3 12 6.826506
5 11 9.743225
2 10 12.813447
2 11 9.423423
3 3 9.436791
4 23 8.470057
6 17 9.223309
1 1 5.712241
4 15 6.556004
5 0 8.729285
5 20 9.607328
1 0 8.908504
2 12 7.224774
3 0 10.799960
6 14 7.026023
0 1 11.913408
1 1 10.110847
1 4 10.135974
3 2 5.036527
0 2 8.045285
5 21 7.868785
5 13 9.824465
5 10 5.994284
0 8 4.968014
0 15 7.856781
1 11 7.677292
4 10 4.604583
0 20 8.777307
0 20 11.004143
3 13 10.524685
3 16 13.089685
4 19 5.565838
1 18 5.134591
0 10 7.860232
5 9 6.272347
5 20 5.249562
1 9 5.632990
2 22 7.603336
6 20 6.167005
1 0 7.037473
2 0 11.821891
5 10 8.763615
5 11 5.716201
6 6 15.950446
6 21 7.845581
0 15 5.458184
2 7 1.403919
2 18 9.426520
5 23 9.406912
0 14 9.750901
0 4 10.907716
0 6 12.222251
5 11 7.859637
6 7 7.010892
2 0 12.819257
3 9 6.974550
0 20 5.800121
0 21 2.978459
0 1 6.292818
3 7 12.885632
5 8 8.565005
6 11 12.836304
6 19 10.252478
5 11 9.743225
5 13 10.153473
2 13 13.724351
6 17 6.990667
0 0 5.699808
6 21 10.452342
0 14 6.203519
2 0 8.346403
1 3 6.189767
3 13 11.193904
1 10 4.882359
2 13 6.839769
3 23 10.162056
4 22 8.609867
1 20 12.565829
5 8 4.188976
1 1 10.096525
1 16 11.102297
1 20 6.269789
3 17 7.542562
0 15 8.601749
5 9 7.461824
6 8 7.444486
6 22 7.747291
1 13 10.056068
2 10 8.214453
6 2 7.677292
1 0 12.210397
0 23 4.423592
1 16 15.142496
2 3 17.577881
3 13 5.153251
5 12 6.433399
2 21 8.198101
3 13 9.104705
5 0 10.054420
0 23 4.150195
1 12 4.175861
3 2 8.707341
6 3 7.629620
4 10 6.836746
2 2 7.722546
3 20 13.196686
4 14 2.867250
6 21 7.658518
3 15 4.479575
5 17 13.923855
5 20 8.836754
3 14 7.984327
0 3 9.922634
0 4 12.582603
0 21 10.470470
1 2 10.671533
3 22 9.999261
4 0 10.324160
1 21 14.007644
2 0 7.435794
5 13 5.787497
6 8 6.500136
0 5 10.079199
2 21 8.946217
0 6 8.233711
0 16 5.897282
2 21 11.687683
0 23 10.189754
3 14 14.290503
4 6 7.859637
1 1 7.677292
5 7 8.698799
2 4 8.569565
5 7 8.828940
6 5 5.712241
6 8 9.426520
2 11 11.319397
4 10 12.438160
5 10 12.373780
5 22 12.498063
2 19 9.425871
5 14 9.683074
6 3 9.427875
0 2 4.682108
0 4 3.608147
1 23 8.836754
3 2 6.269789
3 11 9.245095
3 23 7.993457
6 3 8.763615
0 3 7.505716
3 2 8.924075
3 8 3.775691
4 13 4.567368
4 13 12.507263
2 1 14.330868
4 20 8.037900
6 18 12.661656
1 2 9.195314
1 3 6.292930
2 23 7.992785
6 11 6.180457
0 23 8.897629
1 14 9.432953
3 14 7.466065
5 11 6.736832
0 19 6.834467
5 19 11.265447
1 17 6.135070
3 15 11.378469
3 18 3.283267
6 20 11.894429
1 20 10.490777
3 4 6.283464
3 19 9.931623
3 22 11.423481
0 11 6.389964
3 1 6.866180
5 21 8.874268
1 8 9.432953
1 23 12.058721
6 23 4.498293
0 16 11.614711
1 22 8.077220
6 0 12.127925
6 19 10.989305
6 23 10.219429
0 2 10.989305
5 21 10.153473
4 19 6.393544
6 15 11.424481
0 18 9.432953
1 13 9.743225
6 14 8.130659
0 12 9.719231
5 13 9.748369
5 23 10.701268
6 22 6.966432
3 17 10.160620
5 19 9.983083
5 0 6.336270
6 1 6.827178
2 9 4.494870
3 15 6.971973
3 20 4.171742
0 15 7.859637
0 19 9.767275
1 18 13.708178
2 20 7.603336
5 13 9.278315
0 20 10.999187
2 21 9.119442
3 14 5.787497
5 1 8.763615
5 13 6.517650
1 10 8.697963
6 3 12.661270
6 12 7.255050
2 12 4.765067
4 0 8.179374
6 23 7.225351
2 9 9.295088
2 15 11.510597
6 7 7.668163
0 22 6.980708
6 22 11.186028
0 3 5.393939
0 19 5.963179
6 2 6.993331
6 10 7.412518
2 22 4.719614
0 19 7.992851
0 20 9.434861
0 21 23.598068
2 12 11.586672
6 9 9.028282
0 3 17.758242
1 10 5.800121
6 6 11.374514
1 1 9.743225
2 15 8.334066
5 14 3.976605
6 8 13.749494
6 21 11.793577
1 2 7.727981
0 11 10.160620
1 20 6.399590
3 6 10.033579
5 6 14.313673
1 23 9.432953
3 2 9.088193
4 6 6.293998
4 12 4.565638
6 16 7.532705
2 11 12.359832
2 12 7.368968
0 15 9.426520
2 10 7.435794
6 10 18.413565
0 19 7.859637
0 12 5.451990
1 23 7.859572
0 8 6.269789
1 3 14.095935
0 4 6.283464
0 6 7.915523
6 17 5.244108
0 11 6.292930
3 11 6.283464
6 1 6.469608
6 1 11.895157
1 9 7.993457
0 19 12.674392
3 19 8.179374
4 16 13.067002
0 0 6.756393
1 2 7.597989
4 14 5.982993
6 21 8.179374
0 12 7.859637
0 3 9.743225
0 3 5.103242
2 20 5.994284
3 13 7.193280
1 13 7.547768
1 19 6.323492
4 1 6.274395
0 1 10.232544
2 0 7.851255
2 1 7.859637
0 21 8.993746
4 10 6.283464
6 2 10.396417
0 11 10.492348
0 18 6.089932
6 10 5.636416
0 22 8.574566
1 0 9.425871
1 11 6.982127
5 15 10.256026
0 19 11.193904
6 20 7.692020
0 21 23.553766
0 8 3.474869
0 18 11.586672
1 21 9.134274
1 9 7.388576
4 15 4.642243
0 1 6.457628
0 14 4.951109
0 1 8.179374
0 23 2.979680
1 19 8.447420
2 20 10.819274
3 8 4.719614
5 19 9.425871
6 19 9.666868
0 21 5.083612
6 1 10.507925
0 14 7.540697
1 13 7.142528
0 1 9.426520
0 18 4.626446
1 9 6.871372
2 20 6.927578
4 7 6.865014
5 16 6.025039
6 2 4.703554
0 3 9.365478
0 3 12.438160
1 7 7.878706
6 20 6.180457
1 22 9.423423
0 2 6.625261
2 8 11.784843
2 21 6.283464
4 1 4.883090
4 4 12.661656
5 7 7.551516
6 7 6.292930
0 4 7.706263
0 19 13.244845
6 21 10.211449
1 22 5.173149
1 22 7.187149
2 21 6.269789
5 21 5.990788
0 21 9.432953
4 19 15.817739
6 2 5.809844
0 4 15.354501
4 23 7.859637
0 1 6.293998
0 2 16.859844
0 3 13.187165
0 10 8.370657
5 14 5.981885
6 23 8.125454
1 2 5.472113
6 0 13.576639
1 22 10.826890
5 12 9.431486
5 21 9.172312
6 10 7.984327
6 11 5.700979
0 9 9.622792
0 22 6.732284
0 23 10.989305
5 19 7.366920
2 0 6.269789
2 7 6.276292
3 14 7.332384
3 18 9.739736
3 19 8.583363
0 18 8.236984
0 18 8.570101
3 19 7.114967
4 1 12.708554
6 0 8.731135
6 1 9.396654
0 0 8.318007
4 19 13.245782
6 1 8.571033
0 7 9.271988
3 16 6.307950
3 16 7.254210
2 15 4.341742
4 19 14.229934
3 18 3.914154
6 13 9.436791
5 3 6.981627
0 3 6.293998
5 21 11.311045
6 7 6.772267
2 0 7.461565
2 14 7.715970
4 2 5.721817
4 19 7.067567
6 4 13.618999
0 23 6.409368
3 10 11.780465
5 20 11.007339
5 23 2.956851
6 0 5.890748
3 8 7.490171
0 9 4.366796
0 10 4.719614
1 9 5.544755
3 8 9.271348
5 3 7.837236
1 17 15.379118
1 12 10.652263
2 11 7.112499
4 22 7.984327
4 23 8.989900
4 22 7.113356
5 20 10.818872
5 21 3.825264
3 1 14.145388
6 12 9.247333
0 21 11.784843
0 21 4.872768
4 20 7.038481
5 0 10.280098
5 8 4.075009
2 19 10.999595
3 18 7.809474
3 23 6.043677
0 9 15.056209
1 15 14.395850
