3 16 7.879692
4 22 11.027967
0 1 12.553560
0 1 12.354791
1 22 7.566040
2 7 12.399679
2 9 9.918189
0 13 4.202987
0 19 7.873195
1 16 6.308107
0 13 3.997573
1 20 6.091106
6 12 8.144685
5 8 8.048605
5 17 7.009008
4 21 13.731271
6 4 15.715021
6 8 6.837306
0 16 7.707157
3 20 7.516257
4 2 18.156998
4 2 11.029394
0 9 9.954442
0 22 7.892069
4 20 9.456720
0 23 4.731662
5 9 15.757026
5 21 12.900565
6 13 6.294178
0 22 4.753782
6 4 9.744823
4 19 8.378673
3 8 4.654094
5 22 8.753088
4 10 7.384986
4 16 4.889764
1 13 8.296174
5 7 10.438651
6 1 9.943709
0 7 4.652823
0 8 6.008380
1 11 4.576538
3 1 12.606340
3 21 8.917397
4 0 16.885656
5 9 7.976712
0 3 10.835503
1 12 12.485763
3 0 6.409003
4 17 10.709867
0 17 7.031380
2 18 8.381205
5 1 15.798443
5 23 8.077936
6 13 4.299172
6 14 5.514921
0 0 18.447451
2 13 8.594605
6 22 4.196456
0 1 11.277364
1 22 10.180980
2 9 12.399106
2 10 5.895888
2 14 10.509088
2 21 8.723285
3 19 11.817898
6 16 9.456720
6 19 2.947944
0 22 10.967625
1 19 12.605758
2 14 5.420423
0 12 9.444732
0 12 10.132200
4 18 8.330068
6 15 4.651563
0 2 12.386613
1 1 10.074983
1 15 9.300774
1 16 4.729089
4 7 8.151405
1 1 8.006639
1 13 6.415024
2 18 5.757289
3 7 8.144685
0 18 9.455786
1 0 20.632902
1 0 10.497594
6 3 11.029394
5 13 25.458275
4 4 17.603958
4 12 12.358127
6 18 4.366580
6 2 12.986857
1 7 11.674182
1 16 8.095485
2 16 10.642019
2 19 5.254544
5 2 11.034451
1 2 12.606340
2 17 3.364248
5 21 7.860148
1 1 5.023231
1 13 9.611633
3 21 6.220771
4 1 8.596169
5 17 8.998537
3 3 12.605758
6 7 11.993387
0 3 7.424177
1 1 7.762691
2 19 7.404915
4 19 7.553013
6 11 3.493860
6 14 9.301692
2 16 11.221476
3 7 14.188980
5 22 8.865675
5 23 6.920619
0 3 8.817447
6 3 9.238914
4 14 12.615078
6 3 11.034451
6 0 11.353420
0 7 6.523533
0 7 10.303344
5 17 6.317649
0 3 13.128935
6 11 8.854436
0 23 11.826154
2 12 6.920619
3 5 8.172935
4 8 14.672502
5 12 7.506063
4 5 7.343576
6 13 8.497931
5 13 6.202704
3 23 11.314351
6 21 7.537248
6 22 8.588941
0 19 9.447231
6 21 19.679985
6 8 7.994203
0 0 11.029394
4 4 13.941794
4 16 7.516257
6 1 10.496961
4 22 9.490600
1 8 7.686342
4 11 7.787250
0 1 10.495412
1 0 10.673313
1 1 13.956374
4 16 11.314351
4 23 4.918145
1 20 11.830192
1 22 13.165751
5 13 3.942051
6 14 13.132819
3 0 5.068352
3 7 6.306082
4 8 8.945191
4 10 8.718214
5 10 5.544042
5 14 6.805818
6 0 4.652913
0 1 4.414876
0 23 10.847181
3 0 5.849620
0 8 11.624359
3 12 4.467163
0 16 5.636577
0 21 8.586120
6 16 4.425842
2 14 8.595975
4 21 15.130095
6 2 10.848585
5 22 11.815680
6 23 8.653915
0 21 9.677972
4 2 14.196230
5 1 10.496961
5 1 11.027967
5 13 10.140164
0 7 12.905663
0 8 11.029394
4 10 4.316418
0 14 11.379122
0 2 12.593057
2 6 1.579386
4 5 16.972105
4 5 10.847181
1 8 8.497931
2 3 5.048462
2 4 12.605758
2 4 5.048462
3 11 6.814017
5 17 6.755456
0 2 8.774531
2 2 10.847181
3 11 9.301692
5 23 10.119355
0 20 9.079574
2 11 8.461311
3 15 13.165124
3 3 12.615078
3 5 13.946355
3 15 6.637981
4 6 15.759947
4 6 11.226075
5 5 9.444732
6 0 4.173937
6 7 9.456720
6 9 9.559715
0 0 8.998116
0 5 10.235928
1 1 11.021809
1 6 12.246454
2 7 16.915632
2 11 8.711409
3 3 12.593057
4 6 13.947491
4 15 6.230581
5 0 3.586689
5 21 2.542203
1 6 11.107372
1 7 11.021809
2 4 13.354029
3 5 12.606340
4 0 13.503999
4 5 11.647636
4 12 9.952895
5 5 15.760145
5 6 14.703957
5 17 10.620363
6 6 8.732661
6 14 10.339772
0 1 8.695860
1 1 6.152521
1 4 14.830989
6 9 7.089974
2 6 9.305295
3 23 11.702343
0 2 12.492955
0 3 9.589537
5 22 8.721659
6 18 16.092457
0 20 16.976078
3 3 4.729089
4 8 5.822868
6 19 8.829713
2 23 12.386613
0 23 4.113445
0 15 7.163356
0 20 11.823904
0 21 11.432284
2 6 12.346538
3 12 7.990805
3 13 7.558900
3 16 40.506245
3 19 10.336644
4 14 6.540390
5 0 18.904882
5 1 12.135127
0 19 8.228313
0 10 11.021809
5 10 9.604812
5 20 10.083920
1 9 4.729089
2 23 12.615078
4 19 7.892069
1 22 12.477519
2 0 12.676286
5 10 12.297845
0 15 4.731662
2 0 12.201690
5 6 7.879017
0 11 6.304498
1 2 8.336880
5 23 11.020147
6 6 8.172935
2 0 11.027967
4 9 4.730462
0 4 5.563634
0 23 3.092925
2 18 7.115335
5 11 7.744127
0 7 8.582970
0 9 12.203461
2 13 10.915827
2 16 8.718214
2 18 8.944799
6 19 14.178794
3 22 16.425726
4 19 7.712172
5 13 9.155210
6 17 9.293571
2 23 12.339630
0 0 13.226171
0 14 4.424209
2 0 5.279518
6 20 7.560974
1 22 11.029394
4 20 10.038617
1 3 10.131200
6 18 3.092925
1 10 11.027967
3 23 6.678957
3 23 6.640112
0 22 9.807913
1 20 14.401369
1 8 3.113482
0 22 9.450716
1 0 10.692149
1 1 10.666266
1 20 8.287574
3 6 8.172935
3 6 9.155732
4 7 10.699500
4 9 6.576917
1 6 9.446494
6 1 13.007594
6 3 16.286848
3 5 10.338719
3 13 5.902995
4 21 9.456720
5 10 4.044628
5 12 4.731662
2 21 8.780839
2 21 10.320418
0 0 6.418901
3 13 11.034451
6 8 10.506255
2 11 7.273561
3 2 9.456720
4 2 7.287574
4 11 11.408242
2 2 9.444732
3 22 9.324760
0 3 7.873195
3 15 18.870001
3 16 8.357723
2 22 8.153136
4 23 6.308107
6 8 10.841124
6 17 7.750469
0 4 14.180243
0 21 6.639117
3 23 15.743988
5 2 12.768591
5 13 9.014933
6 6 9.456720
6 9 8.871866
6 12 4.979433
1 21 4.620659
0 5 9.875792
2 21 9.781778
0 6 9.005510
6 3 8.444320
4 12 11.029090
6 0 7.796218
1 10 13.941794
4 12 7.085423
4 10 9.652207
2 6 11.849840
2 6 11.029090
1 19 11.031919
6 3 5.069638
1 11 10.536603
3 2 11.230089
5 2 7.504422
5 17 6.881571
2 14 6.318815
1 18 9.120481
3 18 6.190995
6 3 4.172726
0 17 11.122727
0 13 4.434555
1 19 9.671906
5 4 11.208619
3 3 12.819414
4 3 8.497931
4 14 9.447834
2 1 9.841708
6 7 19.650322
6 18 4.214500
6 19 8.653915
0 2 14.419113
0 15 6.190995
2 9 11.820387
2 9 5.046485
3 0 9.719402
4 23 8.238945
4 23 8.609530
6 18 4.730462
1 11 5.719962
1 11 7.006758
2 2 20.104750
2 12 5.755224
3 14 12.403518
3 2 15.754069
5 4 13.513314
3 15 5.159007
3 18 6.476419
3 18 10.050888
2 9 2.863770
2 9 5.027757
3 5 12.401717
3 19 11.129863
3 20 7.283942
3 14 8.718214
3 23 10.931031
1 8 11.034804
5 0 8.490183
2 20 17.045879
1 22 12.401717
6 1 13.044680
2 18 10.649974
2 21 8.294361
6 3 12.605758
6 15 4.652913
2 15 5.120934
2 15 4.120143
0 18 12.691075
0 6 13.956374
4 9 5.367068
6 14 4.101488
5 17 17.873203
3 8 4.977989
3 15 11.092986
4 7 3.092925
1 8 5.485209
6 22 8.728418
2 15 11.029394
2 21 5.173297
3 15 4.850832
5 11 10.847181
6 12 6.204695
1 18 10.897767
1 18 5.133038
3 0 12.606340
3 11 9.460383
3 22 6.396018
3 22 7.967097
4 19 4.566574
5 13 9.344816
0 1 11.818444
1 18 6.640112
3 0 8.365452
0 0 6.851864
0 7 10.490574
3 14 9.460383
5 1 9.301692
6 12 6.004284
6 12 5.810010
1 14 12.598166
2 12 4.550613
1 20 8.932146
2 10 7.892069
2 15 5.636577
2 23 14.176342
6 9 7.873195
0 1 5.734643
0 3 12.346538
4 0 9.305295
6 10 8.444320
2 4 6.007721
2 23 11.129863
0 19 6.330747
0 20 9.875792
4 5 9.456720
4 9 12.598166
4 18 7.006758
0 21 6.758686
0 23 6.993531
0 23 8.994983
1 21 8.181072
2 12 7.881365
3 2 14.188980
6 9 7.873195
6 15 9.456720
0 3 12.202254
0 23 6.809680
1 1 12.689081
1 11 7.893209
5 21 10.848603
6 6 14.178794
1 1 7.358949
1 1 11.414949
2 13 9.284787
6 21 12.598166
6 7 9.648542
1 20 9.305295
5 6 12.608413
4 12 9.448464
0 4 8.365452
2 12 9.460383
2 12 8.718214
0 11 9.782814
1 12 9.444732
5 11 11.809081
6 0 8.416457
2 10 10.340057
4 1 7.604956
6 21 8.362681
0 10 11.531185
1 15 13.510974
1 15 9.301692
6 10 6.308107
1 17 5.734643
1 21 11.818308
6 22 13.515605
2 1 9.822668
0 23 2.561166
1 9 11.993387
5 12 9.460383
4 7 6.920619
6 5 9.444732
6 8 7.881365
0 21 5.771634
3 19 10.841124
4 16 6.751040
5 23 8.558169
0 0 5.011753
6 18 3.092925
0 13 13.132739
0 3 11.029394
3 13 7.752163
4 12 8.270975
4 1 10.918829
0 1 7.255575
0 2 12.566417
1 21 5.099147
2 1 9.444732
5 8 9.006400
0 21 11.029394
5 21 15.009473
6 14 3.014641
0 13 6.306082
2 17 6.204695
0 22 2.871610
6 11 5.765971
0 18 4.979433
0 22 10.726042
3 7 10.509337
3 8 9.958298
4 7 7.879643
6 7 11.029090
1 8 13.737880
3 6 9.462160
3 7 8.871866
4 8 8.721659
4 13 6.091140
5 7 14.420287
5 13 12.191774
1 6 8.144685
2 7 8.998537
3 7 11.452879
4 1 11.993387
4 6 10.326195
5 7 10.029017
6 8 9.006400
6 20 7.673829
6 14 12.254545
0 8 11.034451
0 18 9.744823
1 21 6.254738
1 21 13.509013
1 9 20.119333
4 15 12.031735
0 18 5.257402
0 1 12.365816
0 23 12.030510
1 19 7.892069
2 18 9.300774
2 20 10.179662
3 9 5.731346
4 7 9.150761
5 20 11.414949
0 22 10.683716
1 8 9.751952
1 21 4.730462
5 8 7.335761
0 7 9.076080
0 14 6.521593
1 9 9.150761
4 7 15.318313
4 13 11.034804
5 17 13.492560
6 0 10.964345
1 9 15.757197
2 16 10.841124
1 7 8.941595
1 20 8.697319
6 20 5.215748
0 0 11.027967
1 11 3.165373
1 11 15.606628
0 2 12.807166
0 9 10.074267
0 11 5.215748
6 7 11.029394
4 19 3.997573
1 19 7.750516
6 20 11.214882
1 23 9.617003
2 21 11.823005
5 21 11.832099
0 21 5.793872
1 6 8.497931
0 11 7.744127
0 2 5.585953
0 10 8.183300
5 15 8.639919
0 10 6.304480
1 20 11.216333
3 18 10.853906
6 1 12.399106
6 13 2.815947
6 13 6.875868
1 22 14.471813
3 7 10.282895
6 10 4.777748
6 11 6.177084
0 9 8.729280
0 22 6.690232
0 23 10.088226
4 21 8.728418
2 0 4.929832
2 7 15.466020
3 14 10.185647
3 18 11.408242
0 18 4.730462
0 18 2.877612
3 19 12.732467
6 0 11.021809
6 1 12.338577
0 1 9.586021
0 7 9.456720
3 7 15.130795
4 8 7.744127
6 1 39.007809
1 22 9.455786
5 7 8.668226
5 13 6.415024
2 22 5.823636
0 2 9.088402
6 9 5.160503
0 3 12.887557
3 2 14.170847
2 20 2.203794
0 11 12.391640
2 14 5.245148
4 20 8.973109
5 1 11.148793
5 20 4.965700
0 9 7.721955
0 16 11.459780
3 8 8.115826
0 7 9.444732
0 9 4.114489
1 13 6.253305
1 13 2.858613
4 19 5.922796
6 8 15.389853
6 19 3.482167
2 19 1.353759
5 13 8.459883
6 12 14.070395
0 22 9.325187
4 20 10.847181
2 19 17.607418
4 21 11.027967
5 11 4.635873
