2 16 10.336098
4 20 2.703074
3 10 7.017827
3 0 13.020176
6 10 8.775246
3 7 6.479657
0 1 6.464569
0 7 6.180753
1 8 3.022186
1 7 6.232483
3 8 5.906367
3 8 5.681827
5 8 2.969071
6 2 6.565050
2 15 6.464569
6 2 5.967295
0 1 17.536583
6 2 5.550618
1 7 6.262525
2 5 6.479657
2 13 7.750215
4 2 10.915845
2 1 11.229001
3 5 8.102659
6 12 6.674467
5 5 7.967615
2 8 2.911589
4 5 7.668397
4 20 12.573595
6 22 6.714986
1 12 3.299800
2 10 8.647601
4 13 9.625401
5 1 14.426956
3 16 8.529692
4 13 4.669995
4 15 3.933241
2 22 2.869392
1 0 5.201271
6 0 9.166379
6 23 12.922646
1 7 6.383201
1 9 8.004788
2 7 6.048480
3 7 10.371264
3 10 5.681827
4 7 7.663002
5 7 6.674467
1 10 7.349768
1 16 9.894684
2 7 15.328691
0 21 8.077686
6 8 5.478673
4 22 4.237219
6 19 5.797903
5 7 9.467608
5 10 8.342100
6 2 4.696162
0 21 12.381517
2 17 6.336443
4 1 11.917267
4 19 6.353588
6 1 8.736635
1 5 10.915976
1 8 3.072556
4 11 10.199952
4 21 5.562056
0 12 7.421608
0 14 8.869922
1 2 12.425358
2 5 3.522121
6 23 9.157833
6 14 6.272691
0 14 8.625233
0 7 5.792325
0 18 6.515836
0 19 5.904149
3 14 7.624284
2 8 3.464381
6 19 4.319700
1 22 8.970883
5 1 13.099013
5 5 7.650354
2 8 6.036418
4 12 5.018697
0 0 7.422972
0 18 8.109406
5 13 6.075469
5 13 7.349768
0 9 6.674467
1 1 9.940306
3 7 3.380976
1 8 5.077066
6 8 6.222289
0 16 7.967615
0 12 18.867115
0 21 6.732229
5 14 4.040472
1 1 6.746917
6 2 5.039829
0 1 11.512248
4 23 9.109113
5 19 5.209543
0 5 8.323244
3 21 10.319443
0 9 4.178070
2 20 4.172031
0 8 6.093793
1 8 6.004219
3 2 7.623162
0 22 7.575770
2 20 10.605149
6 3 10.213810
5 1 7.512680
3 17 9.056494
2 19 9.995127
3 15 9.829552
1 20 4.823213
0 0 5.121600
3 4 4.216828
5 13 6.163228
1 3 10.467951
0 8 4.247705
2 20 14.546790
6 14 6.674467
5 0 7.145987
0 15 4.989421
1 10 5.565246
0 6 9.731288
4 22 6.122854
5 2 7.976465
1 7 17.773205
2 6 7.349768
0 8 6.262525
2 14 7.951724
0 23 6.760200
2 10 11.101153
6 11 9.414870
4 11 8.846597
5 15 7.835233
0 5 4.318201
1 11 7.906405
3 6 11.066941
0 19 8.711988
3 7 5.751776
6 9 7.150471
6 9 9.325593
3 10 5.641575
3 6 10.006311
1 17 3.559858
4 22 5.463016
0 11 6.156733
1 9 14.824403
6 3 14.577681
6 22 3.045969
0 5 7.213478
0 6 4.178070
6 15 8.935117
1 3 11.056806
2 5 9.229749
1 4 5.414170
2 7 1.015653
6 1 8.716854
0 18 6.674467
6 17 6.671976
1 6 7.182579
2 6 8.107798
3 6 5.916723
4 6 7.225990
5 6 6.262525
1 7 7.836998
2 6 5.825696
3 7 7.225966
4 6 8.052537
5 6 8.193873
5 17 5.051605
6 17 9.150424
1 6 8.170430
2 6 6.674467
4 6 9.959518
5 6 6.963492
6 18 9.161060
1 6 6.311171
0 19 6.721744
5 10 6.931630
6 22 7.922765
3 7 11.140885
6 14 8.846597
1 0 8.840934
2 9 8.894255
2 11 9.703386
2 16 8.425330
5 2 2.999819
3 0 9.202012
1 5 7.406327
1 10 8.195651
0 21 3.982223
0 21 6.211071
3 7 10.015015
5 1 5.422602
3 7 11.062682
4 5 11.032096
6 5 7.139422
1 19 8.081745
6 22 9.292291
0 16 7.047059
1 14 4.247705
5 1 13.528557
6 1 9.492312
3 20 4.909507
4 9 1.573458
5 2 6.594612
5 2 8.327280
4 22 10.658207
0 2 14.469783
1 2 14.719527
0 2 8.168876
6 19 7.412230
1 9 5.013377
3 6 6.313141
3 9 4.937014
5 7 2.495145
2 8 8.667472
3 8 6.818193
4 0 8.107126
5 11 5.897029
6 3 9.842273
0 7 4.937014
0 10 4.768743
1 23 4.178070
4 23 11.554173
0 2 10.422987
1 4 5.036240
3 17 2.798517
3 7 6.067697
4 13 12.831104
3 17 4.045433
6 0 7.186694
2 23 8.235811
0 11 7.495949
2 15 9.229749
5 12 8.333422
6 11 7.765839
4 10 9.783485
3 12 7.951724
6 15 8.724513
6 20 6.198357
0 1 6.459162
2 9 3.522121
5 23 6.007225
0 18 9.940306
2 13 4.170690
0 0 8.773829
0 11 10.407761
0 11 11.169950
5 1 7.213478
6 4 4.082234
6 12 5.867843
0 22 9.537667
2 10 6.555954
4 11 6.074678
4 23 7.411248
0 21 10.163830
5 11 8.996538
5 12 5.854507
1 22 4.970153
3 13 5.326713
5 17 8.846597
6 17 16.864094
5 15 3.220908
3 13 14.866035
4 9 6.658595
0 10 6.358593
0 5 13.756324
0 10 3.142667
6 22 11.944240
5 14 5.588683
6 16 3.353451
1 5 9.229749
5 6 6.767621
1 1 12.839873
4 4 3.920958
5 4 8.071676
0 12 5.411264
1 5 6.445353
1 19 9.020260
3 5 9.568644
0 0 11.812369
0 1 9.625401
0 13 13.446073
1 0 11.670958
4 5 12.877190
1 8 11.940432
2 7 8.109406
3 8 4.956965
5 7 7.983517
5 13 5.531341
4 5 9.889016
4 6 8.121946
0 16 6.161047
1 7 6.055366
3 6 6.479657
3 14 8.480060
4 15 6.821135
5 6 6.139633
6 14 5.681129
6 14 6.388109
3 23 11.500467
5 16 3.245705
5 21 11.794529
6 23 9.625401
0 5 10.468624
0 19 12.743114
0 16 9.159212
2 0 10.552775
2 1 12.873407
2 3 11.812369
3 21 12.020617
6 20 7.182855
1 6 8.846597
1 10 9.568644
2 10 5.039581
3 14 1.280556
6 21 5.895261
3 11 6.054029
5 0 13.585647
5 12 11.323523
5 1 6.965401
4 15 6.787593
5 23 8.092654
0 14 6.550488
0 11 15.015975
3 23 5.835845
6 10 9.229749
1 11 7.564861
0 1 8.369915
0 12 6.161047
1 11 6.882393
1 10 8.846597
2 10 6.555954
5 4 6.674467
0 5 6.122854
0 7 9.559520
0 23 11.528271
5 8 5.854118
5 22 6.464569
3 16 5.185240
4 0 6.579764
6 22 2.485530
0 23 8.688650
4 12 9.703386
0 15 8.490463
6 8 11.574378
2 9 5.650764
4 23 4.247705
5 10 5.468619
2 2 6.736223
0 3 5.459114
4 1 13.283728
0 19 4.744143
0 0 11.306932
1 8 11.859441
2 20 9.096268
5 8 13.582311
0 10 6.594612
0 2 10.205586
2 6 8.906483
2 16 7.089650
3 6 9.056494
0 14 11.626499
1 20 7.262925
2 0 4.247705
5 15 9.879812
0 15 5.244764
0 14 6.674916
5 0 9.414310
3 10 5.588683
3 20 9.957313
4 17 11.323523
6 15 5.927030
0 6 9.588352
1 8 1.756992
6 16 6.904621
5 17 10.915522
0 0 6.464569
0 18 8.869922
0 8 4.667625
3 4 7.421608
2 8 9.328594
