1 21 5.616580
3 17 6.963560
4 18 5.919026
5 20 7.409396
1 0 6.847530
6 11 6.602526
3 8 7.409396
4 8 6.147179
4 16 9.867834
3 11 5.367282
5 0 8.755853
3 6 13.553997
4 5 10.934373
2 13 8.321512
5 9 7.409396
2 9 7.409396
5 8 6.211996
4 9 9.882336
6 11 8.600058
2 17 11.512473
3 11 10.382125
4 16 11.853428
5 10 12.214265
4 9 8.614629
5 15 8.901783
5 16 14.584092
6 16 8.886725
4 7 7.534979
6 8 8.101193
2 0 11.258788
6 19 6.765988
0 22 10.361225
2 18 4.889092
4 0 12.189677
4 4 9.664430
4 14 5.942273
5 15 11.853612
5 22 7.418097
3 7 8.894102
3 23 7.947961
3 14 7.206661
5 10 5.919026
5 15 3.928197
6 20 11.512473
2 23 11.667346
1 22 12.395296
4 0 8.661989
4 2 6.750363
0 5 9.165450
0 22 7.340544
4 15 7.409396
3 18 7.720469
0 7 9.243114
4 9 5.349124
3 5 5.637168
0 11 10.211926
6 10 8.785025
0 19 7.938639
1 4 12.940147
1 5 5.919026
1 18 9.162437
0 14 10.376268
1 23 15.338442
1 10 6.469729
5 8 8.330535
0 22 14.100245
3 21 11.853612
6 19 6.743724
3 23 10.105707
6 18 6.019349
6 17 8.818552
0 9 7.409396
3 2 3.296885
4 5 7.409396
4 15 7.808523
4 15 10.376268
3 10 7.409396
5 16 5.580976
4 1 10.191369
5 22 5.563494
6 22 10.791432
6 22 14.801060
0 8 8.894102
6 10 8.886725
4 13 6.643072
0 13 7.938639
0 20 9.996073
4 15 12.189677
3 8 10.552137
5 8 10.569328
0 8 5.919026
1 8 10.191369
3 8 10.361225
4 7 7.418097
0 17 10.382125
0 19 6.017543
2 11 10.718509
2 13 5.930148
2 14 5.641129
6 16 11.853612
1 2 9.208741
3 21 7.409396
0 5 11.869816
1 11 5.750587
2 18 9.651337
3 11 6.839443
6 9 8.696010
5 10 5.940913
5 12 6.123130
1 13 7.409396
5 17 5.889047
5 12 6.735815
6 1 11.413744
1 7 6.123130
3 17 6.857257
5 8 4.090414
1 5 8.891275
1 5 11.272697
2 13 6.442954
2 12 7.409396
3 19 8.082978
6 2 9.887738
2 5 5.919026
6 17 10.191369
6 19 5.549087
2 20 3.069514
0 1 10.222794
2 4 6.019349
4 15 7.287931
6 16 5.821993
0 2 10.906553
3 12 10.361225
6 14 11.446127
4 14 8.346198
6 21 7.673893
2 11 10.361225
2 15 10.382125
3 8 7.170383
3 10 5.637168
3 15 10.376268
4 8 7.409396
5 11 7.413580
6 17 7.185977
1 5 14.100245
1 9 7.170383
3 3 4.703049
2 13 8.894102
2 22 5.919026
3 23 6.447618
6 22 10.791432
6 22 14.801060
4 5 13.726414
5 9 11.659290
6 17 11.853612
1 4 8.894102
5 18 7.409396
6 18 7.418097
1 11 12.494543
4 20 10.361225
0 22 3.490820
5 22 7.407912
6 12 11.729689
4 19 6.187981
0 18 6.261462
1 22 10.186753
5 1 10.382125
6 18 6.936454
3 21 8.755853
4 21 7.068675
5 12 11.860296
1 8 7.409396
2 22 11.114095
3 23 5.524506
4 7 8.901783
1 10 5.919026
4 21 5.753051
0 20 8.869790
0 2 8.886725
1 1 8.716937
5 20 6.559405
6 1 5.232164
2 14 5.934394
6 1 12.061318
5 18 8.894102
2 15 16.979269
5 21 6.230554
6 22 8.403821
6 23 6.123130
4 9 5.750587
0 11 5.919026
2 10 7.028863
6 13 9.120357
6 17 5.919026
0 0 6.482480
2 10 5.659307
3 8 7.800263
6 8 7.700306
0 6 5.300621
0 1 8.387996
0 6 8.565016
0 19 6.791066
3 19 7.338468
4 23 9.165450
6 13 7.418097
4 0 10.956754
0 14 8.901783
3 7 5.400944
6 23 10.206165
5 13 6.407125
2 0 10.361225
4 20 8.886725
6 22 11.659110
3 14 11.665866
2 16 13.514642
2 21 7.923445
3 14 5.942273
4 5 11.667346
4 22 6.350911
1 7 3.185169
1 8 7.276253
1 15 5.637168
5 17 7.409396
5 17 10.191369
5 22 11.368844
2 11 20.890680
3 15 9.702657
4 5 12.055834
3 21 7.938639
1 20 12.262167
5 8 6.230554
6 12 8.387996
6 15 10.922388
5 15 12.495091
2 3 14.805257
2 22 7.056568
4 21 7.799365
6 23 9.323398
2 20 8.375266
2 21 15.861296
2 9 5.821993
1 6 9.743600
2 6 10.382125
3 5 6.857257
1 9 6.839443
2 9 9.469911
2 10 5.695724
1 6 8.042927
2 17 6.136588
4 14 7.516142
4 13 7.263158
6 23 9.663736
5 15 7.664893
5 6 12.716738
3 9 7.409396
1 23 6.743724
4 12 6.462789
6 20 10.611575
6 20 8.886725
2 9 7.667754
5 11 8.891275
3 18 8.894102
0 20 8.104310
5 15 10.376268
5 21 11.689095
2 6 11.853428
3 21 4.672915
4 8 8.082978
3 11 8.755853
0 15 12.054521
1 14 11.860296
1 15 8.901783
5 22 7.409396
2 8 2.738951
6 8 5.463717
0 8 8.092469
2 9 5.728090
3 9 8.800349
4 17 5.919026
5 8 11.101313
2 9 5.919026
3 9 7.102831
4 15 11.853612
3 9 7.409396
6 15 5.919026
3 14 5.942273
6 23 9.570258
3 10 9.799474
