6 13 10.902170
6 16 6.581738
0 1 5.553342
0 17 5.077435
2 17 7.898086
6 8 10.529748
6 19 4.332197
0 3 28.482943
2 16 8.183188
5 20 7.253345
2 16 6.462070
4 22 5.222389
5 0 5.089952
6 18 4.495659
0 22 8.183188
6 19 5.923564
1 17 6.462070
3 14 5.929938
4 1 4.606157
4 7 8.526791
5 3 8.978391
5 20 5.077435
1 18 6.766788
2 0 5.136776
2 3 7.662009
2 3 6.974996
3 8 9.351962
3 21 9.082912
3 23 8.931077
4 8 9.054345
4 7 7.023226
4 18 7.108278
5 0 12.605742
5 0 8.514149
5 7 10.969409
6 1 3.590039
6 2 4.607990
6 5 4.973704
6 6 6.462070
6 8 4.973704
1 7 6.134418
0 0 6.030445
6 4 5.923564
1 0 5.923564
1 1 8.181254
1 10 6.025834
6 12 2.748626
2 0 4.068772
2 16 2.873360
2 23 8.903440
6 16 6.134418
6 18 11.129299
0 15 5.053925
0 2 5.150926
4 1 8.049038
4 1 5.567135
4 22 7.553712
4 23 6.834882
5 0 6.353505
5 15 3.872044
6 21 8.052773
6 23 6.722906
3 22 8.903440
6 2 4.048826
3 20 4.595447
4 0 5.923564
6 2 6.394763
6 22 5.923564
1 2 8.946141
1 21 2.740744
4 5 6.143987
4 5 16.704178
5 5 7.261148
5 12 8.274332
6 17 5.467906
0 2 5.923564
3 13 8.738718
4 9 6.974996
5 16 5.929938
6 0 6.735734
6 1 6.986828
6 7 8.903440
0 1 5.222389
1 5 9.403387
1 5 5.136776
1 5 5.053925
1 7 13.833313
1 22 4.002071
2 5 6.134418
2 6 11.295376
2 11 2.920465
5 11 3.711424
6 10 5.578345
0 2 8.821494
0 2 6.608485
1 5 8.946141
1 6 11.867237
1 6 10.746249
0 7 8.243177
6 7 10.471092
6 23 3.821655
0 9 8.335461
0 23 4.936304
1 13 7.202481
2 22 7.925590
0 15 7.739502
1 16 10.529748
2 1 9.095243
4 8 11.758820
4 14 8.757482
4 18 6.976398
4 19 8.903440
5 11 8.991673
6 1 8.268403
6 11 6.025834
2 6 8.903440
3 0 10.973793
3 13 8.927114
3 21 4.351991
4 5 10.357129
4 8 6.030643
4 12 5.553342
4 20 30.258371
4 20 8.927114
4 23 5.222389
5 0 9.249400
5 2 15.573674
5 2 8.903440
5 3 5.136776
5 18 6.235331
5 23 4.085217
2 0 4.607990
3 6 5.310905
3 12 6.266867
4 21 5.385059
6 3 5.559317
6 15 8.738718
6 23 6.235331
0 3 7.196424
1 19 10.945721
6 0 8.588185
0 4 5.928932
0 6 5.310905
0 10 5.467906
0 13 6.030445
1 16 3.493104
1 21 6.143046
6 7 7.919215
6 8 4.994199
6 21 3.829539
0 17 9.215981
1 2 8.049038
3 14 8.903440
5 2 7.157542
5 3 7.432373
5 4 9.159572
6 6 6.646822
0 18 5.553342
0 23 13.711761
1 3 8.668632
0 1 9.054345
0 2 9.442141
0 17 6.375199
2 17 6.976398
5 6 8.903440
1 2 6.143987
1 3 9.847386
1 12 5.274150
1 14 4.641434
1 18 5.310905
1 23 8.903440
2 6 13.623624
3 6 8.613882
5 1 5.731988
5 6 5.310905
5 18 6.834882
0 4 5.826457
1 6 5.222389
6 21 8.049038
1 1 8.183188
1 3 8.903440
3 11 3.981090
5 3 8.903440
6 4 5.923564
6 4 5.923564
2 2 5.136776
3 1 4.570587
3 1 7.451842
3 2 5.826457
5 1 8.218559
5 4 5.222389
0 1 5.933619
1 1 5.136776
2 3 7.941038
6 16 7.556246
6 8 5.647560
6 10 5.826457
1 6 5.222389
1 17 2.920465
1 17 5.923564
3 7 4.994199
5 4 8.946141
6 3 6.811812
3 7 10.761504
3 20 5.929938
4 2 6.346676
4 5 8.183188
4 5 5.697152
4 11 6.581010
6 6 5.697152
0 0 4.615850
0 0 9.054345
1 5 9.744904
3 14 5.077435
5 1 7.469520
5 8 8.183188
6 1 7.040864
6 6 5.923564
6 18 6.030445
0 0 8.183188
1 16 5.820881
3 3 4.895990
6 3 8.183188
2 10 3.870316
4 7 8.638728
0 3 9.133796
0 19 7.570713
0 23 8.801848
1 0 6.482978
1 2 8.738718
1 8 11.464964
1 18 4.476334
1 18 8.321886
1 22 4.197337
2 1 8.643416
2 11 5.467906
5 1 6.870243
6 0 9.847386
6 3 7.593821
6 4 9.159572
6 23 3.919606
0 5 5.053925
0 20 5.222389
0 20 5.923564
1 2 9.391559
6 6 6.462070
6 13 11.158894
2 7 7.469520
4 19 5.553342
0 9 8.049038
0 10 6.824321
3 5 5.826457
5 3 9.095243
6 7 6.025834
6 10 6.598086
6 20 4.607990
1 23 9.095243
0 2 8.903440
6 23 5.832726
6 6 8.757482
0 5 4.814820
0 7 8.935046
0 8 7.709120
1 0 7.925590
1 1 4.994199
2 2 8.095978
6 5 5.923564
6 6 7.734702
6 7 6.003582
0 1 9.095243
2 12 6.030445
5 12 5.923564
0 1 5.997780
0 5 8.757482
1 5 8.183188
2 23 4.607990
4 2 6.974996
5 0 8.903440
6 3 5.053925
6 18 5.597229
6 23 5.595417
0 2 5.826457
2 21 5.548363
3 9 9.572497
3 11 4.264494
4 1 4.936304
4 2 9.744904
5 18 9.092431
6 2 7.908907
6 2 18.431961
0 1 7.094044
1 8 8.662136
2 1 5.923564
6 8 9.054345
6 18 8.757482
0 12 5.832726
1 1 6.462070
1 5 5.748040
1 6 12.985629
1 8 8.479466
2 5 8.183188
2 6 6.180010
2 6 5.923564
2 9 6.023964
3 6 5.929938
3 6 8.903440
3 10 5.222389
4 5 5.136776
4 8 9.095243
5 5 5.923564
5 6 5.826457
6 7 5.222389
6 18 4.595447
0 7 5.923564
1 5 6.180010
1 6 5.136776
1 10 5.923564
1 10 5.222389
2 6 11.988122
2 13 5.923564
5 5 8.049038
5 7 8.952667
6 1 8.049038
6 3 10.954373
6 5 7.956147
6 7 6.705922
6 9 2.873360
0 7 5.832726
0 9 5.923564
0 11 7.556246
1 6 8.903440
1 6 8.183188
1 7 8.757482
2 5 5.923564
4 5 8.616232
4 7 10.057771
5 5 5.553342
6 7 6.598086
0 7 8.757482
0 9 5.222389
1 5 5.222389
1 7 8.801848
0 2 5.136776
0 7 6.143987
1 1 7.439262
1 20 8.757482
1 21 8.903440
2 1 7.827108
2 3 5.826457
2 3 5.222389
3 0 7.816806
6 0 5.923564
6 1 5.732482
1 1 3.755790
1 20 11.699719
4 1 7.261148
0 0 5.222389
0 18 8.927114
0 20 5.595417
0 23 9.712843
1 2 8.616232
1 2 8.616232
2 2 7.556246
2 22 8.465367
5 0 6.706658
6 3 8.613882
6 11 3.290505
0 21 5.923564
0 22 6.794528
0 23 10.446624
0 23 5.595417
1 0 8.462235
6 22 7.597618
0 1 6.888042
4 1 7.059643
5 9 7.432373
6 2 8.183188
6 6 5.923564
0 9 8.613882
0 17 5.832726
1 2 5.923564
6 1 5.923564
6 19 9.744904
0 0 6.417622
0 3 9.780032
2 10 8.908810
4 1 8.352220
4 2 8.049038
4 2 8.183188
5 2 8.183188
4 20 7.086087
4 20 5.222389
5 1 5.826457
5 19 5.011215
5 19 5.593785
5 22 6.269157
6 3 5.929938
1 0 4.873921
4 18 5.385059
4 20 6.362441
4 23 3.125409
5 3 10.684127
5 8 9.550042
5 18 6.874330
0 5 9.314818
1 21 8.927114
3 0 6.462070
0 0 9.122981
4 1 8.550959
4 17 8.757482
5 15 4.160943
0 0 4.165761
1 22 7.925590
2 0 7.060244
4 23 5.103186
5 1 8.218559
3 19 4.994199
4 1 8.468740
5 17 2.969139
6 2 6.976398
5 17 7.827108
6 1 8.978391
6 1 8.823822
0 0 3.919572
0 11 5.385059
3 1 5.923564
3 1 7.556246
3 13 5.005829
5 2 6.706658
6 17 5.915558
0 8 8.931531
1 20 5.467906
4 7 9.095243
5 2 17.030014
5 2 5.923564
5 21 9.092431
6 0 6.180010
6 1 2.920465
6 20 5.473789
0 0 4.676766
6 23 8.903440
4 7 11.663473
1 10 4.686863
4 1 9.159572
2 6 6.023964
2 9 6.346676
3 4 12.611253
0 0 5.923564
2 1 9.249400
3 1 8.321886
4 1 7.312496
4 23 5.832726
4 23 6.023964
5 1 5.923564
0 19 5.089952
3 1 8.183188
4 2 6.218410
5 0 8.903440
5 1 6.530211
0 19 5.222389
0 19 6.588820
2 0 8.903440
3 17 7.115925
0 22 5.826457
4 0 41.672234
4 22 7.617414
5 0 5.372016
5 14 4.069394
2 15 7.553712
4 18 4.069174
5 17 7.403636
5 22 7.936137
5 23 3.544972
6 1 9.627280
6 4 4.994199
6 22 4.800191
0 3 7.300632
2 6 6.346676
3 14 6.712727
5 18 8.946141
0 4 8.884364
1 17 7.803658
2 1 5.222389
2 16 5.163494
3 1 8.767702
4 1 5.732482
1 0 5.929938
0 0 6.462070
1 1 5.929938
1 2 4.820667
1 2 9.095243
1 16 9.992260
1 19 7.935627
2 1 5.923564
3 17 5.832726
4 2 8.453962
0 16 5.929938
3 6 6.023964
3 7 7.615169
5 0 5.467906
5 1 6.462070
5 5 6.235331
6 0 8.889701
6 3 8.797584
6 5 5.923564
5 18 3.790390
6 8 5.832726
1 15 8.903440
1 16 8.767702
2 12 6.023964
3 2 8.587098
3 18 10.154682
4 1 7.561997
5 22 7.734702
0 14 5.136776
1 16 7.404456
1 21 5.242564
6 7 5.222389
6 8 5.732482
2 2 9.249400
2 5 8.613882
2 5 5.222389
2 21 5.226675
3 1 5.497252
3 23 10.332576
5 0 6.785099
5 8 6.727564
5 17 5.923564
6 9 5.222389
2 11 9.092431
2 19 7.631519
4 7 8.884364
4 14 7.654369
6 0 11.867237
6 16 8.907416
6 22 5.923564
0 13 5.929938
0 17 6.596713
1 16 7.556246
2 2 11.539279
4 23 5.077341
5 0 5.929938
5 3 7.919215
6 8 7.816806
0 20 8.453962
0 22 4.405470
1 22 7.793513
1 23 7.217480
2 2 8.453962
2 2 5.136776
2 7 8.884364
5 5 8.049038
5 14 8.757482
6 5 5.222389
2 7 8.884364
4 5 8.903440
4 7 11.372992
4 14 4.973704
5 6 7.420314
6 2 4.002785
6 5 8.757482
6 13 5.641490
6 21 7.728131
0 0 5.450749
0 2 7.291212
0 19 5.832726
1 5 7.543986
1 19 5.553342
2 17 5.923564
3 3 7.556246
0 5 7.556246
1 1 5.136776
1 5 5.310905
1 20 8.613882
2 6 11.190834
2 7 6.134418
0 18 9.067495
0 20 8.903440
0 22 8.616232
1 1 8.903440
1 1 9.034946
1 19 6.023964
4 19 8.946141
6 17 4.308231
6 19 8.453962
1 18 7.843390
6 7 4.724644
6 9 5.923564
6 9 9.095243
0 18 5.516756
4 5 5.222389
6 3 6.023964
6 6 6.346676
6 7 3.916792
6 11 4.745344
0 10 5.553342
0 19 5.832726
0 23 7.316354
5 1 9.341728
5 3 8.049038
6 1 2.969139
6 2 8.183188
0 11 8.049038
6 17 5.923564
0 0 9.442141
2 22 10.775967
4 6 7.919215
5 0 7.407920
6 0 10.314858
0 0 8.183188
0 5 8.049038
0 6 5.222389
1 6 8.616232
3 7 10.973793
4 13 6.462070
3 19 8.453962
3 23 5.832726
4 19 9.104988
6 1 5.923564
1 2 5.136776
0 2 8.049038
0 23 5.832726
1 0 12.724881
1 6 8.903440
2 15 13.668252
1 23 8.183188
2 10 11.499868
4 22 4.541936
6 6 5.826457
6 14 7.898086
6 18 7.422847
6 3 5.826457
6 19 8.903440
0 1 9.159572
0 19 8.049038
0 21 11.366093
5 16 5.310392
1 17 5.826457
2 7 6.689996
2 19 10.028331
1 22 4.760096
0 1 8.244490
0 2 9.252546
0 18 5.826457
0 3 5.832726
0 6 5.304685
1 17 5.923564
1 18 5.222389
1 22 5.385059
4 0 8.097008
6 1 5.136776
6 10 4.747627
6 11 6.727564
6 12 13.272340
0 6 5.929938
0 15 8.183188
1 16 5.222389
6 23 4.209103
6 5 8.884364
1 2 4.541208
2 7 10.568736
2 18 8.767702
5 6 5.746720
5 8 6.353505
5 20 11.418403
6 3 5.136776
6 4 5.732482
6 16 5.923564
6 22 4.212742
0 1 6.842236
0 2 4.447206
1 6 5.826457
3 16 8.757482
3 22 7.196424
5 0 5.222389
0 1 8.679170
4 15 5.923564
4 15 5.826457
5 0 5.929938
2 18 12.059227
4 15 5.402472
0 1 6.235331
0 3 5.929938
0 19 5.641490
1 3 8.903440
1 3 5.923564
5 2 9.092431
6 1 4.570587
6 8 7.793513
6 9 8.903440
1 23 8.181254
4 0 7.355891
5 2 6.127826
5 12 7.556246
6 2 9.210455
2 2 5.923564
3 1 9.744904
3 22 5.641490
3 23 9.408873
4 2 8.946141
4 2 8.903440
4 3 7.793513
5 1 5.929938
6 5 5.136776
6 10 2.820745
6 22 8.229803
0 6 6.581738
2 0 4.747627
0 19 11.605309
0 21 8.903440
0 20 6.968900
1 0 4.177911
5 17 7.816806
3 3 5.467906
3 20 2.969139
0 3 5.222389
5 3 10.506363
6 19 12.396321
0 17 4.567906
3 16 5.923564
4 16 8.903440
5 15 6.819324
0 8 4.994199
1 3 8.231174
2 23 8.757482
4 16 5.923564
5 2 5.802655
5 16 2.920465
5 20 4.868683
1 4 8.096236
4 6 5.826457
1 23 10.296502
3 19 13.055973
4 0 6.203701
5 0 5.929938
5 1 5.222389
5 21 7.210982
0 1 5.876348
0 22 5.802655
2 18 5.929938
4 0 4.895990
4 1 7.553712
5 11 5.385059
0 1 9.092431
0 3 4.292375
2 0 5.398434
2 23 14.506958
4 13 9.871515
6 21 5.330618
6 23 7.038051
0 19 5.005829
0 8 8.884364
0 9 6.173380
2 19 5.082804
3 4 10.529748
3 9 10.020230
5 2 7.561997
3 18 5.923564
6 3 7.432373
0 18 5.923564
2 9 5.826457
5 2 6.242040
0 8 10.804943
1 9 4.413287
6 6 8.231174
6 9 9.094504
6 10 5.641595
0 6 5.923564
1 8 7.966091
1 18 5.467906
3 7 8.946141
3 13 5.923564
3 18 5.923564
3 19 5.222389
5 0 6.581010
5 2 7.543986
6 6 8.757482
0 23 5.929938
1 7 13.478287
1 21 6.581738
2 3 8.183188
2 21 10.296502
2 23 7.851061
3 6 8.049038
4 1 8.453962
4 7 13.724199
4 10 5.826457
5 0 5.082804
6 6 9.145748
1 3 8.453962
1 7 12.957796
1 21 5.222389
2 7 5.077435
2 16 2.920465
4 3 9.095243
4 4 5.222389
5 3 9.009415
5 19 5.923564
6 1 8.927114
6 6 9.530716
6 8 8.231174
6 10 6.102001
0 23 5.738649
1 1 8.745479
1 1 8.889701
1 7 5.077435
0 11 5.553342
2 7 1.150169
2 17 8.757482
5 8 5.310392
6 14 8.884364
3 8 7.615169
3 17 5.929938
5 4 5.222389
0 12 5.923564
1 7 8.738718
1 15 9.855973
1 16 5.923564
1 23 10.717837
3 0 8.903440
3 1 5.923564
6 19 7.213245
6 23 4.820667
0 0 5.923564
1 11 4.345081
2 19 5.826457
3 0 4.122939
4 2 5.136776
0 3 7.113828
1 4 5.923564
5 4 5.222389
6 19 3.656857
0 0 7.404456
0 1 10.765057
0 18 5.136776
1 15 7.556246
0 0 7.556246
0 21 5.136776
2 0 5.826457
2 10 6.346676
2 16 11.281873
2 19 8.903440
3 7 7.507913
4 2 7.253345
4 23 4.760096
5 3 5.923564
3 8 11.158894
3 17 5.923564
3 17 6.025834
5 4 6.974996
0 21 9.095243
1 0 7.787911
2 19 5.053925
6 2 10.116617
1 22 7.013706
6 0 9.819826
5 17 6.906271
5 20 5.809212
6 1 6.527987
0 1 4.344264
3 21 16.219223
4 14 9.827294
1 13 6.203701
0 4 8.613882
1 23 5.923564
0 2 5.929938
3 23 5.222389
0 2 5.923564
4 18 6.235331
6 6 3.958852
6 7 6.346676
1 1 7.906359
1 4 5.222389
1 23 6.362441
2 17 6.462070
3 7 7.686121
4 1 8.231174
4 4 8.233679
6 5 6.127826
6 11 8.204713
6 12 8.757482
6 23 5.923564
1 13 5.826457
2 8 7.839145
2 21 4.973704
5 2 4.747627
6 1 4.595447
0 15 9.054345
1 0 5.222389
1 21 3.538087
3 2 10.078988
3 15 6.028021
2 1 5.385059
2 1 2.969139
0 2 8.049038
0 0 8.946141
6 17 6.462070
5 21 7.422847
6 18 6.469023
6 22 7.532348
2 0 4.686863
2 1 8.453962
2 3 5.222389
1 23 8.978391
2 0 8.927114
2 11 8.097651
2 13 4.517473
3 6 5.641490
4 2 5.497252
5 1 7.876379
5 6 8.819115
6 0 9.034946
6 3 5.222389
6 12 9.095243
6 12 5.826457
6 13 6.134418
6 16 8.946141
1 10 5.222389
2 21 6.023964
3 21 5.641490
4 22 10.357129
5 10 7.921739
0 0 9.627280
0 1 5.641490
0 3 8.049038
0 3 9.957851
0 4 5.732482
1 21 9.408873
1 23 7.514771
2 0 7.953943
2 23 4.607990
3 3 8.903440
3 9 8.183188
4 22 8.903440
0 0 7.807198
0 8 6.203701
1 3 4.913647
0 6 9.095243
2 0 6.516780
2 6 9.712843
0 7 5.923564
1 0 6.767673
2 2 8.183188
6 12 6.346676
0 20 7.726388
1 20 5.136776
0 14 8.097651
1 15 7.432373
2 16 5.163494
4 15 35.629665
4 19 3.872790
6 1 7.716725
6 9 5.923564
6 20 7.439262
0 1 5.923564
0 17 5.402472
0 19 7.827108
1 0 8.049038
1 17 5.553342
2 15 6.023964
3 5 10.208295
4 15 6.127826
6 1 6.974996
6 2 8.049038
0 0 3.615065
1 15 5.923564
2 15 8.616232
5 15 10.165607
5 23 6.968900
6 15 4.115325
0 22 16.651970
6 23 4.068772
0 18 8.183188
2 4 10.079366
3 2 9.159572
4 0 8.183188
0 19 2.313615
3 8 6.992179
3 9 8.119574
4 17 8.049038
4 18 5.929938
4 20 8.946141
5 6 6.023964
5 11 9.054345
6 4 5.595417
6 16 4.595447
6 23 8.946141
0 6 2.943478
1 3 4.820667
1 20 6.744524
1 20 8.321886
1 21 8.927114
2 8 5.923564
3 3 8.243177
3 22 6.056367
4 1 7.422847
4 21 5.923564
6 7 7.556246
6 21 5.136776
0 22 8.884364
6 8 8.903440
6 9 5.826457
6 11 5.222389
6 11 5.732482
0 21 5.053925
1 1 8.931531
1 22 8.183188
6 0 7.196424
6 1 5.826457
6 10 5.923564
6 17 2.827751
0 19 10.529748
5 14 4.973704
1 3 7.559509
1 3 8.903440
1 1 8.757482
1 2 8.757482
2 0 6.203701
4 5 5.222389
0 10 4.068772
0 21 5.826457
4 13 2.740744
1 14 9.092431
1 23 5.425969
0 0 5.467906
0 17 17.814833
6 17 5.923564
0 16 9.712843
1 6 7.919215
2 17 11.857864
3 1 6.705922
3 7 8.884364
5 4 5.923564
5 18 5.732482
6 7 8.526791
0 11 5.912139
4 22 8.526791
5 0 7.420314
5 4 4.142984
1 1 3.711424
1 3 5.826457
1 18 1.553338
1 18 7.742121
3 17 5.136776
3 6 4.068772
3 16 5.222389
0 5 5.826457
6 3 8.613882
4 21 5.222389
4 22 5.923564
6 22 7.671739
0 0 5.929938
1 0 4.570587
1 0 4.631993
1 1 8.049038
1 20 7.556246
3 22 8.946141
4 12 5.826457
0 8 5.398434
1 10 5.923564
0 0 9.318310
0 2 5.923564
2 21 10.902170
2 22 8.819115
2 23 8.515007
3 3 8.183188
3 4 7.793513
3 5 5.923564
4 15 6.127826
4 22 9.939581
0 23 7.437793
6 1 5.923564
0 7 5.222389
3 9 8.346974
3 9 7.525497
3 21 5.748040
4 2 5.136776
4 4 3.872790
5 2 4.595447
5 21 8.749023
5 22 1.821695
6 1 8.946141
0 3 8.903440
0 7 5.732482
0 22 5.923564
1 7 6.346676
1 15 12.068377
2 22 5.951921
3 3 6.102001
5 2 7.803658
6 8 7.543986
1 7 9.374475
1 16 6.527987
2 6 8.183188
3 0 6.617105
3 7 9.140809
4 5 7.789710
4 6 6.777834
4 7 8.738718
2 1 5.923564
2 6 6.834882
3 2 7.289342
3 6 7.543986
3 7 8.884364
3 18 13.692966
6 9 2.969139
1 6 8.183188
0 6 8.049038
4 6 4.728194
6 17 6.598086
0 2 8.373310
0 7 8.903440
6 1 4.068772
0 1 5.912376
6 23 5.304685
0 4 11.136321
2 0 9.159572
2 2 6.235331
2 2 11.132590
0 7 7.919215
0 13 5.077435
0 16 8.903440
2 0 4.686863
2 1 8.453962
2 3 5.222389
2 13 7.726388
2 17 5.136776
2 21 10.177301
2 23 7.973229
3 16 7.827108
4 6 5.923564
5 20 4.913647
6 14 5.310905
6 16 5.929938
2 5 5.923564
2 6 5.304685
3 18 5.641490
4 21 6.581738
3 18 7.460556
4 4 7.320555
5 17 7.328228
1 9 5.923564
3 8 7.196424
3 13 6.235331
4 8 5.826457
4 16 5.826457
4 21 5.826457
4 22 9.408873
5 17 4.520112
6 17 9.190893
0 8 8.183188
1 10 5.832726
2 8 10.500939
2 12 8.049038
2 22 6.023964
2 22 6.134418
3 0 8.616232
3 7 10.973793
4 8 5.923564
5 4 9.009415
5 6 9.538420
5 7 8.931531
6 3 8.790546
6 3 7.543986
6 4 8.738718
6 14 8.183188
6 22 8.473205
0 2 5.385059
1 7 8.884364
3 8 7.561997
4 0 5.929938
4 0 9.372042
4 4 12.533734
0 18 2.920465
1 8 9.871515
0 9 5.826457
4 8 12.387938
5 12 5.028885
1 16 10.894883
3 1 4.983992
6 7 5.553342
5 12 5.826457
5 13 5.222389
0 0 7.538428
2 10 8.217107
2 22 5.923564
5 3 5.923564
0 2 6.131625
1 11 4.595447
2 0 7.556246
3 23 5.077435
5 23 9.352997
6 1 5.923564
6 20 9.995219
0 3 6.462070
2 21 7.031286
4 20 8.315677
2 21 6.023964
6 1 8.946141
6 18 8.243177
6 23 5.158312
0 2 6.809680
0 17 5.467906
1 1 8.315373
1 17 5.929938
6 14 5.826457
4 4 8.903440
5 5 8.903440
5 5 5.222389
4 0 7.236283
4 3 5.497252
4 7 5.559317
4 8 5.226675
5 6 7.108278
5 14 4.624700
6 6 7.432373
6 11 4.231118
0 7 9.371872
2 8 8.183188
4 6 9.305552
6 6 6.394763
6 23 7.166139
0 3 8.315373
1 6 8.450329
6 18 9.095243
6 19 5.832726
0 8 5.923564
0 8 5.136776
5 21 8.216057
5 21 6.143046
6 9 5.310905
6 13 5.222389
4 16 10.142445
0 1 5.929938
0 20 5.163494
0 23 5.923564
1 2 5.222389
2 17 7.121440
2 20 4.383851
2 22 8.616232
3 18 8.903440
4 6 4.820667
4 8 7.108278
4 15 5.928932
5 8 7.539603
5 8 7.247496
6 7 11.941641
1 8 5.826457
1 15 6.023964
1 16 7.553712
2 1 6.203701
6 11 5.832726
2 1 4.820667
4 3 8.321886
4 7 10.914292
5 0 4.820667
5 7 4.413287
0 1 9.530716
0 9 5.929938
1 9 6.023964
1 11 28.032339
1 16 10.708218
2 7 5.923564
2 23 4.618271
3 2 9.082912
4 7 5.923564
5 7 9.791980
6 0 8.623270
0 6 8.468740
0 7 8.738718
1 0 5.826457
1 7 5.826457
1 18 6.127826
2 7 11.556427
3 7 9.518961
4 22 7.328228
5 7 5.641490
1 8 5.923564
2 7 8.738718
3 6 8.613882
4 8 6.530211
5 6 5.826457
1 4 7.469520
2 6 7.196424
5 2 8.403752
5 4 7.742121
5 6 6.127826
6 9 4.753911
3 7 9.034946
3 11 4.032871
3 19 9.263987
4 5 8.903440
5 5 5.826457
6 23 5.497252
6 6 5.226675
0 6 8.927114
5 7 6.028580
0 8 5.726493
2 0 8.183188
4 8 9.445308
0 1 4.808058
0 5 7.671850
1 8 8.082842
6 7 4.873921
0 17 10.529748
1 0 8.049038
1 1 10.691873
4 19 5.826457
6 18 5.929938
6 22 5.309492
0 17 3.790390
0 17 5.929938
0 18 8.183188
1 19 8.785112
1 20 8.884364
2 22 6.551552
4 1 8.183188
5 5 9.095243
5 18 7.115925
6 5 8.183188
0 3 8.183188
0 19 8.903440
1 17 12.873103
2 1 8.245877
2 17 5.239154
4 2 6.462070
4 20 5.136776
4 22 8.738718
6 20 7.556246
1 6 5.304685
2 7 9.518961
2 9 10.357129
2 15 6.976398
4 1 8.183188
5 0 5.222389
6 0 7.404456
0 22 9.530716
1 0 9.249400
3 1 5.077435
3 4 5.923564
3 18 6.706658
4 23 6.023964
5 2 5.923564
5 6 11.352855
5 23 8.757482
6 4 5.923564
6 5 8.049038
6 20 9.372042
3 7 9.871515
4 23 7.803658
5 1 5.222389
5 6 9.692033
5 8 11.255127
6 17 5.136776
0 6 5.053925
1 6 10.902170
1 7 8.738718
