2 18 5.060649
3 3 17.070900
3 10 3.518459
6 14 39.782970
3 10 6.133208
1 9 9.073670
5 22 5.692925
0 22 3.180549
4 21 6.259800
4 1 9.388242
1 2 16.811718
4 7 3.664881
4 8 3.749178
1 5 3.910449
2 22 12.525379
3 12 2.292155
1 9 6.720000
0 15 3.273688
4 14 2.859495
3 9 16.140009
0 13 2.060335
6 18 4.627957
4 7 18.316555
4 7 2.166061
2 5 2.144346
5 18 11.207114
0 20 11.914917
6 13 18.382351
2 23 16.494345
4 18 25.136505
3 21 13.417229
6 13 19.913370
6 11 3.936743
6 12 6.575227
0 15 12.736233
4 8 7.999369
2 0 4.965236
5 2 17.416029
5 1 6.406488
4 10 8.591711
6 12 17.231270
2 22 6.916002
0 19 4.514215
0 2 1.905165
6 19 32.779858
2 9 8.069503
2 19 17.773161
3 6 6.558625
3 7 2.561923
0 17 41.167572
1 18 6.799438
6 1 43.091152
2 15 5.381732
3 21 10.010802
0 1 1.645110
0 5 10.131009
0 1 10.345819
2 8 7.910532
6 2 12.511658
1 12 15.689570
2 23 6.312549
4 19 19.307116
5 10 5.192925
1 9 3.452047
0 2 14.778882
4 18 11.301528
6 2 8.682382
2 8 11.489886
6 19 9.943889
0 12 19.316648
3 19 7.056076
5 20 7.160529
6 16 6.163809
0 3 12.609314
0 12 4.104187
0 18 8.165826
5 12 9.239747
6 12 19.698509
1 4 2.202774
1 6 3.441250
1 7 13.060542
1 10 3.182134
2 4 20.679089
3 4 17.591177
3 6 3.725962
3 11 19.608027
3 11 7.967942
4 7 13.542368
4 11 19.112787
5 10 2.971883
5 12 7.125272
5 12 3.910449
2 6 2.166061
5 8 4.843295
3 14 5.415152
6 6 15.925771
1 0 3.664881
3 0 21.788900
4 17 10.056209
1 11 12.836480
2 13 27.427696
3 17 37.922703
1 9 31.751375
1 22 22.581598
6 23 5.422124
4 11 19.126329
2 23 2.202774
3 17 15.310246
4 21 3.549643
5 9 19.110926
6 13 9.103833
2 8 3.725962
2 5 2.854714
1 8 8.445976
2 5 1.964099
2 7 1.856624
2 11 14.596021
3 0 4.501926
4 5 2.130552
5 7 2.096188
3 5 3.176073
0 5 11.209357
6 5 14.552348
6 19 6.024279
4 19 3.664881
5 10 7.395632
6 9 8.673633
2 8 17.442532
3 15 23.922754
3 11 2.309295
4 9 20.833910
0 22 21.363285
4 21 5.060649
4 23 7.518692
1 8 14.630894
1 8 7.628141
1 8 15.278049
1 6 4.064686
1 7 38.353859
0 1 22.369759
1 7 4.239125
6 22 4.838793
2 16 2.590156
5 21 9.073670
3 21 10.777433
1 7 4.513252
0 21 2.266369
1 6 2.320780
3 8 7.367496
6 4 6.053662
6 6 15.648075
6 6 2.144346
6 7 13.756194
6 8 5.060649
6 8 15.054721
6 8 14.999557
6 8 7.666289
3 23 12.969646
1 18 6.876930
1 13 22.141104
5 16 6.465040
2 21 15.455089
6 3 4.880826
1 0 1.968580
1 8 19.230221
6 18 6.274592
6 10 3.336077
0 23 20.970442
4 9 14.107553
2 14 10.048360
1 8 3.103678
4 7 5.147789
4 17 16.564575
0 8 3.749178
0 15 15.350290
5 0 12.017996
1 18 5.839211
0 16 5.060649
1 11 4.890400
0 16 6.921845
0 17 15.278049
2 16 3.992102
0 6 4.967949
3 13 2.561747
1 5 6.465040
1 10 6.572791
2 5 14.993411
5 6 5.846686
1 5 12.544413
2 9 8.132691
3 6 5.836020
5 6 3.601057
6 19 8.872027
2 7 7.887349
5 6 6.605664
1 6 3.918751
6 19 2.235573
0 1 3.330499
2 22 16.427685
4 8 11.342646
2 7 2.759972
2 18 37.704758
2 22 13.947261
2 9 13.588495
0 8 1.999441
0 9 4.991993
1 19 19.130230
3 19 6.992804
3 22 20.555332
0 22 13.117471
1 21 16.546425
1 21 9.218978
1 21 17.773159
6 14 23.438213
6 15 8.530582
5 15 16.381573
5 23 8.122549
4 19 15.004102
4 19 5.648409
3 18 10.584884
3 18 4.007354
3 18 5.338077
2 18 6.895907
2 11 13.085588
6 14 4.890400
5 8 8.345649
5 23 10.337614
