6 22 5.009486
6 21 6.591912
0 12 7.795180
2 6 4.572432
2 13 6.985425
3 8 6.043151
4 16 8.314858
6 19 4.504187
0 0 9.984981
0 0 8.585882
3 7 3.276587
1 10 3.168771
4 0 3.324612
1 15 4.593215
3 1 4.122319
0 19 11.918416
6 16 3.072748
0 1 3.030455
3 8 4.915517
2 12 4.262058
6 16 4.122025
0 18 5.029675
1 13 3.279212
2 10 4.888641
3 22 15.851030
0 13 2.679816
0 19 6.523841
6 23 4.653967
3 19 4.902053
4 7 5.029675
3 6 8.776984
3 7 10.543537
5 5 8.752482
4 7 8.001412
5 6 8.011136
0 16 3.380023
5 13 10.104884
6 16 5.898462
6 19 3.612690
4 23 10.415263
0 22 7.157802
0 18 3.759293
0 0 5.821869
1 0 6.677574
3 11 4.481340
1 1 12.052416
6 20 2.626454
4 23 4.166407
0 1 4.539649
1 10 2.866121
6 20 7.284626
6 3 10.042123
0 15 6.082870
6 21 6.564362
2 21 2.284325
2 0 5.085725
0 2 5.539808
5 20 5.476122
5 22 6.568105
6 12 3.380023
2 6 3.335610
0 19 1.745066
0 18 6.187420
1 0 10.213912
6 3 8.601578
6 21 6.614771
2 21 5.486918
1 14 13.965080
6 13 6.022623
6 21 5.258123
0 18 6.708335
4 11 4.265995
0 8 5.732242
1 12 4.421269
1 22 3.552479
6 13 14.277032
0 11 3.494242
1 6 3.335610
1 19 10.558012
5 14 5.976852
0 18 3.219069
3 21 4.947222
0 0 5.658555
3 9 8.611314
5 19 6.503373
1 1 10.378558
3 21 3.753156
6 19 4.190016
0 8 5.821869
4 6 5.461190
1 23 4.572026
2 14 7.852771
4 20 5.826279
2 20 5.877662
3 11 1.735587
5 15 5.340898
6 4 10.226373
2 8 4.191024
6 17 5.029675
6 16 4.952249
6 17 9.070755
2 11 6.524595
3 14 5.826279
6 19 9.569580
6 20 10.742777
3 18 9.750168
4 22 3.991167
0 0 9.919033
4 11 5.549759
6 22 10.751522
0 1 2.296985
0 16 1.135341
1 7 4.572026
6 22 7.374759
6 17 6.487436
3 13 3.739452
0 21 4.190725
6 21 4.278647
2 21 4.191024
6 23 5.768637
4 22 3.494242
6 13 2.061397
0 0 3.335610
2 7 4.867428
2 12 10.145904
2 20 3.168771
4 11 7.268307
6 11 4.867428
4 9 12.133460
4 11 6.355941
4 13 8.223741
6 13 8.405691
6 22 3.621453
1 23 10.761086
0 23 13.521785
4 7 12.661050
6 15 5.147372
0 21 5.998739
0 14 5.985619
6 15 7.440154
5 22 15.440762
6 19 8.314858
2 11 1.836911
3 10 6.462991
1 10 5.196018
1 9 9.726582
3 8 8.057534
5 7 8.587477
6 17 3.324612
6 20 8.253025
5 16 7.435535
0 2 5.119908
6 14 1.688773
0 4 11.569022
4 10 7.887970
3 11 6.703886
0 12 6.187410
1 18 22.838305
6 21 4.881229
0 6 5.170487
0 9 1.745066
3 20 5.029675
4 0 7.724580
4 20 4.642777
5 6 5.381219
5 12 5.635566
0 7 6.733274
4 5 5.238780
4 16 15.237336
4 23 3.181324
1 6 3.759293
1 9 8.187807
2 19 4.191024
6 22 3.450631
1 2 9.179986
4 18 6.706234
1 0 5.467235
3 8 4.699280
6 12 3.973954
1 23 3.380023
5 4 5.215917
2 12 6.035610
6 23 3.863531
1 3 4.421269
3 21 7.833252
2 7 5.774925
2 14 5.349862
6 0 1.006812
0 12 4.897994
0 19 3.875432
0 7 3.755580
0 8 6.128269
6 0 7.676028
5 7 5.975623
2 15 8.099654
0 10 8.360601
4 7 6.473755
0 1 7.630082
3 7 5.035975
5 7 5.349862
0 2 6.468743
0 16 3.634033
0 16 1.089001
5 18 4.014743
4 14 2.593370
5 7 5.682909
2 13 3.674978
4 16 3.667884
5 6 20.559351
6 22 7.419526
6 22 6.677574
5 22 2.385898
5 22 5.986744
1 1 13.428087
6 2 10.301197
6 14 5.539808
6 21 3.417539
5 23 6.881167
6 1 5.549759
6 16 2.977573
2 20 5.827779
1 8 7.936675
1 15 1.716458
1 20 7.364544
3 17 6.924313
2 23 10.956741
2 23 10.240146
6 16 5.539808
6 21 6.714612
6 20 11.038269
6 9 4.867428
1 17 5.085725
3 19 9.138794
4 8 6.229805
1 13 6.568105
2 14 3.972463
4 6 10.141307
1 11 8.324270
2 7 4.221587
4 7 11.399700
5 5 5.934275
0 18 2.679816
1 5 7.138516
5 19 6.144596
1 15 4.316770
1 21 8.825246
6 22 5.944083
5 17 2.772223
4 15 4.716338
0 1 4.055830
1 18 6.107589
4 2 3.492520
0 17 2.593370
0 17 7.693362
6 18 3.281407
0 6 9.271089
0 10 5.981489
0 10 15.444134
6 5 6.474804
6 6 6.999664
6 6 9.119420
0 1 12.297393
1 16 3.552479
2 3 9.112418
4 7 4.122615
5 0 2.028013
1 22 6.820140
2 12 3.380023
0 0 12.493489
1 14 6.744988
1 14 5.164943
1 15 4.407276
1 18 3.552479
0 11 4.947222
5 18 6.474804
6 1 8.455789
1 21 6.361211
5 21 3.278346
1 9 3.208753
1 12 3.875432
3 15 3.518523
0 11 1.883224
3 23 4.542615
5 11 6.854446
0 0 7.794291
0 1 9.931303
4 13 10.869981
4 19 13.143648
5 10 7.610579
5 22 3.970737
4 14 3.868361
4 20 6.893564
1 21 4.056027
1 18 5.796122
4 18 2.725237
4 7 9.961336
6 10 1.160023
0 23 5.137938
6 9 3.324612
6 23 6.677574
3 18 8.930456
6 12 2.478474
5 19 3.828309
4 18 5.766872
