5 18 8.686745
4 22 8.184699
4 21 5.068229
5 14 1.752668
4 21 6.356893
6 9 4.942263
4 16 7.924868
6 19 8.328213
6 23 4.940569
1 22 7.469274
0 17 6.818337
0 2 8.321111
4 12 29.461929
5 11 3.294196
5 11 6.587727
3 5 5.593097
3 8 5.024634
3 17 4.710595
2 13 3.800995
4 15 4.493021
0 11 34.661095
2 13 8.183869
5 11 4.706975
0 20 9.918787
1 14 6.243598
5 4 5.594873
6 0 6.659838
4 19 6.565315
5 13 6.128916
6 2 6.899977
6 22 8.694158
2 6 6.659838
6 14 6.891776
6 14 6.588697
1 19 6.705161
3 19 5.647455
0 0 4.059602
2 0 7.126206
6 16 6.146174
6 20 11.264439
4 13 6.674737
6 2 6.584442
0 17 4.784244
6 11 8.176316
2 9 10.298769
3 9 4.288939
1 9 4.859576
0 11 6.674737
4 19 3.350029
2 23 5.735244
0 0 12.279224
3 18 5.742507
2 12 4.859576
4 20 8.004190
6 15 3.676562
5 17 6.588697
4 9 6.373810
3 11 8.461946
4 20 9.501103
0 17 5.526997
6 13 8.327812
2 6 8.039968
6 7 9.090400
6 23 7.616025
0 15 7.471220
2 5 11.064268
6 17 10.258548
1 9 8.539572
3 6 4.940569
4 6 6.081874
2 11 4.942324
4 10 8.207257
2 12 5.130124
1 5 4.940569
2 5 6.588697
3 5 6.588697
3 8 4.493021
3 10 5.341939
5 9 7.576851
6 10 7.187670
2 11 6.674737
2 13 4.942324
4 9 6.705161
4 16 5.459068
5 13 6.147542
6 11 5.389712
3 10 6.455623
4 7 4.942263
4 11 6.356893
5 4 6.816914
5 9 5.911335
1 23 9.947597
3 1 10.102072
3 22 5.736429
6 12 3.738100
3 20 4.940569
2 4 8.176316
2 4 10.628547
2 10 5.833656
0 21 9.595540
1 21 5.295165
2 11 8.810826
5 7 13.416826
6 6 7.743405
6 5 10.634395
4 13 6.816914
5 8 7.264464
4 9 9.056220
2 14 4.356014
4 8 5.328451
2 23 5.989725
5 11 7.320775
3 8 12.736225
0 23 6.513090
4 22 7.346993
3 12 8.963331
5 1 8.307966
4 2 8.745589
6 19 7.387365
4 6 9.612185
3 13 3.660381
0 10 4.981425
2 12 7.346825
5 10 7.102641
3 18 7.303836
5 10 11.331852
5 1 11.167459
1 19 8.572679
4 18 6.674737
0 0 8.547388
1 8 6.851774
6 16 8.317180
2 17 6.674737
4 9 2.992928
3 16 12.281360
6 13 5.736429
6 16 6.927328
1 8 31.012558
5 22 8.192888
2 19 8.462147
6 8 9.407796
4 20 6.588697
6 4 8.448779
1 21 7.469443
1 22 8.520941
5 16 6.700370
0 18 6.816914
6 12 6.787868
2 13 6.313707
0 0 8.867002
0 11 2.294083
0 14 6.445004
1 20 6.375863
4 16 6.492299
5 10 8.193887
2 6 6.586342
5 18 5.731678
6 17 5.481419
0 0 7.549955
0 19 4.596552
4 1 11.195030
6 16 3.413933
0 0 6.674737
1 2 8.321111
2 11 7.471220
3 15 7.727010
0 19 14.410028
2 19 2.989260
0 8 5.844627
2 18 9.909441
4 19 6.674737
1 8 7.187670
1 1 7.852632
1 18 4.560525
4 5 8.045392
0 8 6.588697
1 18 7.344734
5 5 5.024634
5 8 4.392261
5 9 6.588697
6 17 6.674737
5 20 18.588005
5 23 6.588697
1 9 6.402380
2 13 7.316451
4 22 6.659838
6 18 6.054398
3 8 7.543994
5 19 4.942324
0 0 3.996338
0 12 6.492299
5 7 5.136268
4 8 5.080771
5 9 7.710577
0 19 6.705161
0 0 7.564646
2 22 13.424898
0 15 6.588697
1 10 14.168225
5 20 2.336417
5 11 7.126206
1 13 9.820643
2 23 9.697007
3 23 9.818369
0 7 3.984318
3 18 4.940569
0 21 7.539439
4 10 6.104699
0 12 6.969390
0 15 6.672166
1 20 2.192124
4 17 7.151504
1 19 10.409607
6 10 4.524420
4 16 4.781196
2 11 6.893817
4 23 8.467952
