6 10 9.266969
1 17 7.919049
3 17 6.055974
4 11 1.092088
4 20 12.566156
5 10 12.515629
6 20 1.786373
1 20 14.453870
2 18 7.030804
2 18 5.472502
3 12 6.645830
3 12 8.218202
5 8 12.870192
5 17 9.429804
5 20 11.791718
6 0 17.530792
6 20 2.295330
1 17 7.730316
1 20 12.167835
2 17 11.552570
3 15 12.810991
3 20 14.757141
4 6 10.712166
4 14 3.840736
4 14 13.527710
4 14 15.239325
6 22 4.086127
6 18 10.051629
0 8 8.910227
0 13 14.578626
1 8 9.169907
1 8 13.998187
1 8 9.226657
1 8 12.376389
1 8 9.180120
2 18 18.389767
2 18 9.984938
2 22 16.439426
3 18 4.326488
4 8 6.292655
4 15 4.408522
4 20 3.686149
5 8 6.082467
5 12 13.075757
0 18 8.139112
2 16 12.725336
2 21 8.307733
2 21 9.984938
5 9 6.108720
5 11 9.581112
5 18 9.537747
5 19 3.037833
6 13 5.591995
2 9 5.810670
2 9 6.606143
3 0 15.488970
3 16 20.847794
3 18 8.890038
3 19 5.003666
3 19 8.511664
4 9 3.276589
4 12 2.369679
4 15 1.635412
4 16 4.439976
4 16 3.784897
4 16 8.269305
4 22 4.894287
5 1 10.611632
5 11 7.179779
5 22 3.034899
1 8 6.812022
6 14 4.366692
6 17 2.190835
0 15 11.403341
2 9 6.124874
2 11 24.204269
3 19 12.380379
3 20 7.440763
3 23 6.406912
4 23 17.978069
6 13 25.769224
2 12 10.554313
3 8 20.407379
6 13 7.518386
0 13 4.225831
0 14 23.775421
1 19 13.905542
2 13 4.596518
3 13 4.763664
4 9 6.211755
4 10 4.918061
5 7 7.474862
5 7 14.755612
5 8 10.038206
6 12 3.632335
0 13 8.710145
0 14 17.534044
0 15 10.722611
0 22 7.251577
1 18 3.753413
1 18 17.181929
3 18 7.374485
4 19 11.008353
4 23 12.257407
4 23 12.394714
5 8 2.001970
6 0 5.717245
6 16 9.753254
0 14 21.138083
1 20 11.274650
2 17 11.026317
3 9 5.962885
3 9 10.355859
3 9 28.334036
6 22 2.440562
6 22 13.240746
0 21 13.582049
6 9 4.093773
6 9 9.501985
1 7 5.873145
1 8 12.388686
1 17 15.294396
3 10 8.354258
3 10 7.924405
3 14 4.366692
3 14 10.611632
4 9 20.037376
4 14 8.795260
5 8 17.004568
5 8 2.029534
5 8 8.454841
5 12 3.751977
5 14 8.646716
5 20 20.586899
6 11 9.876539
6 20 13.527122
0 1 17.297161
0 1 10.596888
0 11 9.509986
0 14 5.246540
1 10 4.589850
2 10 9.733489
2 13 7.722061
3 12 12.880013
3 13 11.296125
4 9 18.208431
5 13 6.026611
5 13 12.336205
5 13 12.587867
5 18 9.407613
5 18 1.746677
5 19 6.874014
6 20 10.227175
6 20 1.935238
1 8 22.893858
1 14 16.196146
2 10 5.673504
2 10 9.354854
2 11 4.592575
2 17 13.924094
2 19 6.086585
3 9 10.730664
3 10 7.455317
3 10 9.413576
3 13 4.918061
3 13 7.727085
3 17 13.905753
3 21 13.112686
3 22 9.164230
3 23 11.296465
3 23 13.933558
4 0 13.194268
4 11 15.802847
4 17 6.405361
4 20 3.739846
4 22 25.158432
5 16 2.755358
5 21 4.188225
6 11 13.784738
6 22 14.696366
6 22 9.958570
0 16 5.180490
0 17 7.462188
1 17 12.237132
2 0 1.990543
2 11 13.404408
2 13 1.903513
2 20 13.577726
3 6 8.443923
3 6 12.659161
3 8 5.898857
3 13 7.007526
3 13 15.283972
3 16 13.021489
3 16 2.486607
4 12 16.734804
5 21 4.243286
6 21 16.140329
6 23 6.110384
0 12 7.163565
1 8 14.479290
1 14 5.106651
3 19 8.140638
5 1 14.516328
5 11 10.480480
5 11 19.871031
6 22 3.464689
0 10 16.895960
0 21 12.012715
1 23 3.742878
1 23 1.419737
4 12 7.591566
5 10 4.807937
5 10 14.894639
5 19 8.360652
5 19 11.714071
5 21 5.617316
5 21 9.791149
6 22 8.774595
0 0 8.563812
1 0 8.975768
1 0 7.119588
1 10 14.014533
1 10 9.667865
6 12 9.472912
6 12 13.776139
1 11 2.295330
1 17 7.030804
1 17 8.994682
2 16 2.415657
4 13 12.982123
5 6 19.834024
5 18 12.787463
5 19 39.435745
5 21 20.450129
5 21 12.127446
4 11 14.569198
4 12 4.860004
4 16 8.952840
4 17 2.482641
4 17 13.507642
4 19 9.070112
5 5 13.842107
5 21 20.701332
6 23 14.168636
0 12 6.891854
1 9 3.666684
1 15 6.613781
1 16 8.409253
1 18 4.915282
2 19 9.195469
2 19 14.980923
3 3 4.879482
4 9 10.001420
4 19 5.408311
5 13 1.935238
5 19 5.822256
6 13 6.110384
6 18 15.721546
6 18 6.696779
6 23 14.588552
0 7 8.289982
0 8 10.185750
0 16 4.366692
1 16 3.152155
1 18 3.885803
1 19 2.486607
1 23 7.030804
1 23 15.349030
4 12 3.677515
4 20 12.569573
5 16 39.639385
5 16 14.267077
5 18 9.440425
6 19 10.738544
0 15 3.491448
2 10 4.366692
3 21 8.964088
3 21 14.461911
6 22 6.194224
0 7 12.397717
0 8 12.686247
0 8 10.827888
0 10 7.549635
0 11 3.293892
0 12 13.582760
0 12 9.372016
2 0 5.500978
2 0 13.377602
2 9 5.384247
3 18 10.197266
3 20 14.403737
3 22 10.276798
4 14 22.645216
4 14 9.637940
4 18 5.726925
4 20 13.442287
4 23 8.102084
5 1 10.574524
5 10 5.979784
5 18 9.307961
5 20 18.337021
6 23 10.211679
0 21 4.321954
3 0 19.348326
3 10 1.522991
3 18 3.208988
1 19 16.548126
1 20 22.325169
2 11 4.592575
2 16 18.682146
3 4 11.936934
3 5 5.865133
3 7 8.779946
5 5 10.583269
5 5 11.552570
6 1 12.162376
0 17 1.903513
0 20 10.046409
1 8 4.895757
2 9 10.185604
2 9 15.187284
2 15 21.026876
2 15 7.807595
3 5 14.872599
3 17 10.164116
4 5 10.070909
4 9 4.834290
4 9 15.957449
5 16 19.465055
0 2 21.283159
0 16 5.161918
1 14 5.440622
1 21 10.604403
6 16 14.540451
1 18 4.344254
2 12 12.764398
2 12 15.464859
2 14 1.396075
3 11 9.601155
3 19 19.936913
3 21 10.575835
3 21 13.101352
4 17 17.029768
4 19 9.398349
4 20 5.611184
5 11 4.366692
5 20 10.249520
6 8 7.273245
6 18 11.232506
6 21 3.638522
6 21 11.026317
6 23 17.159988
1 11 2.127875
1 11 13.730667
1 23 16.896631
2 12 12.634208
2 12 6.086585
2 18 7.637794
2 20 9.696948
0 20 9.422929
2 18 5.436168
2 22 13.733191
3 16 11.643065
4 15 9.325029
5 9 1.373189
5 13 1.952663
6 13 5.618737
0 17 13.447833
2 2 4.681326
2 16 7.579565
2 21 20.616993
3 17 7.700816
6 21 16.794193
0 10 17.064579
6 19 8.881876
1 15 5.370503
1 16 3.792885
2 2 5.806028
5 14 6.833208
1 22 18.450388
2 1 15.389192
3 17 9.587460
3 17 12.229315
3 17 6.234439
3 17 9.860482
5 5 6.615997
5 5 14.226287
6 14 10.377151
0 7 13.452750
0 14 7.319218
0 16 13.675438
0 18 10.343470
0 19 15.492512
2 12 3.691171
2 12 12.075750
2 12 13.347922
3 0 14.566744
3 14 6.839188
3 14 10.691613
3 15 16.888998
4 21 11.137207
4 21 3.589061
5 2 12.484878
5 3 7.919049
0 18 4.758300
1 9 10.029661
1 9 9.367746
1 14 8.059196
1 23 6.641434
2 0 9.159584
2 17 7.251577
3 0 8.843158
3 1 10.549058
3 1 3.677515
4 13 7.812631
2 15 11.505515
2 15 4.222206
2 20 8.561003
2 20 10.900904
3 9 4.366692
3 10 20.846735
4 22 15.067698
5 0 7.207957
5 1 3.265716
5 23 6.711220
5 23 7.458304
6 13 6.868798
6 18 11.944182
1 6 9.567865
2 6 16.757954
2 11 3.988786
2 12 12.272674
2 13 12.783279
4 13 4.765830
4 22 2.383013
4 22 15.652554
5 9 3.796268
5 9 12.076858
5 13 6.399079
5 13 13.617398
6 19 5.244089
1 7 14.011173
1 20 9.526517
1 23 12.345166
1 13 5.265669
2 9 5.641775
2 9 3.948845
2 12 7.313793
2 12 14.183986
2 12 9.049985
3 23 14.935617
5 11 5.965181
5 23 3.013874
0 19 5.370516
1 18 5.184830
2 0 7.256941
3 23 13.831750
5 17 5.062046
5 17 15.466072
0 20 16.666027
0 22 14.377140
1 9 9.233556
1 15 14.479290
1 19 25.187120
1 20 2.712662
4 9 12.408226
4 16 3.213880
4 18 12.655775
4 22 15.156462
5 0 10.920065
5 11 13.252661
5 13 17.932545
5 14 18.557831
6 20 5.774482
6 20 13.943273
0 20 6.152102
0 21 5.598117
2 17 11.491013
4 9 7.952960
4 9 3.690162
4 9 17.653183
6 0 12.837402
6 14 5.137284
6 15 21.016670
0 19 15.969205
1 13 6.407046
1 13 12.193960
2 23 10.698401
3 12 3.770316
3 16 6.804004
3 16 3.394629
3 20 7.332461
6 12 11.034405
1 11 13.417860
1 11 3.544943
1 12 27.023973
1 12 11.464521
1 19 7.973046
2 9 4.225831
2 9 26.207935
2 9 4.140610
3 12 2.571306
3 12 9.058752
4 15 9.296434
6 7 6.741790
6 14 15.259466
0 12 8.710098
0 22 8.899860
1 11 10.031371
0 6 8.771586
0 7 10.826253
0 8 10.528979
1 12 22.916628
2 0 1.686904
2 5 16.219179
2 15 14.232031
3 9 6.890473
4 6 4.295106
4 20 5.407286
5 13 11.837116
5 23 9.410800
1 9 3.792885
2 7 12.051721
2 23 11.733402
2 23 8.157249
2 23 5.269351
3 15 4.373881
3 15 17.078175
5 0 26.795012
5 7 7.941864
6 8 12.441449
6 12 9.625798
1 12 5.407286
1 23 8.777636
2 0 5.016424
2 0 20.502892
2 11 25.623121
3 16 5.163705
3 16 18.513676
4 11 19.959938
4 15 11.468209
6 12 11.167521
6 15 7.722061
0 10 4.677356
0 12 4.933896
0 14 6.762970
5 14 16.674318
0 6 7.299268
1 0 10.004703
1 23 8.171538
2 12 25.070786
2 18 1.935238
2 18 16.254480
2 18 15.211337
2 18 5.006702
2 18 9.516183
3 0 11.232846
3 7 9.421690
3 7 8.788488
3 8 13.154809
3 12 4.472450
4 11 23.504835
4 11 13.748213
5 13 3.992627
5 13 14.265846
1 10 5.370503
2 16 2.416845
2 18 8.752810
4 10 5.246540
4 11 8.404867
1 12 7.463564
1 12 16.812641
2 18 9.312243
4 12 8.038632
4 12 5.382789
1 0 14.338189
1 5 13.576923
3 13 11.884399
4 2 5.614717
4 2 9.862722
5 22 7.382638
6 21 4.366692
0 23 10.897223
1 2 8.521151
1 19 13.307076
1 19 16.970945
1 22 10.075030
2 23 19.290472
3 9 4.197137
3 9 9.791902
3 20 12.812851
3 23 11.204632
1 9 2.354768
1 18 12.615030
1 22 9.898746
1 22 14.936206
6 22 9.010495
0 15 13.259188
1 1 21.261683
1 23 7.433930
2 10 10.278699
2 13 6.185984
2 13 13.397711
2 15 5.806028
4 5 7.180237
4 5 9.036692
4 6 4.300529
4 7 8.447146
4 12 9.318800
5 10 5.926647
5 13 8.544949
5 13 4.759414
6 14 11.032544
1 17 3.456304
2 6 5.865133
2 9 9.876539
2 14 1.872811
3 7 8.841692
3 7 3.885443
4 6 15.780640
4 7 7.969490
5 8 4.366692
5 8 6.110384
6 11 7.101119
6 11 14.937455
6 19 3.549639
0 11 11.301488
0 13 2.399886
1 8 1.903513
1 8 9.902427
1 8 6.430232
1 9 11.372098
1 16 23.898098
1 19 7.101119
2 6 7.941864
2 6 19.842705
2 10 4.228884
2 12 11.426411
2 13 8.772479
3 7 25.008484
3 13 7.735707
4 7 11.460423
4 10 10.024491
4 10 18.322470
4 15 3.431770
4 15 7.504769
4 15 1.935238
5 6 22.375776
5 6 22.542048
5 7 5.810670
5 9 1.495795
6 10 3.374573
6 10 14.210651
6 10 7.931059
0 10 5.776864
0 11 2.890868
1 8 9.494586
2 13 5.890243
2 15 13.832520
2 18 7.142035
4 9 14.584341
4 10 6.186165
4 13 10.921579
4 15 7.919465
5 11 11.923043
5 11 10.051293
1 15 6.444562
1 20 11.372098
2 15 3.448077
3 0 19.577616
3 11 6.863811
3 15 3.549639
4 9 7.101119
5 9 1.495795
5 9 5.983179
5 10 27.264044
5 21 9.856757
6 15 8.969668
0 9 15.453177
1 8 10.422139
1 12 11.354950
1 13 6.640686
2 1 7.240685
3 20 8.745950
3 20 6.395269
4 1 13.610881
5 2 8.258910
5 2 24.866356
5 20 2.660283
6 0 2.651541
6 17 12.634208
6 23 4.084522
1 16 6.854887
1 16 9.703869
1 16 4.678598
1 17 14.405605
1 18 5.617316
1 18 5.740771
2 9 3.518614
2 13 7.062077
2 22 3.753413
2 22 7.924405
3 13 9.963809
4 9 2.735375
4 19 5.090147
4 20 13.624668
4 22 12.910181
5 7 4.517287
5 7 11.500715
5 17 3.730706
6 18 5.873145
0 10 9.363288
0 18 24.647648
1 1 5.981093
1 13 4.292576
2 6 11.984461
2 9 3.670533
2 10 4.204117
4 14 9.141494
4 20 9.118642
4 21 13.275631
0 21 13.346259
1 9 20.820669
1 9 6.151855
1 21 7.811669
1 21 15.349030
2 7 4.918061
2 9 6.086585
2 10 14.160576
2 11 11.245097
2 12 9.029021
2 19 6.055553
2 20 25.187946
3 8 1.935238
3 10 10.006120
3 12 10.382314
3 18 9.022198
3 22 10.036925
4 6 2.486607
4 7 4.979062
4 14 7.706824
4 20 9.977404
5 7 5.124295
5 7 1.288806
5 12 5.550635
5 19 2.399886
5 19 15.350185
5 19 7.417908
5 20 4.718061
6 7 5.333982
6 7 10.355859
6 7 8.725021
6 7 7.924521
6 7 1.396075
6 8 8.839602
6 8 8.544949
6 8 2.512298
0 0 10.265746
0 11 13.698314
0 20 12.958788
0 22 19.249773
1 12 10.212445
0 22 12.247410
1 6 10.392431
1 8 8.049642
1 10 8.250264
1 15 3.394629
1 19 7.862381
1 19 3.021142
2 7 18.345554
3 0 22.915812
3 22 12.403962
3 22 15.242450
3 22 12.579658
4 18 9.781007
4 20 13.048456
5 19 2.455390
0 22 10.704370
3 7 4.009162
3 7 9.830524
3 11 17.050037
4 10 12.268708
4 10 11.506509
4 10 5.431363
4 15 3.730706
6 16 19.741703
6 21 8.787320
1 13 2.939049
1 21 12.533704
1 21 29.928030
1 21 7.984772
1 22 14.434684
1 22 15.706862
2 0 13.666326
2 0 10.334633
2 4 2.192697
2 20 17.612160
3 6 9.940258
3 7 10.900283
3 14 15.392817
3 19 9.023716
3 20 8.167043
4 11 2.043037
4 11 9.172777
4 14 4.363372
6 10 19.611212
0 21 9.869334
1 1 13.676767
1 22 12.509648
1 23 11.549007
1 23 17.293310
6 16 9.649330
1 17 8.997581
1 22 7.671121
2 17 1.396075
3 1 11.984461
3 20 3.732675
5 11 8.971156
2 8 12.684488
2 9 2.844241
2 23 6.128093
3 7 23.762653
3 23 14.523902
4 0 10.163004
4 7 15.043668
4 7 15.489367
4 12 6.091012
4 12 9.925275
4 16 3.910470
5 6 1.196636
5 9 5.805714
5 9 24.818367
5 15 16.856356
6 3 9.169792
6 8 11.689016
6 21 14.538463
0 1 11.134748
0 7 12.172632
0 7 15.866397
1 19 5.197261
2 14 11.794757
2 15 8.248972
2 17 14.146030
3 14 5.776864
5 17 3.557425
5 18 2.204329
5 18 12.097887
6 10 6.035594
6 23 29.304741
6 23 5.956980
0 15 18.047197
6 18 8.711411
1 21 20.502892
2 0 7.520966
2 0 7.549720
2 0 29.269081
2 5 11.959670
2 16 18.380508
2 17 5.671812
2 17 10.355859
2 17 16.414530
2 18 8.347553
2 19 25.359577
2 22 8.509139
3 13 4.997612
3 13 17.230669
3 21 14.187595
3 21 10.784736
4 19 1.308820
5 6 9.894231
0 20 17.672270
2 15 5.188095
2 20 6.010214
2 21 11.984461
3 0 11.743002
3 10 5.291915
4 1 16.544886
4 5 14.019630
4 23 16.180994
5 6 9.101377
5 12 18.081379
5 14 4.833172
5 15 16.347410
0 6 12.891552
0 10 18.154449
0 11 18.195297
1 19 15.271586
1 19 2.939049
1 22 12.857834
3 7 4.614910
3 14 15.739517
3 21 1.903513
3 21 14.175799
4 14 3.435134
4 20 11.016051
4 21 7.379690
5 21 4.508581
6 23 6.733677
0 21 8.032662
1 7 1.903513
1 8 7.321294
2 13 8.689778
2 14 5.724929
3 14 8.401170
4 8 11.800797
4 8 11.885605
4 8 9.508401
4 8 14.721166
4 11 5.873145
4 14 5.511090
4 14 14.710297
4 18 10.252630
5 11 7.143434
5 12 7.847347
5 13 5.333982
5 13 13.617398
5 20 14.058445
5 20 7.903955
6 12 5.599012
6 22 14.066210
2 10 9.096317
2 15 2.528753
2 15 12.715660
3 10 4.225831
3 11 20.352907
3 16 12.554587
3 18 11.837116
3 21 10.950345
4 16 6.045500
4 16 19.417234
4 16 1.469801
5 8 5.591507
5 9 2.618057
5 9 20.901123
5 15 9.339678
5 15 1.469553
5 15 2.939049
6 0 5.493742
0 22 3.010476
1 10 9.884407
1 10 10.788843
1 11 8.992073
1 11 17.242685
1 11 6.429972
1 11 10.355859
1 15 8.881876
1 15 14.682840
1 17 15.879175
1 20 11.643065
1 20 15.296267
2 19 6.069554
2 19 6.506443
2 20 6.194065
3 20 6.305504
3 22 11.062579
4 14 3.835354
6 17 12.634208
1 10 1.872811
1 11 4.376208
1 13 15.464859
2 4 11.787993
3 9 7.803041
3 10 13.355586
3 11 3.998820
4 18 9.666874
4 18 18.125029
6 22 2.124485
1 9 6.812022
2 10 6.612252
5 23 8.262595
5 23 8.566143
6 21 14.839126
1 6 9.185436
1 19 3.780547
2 23 6.220744
4 12 7.028276
4 21 15.359895
4 21 15.476551
0 1 7.527297
0 14 12.328897
1 21 2.594143
3 15 14.157355
5 12 5.313484
5 22 7.566923
2 13 7.132699
4 1 5.642855
4 9 3.319253
4 21 8.752911
5 17 5.550563
5 20 7.497632
5 20 13.541604
6 20 9.227743
0 17 13.225476
0 17 15.206186
3 10 7.956758
3 13 2.943837
3 13 12.022426
3 16 10.404816
4 3 11.597865
4 3 33.828056
4 17 7.474862
5 10 2.939049
0 14 4.217711
6 22 9.393224
0 21 6.435644
0 21 21.790276
1 9 22.403177
1 9 24.227453
1 9 34.773235
2 7 8.136634
2 14 11.465180
2 14 11.134773
2 14 6.460996
3 13 13.220240
3 17 1.903513
3 17 15.518416
3 22 6.474524
4 11 11.727201
4 13 8.540627
4 13 13.607987
4 14 9.729650
4 17 3.346069
4 21 9.920569
5 6 12.302236
5 6 10.009462
5 10 5.958230
5 18 13.173780
5 23 10.338351
6 18 10.758617
6 22 6.429972
6 22 13.255572
0 16 2.890868
0 18 9.019070
0 18 10.015286
2 7 12.790860
2 8 7.919465
2 13 1.843084
3 3 30.347773
3 14 3.859539
4 12 13.256893
5 0 13.617158
5 8 6.130566
5 17 8.892889
6 21 4.592313
6 23 17.357924
0 17 11.277585
1 19 3.502395
2 12 15.723793
2 18 13.828223
3 13 15.400837
4 7 7.612653
4 7 9.666682
4 14 12.157979
4 20 12.615222
4 22 13.276353
5 19 10.808144
1 1 10.468747
1 6 11.199210
1 6 17.612160
1 6 17.016239
2 12 16.462961
3 14 13.488662
4 0 15.972922
4 13 2.658197
4 13 15.652329
4 14 12.462219
4 15 4.003941
4 18 1.903513
6 3 3.549639
6 5 13.391223
6 23 18.411869
0 23 9.260697
1 1 15.100480
6 2 8.861394
6 12 15.419407
6 15 11.660581
6 19 6.905968
0 1 8.304599
0 10 6.055931
0 10 2.834960
1 19 9.312243
1 22 16.758343
2 19 3.136601
2 19 22.091000
2 22 6.716297
3 0 11.257669
3 18 10.166710
3 18 15.853849
3 18 17.416458
3 20 5.180001
4 19 12.636362
4 20 11.882913
4 23 6.324563
6 7 5.901770
6 9 14.063641
0 6 11.697496
1 11 13.965367
6 23 6.948617
6 23 5.783864
1 16 8.382539
2 17 18.211782
2 17 9.372016
2 19 6.714356
3 9 8.928637
3 17 12.459084
3 20 16.045460
3 21 3.677515
3 21 14.138475
5 6 8.841692
5 6 21.088583
5 18 14.971550
6 10 11.099565
6 10 12.789908
6 12 6.651695
6 21 6.063951
1 15 6.492496
2 10 8.907799
2 13 2.399886
2 13 7.096482
2 20 32.104649
2 23 13.682014
3 1 7.430390
3 8 12.490685
3 17 15.043668
3 18 3.010476
3 18 9.354854
4 1 6.100815
4 1 15.584433
4 1 12.435750
5 11 15.148103
5 11 14.019433
6 21 14.503009
0 21 4.176045
3 9 18.812109
4 1 18.309429
4 8 1.733049
4 14 6.830251
6 11 15.039827
1 9 8.989970
1 16 11.954880
1 17 18.056534
2 0 17.735966
2 16 1.373189
2 19 5.590442
3 4 9.022404
3 9 24.517286
3 14 16.327848
3 19 9.431039
4 9 7.157186
5 9 5.194593
1 14 10.001832
1 14 24.667469
1 20 16.888998
6 10 10.284695
6 23 3.691882
6 23 13.242100
2 16 3.319253
3 15 5.424388
4 15 9.155302
4 15 5.210691
5 1 9.329971
6 14 14.503009
2 12 11.365719
2 12 11.605443
2 18 20.665537
4 8 3.265716
5 13 11.624883
5 17 13.677279
6 18 19.789473
0 0 6.773640
0 5 14.725201
1 13 15.562851
3 9 3.609802
3 12 2.690509
3 14 9.595267
3 14 12.951120
3 21 12.215030
4 9 14.822225
4 9 10.335226
4 9 11.604231
4 11 12.165147
4 15 11.916111
5 9 18.956993
5 18 14.462899
6 14 15.992661
6 22 16.392757
6 22 15.070201
0 12 15.939459
6 8 17.964550
6 12 8.204544
6 15 6.294045
0 14 8.881753
1 7 6.075667
1 20 8.600558
2 17 3.753413
2 17 8.734147
3 16 3.770506
3 19 2.077053
4 23 4.517267
5 17 13.960751
5 22 7.445869
6 17 15.200773
6 18 15.816012
0 7 9.567865
0 10 6.086585
2 20 20.186441
3 10 6.711602
3 12 1.695414
3 16 12.238412
3 22 13.376269
3 22 12.143186
4 10 15.189361
4 12 3.608444
4 12 2.369676
5 2 12.423510
5 8 8.690855
6 0 12.334862
0 2 11.241098
1 13 2.398379
1 21 6.352477
2 7 8.288613
2 7 12.183363
3 10 4.630792
3 13 9.169907
3 13 8.055729
6 10 8.298300
6 10 16.592794
6 11 5.391300
6 16 9.633355
6 19 22.507635
0 7 7.258711
0 8 5.791156
0 10 9.876539
0 11 19.166855
0 16 5.246540
0 16 11.632023
0 22 7.722061
0 23 12.252938
6 20 4.730976
6 20 8.715556
0 12 5.333982
0 17 9.206547
1 22 7.763634
2 17 7.004110
4 14 10.853513
2 1 12.437400
2 11 1.621700
2 13 6.127981
2 21 7.640901
3 15 6.948173
3 15 11.836754
3 19 13.499701
4 6 10.194398
4 8 12.881553
4 9 1.444216
5 7 8.989054
5 8 10.211337
5 19 5.329452
5 19 14.720612
5 19 7.096504
5 21 8.484694
5 23 13.586658
6 7 6.181540
2 10 13.003085
2 10 14.464398
2 13 16.664843
2 13 4.376208
2 14 11.380269
2 17 8.151815
3 8 12.423510
3 9 3.426384
4 8 2.291111
4 12 5.232221
6 8 18.630455
6 20 3.753413
6 20 11.057003
6 21 6.277641
0 9 3.010476
1 7 21.741817
1 9 7.919049
1 16 16.219179
1 17 7.475902
2 17 7.785631
3 6 4.399348
3 11 17.866713
4 8 2.360544
4 18 14.232190
5 7 5.999715
2 14 6.637954
3 16 6.288970
3 17 11.285748
3 18 14.836208
4 5 11.984461
4 10 23.994308
4 10 18.322470
4 12 7.241593
5 9 7.919049
6 23 6.187844
1 16 6.949702
2 8 5.601209
2 19 10.399367
2 19 17.501287
2 22 12.395642
3 8 7.219674
3 20 13.007672
3 22 8.026298
4 9 1.935238
4 16 6.835958
4 16 8.436965
4 17 12.338223
5 8 9.914747
5 16 7.959401
5 16 1.610856
6 18 6.840339
0 23 10.610982
1 14 3.491448
2 18 3.902342
2 18 14.911445
2 21 5.686698
3 19 9.536816
0 2 4.209620
0 2 14.401174
1 17 4.933896
1 23 18.823282
2 18 16.502554
2 20 7.526483
3 13 6.842317
4 9 18.662535
4 10 11.906646
4 10 11.790999
4 15 11.195362
4 15 8.633615
4 16 7.315002
4 23 7.226542
5 1 9.151881
6 10 4.701987
6 14 9.103312
6 22 11.635174
0 7 9.939713
0 7 31.060520
0 21 19.184259
1 9 7.256941
1 18 6.502596
1 18 11.666408
1 18 12.529769
1 19 6.022148
1 19 14.396585
4 18 4.918061
5 16 12.659161
0 12 6.751290
6 13 16.409374
6 13 4.252967
6 15 16.639288
6 8 12.679529
6 18 2.111169
6 18 11.598323
6 23 4.140610
0 1 7.824656
0 9 8.168458
1 14 15.189361
1 20 3.792885
4 9 2.260552
6 2 20.334709
6 18 7.848740
6 20 6.516633
1 10 10.910559
1 13 8.501385
1 20 11.620186
2 23 11.296393
3 0 15.856414
4 8 13.360238
4 14 7.387774
4 23 8.727522
4 23 14.446494
5 6 24.847019
5 13 6.010214
6 12 7.887645
1 22 11.652880
2 6 6.817638
2 7 17.530594
2 20 13.414861
2 23 7.760941
3 8 9.861929
4 6 11.018359
4 6 9.508212
4 7 13.727704
4 7 19.789473
4 9 2.977289
4 9 15.150225
4 9 9.321762
4 22 12.005891
5 14 8.995629
5 22 7.700779
6 7 18.085377
6 17 8.452407
6 23 5.826127
0 7 19.632956
0 11 17.387873
0 12 3.742878
6 16 7.132699
6 18 5.989495
0 17 11.701671
0 19 8.688519
1 8 6.351672
2 9 3.275019
2 9 15.066152
2 17 4.093872
2 17 18.805668
2 17 2.197451
2 17 15.016391
4 7 3.549639
4 16 9.537951
5 7 3.042547
5 7 6.577857
5 8 4.895757
5 13 2.668430
6 20 3.562652
1 11 6.619968
1 16 4.682810
2 16 16.778036
3 5 2.815594
5 21 4.707590
6 19 5.773511
1 13 3.258522
1 18 9.718496
3 23 7.778826
4 20 16.642258
0 19 12.898777
0 20 12.897724
1 1 10.543367
1 22 11.065878
2 3 5.161918
3 5 3.632335
3 6 10.429025
3 8 13.586587
3 14 1.935238
3 14 9.904671
3 21 12.466685
3 21 13.292814
4 12 17.961689
5 8 5.504202
5 8 15.415852
2 13 6.156479
2 13 5.107082
3 11 10.730601
3 11 8.324935
3 14 2.419047
3 15 6.520877
3 17 4.021514
3 17 19.286619
3 18 16.534836
3 20 6.075667
4 11 4.610682
4 17 11.552570
5 10 5.885795
6 23 7.770352
1 8 13.739755
1 11 10.685986
1 12 8.555511
1 13 5.507600
1 14 6.845088
1 14 15.875734
1 17 11.445297
1 17 10.545471
1 22 3.882841
1 22 20.326315
1 22 41.667080
2 9 7.242916
2 9 1.989286
2 13 4.179538
2 13 9.161235
2 20 8.271566
2 22 12.983076
2 22 18.668039
2 23 12.756601
3 0 7.065538
3 0 10.491323
0 22 11.882595
0 22 17.708549
0 22 17.419594
1 11 5.994329
1 11 15.767514
1 18 9.528216
0 7 13.081638
0 7 13.872899
0 22 15.526177
1 11 6.696004
1 12 12.263392
5 0 9.851101
5 18 33.361443
6 7 9.264662
6 9 10.360641
0 3 11.375004
4 17 10.601615
5 9 6.863811
5 19 3.709222
6 2 15.701674
6 19 17.042868
6 19 4.051230
6 20 19.219862
6 21 5.269446
0 12 10.311460
0 18 8.215721
1 14 28.373482
2 9 13.019945
2 12 12.575105
2 14 12.220677
1 10 6.929416
1 10 9.891498
0 15 34.085735
0 20 7.795896
0 22 8.792127
2 1 24.521906
2 5 18.047197
4 11 14.658923
1 17 12.060021
1 17 12.022752
2 0 11.984461
2 4 8.947922
2 9 5.038490
2 21 5.133644
5 21 10.138549
0 0 14.908719
0 0 11.960282
0 18 12.796683
1 7 8.263769
1 10 13.789780
1 10 19.200798
1 11 8.975768
1 12 6.332112
4 19 15.108274
6 20 16.052559
6 8 4.366692
6 9 17.446970
1 12 21.444481
1 12 26.290089
1 12 20.114477
1 18 9.453034
2 7 5.598117
3 16 16.675545
4 18 12.268708
4 18 9.666682
5 12 8.633615
5 13 6.073005
5 13 7.030804
5 13 9.666682
5 16 23.083029
6 16 16.959217
2 8 10.667964
2 8 10.781457
2 15 7.096504
2 17 14.589421
2 17 10.119016
2 17 15.354272
2 20 1.495795
3 23 18.096102
3 23 25.333735
4 15 4.230334
5 10 9.655224
5 11 3.491448
5 21 9.392952
6 1 12.964524
6 14 9.591991
6 20 16.532568
1 6 6.110384
1 13 9.625683
1 16 6.997570
1 20 11.471894
1 20 13.608504
1 23 16.140329
2 11 9.900482
2 11 14.989500
2 21 1.935238
3 12 17.658028
3 12 4.366692
3 15 4.966198
4 10 23.915159
4 10 7.078078
4 10 5.285720
4 10 10.355859
5 9 1.935238
5 13 1.880736
6 2 7.724785
6 3 15.344047
6 7 2.486607
6 20 8.814687
0 2 7.132699
0 3 15.875284
0 14 10.908444
1 8 5.265012
1 9 11.783382
1 10 3.766940
2 15 11.679786
2 20 12.954303
2 22 12.615070
3 9 6.635057
3 10 11.984461
5 9 4.093773
5 18 8.795277
6 1 13.415388
6 22 9.497929
0 0 18.354012
1 7 13.741838
1 8 8.914153
2 13 7.030804
2 13 11.646967
2 21 1.935238
4 11 11.295357
4 21 16.593016
6 16 1.111925
1 12 9.115051
1 19 5.965781
2 23 13.109466
4 6 9.638340
5 0 20.294916
5 11 3.989379
5 20 12.699442
6 20 7.594504
0 17 9.953234
0 17 12.278138
1 2 11.189486
6 20 1.843084
2 9 1.786373
2 13 2.835411
2 13 15.665293
2 21 11.590070
3 0 4.295106
3 8 3.114991
4 14 6.395457
4 22 7.515031
5 1 8.689778
5 3 8.404867
5 3 10.491083
0 0 14.379187
2 11 5.776864
2 20 7.885536
2 21 7.789228
2 21 15.599045
3 12 16.553307
3 16 6.014536
4 12 7.957283
4 12 6.985406
4 17 6.692266
4 17 5.641541
5 2 2.275605
5 2 13.163564
5 9 9.480931
5 11 6.582580
6 3 9.568724
6 3 13.608504
6 20 6.910361
0 15 3.797123
1 5 8.771330
1 15 4.366692
1 19 2.773294
3 10 16.984987
5 8 2.617481
5 8 36.317123
6 11 3.769809
0 14 6.086585
1 2 6.408624
0 9 13.966280
2 7 4.408851
2 14 2.746400
2 14 15.106490
2 18 21.092411
2 18 9.737665
2 23 8.766727
3 1 10.424852
4 1 12.870255
4 13 4.177971
5 23 5.490473
1 22 4.683868
2 9 3.468196
2 13 2.961124
3 16 11.914042
4 16 16.073664
4 16 12.486544
5 13 8.361252
5 13 14.324692
5 19 4.249147
5 22 5.106095
0 8 9.333757
3 0 6.277236
3 18 6.645658
3 18 14.073876
5 2 17.096146
6 15 14.751922
6 21 13.605248
0 3 7.772378
1 4 15.231315
6 20 6.516633
1 9 5.997983
3 10 7.637928
3 11 17.044025
4 16 10.681186
4 18 7.209492
4 19 13.694844
4 20 10.048291
6 17 11.803263
6 21 9.156774
2 7 18.809578
2 8 4.658948
3 10 7.639906
4 14 14.975529
4 14 14.607833
5 7 8.841692
0 21 9.141494
1 10 15.237529
2 17 2.486607
2 22 13.668376
3 22 10.185750
3 22 8.551992
4 16 8.206126
4 16 14.495940
4 21 13.529048
4 23 11.923700
5 16 8.558286
5 16 12.638830
5 17 4.440703
5 23 11.352536
0 16 5.062046
0 16 11.040806
0 19 6.773892
0 21 6.548813
2 13 12.139297
2 13 7.436368
2 15 20.177584
2 15 10.444216
3 20 6.612782
4 18 17.947386
5 13 10.057192
5 14 18.863111
0 19 11.032544
1 18 11.243357
1 18 10.618393
1 18 7.330148
2 10 4.875374
3 15 3.753702
3 21 3.660647
4 20 11.973949
5 0 9.673527
5 21 2.902910
1 9 4.602089
1 17 3.967672
2 20 10.034561
3 11 9.731796
3 19 6.158085
3 19 3.049045
4 2 13.986698
4 21 2.787250
5 9 5.614717
5 9 8.506132
5 19 15.666722
6 20 4.666347
0 21 10.071400
2 12 8.297587
2 12 15.767514
4 13 12.472601
4 17 1.396075
4 19 12.142903
5 9 5.926442
5 10 11.612056
5 10 10.890229
5 11 7.085749
5 11 17.982920
6 11 5.878048
0 20 7.547163
2 15 16.386852
2 15 18.884550
2 21 11.277585
3 12 2.716852
4 3 7.379690
4 17 19.653387
4 17 20.977896
4 18 17.092369
5 14 16.696960
5 20 16.723095
5 23 11.457846
0 10 11.403341
1 11 7.675030
1 18 17.017929
2 9 26.179537
2 9 3.691171
2 15 8.530396
2 21 15.455709
3 10 15.100554
3 12 5.992230
3 21 7.379690
4 2 11.997966
4 12 5.338970
4 15 4.641964
4 20 15.784986
4 20 4.295106
4 23 12.075034
5 10 8.582789
5 14 10.858158
6 3 10.705347
6 16 11.611991
6 20 3.753413
6 20 6.312809
6 23 15.856948
0 13 14.276745
1 0 10.900283
6 8 16.457453
1 14 11.800913
2 7 9.883565
2 19 7.941864
2 19 14.426854
3 2 14.751922
3 15 19.669138
3 15 9.958932
3 23 8.407132
4 1 4.708268
4 13 9.096317
4 14 7.101119
6 17 11.745113
6 18 4.529781
6 22 16.493391
6 23 3.518825
0 0 8.079803
0 0 11.521141
0 8 8.433591
0 15 12.748766
0 20 12.387514
0 21 13.598142
1 15 4.292576
2 15 4.366692
2 23 6.490617
3 11 15.452719
3 21 21.450121
4 21 14.479290
5 6 14.751922
6 13 11.826591
6 20 15.022973
0 6 12.478852
0 9 9.794097
0 23 11.787993
1 8 8.814687
2 17 10.018771
3 20 11.829041
4 5 11.445297
5 4 12.010942
5 10 25.011478
6 20 5.246675
6 22 7.477963
6 22 13.246973
1 0 13.343010
1 11 23.113876
6 7 18.657194
6 23 3.408086
0 21 2.001970
1 13 4.300560
1 14 3.647023
1 15 13.835616
1 15 3.829643
1 23 6.832694
2 18 8.595917
3 22 4.517267
4 14 3.094643
4 15 11.118999
4 17 1.891696
4 17 6.018535
4 17 11.320745
4 17 8.071355
4 22 12.725000
5 8 19.874823
5 14 10.185604
5 17 13.774011
5 18 8.845201
5 19 11.608864
5 21 10.720069
0 14 2.960040
1 0 14.354108
1 9 9.631128
1 17 5.617316
1 17 9.508212
2 1 11.169014
2 14 16.561996
2 17 3.244866
3 8 3.225510
3 8 7.924405
3 12 4.769868
4 23 30.056927
5 9 7.941864
5 9 3.374573
5 10 6.223565
6 11 18.203579
1 9 10.742927
2 12 9.646166
3 9 3.617228
3 17 9.232080
3 17 11.787993
5 15 7.363605
5 21 1.935238
6 13 5.888395
6 13 20.589226
6 20 3.748638
1 0 15.953291
0 8 21.067289
1 22 12.977138
3 8 2.890868
5 3 6.108720
5 21 8.106664
6 0 7.039855
1 8 11.434740
4 8 9.482708
4 8 9.958932
4 22 10.757659
4 22 31.544168
5 2 15.655231
5 18 14.192390
5 21 10.794206
6 21 4.024290
2 21 13.520544
5 23 3.301303
6 10 19.651220
6 10 3.743991
6 10 8.341601
0 15 5.217072
1 10 13.041343
1 19 6.295868
0 3 4.507590
1 9 14.379856
1 10 11.487585
1 11 16.251476
1 16 11.597865
2 10 4.225831
5 11 15.294396
5 12 6.984730
6 19 12.435182
0 20 4.927711
3 9 2.073469
4 16 7.861212
2 5 3.765164
2 7 29.272112
3 11 4.295106
4 14 11.505584
5 1 6.701537
5 1 12.559065
5 1 13.408445
6 10 12.713640
6 12 10.467607
6 23 13.173020
0 20 3.606144
1 0 7.305820
1 1 5.062046
1 13 9.235198
1 14 3.552183
1 15 9.119371
1 15 1.935238
1 21 8.430988
2 0 7.365974
0 3 13.425386
0 3 13.240746
1 10 9.049920
1 19 4.718061
2 22 42.633907
3 14 5.794353
4 14 6.993384
4 15 9.403852
4 15 9.170235
5 9 3.276589
5 9 3.872333
1 5 5.409164
3 13 8.839602
4 9 1.329595
4 10 3.445951
6 1 7.039855
0 8 6.954707
4 14 13.220240
4 15 3.792885
5 20 10.747193
6 23 10.561158
1 10 9.475909
6 11 1.809085
1 14 4.666347
1 23 13.637420
1 23 8.883986
2 9 8.362962
2 20 3.148981
3 21 6.838474
3 21 13.131957
4 9 17.021448
4 9 7.409958
5 18 2.719582
6 0 22.961033
6 20 16.261869
0 1 6.976385
3 16 3.677515
3 17 4.571984
5 23 6.373407
0 13 11.871293
0 14 6.993745
1 10 12.225303
1 11 13.994220
1 11 16.666412
2 7 4.943424
2 16 5.525229
2 16 14.971216
2 19 6.255689
2 19 4.292576
2 19 5.300468
2 20 19.789473
3 7 10.119122
3 7 16.309225
3 8 12.739763
4 7 11.966357
5 7 6.572862
5 7 9.077225
5 8 3.549639
5 9 16.229317
5 20 2.028073
5 23 14.138170
0 0 6.956597
0 18 7.073195
0 19 9.791902
0 2 5.259532
0 20 10.794206
1 6 7.640282
1 9 2.835411
1 12 8.580299
1 12 15.668214
1 13 9.838766
4 22 13.120420
5 18 7.995446
5 22 11.208048
4 21 4.582788
5 10 2.939049
6 21 9.257333
0 2 8.532731
1 18 8.151815
2 12 11.008353
3 2 6.612782
3 10 6.176439
4 8 17.190727
4 8 8.968627
4 12 11.247286
4 13 15.518102
5 8 6.185872
6 18 9.881042
6 18 11.986111
1 8 9.327326
1 8 30.284271
6 17 11.606542
6 17 12.075750
6 23 14.939886
0 17 12.424356
1 6 16.158175
1 17 7.730791
2 20 15.303167
3 22 5.873145
3 23 15.926277
3 23 3.319253
4 9 12.112839
4 10 6.980673
2 8 13.100608
3 9 14.428930
3 9 15.066152
3 10 5.022003
3 10 15.941786
3 11 9.791902
3 16 8.076471
3 16 12.492156
3 20 13.275064
4 0 4.344254
4 19 21.508604
4 22 12.515629
6 12 10.505600
6 20 12.010008
6 20 14.780028
6 22 14.403737
0 23 11.113565
1 9 12.733893
1 9 5.333982
2 8 6.833208
2 16 27.277046
2 17 13.527122
2 17 15.066152
2 18 5.277922
2 18 11.604231
2 19 6.833208
2 19 12.958788
2 21 10.910559
2 22 11.162507
2 22 7.924405
3 9 6.666421
3 9 10.335226
5 2 12.306647
5 10 11.458314
5 10 7.214778
5 12 6.010214
5 14 11.207067
5 14 3.037940
5 14 10.176284
5 15 8.404867
5 20 10.245363
6 21 13.095547
0 0 4.295106
0 23 13.424685
1 5 18.945435
1 6 3.753413
1 9 6.655842
1 14 14.478455
1 19 8.670184
2 7 7.301526
2 7 17.065334
2 18 15.709301
3 0 12.532545
3 0 7.527577
4 12 13.896764
4 13 10.057192
4 14 5.256157
5 8 18.442333
0 20 3.343195
1 19 3.042547
2 14 9.337127
2 15 9.264123
2 16 8.723179
2 17 15.709760
3 2 17.568850
3 14 9.492546
3 18 5.621418
4 13 17.419594
4 20 12.584050
5 6 4.539749
0 23 13.469064
1 1 4.473914
1 1 5.265669
1 1 7.264173
1 16 6.552579
1 16 14.075884
3 14 7.685872
4 11 8.695248
4 11 9.666682
5 6 17.371580
5 6 10.617251
5 11 25.113028
6 7 9.567865
6 10 10.233452
0 20 12.013927
1 1 10.273875
1 21 11.593397
6 8 17.032919
6 8 7.080495
6 18 3.809709
0 7 11.984461
0 7 6.347763
0 7 9.965518
0 9 6.563528
1 8 2.146288
1 9 6.429972
1 9 8.151710
3 4 4.789058
3 4 8.463684
3 11 13.910217
3 11 12.292639
5 11 9.631682
6 23 15.951763
6 23 13.761271
1 2 12.623400
1 2 7.909698
2 6 13.100608
2 6 11.433266
2 18 8.905843
2 19 13.231924
3 17 6.881788
3 20 6.110384
5 7 8.186869
5 7 16.148458
0 18 13.855124
1 15 4.748783
1 18 8.269305
2 0 5.945908
5 6 5.251133
1 7 5.806028
6 19 5.286105
6 19 14.678592
6 20 38.704758
0 0 17.033358
0 0 8.686979
0 7 8.556284
2 19 11.445297
3 22 4.947678
3 23 12.515629
4 9 3.055639
5 7 4.366692
5 7 11.005242
6 1 10.543367
6 1 16.341558
6 1 13.773249
6 23 4.197435
6 23 15.349030
5 12 12.531597
5 13 6.213950
5 13 8.795260
5 20 21.144335
6 1 5.955130
6 21 6.862519
0 0 25.316792
1 11 2.014598
1 19 8.458548
2 10 10.458210
2 10 10.982235
2 14 9.143099
3 14 8.331673
6 20 19.262751
6 21 9.010339
0 21 17.688408
6 10 10.135441
0 1 7.488289
1 7 3.010476
1 8 1.642441
1 8 9.782052
1 11 7.316452
1 21 14.354108
2 6 4.517267
2 6 12.007380
3 5 10.754770
3 7 16.866205
3 8 13.910217
3 8 8.816343
3 22 12.215030
3 22 11.828306
4 6 6.751290
4 21 12.296725
6 21 10.370525
6 21 12.244235
0 1 8.356628
0 8 6.835515
1 14 4.613328
2 1 11.208048
2 6 13.021489
3 11 13.605248
3 23 17.533735
4 11 11.123227
4 13 16.569492
5 3 15.561690
5 10 4.881155
5 11 10.727682
6 9 10.918329
0 0 8.434694
0 3 10.370525
0 4 8.575485
0 4 4.345142
0 5 4.399348
0 5 7.413023
0 8 4.168160
0 8 13.739755
0 8 13.739755
0 8 13.198839
1 17 12.472601
1 20 5.873145
2 5 7.587809
6 12 33.825111
6 17 5.292397
6 18 12.547958
1 13 9.946582
1 17 10.681186
1 17 17.679203
1 17 17.386774
1 18 9.009134
3 8 9.687403
3 19 15.693214
4 7 8.514868
4 10 9.441069
4 14 12.008622
4 18 5.986804
4 22 6.749394
5 6 12.634078
5 7 18.843575
5 8 4.440596
5 19 15.442573
5 20 12.446453
6 1 5.580572
0 0 12.370419
0 21 18.066879
2 10 6.987270
2 16 4.225831
2 17 8.641258
2 17 7.316452
2 19 6.661524
2 19 12.972908
3 8 9.278618
3 9 10.889573
3 9 9.958932
3 12 4.366692
3 18 5.225367
3 22 10.536983
4 8 4.094633
4 8 13.229852
4 9 6.525716
4 10 19.509417
4 22 7.889586
5 6 9.957242
5 6 16.705919
5 8 17.058147
5 19 10.465968
5 21 9.070371
5 21 11.582731
6 8 17.551958
6 13 6.688355
6 14 8.084387
6 15 2.890868
6 20 17.353014
1 7 10.870496
1 8 4.292576
1 13 9.096099
2 8 12.527569
2 16 9.825068
2 17 7.052567
3 6 10.731140
3 19 3.448077
3 19 4.429470
3 19 7.936938
3 20 11.501856
3 20 13.028959
4 20 8.267686
5 8 5.421364
5 9 9.486577
5 9 13.794442
6 11 9.273814
6 17 19.568327
0 21 9.519596
0 8 19.620579
0 20 14.976154
1 17 26.968325
2 16 6.324648
2 17 5.278207
3 17 4.137692
3 20 13.402858
4 13 8.788068
4 16 8.404867
5 11 17.751341
6 23 10.938948
0 2 2.618057
1 6 14.743818
2 9 10.373042
2 16 8.716961
2 16 5.091987
2 20 2.449208
2 21 5.873145
2 21 4.682810
3 12 9.491674
3 19 12.411095
4 9 4.105194
5 11 14.720612
5 11 10.918189
5 15 5.873145
0 20 11.232059
0 20 18.299900
0 21 3.753413
1 8 10.564890
1 8 12.227929
1 9 8.681989
1 9 5.873145
1 10 1.935238
1 22 11.490938
2 15 33.564659
2 15 6.968973
3 14 12.220258
3 16 12.008795
3 20 12.320558
3 20 19.457060
3 22 14.612831
4 8 14.091602
4 11 12.423510
5 5 15.976027
5 8 7.569967
5 10 6.108720
5 15 14.926480
6 14 13.342230
6 22 11.889777
0 7 8.544949
0 7 8.906081
0 7 5.988178
0 22 17.659124
1 11 12.850537
1 16 8.239347
1 19 15.755573
1 21 9.215672
2 14 26.984047
2 14 6.591379
4 6 5.776864
5 6 1.935238
5 6 6.240147
6 18 14.575792
1 0 18.512554
2 13 5.873145
2 20 2.037092
3 7 8.871192
3 20 12.150117
4 12 7.782123
5 9 3.549639
5 11 5.333982
6 2 13.645474
6 16 16.040983
1 12 3.924955
1 12 13.246109
1 20 9.794097
1 20 16.277231
1 22 21.699924
2 12 14.401174
2 13 13.350385
2 16 9.517888
2 21 5.199266
3 9 10.312976
3 13 8.424067
4 10 9.074492
4 21 13.181822
5 12 22.674486
5 18 6.833208
5 21 13.301434
0 6 5.370503
0 6 14.996753
0 6 13.569201
0 7 9.312243
1 7 3.226944
6 20 22.681177
1 9 2.399886
1 18 7.322186
1 21 17.912460
2 6 5.873145
2 18 11.715475
2 18 9.826235
2 21 13.112686
4 13 1.396075
4 13 9.305618
4 15 8.568602
4 20 4.943424
4 21 7.301770
4 21 7.314835
4 21 3.251813
5 6 4.292576
5 16 9.763887
5 22 11.374326
6 3 14.744572
6 9 7.596383
6 9 16.793283
6 18 25.728455
0 11 9.674787
1 10 11.590254
1 10 16.088718
3 11 17.089897
3 17 18.538767
5 5 17.259062
6 17 4.826386
0 8 14.624699
0 8 7.857845
0 11 14.478034
0 18 7.941864
0 21 10.011487
2 7 10.197675
2 10 7.358396
3 16 15.607224
3 23 8.198654
3 23 15.063388
4 9 12.568393
4 11 11.513170
4 14 11.257669
4 14 11.988303
4 14 9.455152
4 17 2.323124
4 18 34.233524
5 9 5.972689
5 11 11.550494
5 18 8.237162
6 21 16.648699
0 14 14.063641
0 20 16.718630
1 10 21.492580
6 13 16.409374
6 13 4.252967
6 15 16.639288
6 23 15.417274
0 15 28.170097
0 20 11.877946
1 11 12.423510
1 16 12.262818
1 16 27.968489
1 16 12.028708
1 21 21.665434
2 13 9.746055
3 10 1.444216
3 10 8.648312
0 19 6.699250
1 3 6.676173
1 8 12.886308
1 11 11.468730
6 15 15.239348
0 0 13.024954
0 15 19.748960
0 15 16.381517
1 5 12.584719
1 6 18.727076
2 19 1.927452
3 15 10.540227
3 17 9.537251
3 19 14.450983
4 5 18.383270
4 11 2.876237
4 22 11.756517
5 3 9.159584
5 4 11.573874
5 12 7.257142
6 17 8.990392
0 22 7.258711
0 22 5.182816
3 19 4.366692
6 23 6.486657
2 10 9.689319
3 7 2.890868
3 10 12.750317
3 15 11.261236
3 18 4.521614
4 20 17.726843
5 10 11.359176
5 11 5.979784
6 23 15.022929
1 8 17.418365
6 15 13.270114
6 21 10.013798
6 23 7.515031
1 12 8.859062
2 17 8.568602
2 22 15.932376
3 11 3.612271
3 18 10.933683
3 21 16.175501
3 21 11.413998
4 1 13.832003
4 11 10.041148
4 15 11.884760
4 17 11.366239
4 21 7.321294
5 0 15.303167
5 0 25.463924
5 1 7.569967
5 17 10.390450
5 20 14.575792
6 2 17.630905
1 13 3.691882
1 13 14.979138
2 5 9.295264
2 7 6.086100
2 17 9.965047
2 17 15.565641
2 20 12.472601
3 21 11.468730
3 22 14.506912
3 22 14.323673
4 2 22.518679
5 2 4.517287
5 2 13.028959
5 3 20.245184
5 21 9.528316
6 3 16.572571
6 13 12.310454
0 0 6.751290
1 22 6.429972
1 22 9.905506
2 17 8.711411
2 18 19.789473
2 18 9.898182
2 19 4.159558
2 19 19.547768
2 19 10.777949
3 15 4.366692
3 17 12.715660
3 17 9.169907
3 17 13.957293
3 21 10.543367
3 21 11.632023
4 15 7.968386
4 19 7.763140
5 3 6.906749
5 18 38.875477
5 20 15.880628
6 3 16.919132
6 11 5.509386
6 22 13.370137
0 12 1.935238
0 17 12.203576
1 11 15.379831
6 12 7.760203
6 18 12.790860
0 7 18.563410
1 8 19.396303
2 16 12.947203
2 17 4.550349
2 17 11.848844
2 18 10.185750
3 3 9.965047
3 18 1.396075
3 18 12.075750
4 2 9.549501
5 4 35.089317
5 8 3.574930
0 17 9.528216
2 16 8.138046
4 5 17.183199
4 7 1.903513
4 15 15.835470
4 18 3.807711
4 21 9.061225
5 9 9.215379
5 10 5.912964
5 10 10.565873
6 11 1.935238
6 11 12.404239
0 2 17.259329
0 20 12.423510
1 10 6.521340
1 20 4.706455
2 12 9.078909
3 19 1.551195
3 19 20.193958
6 18 13.152349
0 11 2.984643
0 13 1.396075
0 16 4.601685
1 10 2.526196
6 9 4.444427
6 23 4.776700
0 0 10.791879
1 19 7.941864
1 21 5.883267
2 19 3.690162
4 16 11.285748
4 20 8.814687
4 20 16.559557
4 23 11.692675
5 0 8.346590
5 0 9.029289
5 3 11.813123
1 17 11.413772
2 7 4.140610
2 16 11.447681
2 17 23.010305
2 17 10.223479
3 0 11.550494
3 12 6.257814
3 13 15.747198
5 10 9.407613
6 14 10.041148
0 19 14.678124
1 13 2.486607
1 16 6.810831
1 17 20.813568
1 17 4.918061
2 8 9.011848
2 17 2.419047
3 7 4.292576
3 12 10.392431
3 18 14.331717
4 8 12.762161
4 15 16.366610
5 14 13.152349
0 0 5.786987
0 15 4.290344
6 9 20.100843
6 9 12.977138
0 7 5.185453
0 7 20.718498
0 13 11.590254
1 7 13.041824
1 13 11.920624
1 13 14.550254
2 9 2.399886
2 9 9.029586
2 20 12.247410
4 8 12.126920
3 22 9.652829
5 5 14.947199
5 5 15.565641
5 7 3.491448
5 12 19.904842
1 7 9.696208
2 6 10.220464
2 7 7.952616
2 14 2.400726
4 14 2.701046
4 23 6.840339
5 12 12.571313
5 12 9.754629
1 10 4.763664
6 18 8.164681
6 19 13.022163
0 4 19.620579
0 13 4.647310
0 16 11.953814
0 20 10.510028
2 15 16.678585
2 20 5.506073
3 8 6.091012
3 8 43.224026
3 17 2.942012
3 20 9.288029
3 22 5.904435
3 23 15.342021
4 12 3.046529
4 17 2.073469
5 9 2.238482
5 9 13.499701
5 13 4.063805
5 20 12.853633
6 20 7.837431
0 23 10.382253
1 7 2.406394
1 16 2.631984
1 19 9.437313
2 22 18.364084
3 5 16.340994
4 8 10.576435
5 22 2.073581
5 22 9.557083
5 22 9.131549
6 2 13.395588
0 7 18.401669
0 12 11.120481
0 22 6.981444
1 13 10.270840
1 16 6.637954
1 19 11.552570
1 22 5.205163
1 22 7.871035
2 0 13.638513
2 0 15.797938
2 0 4.272474
2 0 6.489973
2 17 14.754066
2 18 38.680771
3 16 15.159417
3 18 14.490573
3 20 4.549757
3 23 4.072536
4 8 11.944182
4 23 4.127146
5 9 15.043668
5 16 11.402747
5 19 9.479362
6 9 8.812315
6 18 17.961689
0 13 1.250216
0 13 16.432940
0 14 9.420720
0 19 10.001230
0 22 11.363001
2 11 8.818809
2 11 21.065178
2 11 2.724381
2 11 14.933666
2 14 8.404867
2 14 12.322762
6 22 5.607383
6 22 17.685404
6 23 12.610771
0 15 8.482311
0 17 18.635899
0 17 14.699313
2 16 16.341660
2 19 9.727329
3 17 6.223565
3 17 17.234770
3 23 19.630711
4 16 14.962987
5 5 10.781949
6 0 11.296125
6 12 3.562652
1 14 8.853183
1 21 11.588127
1 23 11.593397
1 23 8.436965
1 23 11.364196
2 0 13.986768
2 9 9.096317
2 10 14.305902
2 11 8.310449
2 16 20.238243
2 22 12.954440
2 23 12.685698
4 9 4.365332
4 9 29.581448
4 23 8.058753
5 0 8.734088
5 22 12.195342
0 3 14.412063
1 14 10.528990
1 14 4.862927
1 14 30.158642
0 22 12.743722
2 11 4.276314
2 11 9.876539
2 14 9.538368
2 14 13.169328
2 19 20.000429
2 19 4.059526
3 3 12.725408
4 0 2.934412
4 15 24.162685
5 10 6.313542
5 13 28.859842
5 13 2.150264
5 18 11.388599
1 21 7.427831
2 14 16.762636
2 15 12.340445
2 15 8.853935
3 8 13.382374
3 11 3.010476
3 11 11.233309
3 12 11.454757
4 8 16.408192
4 8 13.328736
4 8 3.486349
5 11 13.110389
6 11 5.972611
6 16 9.465368
0 11 11.793210
0 15 9.176567
1 8 3.163663
1 10 13.866630
1 11 10.222064
1 11 14.411618
1 12 5.006702
1 12 3.992627
1 12 14.979138
2 8 6.915545
2 13 7.816568
2 13 10.373971
2 14 4.137534
2 22 17.944443
3 18 15.007471
3 20 28.967707
4 10 9.543552
4 15 10.546206
4 15 7.547052
4 15 17.551958
4 17 11.413998
4 23 5.738496
5 11 8.089704
5 16 6.874804
5 16 4.137385
6 14 15.661993
0 20 11.028604
0 11 26.192966
1 20 29.038031
2 21 3.064595
4 13 13.228642
4 13 6.550037
4 13 7.203603
3 17 11.403341
5 11 3.677515
5 17 11.721397
1 10 4.531984
2 11 10.935321
4 16 8.157292
4 17 4.873027
4 17 8.544949
4 17 1.814286
5 18 4.819751
6 19 9.313692
6 22 8.883986
0 11 10.211337
0 12 11.616851
0 14 13.440578
2 9 1.935238
2 18 8.443883
3 20 4.072536
3 20 11.505584
4 7 18.047197
5 15 17.926683
5 16 18.018114
6 11 6.482736
6 13 11.378654
0 5 10.077285
0 11 2.164226
0 11 7.939153
0 13 12.897724
1 12 15.671227
1 12 14.601001
1 12 28.061909
2 15 11.014897
2 21 6.490617
3 17 9.000735
4 19 10.884681
6 21 19.689598
6 21 28.443241
0 20 12.874073
0 21 13.282907
2 12 11.403341
2 23 11.261418
3 12 12.546477
3 15 12.951120
4 15 11.082157
4 15 3.391210
4 15 13.021489
5 6 4.222206
5 7 12.986543
5 8 11.574350
5 18 2.730491
6 12 6.110384
0 3 11.870287
0 23 6.969134
1 10 4.225266
6 17 6.642398
6 17 7.101119
6 17 12.076858
6 18 9.074492
1 13 13.199508
1 14 2.988863
4 15 4.293832
5 8 1.915519
5 17 3.951396
6 16 4.346496
0 11 10.922665
1 15 7.612653
2 2 13.108374
2 20 8.541497
2 20 14.979138
3 21 5.873145
4 0 15.194656
4 9 7.770108
4 14 1.808672
4 17 12.320108
5 15 1.987215
5 22 6.024781
0 4 19.039192
1 19 8.881876
1 20 9.647648
2 6 3.471931
2 6 10.175549
2 7 7.888340
2 9 3.458708
2 10 40.611042
3 8 8.045205
3 18 1.414429
4 13 6.526529
6 15 5.333982
6 15 7.532479
0 0 8.068095
0 18 12.876399
0 7 15.467974
0 8 6.981444
0 21 14.342419
1 13 4.670934
1 14 2.528753
1 18 10.703626
1 18 4.616812
2 0 20.791521
2 19 15.024796
2 19 7.411950
2 20 3.714371
4 7 4.292576
4 12 8.845656
4 12 13.278979
4 15 5.678241
5 18 12.131433
6 7 6.874014
6 7 14.720612
6 8 15.519556
6 8 9.070371
0 7 7.563192
0 11 1.935238
1 11 2.883468
1 11 12.888577
1 20 17.824108
1 23 9.619947
2 12 6.429972
2 13 3.736462
3 14 11.745113
3 22 10.910559
4 10 2.638961
6 10 8.798943
0 11 10.555145
0 11 5.554894
0 12 12.181607
0 12 8.470418
0 14 6.968973
0 16 11.403341
1 10 6.848680
1 12 11.994260
1 12 11.281630
1 15 1.935238
2 8 12.527236
2 17 8.755534
2 18 11.693000
3 7 5.199813
3 7 17.478050
5 12 1.551195
5 19 9.300682
6 0 8.741683
6 23 16.217958
0 10 4.663390
0 10 11.905780
1 7 21.250526
1 8 6.502048
3 22 17.502474
4 11 7.669968
4 17 12.615030
4 23 12.764398
5 15 7.585613
5 20 5.421364
5 22 4.324850
6 7 12.353781
0 19 16.425325
0 19 9.631379
1 10 11.403315
1 10 13.174346
1 10 15.474198
1 11 10.913157
1 17 6.216322
2 23 18.782991
3 13 15.057910
3 17 12.977026
3 17 8.622497
4 11 13.549618
4 11 13.994220
4 14 16.681198
5 13 4.911541
5 18 24.165636
6 13 1.522991
6 13 11.161943
6 16 5.493944
0 18 16.321058
0 18 13.240746
0 18 3.010476
0 18 12.850387
0 18 10.719398
1 12 4.539749
1 12 8.953340
1 12 5.873246
1 18 9.159866
1 18 13.587440
2 10 11.944936
2 10 12.593183
2 11 13.739755
2 11 14.479290
2 11 3.971438
2 12 8.771330
2 18 8.404867
2 18 7.251577
3 13 8.726479
3 17 8.272789
4 0 16.226398
4 17 11.962945
5 8 6.352064
5 17 13.124600
6 7 10.040769
6 7 8.787892
6 7 15.565815
6 7 8.343323
6 7 5.072154
6 7 17.418365
6 7 32.345654
6 8 11.687269
6 14 5.131738
6 15 18.539116
0 1 18.274706
1 13 17.356434
1 13 10.501264
1 22 11.586035
6 16 8.317528
1 19 11.697004
3 9 7.205645
3 16 6.422216
3 16 10.382900
3 17 4.295106
3 19 9.321762
6 11 15.464859
1 7 6.156479
2 20 7.898929
3 9 9.917883
4 6 18.090450
4 16 6.724030
5 18 10.679709
5 22 4.383492
1 6 4.975001
1 18 4.137898
2 20 7.937525
3 9 2.895324
3 9 8.633615
3 11 7.000171
3 11 20.294880
3 14 1.800208
4 12 5.418798
4 16 11.495578
5 11 18.976221
6 4 10.567047
6 8 13.872899
1 20 9.727329
6 12 4.829000
0 4 18.188593
0 13 10.420133
0 16 3.465352
1 11 6.407067
1 11 12.638830
3 19 9.742905
3 19 13.023685
3 23 12.055897
4 13 7.941864
4 13 22.850073
4 13 13.092647
4 16 11.030424
5 0 17.514336
5 9 9.506507
5 9 22.569717
5 16 19.804853
5 20 3.904924
6 21 8.910437
6 22 9.689319
1 7 16.317883
2 15 2.037092
2 15 6.313808
2 18 2.086548
3 9 6.925887
3 9 17.308844
3 15 3.374573
3 15 12.429999
3 19 6.536697
3 21 7.023896
3 22 14.627920
3 23 7.718941
4 8 2.519185
4 15 13.278979
4 15 10.093288
4 15 17.242685
4 15 3.244987
4 18 3.923674
6 0 6.542740
6 12 20.134480
0 3 5.359410
1 12 7.117085
2 1 10.015286
2 15 6.110384
2 19 5.202408
2 20 14.531608
3 14 13.962342
3 14 6.915545
3 14 12.304627
3 15 9.159584
4 12 5.014793
4 14 3.766502
4 14 15.382659
4 16 10.910559
4 18 2.673371
5 9 8.907799
5 9 13.295132
5 11 2.588503
5 11 9.410800
5 13 10.203259
5 16 10.001420
5 20 4.923676
5 20 12.963804
6 19 10.714102
0 8 6.084953
0 21 15.471754
2 14 4.666347
2 20 10.681232
3 15 15.154300
3 17 12.801642
4 9 1.373189
4 9 13.042735
4 9 10.714102
4 16 2.445843
5 19 2.890868
5 23 12.024141
6 9 6.110384
6 10 10.180697
0 0 13.832095
0 17 17.685392
1 1 6.692732
1 8 11.606542
4 6 11.708330
4 19 3.859539
4 19 7.924521
5 14 8.214443
5 19 14.805161
5 23 13.130093
6 15 14.170654
6 21 2.037092
0 1 5.131738
0 19 9.112701
0 19 15.283048
1 8 21.982441
1 17 3.852963
1 20 14.467937
1 23 33.440392
2 9 5.678938
2 14 6.324648
3 6 13.425386
3 6 8.615335
4 17 5.913275
5 9 1.351040
5 14 4.683868
6 2 16.339817
6 12 4.295106
0 13 8.280257
0 0 11.249384
0 18 14.653308
0 18 21.264174
0 23 17.355202
0 23 6.421950
0 23 3.913199
1 14 14.961146
1 14 14.979138
1 20 2.999695
1 21 9.983096
1 22 7.994104
2 0 9.813426
2 11 18.011742
2 14 2.526196
3 9 6.185872
3 14 3.862662
3 19 11.649772
4 8 9.410709
4 12 19.775047
4 20 15.848525
5 0 18.419558
5 3 6.149486
0 14 7.898718
0 22 6.906627
1 10 10.454069
1 11 33.947414
2 11 9.042257
2 12 8.197131
2 21 10.307265
3 13 1.590606
3 13 18.167667
3 15 5.774542
4 12 1.658305
4 12 3.638938
4 19 8.797265
5 9 2.282469
5 11 19.661745
1 13 4.426421
1 17 17.559103
2 11 11.911886
2 11 7.870667
2 11 2.495252
2 11 16.483543
2 18 7.912760
2 22 8.404867
3 19 8.899629
4 12 5.146446
4 15 3.742878
5 11 14.740109
5 20 8.089505
6 13 10.799840
0 19 15.148167
1 1 17.688587
1 10 3.620212
1 16 7.165059
4 9 7.003332
4 15 6.661754
4 15 9.891498
4 18 15.043668
4 21 14.411618
5 11 24.814602
6 22 15.526223
6 22 7.464156
2 10 11.894088
2 16 7.550468
3 17 10.346684
3 17 3.226944
3 17 16.053534
3 18 6.110384
4 2 4.209620
4 19 10.901365
5 15 6.395457
5 15 10.895138
5 19 19.687851
5 23 13.410026
6 12 12.414351
6 21 11.511627
1 11 20.767267
1 16 8.577571
1 16 8.890038
1 16 8.649991
1 19 19.578533
1 22 7.813403
1 23 9.514372
2 14 7.988127
2 14 6.324648
2 14 18.836576
4 19 15.362084
4 20 11.794664
0 11 4.344254
0 14 4.140610
1 1 12.303293
1 1 19.466600
1 8 14.580758
2 0 11.889367
2 18 5.193574
4 10 6.920593
5 19 7.596853
3 9 5.981093
3 15 3.617228
4 10 7.553611
4 12 21.443926
4 21 30.213728
4 21 12.262818
4 21 44.615456
5 12 13.042681
6 16 4.638406
0 18 9.620754
1 19 10.758372
2 14 9.341069
2 14 7.458757
2 17 12.912169
2 20 13.170913
3 23 13.442287
4 13 17.954494
5 13 5.606146
6 12 6.397155
0 2 8.250861
0 2 19.336397
1 12 4.086127
1 13 4.413018
1 14 11.294868
