0 21 25.053774
1 13 27.648977
2 21 27.784058
2 19 6.384591
5 23 1.413416
3 8 6.914694
6 0 7.998842
6 0 19.008923
6 13 6.408776
6 18 11.831765
3 23 28.816519
6 5 8.837218
1 16 16.019861
4 13 8.601301
5 14 5.260540
0 11 11.609735
1 13 22.734079
6 14 10.498142
6 15 10.762443
3 20 25.016506
5 16 1.413416
6 15 8.737109
3 2 9.148076
3 19 6.384591
4 10 12.332547
2 23 25.626097
1 2 18.367964
2 19 26.702709
4 18 6.319607
4 22 6.382795
1 22 6.384591
4 22 25.805698
0 13 25.607414
2 23 27.123095
4 20 9.016229
6 12 10.388519
3 10 13.966962
3 11 8.897779
4 0 12.614469
4 12 9.096440
5 11 6.524028
1 16 15.193348
2 22 16.990177
3 1 38.865192
1 9 10.310818
0 18 9.540625
6 18 18.015001
1 0 14.105951
5 23 9.869954
2 12 18.661343
3 20 32.961044
0 21 28.973196
2 4 1.390245
3 23 6.801339
5 0 23.019331
5 0 2.865513
6 19 17.046066
1 12 31.633659
5 1 9.399851
1 4 18.542353
1 12 27.003166
2 10 8.816081
0 23 16.473013
5 2 14.918956
2 22 11.917447
0 5 6.192264
0 11 10.597988
2 16 10.052907
6 12 27.575939
6 18 5.542404
1 6 15.790417
2 2 6.165041
2 15 2.278415
0 17 8.309376
2 22 3.933522
0 5 5.614832
3 13 35.289898
3 19 8.261541
2 3 11.397807
2 6 7.414308
4 8 6.604749
1 10 13.178411
1 12 3.088518
3 13 11.745183
5 13 5.936119
1 21 11.870352
2 0 9.920131
4 1 14.688983
5 21 27.286650
6 16 6.691639
0 20 7.296178
0 23 24.296715
2 2 9.016229
3 0 11.496893
4 23 27.212339
6 1 11.755770
6 13 7.000355
6 22 12.441634
0 19 31.920176
3 20 23.452631
0 13 31.556087
3 7 9.648411
4 22 6.158226
0 7 11.598133
0 11 5.950792
3 8 8.391969
3 9 16.155680
4 15 10.782901
3 8 7.449519
6 23 32.216530
4 13 9.327784
6 14 7.052976
6 22 19.408592
5 13 3.457574
3 22 28.671337
0 1 21.569527
2 0 10.476207
2 10 18.509636
1 1 19.472824
3 14 19.472824
4 14 13.676805
5 13 36.904850
0 10 12.207417
6 21 12.962371
2 17 5.900837
0 13 31.451246
2 10 6.631013
2 5 6.911506
3 2 9.834565
3 15 2.612543
4 23 34.331577
4 23 1.437372
5 4 18.121048
0 0 15.295198
0 1 5.202493
1 11 22.649239
1 18 6.914694
3 7 13.598189
5 11 12.509842
0 14 12.067019
0 22 33.138809
5 14 7.635498
1 1 9.186828
3 14 8.356038
1 21 29.663549
4 19 4.023383
6 17 8.113821
0 21 6.047908
2 2 7.052976
5 1 9.617952
1 23 6.801339
3 1 2.612543
3 12 24.872114
3 21 8.299836
3 1 8.118654
3 5 13.351348
1 20 16.658316
1 20 3.474583
0 1 10.198361
4 4 20.149479
6 6 9.383238
1 11 26.091896
2 2 21.807976
4 7 5.502894
5 7 11.660822
3 7 4.258984
0 6 5.827901
0 6 6.531358
3 6 7.684860
4 6 7.339082
4 23 25.056633
0 6 5.323668
0 6 10.207762
0 7 9.952396
1 6 7.537879
6 7 30.836981
6 21 31.099794
6 1 25.751575
1 21 27.174562
4 20 32.100899
5 0 33.787399
1 6 29.208416
1 13 10.912903
1 23 6.236877
1 23 18.935801
6 15 10.641595
3 0 33.251099
1 3 13.321730
1 19 12.466183
0 9 9.096440
2 4 2.914081
4 16 10.328817
5 16 9.096440
2 16 10.919451
0 17 1.390245
4 7 11.831765
5 1 11.926161
1 20 10.316133
3 11 5.512518
5 7 8.297633
5 15 13.401773
2 14 7.917719
0 3 13.770922
1 7 6.482526
1 16 15.790417
1 2 11.785097
2 4 7.325361
4 15 2.278415
1 6 15.790417
2 8 9.096440
3 13 28.798412
3 20 26.616598
6 7 4.962378
1 6 1.462155
6 0 25.821150
4 20 29.873884
3 11 9.534418
2 9 6.948741
2 17 3.465433
4 12 25.137024
4 13 27.880697
1 20 28.372219
3 22 31.550667
5 0 25.032295
1 0 4.064640
3 19 37.569336
4 20 31.706425
4 22 8.280789
5 1 15.052450
0 22 14.119647
2 1 12.020179
0 19 10.482665
6 5 12.962371
5 10 6.389522
6 5 10.329365
1 17 11.032364
4 15 4.423085
3 2 24.806730
4 17 9.754795
6 13 4.963690
1 21 6.914694
6 15 6.976784
0 23 34.677841
3 13 14.205660
6 0 7.812569
1 23 10.859296
2 22 10.673111
3 11 18.125643
0 4 14.221129
0 7 35.395260
2 21 28.209240
5 0 8.909480
5 5 14.020598
5 8 9.096440
1 0 9.960522
3 3 20.826830
6 9 6.076149
6 22 3.266785
0 1 15.525461
1 15 11.872238
5 8 6.885461
5 9 6.384591
6 11 10.233376
3 22 27.311102
4 23 43.962425
2 20 29.962990
2 23 32.154308
5 23 30.105270
0 17 11.765005
4 15 2.672756
0 1 7.245017
6 9 3.835108
2 22 11.204767
4 6 10.673111
0 16 13.401773
6 23 12.207417
1 9 3.331135
1 15 40.667065
1 23 19.893106
0 2 37.455700
0 22 23.822784
4 12 28.691832
4 14 26.200272
6 11 3.317466
0 12 29.245350
3 14 4.825407
0 22 29.162321
4 22 26.569395
0 0 27.475378
3 16 11.041149
5 18 6.223214
6 23 11.107197
2 1 14.533038
2 21 27.978275
0 4 6.856750
0 9 7.798598
0 5 7.583718
6 8 15.151555
5 1 10.792944
5 5 14.651255
6 16 10.673111
0 4 9.854321
5 8 8.879333
1 2 10.485538
2 9 7.647270
6 13 13.958910
1 7 3.515516
3 16 8.460296
