6 22 13.157174
6 23 10.379929
0 0 13.971028
0 1 10.192557
1 19 10.110083
3 22 9.483057
4 21 8.732280
5 22 4.364757
5 23 7.791078
6 19 15.325509
0 1 5.664537
1 20 8.837420
4 15 8.718265
6 22 9.456570
6 23 10.997849
2 22 10.502790
3 19 8.651579
4 6 9.531067
0 22 11.535254
6 12 4.674077
0 5 15.901183
0 8 14.014129
0 17 2.539930
0 18 1.454626
2 2 11.121091
2 14 2.968457
2 21 8.717363
2 23 18.803925
3 9 8.009635
4 9 7.085211
4 14 9.948221
4 20 7.363997
4 23 5.526354
5 0 9.144361
5 19 9.416302
6 0 9.745138
6 13 5.524337
0 8 9.317085
2 16 8.552310
2 20 8.607547
3 23 8.587280
4 2 11.804418
4 13 9.259255
4 23 6.361925
5 3 15.698802
5 9 6.546897
5 10 3.676342
5 20 12.259927
5 21 13.563783
6 9 7.395241
6 14 8.292085
0 1 9.786176
0 11 11.503366
3 0 11.233269
3 8 6.241374
4 23 4.973154
5 2 12.125618
5 12 7.745100
5 12 13.503971
5 12 6.774561
5 22 8.778112
6 2 15.624604
6 6 14.665649
6 8 12.444691
6 11 13.177028
0 22 12.922957
0 23 15.694598
1 9 4.293204
6 11 9.741001
0 22 6.351836
2 0 11.510221
2 10 11.910362
5 14 8.978680
5 14 8.782866
6 11 5.237281
6 12 5.816314
6 13 13.725028
6 19 12.896334
1 19 11.100468
3 10 4.944440
3 22 10.282079
4 9 5.931977
4 23 10.142829
6 8 10.790728
0 0 9.196604
0 1 9.341123
0 11 10.118721
0 19 13.641138
0 19 8.354692
1 9 6.967124
1 17 7.590654
2 23 9.781901
5 2 11.325791
5 2 12.883300
6 13 5.005802
6 20 9.847790
6 22 5.235857
0 16 9.520468
0 19 9.665289
0 20 10.478393
0 22 10.473501
1 13 11.023190
3 17 8.860134
4 8 5.651401
4 12 9.901539
4 15 8.351907
4 22 10.994945
4 22 12.060743
5 10 2.228407
5 12 5.836693
6 2 5.052539
6 22 10.985334
6 22 8.396524
0 1 13.323825
0 22 8.949909
1 1 12.022182
1 2 5.556475
1 16 11.635227
2 18 10.954067
2 21 17.196012
3 23 11.863026
4 1 11.351513
4 20 10.639616
5 11 10.665147
5 19 9.331079
5 20 11.374081
5 21 1.503146
5 22 9.771526
6 12 10.309975
6 16 5.519235
6 20 1.904275
0 18 11.852721
0 19 10.805359
0 20 5.305516
6 19 13.873776
6 22 13.775185
0 1 13.055469
0 14 7.567236
0 19 8.571210
1 11 18.482525
1 14 9.505465
1 14 6.093306
3 11 9.567898
3 13 6.303420
4 7 10.081123
4 10 12.721362
4 14 8.718677
4 23 12.512792
5 13 4.411962
6 19 10.788452
6 21 15.170665
6 22 13.080166
3 22 12.060743
5 17 9.411047
6 1 12.860514
6 16 8.563637
0 2 11.706411
0 15 9.957863
1 9 8.967906
1 13 12.383469
1 15 4.347109
3 12 6.992748
3 14 11.925489
4 7 11.351513
4 19 8.860415
4 23 10.030335
6 2 13.098338
6 9 11.539043
6 17 9.115261
6 20 21.718203
6 21 4.594481
0 19 16.437403
1 9 4.740036
6 23 12.371570
0 2 11.260138
1 8 10.453100
2 19 11.140122
3 6 12.061193
3 19 8.024489
4 0 11.742944
4 1 10.666472
4 21 7.838220
4 22 7.485353
4 23 13.717278
5 0 15.438703
5 2 13.301864
5 5 2.622137
5 6 12.711105
5 10 5.362534
5 19 11.046044
6 2 5.856555
6 23 8.948545
2 14 7.186110
2 23 11.112913
4 0 11.129354
5 0 11.279496
5 3 12.130972
6 17 9.599825
6 18 6.678029
0 7 2.576774
0 9 5.933971
0 21 5.237205
2 2 13.095242
2 11 10.167070
2 12 5.864185
3 6 16.151808
4 23 11.907056
5 21 9.621009
5 23 9.055410
6 3 12.061193
6 22 4.347109
6 23 10.839565
0 1 6.076300
0 14 12.879698
6 23 8.017832
0 1 14.026996
1 22 11.211571
2 0 12.022182
2 22 20.935160
3 2 12.948857
4 12 10.451734
4 21 8.890050
5 0 19.955414
5 5 11.727597
5 5 15.840125
5 23 8.414965
6 16 12.613980
6 16 10.192178
6 21 11.019434
6 22 14.872720
0 0 14.143555
4 11 8.726335
4 13 8.145367
4 14 10.228299
5 23 14.491201
6 1 17.460789
6 14 8.656878
1 2 13.732527
1 3 13.807690
1 11 14.926421
1 21 13.480541
1 22 8.026336
2 8 9.599825
4 7 9.983344
4 14 9.091043
4 20 11.729616
5 6 9.846219
5 9 7.561810
5 11 13.170862
5 11 12.633537
5 14 6.464196
5 22 8.377574
6 1 15.966440
6 22 15.419847
6 23 10.343922
0 11 4.346359
6 11 6.894592
6 12 5.654702
6 18 9.599825
0 2 12.951976
0 16 3.889261
1 1 13.964553
2 14 7.778688
2 19 10.511078
3 0 12.227633
3 1 10.923211
3 19 8.732777
4 13 10.608932
4 15 6.802986
4 23 28.402260
5 17 7.154101
5 19 8.613768
5 23 9.585166
6 2 5.891672
6 15 6.944774
6 16 12.612313
6 23 13.369168
0 1 24.305618
0 2 11.458642
0 21 7.454903
0 21 7.104752
0 23 11.163016
1 11 9.201830
1 14 6.992932
2 19 8.864710
5 11 8.422323
5 16 6.514888
5 21 13.081087
6 1 17.157011
6 18 5.005802
3 16 10.471375
4 14 15.042323
5 12 9.459970
5 15 8.562696
5 19 4.066650
6 10 9.460390
6 14 8.426014
6 17 7.833930
6 18 5.993415
0 0 13.743680
0 2 12.668555
1 8 1.745586
6 6 14.842180
6 13 2.496881
0 15 8.370164
0 16 10.272329
2 9 14.547991
2 22 19.803473
3 20 11.952791
3 23 13.348024
4 22 8.128335
5 19 10.472536
6 16 14.152590
6 18 11.150301
0 19 12.222551
0 19 12.736581
1 13 4.312546
1 19 15.126616
2 1 10.977110
2 7 9.000772
3 12 10.960443
3 19 7.917087
3 21 12.739047
4 18 12.923586
4 20 11.997074
4 21 9.554229
6 15 6.875043
1 8 3.612957
2 10 2.415015
2 12 8.912295
3 16 5.563453
3 22 12.962694
5 0 12.335877
5 21 10.309642
6 1 14.188328
6 21 9.516592
0 1 11.099828
0 10 2.537552
0 16 11.291224
0 18 10.152579
1 16 10.450121
1 18 5.846709
1 19 10.336521
6 9 6.304207
6 21 6.578264
0 2 15.696198
1 0 12.722147
1 1 13.964553
3 18 11.351083
4 8 9.445560
4 10 11.129354
4 13 7.838220
4 14 5.933971
4 15 9.747627
4 17 10.478393
4 23 17.453899
5 12 8.534751
5 15 3.492066
5 19 11.206909
5 23 12.224204
6 13 6.526565
6 17 13.080795
6 19 10.478319
6 19 13.789845
0 0 12.114834
0 17 10.947990
1 0 10.617615
1 13 13.080166
2 0 12.294926
2 7 10.994945
0 21 7.753839
0 23 8.215857
4 13 5.235857
5 6 12.572048
6 0 9.223613
6 1 14.186898
6 12 2.995537
1 0 22.195530
1 10 10.492433
3 6 15.331277
3 10 9.500625
3 23 12.036623
4 21 12.262655
5 21 7.271741
6 0 11.223847
6 19 5.323194
6 22 11.742944
0 1 10.984055
0 20 8.928880
0 23 11.613238
1 7 12.081100
6 15 4.112564
6 15 14.289947
6 21 10.931472
0 2 13.095591
0 3 15.458273
0 22 18.078377
1 6 11.667784
5 8 8.001329
5 23 8.100141
0 3 10.095695
1 19 8.878324
2 5 7.115469
2 12 10.266276
2 21 10.988457
4 0 14.914220
4 18 5.135507
5 12 6.215776
6 12 11.025676
3 12 3.492525
3 15 9.781081
3 22 13.520350
5 5 17.309353
5 19 4.297340
6 4 13.276748
6 16 12.830685
1 9 5.933971
6 11 11.029887
6 19 12.668555
6 20 17.388424
6 22 3.605824
0 1 15.043468
0 2 11.855678
1 0 12.511369
1 6 9.403429
1 8 5.148663
2 15 6.799403
3 8 10.106928
4 0 5.497574
4 17 9.593019
4 21 5.816082
5 19 9.428033
5 22 9.618063
6 20 12.263907
6 21 18.590441
0 2 10.763367
0 17 8.981817
0 21 12.729089
0 22 13.807690
0 22 13.080166
2 1 11.314844
2 5 13.655149
3 19 9.428033
3 22 9.583919
4 19 12.225719
5 19 11.074844
5 21 12.176666
6 2 13.792958
6 16 9.985648
6 19 15.464462
0 1 12.349625
0 4 13.080166
2 6 12.948857
2 11 12.582093
4 19 8.935110
4 20 7.784268
4 21 9.158783
5 4 11.619790
5 10 8.569648
5 12 8.394837
5 21 12.506677
5 23 13.590950
6 21 2.454602
6 22 8.102977
6 23 9.235747
0 0 10.591011
1 8 6.967124
1 12 7.025676
1 13 8.709133
1 21 11.130457
6 23 4.275107
0 0 10.802695
0 3 12.946465
1 10 9.941144
3 11 4.656814
3 23 10.269821
5 0 11.116031
5 7 11.023700
5 21 11.130457
6 2 10.625270
6 21 3.185784
0 1 11.385073
0 18 8.603274
1 2 8.726335
2 21 12.128196
5 0 8.949909
5 1 10.923211
5 23 13.395370
6 19 4.761553
6 20 12.044534
0 18 8.965830
0 19 8.666105
0 22 13.362280
1 19 11.716336
2 21 8.988337
3 1 10.138072
3 21 4.219902
6 4 13.763206
6 17 13.073288
6 22 8.694158
0 0 11.260138
0 3 9.839374
0 15 10.309642
0 21 12.059509
3 1 9.459970
4 22 13.551467
6 9 7.279771
0 0 14.033594
0 7 15.569291
0 10 6.808275
1 22 10.499854
1 23 10.309642
2 11 11.670493
2 23 12.054688
4 21 10.456012
5 16 4.944440
6 10 11.364888
6 12 1.609399
6 14 4.044832
0 5 17.023846
0 21 8.334028
1 9 6.917762
5 1 14.738112
5 21 12.371570
6 17 7.506057
6 23 10.106830
0 2 14.597807
0 6 16.434887
0 7 9.290154
0 13 6.981298
0 17 2.622137
1 15 9.459970
2 17 8.727114
2 20 7.840131
4 0 8.160412
4 1 13.807690
4 19 5.089232
4 20 9.957863
4 21 10.630675
4 23 14.884827
5 9 9.450809
5 23 10.225164
6 0 10.878141
6 10 9.585166
6 21 12.202583
0 0 10.331717
0 1 11.547503
1 21 11.165422
4 11 9.884337
5 9 7.235280
5 13 8.562696
5 21 4.202205
5 22 11.615948
6 0 12.931392
6 8 12.050266
6 22 12.126293
6 23 5.014585
0 19 10.636665
0 21 12.670203
0 23 12.060743
2 11 6.447126
2 23 8.748353
3 20 10.092295
4 22 9.599825
5 5 14.189639
5 18 11.140122
6 1 14.076396
6 2 16.227011
6 22 11.351083
6 23 8.716772
0 17 14.301736
0 22 11.736938
6 18 11.314786
0 15 13.842604
0 22 10.284602
1 0 11.435849
1 3 13.521090
2 20 9.450809
5 10 4.944440
0 18 9.599825
0 20 10.600435
1 7 7.550085
1 9 5.864185
1 21 13.964553
2 0 13.095242
3 21 1.855602
3 23 5.652938
5 9 3.906935
6 0 13.446212
6 3 16.192772
6 13 10.478393
0 21 13.098338
1 11 4.910107
6 19 10.327744
0 1 7.532110
0 1 21.892321
0 3 8.791480
0 19 8.432818
1 1 8.711648
1 16 7.714077
1 16 17.335690
1 18 11.121091
1 21 9.254802
3 19 5.085066
6 3 4.367969
6 21 10.734847
0 19 9.927123
0 20 17.950760
0 21 13.276748
1 2 4.173432
1 3 7.679972
1 5 8.837420
2 1 9.460390
2 2 6.791562
2 19 8.380371
4 1 4.761553
6 3 10.395584
6 19 8.727114
0 20 10.634238
3 13 6.858639
3 18 7.784242
4 9 5.624589
5 2 6.635356
5 21 9.153869
6 1 9.050893
6 15 4.763045
6 23 5.935585
1 9 2.622137
1 21 9.610649
6 14 2.455266
6 15 4.297340
6 21 11.351513
0 2 3.142630
0 12 7.577012
0 13 7.460188
0 13 10.974758
0 15 7.840131
1 8 5.625632
2 0 17.815063
2 2 12.758435
2 15 10.106830
2 22 13.501796
3 9 9.295878
3 10 5.933971
4 13 3.620937
4 15 11.441292
6 12 9.295878
6 20 11.471396
0 0 12.356768
0 1 13.581334
0 10 11.148067
0 13 11.023190
0 18 12.333155
2 0 13.073288
2 14 7.541452
3 18 6.531679
3 21 4.329763
5 6 12.691833
5 7 9.089722
6 2 18.701538
6 16 9.288938
6 21 12.695992
6 22 5.658235
0 11 11.890388
0 17 4.784244
1 6 7.297727
1 19 11.601284
2 5 13.095242
2 8 6.808275
2 10 6.093306
2 14 13.379881
3 5 15.177538
3 9 6.802986
3 15 7.351985
5 7 11.314844
6 8 9.580755
6 8 11.759576
6 12 10.140631
0 0 9.504611
0 1 11.710615
0 2 12.332246
0 9 12.090807
0 11 7.550085
0 14 9.409048
1 7 5.935585
6 14 3.379863
0 3 10.202334
0 10 6.419387
0 15 10.499854
0 18 2.315964
0 21 11.112563
0 23 11.626546
1 22 11.393396
1 23 7.142849
2 9 4.202205
2 19 6.324826
5 1 10.464132
5 22 7.264500
6 1 8.080928
6 20 8.302774
0 1 12.273622
0 2 14.914220
0 19 11.314844
0 22 9.378371
1 22 18.828667
2 14 8.576844
2 21 7.061751
3 11 11.863783
3 19 9.289145
3 22 11.283881
6 2 17.275906
6 13 5.222833
6 21 5.713314
0 2 8.545557
0 3 12.090482
0 12 10.453446
0 23 5.838280
1 0 15.220206
3 23 12.060743
5 1 15.344134
5 3 16.289370
5 23 2.179730
6 2 13.591660
6 13 12.266378
6 16 10.336521
0 19 11.477046
1 0 11.029887
6 4 13.979191
6 20 11.852721
0 2 10.859699
0 9 5.877978
0 22 11.478092
1 6 14.337315
2 20 6.791562
2 23 11.325791
3 6 14.265358
5 0 11.822327
5 14 14.807515
5 19 7.585374
5 20 11.852721
6 10 15.711096
6 16 9.732381
6 20 8.878324
6 21 8.465168
1 16 12.227997
1 17 6.635356
4 23 19.233097
5 0 13.750086
5 21 6.603991
5 23 12.465793
6 0 12.219454
6 1 16.565327
6 3 12.666761
6 21 6.094435
0 1 6.139966
0 19 9.428033
0 23 12.560889
1 14 9.664487
1 19 8.794770
2 0 12.883611
2 1 11.842292
4 19 11.742499
6 18 8.832914
6 19 7.581223
0 2 9.337400
0 3 10.226179
0 16 11.396857
0 19 11.184230
0 19 7.602512
6 20 16.500103
0 1 18.114002
0 2 15.170665
0 19 3.835023
0 20 11.646836
1 10 7.363997
1 21 4.725752
2 1 13.741996
4 7 7.843676
4 22 19.305862
4 22 12.515660
5 0 14.351155
5 2 12.090774
5 18 8.334928
0 20 12.060743
1 14 10.617929
2 19 9.290154
2 21 12.992456
3 13 8.876020
3 21 7.928195
3 21 6.526565
4 14 3.175283
4 18 7.235280
4 20 15.864281
4 20 8.512624
4 23 12.208742
5 22 11.421644
6 3 13.091863
6 14 9.154121
6 19 8.580164
6 22 10.297163
6 23 10.649093
0 1 9.580755
1 0 10.461930
1 11 9.304889
1 15 7.709725
3 22 13.080795
4 0 7.348331
4 3 11.349066
4 18 9.732381
5 15 9.459970
5 18 6.712565
5 23 10.731153
6 9 20.414438
6 13 4.758613
0 5 15.696014
0 7 5.539369
0 7 11.987156
1 3 16.560860
1 4 12.879698
1 18 8.178362
6 15 3.264271
0 17 3.059393
2 19 8.189225
3 10 8.796968
3 19 7.737792
3 20 11.074844
3 21 10.890594
4 16 7.373684
4 18 11.479001
4 19 3.364236
5 22 14.385451
6 20 6.265666
0 10 12.734261
0 14 9.665289
1 0 5.881337
1 1 8.673083
1 15 11.129354
2 20 11.870606
3 22 13.055469
5 9 5.380328
5 15 6.346488
5 21 7.538480
6 21 14.787354
6 22 12.477096
6 23 9.172497
0 1 18.928072
0 22 12.061193
0 23 6.922213
1 3 4.759739
1 16 10.994945
1 23 14.278671
2 23 12.004786
3 9 8.938278
3 20 7.668133
4 10 6.799988
4 18 9.618063
5 11 15.847657
5 17 6.484531
5 17 3.756118
1 4 12.290554
6 13 4.652258
6 19 11.314844
0 0 12.198483
4 0 5.203007
5 0 4.149570
5 23 10.949849
6 1 12.054688
6 3 4.939392
0 2 13.098022
0 20 10.263512
1 12 13.566845
1 18 8.831905
1 23 11.325791
2 22 8.878324
3 10 10.327744
4 1 11.269063
4 22 10.641832
5 21 13.333693
6 3 10.478393
6 21 10.461917
6 22 8.543611
0 2 10.309642
0 15 11.701722
1 22 11.129354
2 17 20.089703
2 20 10.746178
2 23 12.225719
3 19 9.599825
3 21 12.087915
5 1 12.365894
5 8 8.873460
5 19 5.239350
5 20 10.118307
5 22 9.965406
6 2 14.242330
6 17 8.587280
6 20 10.128775
6 22 11.597100
0 20 8.176194
6 4 13.789845
6 16 9.039150
6 18 13.653671
6 20 9.175601
6 23 10.867970
0 12 14.540957
0 17 1.716969
2 19 9.261936
3 19 8.698089
4 23 19.213947
5 18 10.290410
6 0 12.951400
6 11 9.016577
6 17 11.351513
6 18 8.214990
6 20 8.964906
6 21 9.334795
0 17 10.106830
0 18 12.050266
0 23 13.995729
1 0 9.979191
1 1 12.930899
1 20 11.023190
1 21 11.406558
3 10 8.051344
3 11 13.978166
3 16 11.139231
3 16 2.974170
3 21 9.310637
3 22 11.944358
4 0 12.304900
4 1 13.258662
5 10 6.528542
5 11 15.551487
5 18 8.470434
5 20 10.814699
6 2 15.621021
6 17 10.710586
6 18 6.512831
6 21 11.759576
6 21 9.959186
0 9 10.824872
0 22 13.951856
0 22 11.907579
1 17 4.364757
1 22 14.966390
2 18 6.728273
2 20 15.395118
3 2 7.505771
4 2 13.732527
4 20 8.550786
6 17 8.140158
6 18 7.701493
0 1 8.859692
1 8 4.600880
1 2 20.815649
1 6 16.192772
2 4 19.068390
3 14 11.836995
4 7 20.698257
4 17 12.865737
4 21 10.105079
5 0 10.345010
6 2 29.543739
6 16 11.315369
0 20 11.591203
0 22 11.130457
1 11 20.762392
2 19 6.526565
4 21 11.510154
5 15 1.745586
6 0 20.373732
6 4 12.019135
6 17 8.779047
0 0 13.098022
0 6 17.307577
0 20 16.184361
1 17 11.904765
1 19 8.573365
1 22 14.011877
2 5 10.225164
2 15 9.599825
3 23 10.786468
4 6 14.097772
4 15 12.865844
4 23 15.152585
0 6 4.854873
0 22 12.073999
6 21 11.148067
0 2 4.472941
0 13 7.252461
1 12 11.148067
2 1 14.265358
2 11 10.336521
2 21 11.702058
3 0 12.060743
3 15 3.375809
4 10 8.460301
4 14 9.323664
4 17 8.444840
5 13 3.906935
5 14 8.706621
5 17 5.539369
5 19 8.200443
5 22 8.555215
5 23 13.735625
6 19 9.505465
0 18 10.336521
0 18 3.835438
0 22 11.891060
1 19 11.557514
2 23 8.359262
3 23 8.079915
4 17 9.236176
4 20 10.155997
4 23 14.301736
5 1 12.254508
5 1 12.163175
5 21 7.999854
5 21 12.585518
5 22 11.541883
6 5 11.825369
6 20 12.044534
6 23 6.782467
0 14 4.310915
0 15 9.599825
0 21 13.723137
3 9 11.638297
3 12 7.507083
3 16 8.382608
4 2 14.425229
4 9 3.492410
5 0 11.349066
5 9 4.029007
5 12 14.385451
5 14 20.384041
5 16 10.456545
5 19 11.118031
6 1 16.969404
6 1 9.438160
0 12 9.860974
0 12 9.599825
0 15 6.197730
6 3 9.288108
0 2 9.225321
2 0 13.570837
2 1 11.293912
2 10 5.239350
2 20 10.864964
3 0 3.720891
3 1 10.457614
4 0 6.447126
4 1 9.599825
4 10 14.136235
4 18 9.570522
4 21 8.715196
4 22 8.166750
4 23 9.888450
5 1 13.962273
5 10 8.392638
5 20 16.698084
6 22 7.122433
0 23 11.840009
1 9 9.973824
1 11 9.597552
1 17 14.186898
2 8 8.563890
3 14 8.446831
4 22 11.282355
5 18 10.839716
6 18 11.615948
6 22 12.190697
6 22 11.023190
6 23 9.644866
0 1 12.568495
0 2 14.638179
0 18 13.601488
1 23 28.360739
2 0 14.583924
3 2 10.627242
3 18 7.397951
4 1 17.608032
4 2 10.473491
4 17 10.135682
4 18 5.255620
4 23 5.904319
5 6 18.558079
5 9 6.206587
5 19 5.987331
5 21 13.524091
5 23 11.601401
5 23 7.670150
6 1 15.000507
6 11 8.555215
0 0 8.523467
0 0 11.661551
0 2 11.205675
0 21 5.945425
0 22 11.274001
1 0 10.344839
1 1 15.847657
1 8 5.149169
6 7 13.741655
6 18 2.493987
1 20 8.986094
1 22 4.383015
3 11 8.424438
4 4 15.752424
5 22 8.036881
5 23 9.450809
6 9 10.140631
0 12 2.002788
0 21 12.208742
1 19 15.334233
4 22 13.731449
6 2 10.797059
6 10 12.922957
6 16 15.396693
0 0 7.421090
0 1 14.661221
0 3 11.325791
2 1 15.716791
3 18 10.904780
3 20 9.341123
4 2 17.969927
6 14 6.647110
6 15 2.757601
6 22 5.863799
0 11 11.206909
0 14 12.531153
0 14 5.656177
6 20 7.493029
0 14 10.490720
2 15 9.567898
3 23 11.519790
5 8 8.169435
5 15 7.460188
5 21 9.672362
5 23 9.729499
6 20 6.067247
6 20 6.093306
6 23 10.437706
0 12 10.140631
0 19 9.482256
0 21 9.541405
0 21 9.786073
6 21 10.275376
6 22 11.025633
3 8 9.620309
3 20 11.117012
4 2 11.025633
4 7 8.867505
4 11 7.653325
4 13 12.922707
4 14 11.046044
4 20 11.543473
5 8 4.365181
6 0 7.279873
6 15 15.180428
6 20 7.614434
6 23 7.294580
0 17 8.882168
0 20 13.783444
0 22 9.483021
1 0 17.815063
1 0 11.806374
1 16 10.128775
2 10 15.827614
3 20 15.655629
3 22 11.612584
4 7 9.652449
5 1 11.514265
5 23 11.399876
6 0 14.364511
6 5 12.632222
6 11 6.648532
6 16 6.155231
6 18 14.261614
6 19 10.907445
6 22 11.195028
0 1 12.869804
0 16 7.675920
0 20 7.675920
1 5 15.582399
2 22 13.531206
2 23 11.271477
3 0 10.812465
5 9 1.563211
1 8 4.567488
1 22 10.845396
6 4 12.858972
6 14 1.689276
6 16 5.838280
0 1 10.987348
0 2 12.862583
0 20 7.843676
0 20 13.094488
0 21 12.841445
0 22 12.659328
2 2 13.761355
2 22 10.618492
3 0 9.639845
3 1 12.227997
3 8 7.602626
4 1 9.304516
4 11 7.466791
4 19 5.136479
4 20 6.501081
5 1 13.720938
6 20 10.844558
1 0 12.903363
1 16 10.472515
1 22 10.810555
1 23 11.754083
2 0 11.314844
2 11 10.478393
2 13 10.411973
2 21 8.358635
2 21 13.055469
2 23 12.196789
3 0 11.344934
3 1 11.659451
4 2 12.148721
4 2 13.750086
4 20 10.005255
5 20 10.947049
5 22 6.093306
6 7 9.090400
6 21 12.335877
6 23 10.456012
0 4 13.019699
0 11 8.796505
3 8 6.691461
3 12 4.002100
3 18 5.323194
3 19 9.304889
4 1 14.597807
4 2 5.316256
4 8 9.459970
4 19 7.251739
5 0 7.252141
5 1 12.879698
5 21 11.164999
5 23 9.666937
6 2 6.197730
6 18 4.139390
0 0 13.849784
0 16 10.327744
0 20 11.476444
0 22 17.295622
6 14 5.230386
1 16 11.140122
1 22 12.060743
2 16 10.297587
2 21 8.729514
3 15 2.535213
4 20 9.023815
4 21 9.321180
4 22 9.766438
5 0 9.789986
5 16 8.534751
5 22 8.589748
6 9 9.580755
6 10 9.955664
6 21 9.897825
6 22 3.842887
0 0 12.290554
0 1 13.386520
0 2 13.550005
0 6 12.219454
0 6 17.023846
0 9 10.226179
0 9 12.214910
0 12 10.947990
0 22 15.524607
1 0 12.417048
1 3 13.098022
2 2 21.116905
2 4 13.881965
2 22 13.478864
4 5 13.741996
4 14 9.342976
5 5 9.078970
5 6 13.091863
5 11 5.237447
5 17 9.416302
6 0 11.267786
6 20 7.581223
6 21 7.966709
6 22 5.837249
0 0 11.176823
0 2 12.164939
0 3 13.951856
0 11 10.463486
0 12 7.582486
0 23 13.918059
1 14 8.967906
2 2 11.293489
2 3 13.849279
2 11 8.850106
3 21 12.275972
5 0 11.396857
5 20 6.666063
5 21 10.689806
5 21 10.453446
6 16 7.806020
0 0 8.119123
0 2 14.000411
0 3 13.928160
0 14 8.940710
0 21 10.426023
1 6 11.105265
6 9 7.106853
6 10 9.489119
6 11 7.240316
6 11 5.987331
6 17 10.258548
0 6 16.312258
0 15 8.714064
1 6 8.327043
2 0 15.942458
2 3 13.951856
3 8 7.671949
3 11 10.306616
3 17 10.641640
3 19 7.619330
3 22 8.931319
4 22 10.845396
5 6 10.731193
6 0 12.265162
6 23 9.957863
0 0 9.685649
0 15 9.652449
0 16 10.683872
1 4 15.436394
1 19 9.888450
1 19 12.108807
1 20 8.583280
1 21 10.300835
1 23 11.740414
2 6 9.747627
2 16 7.490868
2 19 6.435041
4 19 12.225719
5 22 9.983003
6 0 10.083064
6 6 14.274189
1 6 8.983949
1 22 10.456012
1 23 15.878822
2 22 11.306947
3 10 5.836693
3 18 5.470445
4 16 10.833636
4 23 16.881639
4 23 11.994639
5 7 11.900398
6 9 10.734100
6 16 4.990744
0 1 8.604722
0 8 12.865737
0 19 13.240378
0 22 11.148067
1 0 8.169930
6 9 8.587280
6 19 15.609745
0 1 11.671732
1 5 14.571164
3 20 7.027592
4 19 5.153459
4 21 5.625632
5 23 9.735097
6 8 13.807690
6 18 7.397951
6 22 7.907570
2 5 10.491443
2 11 11.583637
2 13 11.624352
2 22 8.194727
4 10 4.202205
5 12 8.999836
5 17 8.310795
6 9 12.883611
6 16 7.883882
6 20 11.424562
6 22 13.849279
1 16 13.581334
2 4 12.050266
2 5 9.863180
2 11 10.297163
2 20 8.591874
2 22 12.922225
4 7 9.567898
4 17 6.550713
5 4 11.947947
5 6 13.964553
5 13 7.857205
5 21 12.922707
6 18 1.745586
6 3 9.250633
6 4 16.896120
6 8 15.855744
6 13 4.121894
6 19 8.726335
6 19 10.673246
6 23 4.182047
0 13 12.219454
0 17 2.095776
0 22 5.189415
2 22 11.260138
3 22 7.021784
5 21 9.386731
6 16 8.714451
0 15 10.630675
0 17 11.863026
0 21 11.131855
0 22 9.580755
0 23 12.903363
1 19 11.325791
1 22 11.863026
2 10 9.128730
4 5 12.680870
6 2 12.224204
6 4 5.582709
6 22 9.716090
0 0 13.155828
0 19 11.314844
4 22 4.202205
5 14 10.003085
6 0 11.260138
6 4 13.964553
0 19 12.148721
1 3 5.056039
6 22 10.810555
6 14 1.837423
6 20 11.206909
6 22 10.309642
0 0 8.583280
0 16 8.689720
0 19 4.190893
1 10 4.542330
1 12 10.140631
1 18 8.878212
1 21 11.130457
3 14 4.496234
3 19 11.121091
4 18 6.403219
4 22 11.206909
4 22 11.998507
5 8 9.396837
5 18 5.993415
5 22 4.997725
6 0 9.975564
6 9 9.127345
6 18 10.417282
0 1 11.998507
0 20 12.254508
0 23 11.163162
0 23 9.915689
1 2 11.672122
1 17 11.543473
1 20 12.426563
1 23 11.282355
2 5 12.612313
2 10 9.443753
2 14 11.716336
2 19 9.665289
3 18 6.093306
3 22 9.818707
4 7 4.149570
4 14 15.399334
4 14 15.474076
5 0 3.600265
5 22 7.684826
6 9 3.318244
6 14 7.070373
6 22 9.295878
0 5 11.777042
0 10 13.335496
0 23 12.880566
1 0 13.097998
1 18 6.093306
2 5 7.030597
3 18 1.745552
3 23 5.956592
4 6 8.383447
4 18 6.303420
5 13 12.171537
5 14 8.045262
5 17 9.780803
5 22 13.080166
6 21 11.895741
0 15 10.456545
0 18 9.459970
6 4 9.200658
0 2 7.208548
0 13 14.175612
0 14 13.954475
1 5 2.622137
1 17 6.791562
1 23 12.003146
2 21 11.351083
3 17 10.336521
3 20 8.859692
3 20 9.261936
4 0 10.477922
4 17 7.699707
4 19 7.962221
6 12 7.650180
6 19 12.059509
6 21 11.325791
0 0 14.187658
0 2 12.050266
0 17 11.261192
0 21 13.080166
0 23 10.272329
1 6 11.314844
2 0 22.606911
2 0 12.745489
2 8 7.506057
2 14 8.591645
3 13 14.453440
3 14 8.861759
4 0 12.163175
4 18 8.409666
4 20 8.870771
5 0 12.687023
5 9 9.483057
5 20 5.993296
0 0 6.827757
0 1 7.840131
1 21 10.336722
2 13 10.163342
2 23 16.348701
4 0 9.585166
4 19 10.395584
4 20 11.108595
4 23 9.470016
5 11 9.361979
5 16 5.656177
6 0 11.349066
6 0 14.697730
6 15 6.984386
0 0 16.756168
0 16 8.446506
0 20 12.931392
0 22 10.574994
6 17 3.274242
6 22 11.880423
6 22 9.977073
0 0 11.952791
0 11 5.658505
0 14 9.692611
0 16 1.716969
2 0 13.577171
2 3 10.225164
3 21 10.291040
3 22 8.189550
4 12 11.736938
4 23 8.573365
4 23 5.484710
5 1 11.351083
5 17 10.284602
5 20 10.455745
0 22 9.145700
1 11 13.055469
1 16 11.835162
3 20 10.047129
4 22 9.567898
5 0 9.943585
2 13 7.109481
2 21 13.095242
3 0 12.411539
0 23 15.396693
1 5 16.622812
1 12 9.443753
1 22 12.613488
6 18 8.768063
6 18 7.479715
6 20 15.685847
0 1 12.355409
0 2 11.841016
2 0 14.126026
2 18 9.651703
2 20 11.736938
3 15 6.093306
4 1 10.221053
4 2 12.675811
5 6 12.003146
6 23 7.020294
2 22 10.443103
3 7 15.253229
3 14 10.124449
4 20 19.164343
4 21 5.063583
5 21 11.479321
6 0 6.593381
6 1 13.834399
6 2 8.359338
6 12 4.228028
6 19 8.568652
0 1 7.309569
0 9 14.026737
0 11 9.726604
0 22 12.922957
0 23 11.729855
1 19 8.239977
2 22 12.883843
5 18 9.983344
5 19 9.459970
5 19 8.873457
6 14 7.940607
6 19 4.589144
0 0 7.885742
0 2 12.877242
6 19 7.460188
0 0 15.917955
4 23 4.297340
5 0 11.042863
5 3 11.163016
0 20 5.515679
0 22 14.269272
1 1 15.043468
1 22 11.279496
2 23 11.206909
3 19 16.574329
5 13 10.456012
5 21 9.200658
5 21 8.410854
5 23 11.994905
6 3 14.075171
6 23 13.010534
0 16 9.585166
1 6 11.872806
1 7 8.486526
1 14 5.477512
1 21 11.351513
2 18 10.384667
2 23 11.349066
3 16 5.068497
3 22 11.327861
4 0 12.125873
4 5 13.080166
4 17 7.099885
0 1 8.386708
0 2 15.378534
0 17 2.716486
2 18 9.519638
3 4 8.714064
3 19 9.450809
4 22 10.327744
4 23 9.977073
5 0 10.080008
5 5 11.185701
5 8 6.093306
5 10 8.857961
5 19 5.175490
5 20 8.187287
5 23 12.584212
6 7 11.351513
6 15 12.415670
6 18 10.630624
6 19 6.093184
6 22 9.994591
0 0 12.064630
0 4 13.543584
1 3 12.060743
2 19 5.993415
2 22 12.343466
2 23 13.761355
3 5 12.948857
3 15 10.106830
3 19 9.106925
5 18 13.115207
5 19 13.400826
5 23 9.585166
6 2 9.378371
6 5 12.006269
6 11 6.024521
0 0 9.899616
0 1 6.751618
0 15 10.226179
1 20 9.345604
3 17 17.148930
4 23 15.631347
6 14 2.584490
6 19 4.594481
6 23 10.456012
0 15 8.580384
1 2 10.673246
6 6 17.651539
6 8 11.705010
6 12 5.784922
6 23 7.030737
0 1 9.950784
0 20 8.178362
0 22 12.265162
1 18 7.074283
2 6 17.904390
2 9 6.036188
3 21 9.282045
5 3 13.301864
5 10 11.572798
6 17 11.470984
0 0 7.151019
0 8 12.222551
1 8 10.309642
1 23 10.960443
2 6 13.789845
2 20 9.992155
2 22 12.695992
4 0 11.740882
5 13 8.965830
5 15 8.398093
6 0 11.811861
6 16 9.275968
0 1 9.580755
0 2 10.853212
2 12 8.355168
2 15 10.266709
3 6 12.669545
3 10 9.743141
3 15 8.563890
3 16 8.724398
4 6 12.896620
4 6 15.080441
4 16 8.714064
4 18 10.476905
5 1 20.605185
5 11 11.486423
6 1 13.750086
6 17 2.497273
6 21 6.624357
6 22 6.414006
0 9 13.098022
0 18 11.796746
0 20 9.666024
0 23 11.469833
1 10 2.497273
6 11 9.721449
6 18 10.954788
0 1 14.647649
0 3 16.446468
0 18 1.438705
1 11 13.354721
2 12 13.091863
2 20 8.719386
3 0 10.134692
3 23 9.295878
4 6 10.617929
4 8 6.550713
4 23 14.176785
5 13 3.379863
5 19 6.251909
5 21 12.613294
6 3 11.852721
6 20 10.103745
0 15 8.596858
0 21 12.187197
1 20 7.757755
1 20 15.520661
2 1 17.144535
2 20 8.986243
2 22 8.861759
2 23 14.528526
3 1 15.378534
3 20 11.917201
3 22 11.656000
4 0 12.896334
4 6 11.169140
4 22 11.130457
5 1 13.041306
5 20 10.089649
5 22 5.604751
5 23 11.708817
6 22 6.094435
1 1 14.597807
1 14 4.523096
3 20 8.042285
4 19 14.685262
5 11 7.576293
5 20 9.284206
5 21 13.475773
5 21 10.709400
6 11 9.575655
6 20 11.132994
0 1 12.522895
0 13 13.750086
0 15 17.810879
0 20 4.346359
0 22 15.230620
6 7 13.741655
0 11 10.839482
1 6 3.439890
1 7 9.856552
1 23 10.746130
2 13 10.392752
3 6 5.758946
3 12 8.380959
3 20 10.988457
4 0 17.149183
4 12 11.641734
4 16 17.096182
5 1 18.292461
5 4 13.098338
5 6 17.604059
5 9 7.853643
5 10 9.743141
5 18 17.197475
5 18 9.698236
5 23 12.700071
6 1 13.953778
6 3 1.240317
6 6 13.970683
6 7 12.222551
6 8 11.276205
6 17 10.965312
0 0 12.865737
0 2 11.351513
0 23 13.289525
1 4 12.203766
1 7 11.444327
1 11 10.453446
1 18 12.398060
2 6 10.326862
3 4 20.760582
3 7 10.656678
4 5 7.401101
5 0 13.082045
5 6 11.314844
5 17 10.437706
6 6 14.153958
6 22 11.730330
0 0 15.277873
1 5 9.304889
2 4 13.750086
2 6 9.279896
3 5 13.970683
4 1 9.344723
4 6 12.059509
4 11 17.700171
5 23 7.212466
1 0 18.868078
1 5 22.742426
1 6 13.899812
1 9 2.910800
6 14 5.987331
1 22 12.224204
2 13 8.712476
2 23 9.817983
3 10 9.112550
3 23 10.451085
3 23 17.815063
4 23 10.444471
5 19 10.290410
6 0 11.023190
4 11 14.686164
4 22 12.176666
5 8 10.309747
6 18 7.838220
0 0 4.306315
0 1 12.927980
0 1 15.457368
1 1 12.464224
3 20 12.922957
5 17 7.708861
0 10 10.336521
0 23 14.839602
6 18 9.599825
6 20 10.965312
6 21 11.349066
0 0 9.270878
0 2 13.961402
2 10 6.869888
3 11 12.817101
3 18 9.320303
3 22 10.459907
4 7 13.618879
4 17 7.161037
4 23 10.456012
5 1 17.460789
5 21 9.417302
5 21 7.840131
5 22 8.831905
5 22 9.253061
6 1 10.617402
6 3 12.208742
0 0 10.306616
0 1 9.977073
0 19 13.079865
0 23 8.625711
0 23 10.949849
1 3 9.595923
1 12 9.636118
1 17 8.850106
2 9 5.239350
2 21 9.516592
4 17 13.988002
5 1 13.091863
5 2 7.434912
5 11 6.802986
5 20 15.022778
5 22 11.325791
6 12 7.534087
6 13 7.448405
0 9 9.664250
3 1 15.860636
4 2 16.799967
4 13 11.185701
4 21 16.413948
5 14 4.834567
5 21 9.769247
6 1 14.502915
6 15 1.417232
6 20 6.024521
6 23 13.143383
0 0 17.403582
0 4 4.701271
0 4 10.313042
1 8 8.543611
0 13 8.493464
0 15 11.686658
0 21 12.342023
1 0 13.725028
1 2 13.192328
1 11 4.779868
2 13 10.309642
2 15 6.904754
2 23 11.130457
3 2 12.948857
3 3 12.126293
3 9 10.097159
3 9 13.228651
3 13 13.671131
3 13 7.551728
4 20 7.708861
4 22 26.181288
5 11 7.696814
6 0 7.780129
6 0 10.846138
0 17 10.201964
0 19 5.656177
2 0 15.438703
2 11 21.182022
2 14 7.949263
2 23 21.798872
5 19 10.490666
5 21 8.473678
5 22 9.592463
6 19 9.306332
6 20 5.666183
0 3 10.106830
0 13 6.904754
1 0 8.863728
1 15 15.103715
1 23 9.429036
2 12 4.568334
3 16 6.093306
4 3 15.653314
4 17 4.133365
4 22 14.003183
4 23 12.027181
6 15 5.833892
6 20 18.832603
0 1 9.016902
0 9 7.784242
0 15 6.252556
1 22 10.275376
2 2 11.436719
3 1 9.516592
3 22 9.572834
4 7 11.863468
5 19 11.424562
6 2 12.187197
6 9 10.784604
6 12 11.943913
6 16 5.833200
6 21 6.189341
6 22 12.150287
0 0 7.966709
0 11 11.479321
0 18 7.362791
1 2 10.282079
1 14 10.034633
2 23 12.084797
3 1 9.545313
4 7 11.995060
4 18 6.273071
4 20 11.044407
5 2 12.560889
6 19 13.807690
6 19 11.314844
6 23 11.539897
0 1 16.488447
0 1 8.402619
0 4 8.446506
0 20 3.640859
0 20 7.516803
1 1 6.944152
1 10 8.194727
1 15 11.413000
1 22 16.862583
1 23 9.451468
2 2 10.923211
2 12 9.306332
3 23 13.723137
4 4 13.807690
4 8 14.544656
4 21 13.882911
5 3 9.504611
5 4 15.524607
5 13 15.319431
6 10 8.903679
6 21 8.427228
6 23 5.993415
6 4 13.961402
6 21 10.278132
0 16 10.336521
0 22 15.241956
1 10 6.526565
1 21 14.209093
1 23 9.915689
2 19 8.169930
2 23 12.380799
4 22 7.990000
5 10 12.750323
5 13 9.459970
5 13 6.850474
6 15 11.758077
0 19 9.599825
0 21 14.003183
1 2 19.037210
1 8 11.406558
1 10 12.139554
1 15 8.878212
1 19 11.419178
2 13 9.243785
2 23 6.982491
3 21 8.770194
3 22 9.790174
3 22 6.107078
3 23 7.360526
5 22 14.842180
6 5 14.364555
0 22 13.098760
1 1 12.675811
1 10 3.741220
1 12 11.418674
2 6 13.971792
2 6 11.364888
2 11 5.239350
3 15 9.171027
4 8 7.708861
4 15 10.148581
4 18 9.459970
5 17 10.689806
5 21 11.206909
6 10 13.768596
6 22 12.074717
0 10 3.010694
0 14 9.442470
0 19 12.500318
0 20 10.865574
6 13 1.047475
6 23 4.907017
0 2 15.507549
0 2 12.242545
0 23 13.572941
2 3 13.785158
2 15 8.089291
2 19 10.309642
2 21 9.487866
3 0 10.580605
3 23 11.537000
4 9 4.987387
5 12 10.456820
6 22 8.961381
0 4 8.698089
0 23 7.614434
2 3 16.528748
2 20 10.317247
2 21 9.417892
3 3 9.746827
3 8 5.358794
3 20 4.364757
4 0 11.055799
5 20 8.455026
6 1 12.219454
6 1 13.742746
6 12 6.625463
6 13 6.838473
6 14 12.236382
6 23 8.651579
0 0 9.235802
0 20 9.470628
2 2 13.282035
3 21 13.150181
4 20 10.128775
5 21 9.575655
6 1 14.442093
6 3 12.805737
6 21 7.383007
0 2 4.496234
1 2 7.701705
6 19 8.714355
0 3 13.979289
0 20 7.838220
0 21 15.407706
1 5 15.899573
1 16 7.212466
2 7 1.153964
5 7 11.736938
5 14 10.336521
5 19 6.888448
6 14 10.326299
6 17 13.725028
6 22 6.770205
0 0 10.813944
0 2 13.091863
0 3 11.659451
0 15 8.714064
0 22 12.222551
1 2 14.418591
1 20 9.460390
2 7 10.588931
2 12 9.286525
2 20 8.709133
3 13 10.506477
3 15 3.680943
3 17 5.237447
6 5 17.241198
0 17 7.429732
0 19 9.580755
1 19 9.007268
1 20 10.572829
2 20 8.098792
2 23 14.603919
3 9 7.843676
3 10 9.599825
3 22 2.712555
4 1 10.882406
4 6 15.717588
4 14 7.999881
4 18 4.553898
4 23 23.999563
6 11 10.226179
6 11 10.988457
6 21 10.654296
0 3 8.987435
0 22 16.669371
0 22 9.096743
0 23 11.325791
1 0 13.400826
1 1 15.009676
1 9 7.316003
1 19 11.059808
1 23 17.464741
6 22 13.577171
0 1 13.091863
0 2 13.654181
0 4 12.567104
0 18 9.039243
2 15 15.337451
2 16 7.455310
2 18 10.816565
5 19 10.633232
5 21 10.692953
6 2 10.991658
6 12 10.167070
5 0 10.857143
5 18 11.413000
5 20 11.276205
6 1 13.080166
0 0 12.270971
1 20 10.634238
4 20 8.498564
5 0 14.434943
5 1 13.301864
5 18 9.963731
5 21 12.060743
5 23 10.134606
5 23 15.474976
6 17 4.293204
6 20 6.473930
0 1 16.551550
0 1 14.261768
6 11 11.038096
6 22 8.139191
0 12 5.376446
0 23 13.789845
2 9 6.303420
2 17 7.468398
2 18 7.878219
3 11 10.312243
3 21 11.430451
0 0 8.290222
3 16 5.394596
3 23 7.768229
4 0 13.727879
4 19 10.290410
4 21 7.758865
4 22 11.025633
5 23 10.337780
6 18 7.272648
6 21 11.314844
0 1 13.543427
0 2 7.904027
0 2 13.671439
0 14 8.705022
3 20 8.422323
3 21 13.095591
3 22 14.651547
3 23 11.952791
5 18 9.864978
6 15 1.939502
0 0 12.371570
0 1 17.455818
0 2 15.388431
0 14 13.157174
6 22 7.974719
0 1 15.687431
0 1 12.695519
0 2 13.091863
0 17 1.716969
1 18 11.495133
3 16 11.164999
3 18 9.730065
4 12 15.509145
4 12 20.059652
5 0 21.188780
5 23 9.378165
6 1 8.686074
2 22 13.456753
4 0 13.456116
4 19 4.786032
5 22 3.967961
6 15 7.119676
6 17 13.087403
1 10 8.393497
2 22 12.060743
3 1 9.599825
4 5 13.881965
4 14 10.155509
4 15 9.735097
5 15 9.629680
0 1 9.281737
0 15 9.459970
0 23 11.352540
1 6 19.018419
0 16 1.716969
0 17 1.775137
2 20 6.676530
4 9 2.622137
4 13 5.513753
4 15 3.492410
4 23 12.227633
5 1 13.742746
5 23 9.585166
0 18 10.499854
2 13 10.960443
4 13 9.142691
6 2 7.797712
6 14 9.112550
6 19 14.473774
6 23 6.771594
6 23 9.423694
0 1 7.093686
0 15 12.224204
0 22 12.477096
2 18 8.714451
2 22 13.097998
3 13 5.484710
3 20 9.548803
3 22 12.678456
5 16 9.252995
6 19 2.494972
6 20 12.694221
6 8 6.512116
0 6 11.431153
0 15 7.085464
0 19 8.061149
0 23 11.132994
1 3 11.671687
1 20 9.519638
1 23 10.600963
2 21 12.865737
3 1 11.314844
3 21 13.395104
4 1 9.032965
4 19 5.182990
4 21 13.184599
4 23 12.774341
5 1 12.879698
5 3 11.325791
6 1 12.245950
6 9 10.027843
6 22 10.845135
6 22 5.192426
6 23 11.682372
0 0 6.661520
0 6 11.927502
0 16 12.088511
1 5 12.203766
1 8 10.309642
1 10 11.206909
1 15 10.415342
2 19 7.445822
2 20 9.521640
2 23 10.163922
4 7 9.513369
4 20 11.020051
5 0 12.485642
5 1 11.044616
5 2 14.363400
5 21 13.318628
6 15 9.541423
0 1 6.551072
0 1 1.047475
0 7 15.685847
0 10 10.771410
0 14 9.459970
1 22 10.478393
3 0 12.539053
5 2 12.224204
5 21 10.484184
6 1 6.902853
6 2 14.379208
0 0 16.004194
1 20 10.011814
6 15 8.587280
6 18 8.259437
6 20 10.336521
6 21 10.776042
6 23 8.480466
0 2 12.951976
0 2 10.309642
0 3 7.367611
0 22 11.314844
2 15 9.651703
3 22 12.948857
5 9 5.328152
5 18 8.038855
6 2 11.038096
6 12 8.713788
6 21 11.396857
1 9 10.278132
2 15 8.432964
3 20 8.437801
3 21 8.347674
4 6 9.572834
4 20 6.720112
6 2 17.245132
6 2 9.277494
6 10 5.881337
6 15 12.060743
6 20 14.533517
6 23 7.616962
0 12 6.093184
0 21 10.309642
2 13 1.745791
2 23 15.731991
3 23 13.789845
4 13 3.259769
4 19 3.207821
4 21 14.231800
5 15 9.411047
5 22 4.540762
6 3 16.830473
6 5 12.074717
6 16 8.712476
6 20 10.608932
2 1 12.644019
2 5 7.715091
2 10 9.411047
0 7 9.781081
1 1 12.276789
1 23 12.108080
2 19 9.128730
3 2 13.971028
3 23 12.930899
4 0 13.097998
5 6 11.617791
5 20 12.068706
5 23 11.344934
6 2 11.944358
6 3 9.548572
6 10 11.131855
6 22 13.913071
0 2 11.705010
0 2 12.720593
1 20 12.922225
3 4 12.198483
3 7 5.953870
3 21 11.023190
4 0 12.132099
4 4 13.095242
4 11 9.610993
4 13 12.610073
4 22 8.446831
5 0 12.658675
6 1 15.696014
6 2 14.132954
6 20 4.761553
0 19 10.639750
0 20 11.852721
0 22 10.786468
1 11 9.978642
2 12 8.718677
3 14 10.795531
3 21 10.336521
4 11 8.421028
6 12 12.224204
6 13 11.502200
6 23 10.290410
0 14 9.979422
0 19 9.911126
1 3 10.463122
6 4 9.475153
0 9 9.733499
3 11 11.314844
4 21 11.349000
5 2 15.976225
5 14 8.042285
6 3 9.230286
6 4 10.102941
6 20 12.161874
0 16 9.038974
1 0 12.461879
1 1 11.853776
1 23 10.799033
2 23 9.580655
4 21 9.939966
5 3 10.297587
5 8 5.666183
5 21 9.649335
6 3 13.910298
6 4 11.233731
6 8 7.462573
6 13 6.152094
6 23 11.200216
0 1 10.290524
1 1 10.636665
1 21 13.272275
1 22 12.003146
1 23 12.476631
2 2 13.240378
2 10 6.998821
3 3 13.750086
6 14 3.127634
0 1 11.998507
0 17 1.582576
1 0 7.368807
1 14 5.838280
2 10 4.433914
2 16 11.065439
2 23 12.224204
3 10 8.710668
3 22 11.269608
4 9 5.944154
4 13 9.966258
4 20 10.904780
5 13 9.282045
6 12 6.189341
6 20 9.786073
6 23 10.659816
0 0 9.372401
0 3 12.729089
1 7 14.109693
2 14 6.595471
3 10 11.209188
4 23 20.039677
5 11 8.411815
5 23 14.268401
6 18 9.297421
6 19 10.453446
6 22 6.036188
0 13 13.594401
0 15 11.193501
0 20 10.665314
0 21 14.722861
0 22 11.733090
1 0 12.569636
3 10 13.342705
3 10 5.219015
3 12 10.883277
3 20 11.364888
3 23 12.152148
4 0 15.504198
4 5 7.368558
5 12 11.351513
5 22 12.333155
5 23 10.139077
6 1 12.862052
6 6 13.211091
6 10 9.982591
6 20 11.904765
0 3 17.307577
0 11 9.171027
0 12 4.815276
0 14 10.297587
0 20 13.618879
1 1 10.650015
6 12 8.104066
6 20 10.606688
6 21 14.822982
0 1 8.306656
0 1 12.482749
0 2 10.226179
0 18 4.116281
0 23 10.820395
2 22 8.084780
3 3 13.563783
3 9 11.116361
3 9 4.364757
3 22 11.593354
4 1 11.351513
4 21 13.972176
4 23 12.219454
5 10 10.478393
5 10 6.049015
6 1 11.314844
6 21 12.060743
6 22 9.450809
0 3 10.591011
0 16 6.904754
0 21 13.883534
1 6 13.483385
1 18 8.841057
1 19 7.709933
1 20 8.543611
3 6 10.790714
3 11 10.823704
3 22 9.394674
4 8 5.933971
4 9 2.348182
4 19 6.791562
4 19 5.860403
4 19 8.878324
5 13 8.735088
5 15 6.113998
5 22 8.571210
6 16 10.461917
6 18 8.180939
1 0 14.525875
1 2 12.050266
1 3 16.005455
1 21 16.551550
2 9 6.007012
3 2 12.865737
5 22 12.736581
6 5 6.633367
6 9 2.712555
6 16 7.235280
6 22 12.161557
0 5 13.559172
6 13 2.622137
6 19 9.154810
6 21 9.959229
0 19 2.722447
0 22 13.055469
1 0 13.789845
2 14 7.522959
2 16 7.708861
2 20 9.807226
3 20 10.251319
1 20 9.605601
1 21 9.428033
2 20 10.461917
3 7 8.890050
3 10 11.910362
4 12 12.800138
6 14 5.302666
6 18 5.186715
6 19 11.431568
6 23 5.656177
2 2 13.951856
2 6 10.453446
4 2 11.138125
4 12 12.003146
4 23 10.665147
5 11 11.206909
5 11 10.284602
5 19 5.373116
6 20 12.665895
6 23 9.271699
1 5 5.656896
6 4 13.964553
6 6 11.260138
6 23 7.463531
1 10 4.368962
1 20 10.306616
1 23 8.596651
2 9 4.365181
3 10 12.695827
4 0 11.023190
4 12 32.753353
5 6 12.552444
5 21 13.870712
6 3 12.224204
6 22 11.116361
0 14 10.297587
1 20 7.340480
2 0 17.271473
2 5 12.084797
2 16 5.933971
3 16 10.478393
3 20 8.712476
4 9 6.413878
5 7 10.472515
5 11 8.831905
5 21 5.656177
5 22 10.478393
6 0 9.870506
6 16 7.708861
6 19 12.883611
6 20 8.390512
1 1 11.140122
1 10 10.841680
1 10 12.019135
2 21 12.432004
3 5 13.594401
4 6 12.770215
4 19 6.986445
4 22 8.473094
5 22 12.380799
6 14 5.611550
6 23 20.002918
0 15 9.420902
0 18 10.490666
0 19 15.000093
6 22 10.810555
1 18 6.093306
1 20 6.093306
1 20 14.156909
3 0 11.885348
3 7 15.630191
3 9 2.496881
3 11 1.409479
6 2 14.080100
6 20 13.549677
0 0 11.556825
1 11 9.252995
6 8 12.405236
6 19 9.698236
6 22 7.415440
0 2 11.570941
0 3 14.617707
0 15 11.112913
0 22 10.924014
1 5 14.943387
1 6 14.699286
2 10 11.852721
3 15 12.880920
4 7 8.308887
5 4 10.750336
5 17 9.151257
5 19 9.252995
6 15 8.541227
6 21 5.705167
6 23 6.063147
1 12 9.105002
1 15 9.722796
1 19 8.773338
2 0 9.570789
3 22 12.903363
6 15 18.269361
0 2 14.553709
0 4 16.192772
3 15 9.411047
3 21 12.880410
3 23 12.380115
4 1 17.497696
4 19 6.093306
5 23 5.525004
6 22 5.938411
0 22 9.457932
1 1 14.851443
1 11 5.838280
6 20 11.888951
6 23 10.124436
0 3 8.515012
0 10 4.849730
0 17 1.716969
0 18 3.967961
1 17 7.708861
1 20 9.164865
2 2 5.056039
2 15 8.989832
3 1 14.452788
4 11 10.106830
4 13 10.275376
4 21 11.163016
4 22 6.824124
5 2 11.485023
5 15 18.609383
5 23 4.740037
6 15 6.866851
6 17 11.165422
6 22 12.208742
0 11 9.290154
0 14 9.694747
0 15 12.198483
2 2 11.863026
2 10 9.599825
2 12 4.149570
3 20 13.098022
4 1 12.883300
5 21 11.140122
6 10 13.368577
6 20 11.935310
6 22 13.080166
0 13 6.897944
0 14 7.840131
1 1 12.479866
1 1 12.222551
3 15 11.337017
3 23 9.523924
5 21 11.671687
5 23 8.894839
6 14 6.093306
6 18 6.544967
0 2 13.784465
0 13 4.066650
0 19 10.275376
1 0 9.585166
6 21 9.525401
0 20 7.204525
1 0 11.863026
1 4 9.523816
1 6 11.573626
1 12 14.310775
1 13 4.834567
1 21 11.463407
1 22 7.856171
1 22 14.486052
1 23 10.291040
2 1 3.439890
2 3 5.649083
2 23 9.901539
3 21 6.468626
4 8 5.151587
4 19 4.701271
4 21 9.939966
5 5 19.593483
5 16 5.414973
5 18 6.603991
6 22 13.868316
6 23 12.584212
0 12 15.531296
0 14 9.411047
0 17 8.951715
0 21 7.558846
0 23 12.222551
1 11 10.456820
1 15 11.671687
1 19 12.134776
4 2 11.863026
4 4 13.320022
4 17 9.106535
5 9 10.642043
5 21 13.501796
5 23 8.027421
5 23 9.428814
6 2 13.971792
6 4 10.980571
6 12 4.701271
6 15 7.806618
6 16 11.705010
6 21 12.842834
0 0 8.301572
0 4 12.290554
0 5 7.981579
0 18 12.736581
1 7 6.386683
1 10 7.426039
1 10 20.229864
1 18 5.851217
3 13 12.506087
4 2 9.644887
4 16 8.571210
5 23 3.443887
6 7 12.003146
6 14 9.411047
0 0 11.173888
0 2 13.572315
0 16 9.607731
0 22 9.685444
6 12 7.251739
6 14 2.576774
6 23 11.180852
0 17 6.359555
1 9 3.174210
2 20 8.712476
2 22 7.614434
3 0 12.217449
3 18 8.583280
4 21 11.716336
4 21 5.515934
4 22 15.714611
5 1 10.945568
5 2 13.376760
5 23 12.050266
6 0 13.787391
6 22 9.540391
0 0 11.384217
0 2 16.434887
0 4 10.451085
0 18 9.006036
0 19 10.650015
0 22 7.878219
1 1 13.009725
1 12 12.278378
1 16 9.411047
1 17 11.863026
1 22 12.003146
3 1 10.395584
4 6 13.306535
4 14 8.218656
5 1 12.694221
6 23 14.667062
0 0 9.304889
0 21 14.189110
0 23 14.348265
2 11 9.548183
2 18 9.649335
2 21 13.399455
2 23 13.546802
3 6 11.833546
3 13 10.317744
5 2 14.600066
5 11 9.078970
5 19 11.882813
5 23 1.703536
6 21 6.030267
6 22 13.804738
6 22 8.713022
6 23 13.313759
0 1 11.133409
0 10 14.472892
0 14 12.844028
1 3 9.701499
1 7 9.661983
0 20 8.259408
2 13 9.428033
4 23 10.167070
0 16 9.585166
1 20 11.351513
4 12 8.259437
0 19 10.331717
0 21 10.482152
2 10 9.541423
2 20 15.180428
3 23 17.436344
4 15 6.113998
0 13 6.209085
0 20 11.074844
1 10 2.579151
6 14 9.442451
6 20 6.719534
6 22 10.462683
6 23 14.403775
1 5 7.005590
1 7 10.309642
1 15 3.672980
1 19 8.629802
2 18 10.962485
2 22 12.227633
3 23 11.490735
4 8 6.395867
4 16 3.382058
5 4 11.477046
5 6 13.320022
6 2 12.542191
1 1 11.396857
1 2 10.457614
1 16 8.599973
1 18 1.758417
3 10 7.425615
5 7 8.491228
5 16 11.148067
5 21 10.307631
6 2 12.288918
6 19 8.710668
6 21 5.598030
0 1 14.327641
1 22 15.516858
2 9 4.160916
2 23 12.848000
3 21 8.543611
3 23 12.885692
5 16 5.593595
5 23 7.620043
6 7 13.320344
6 11 9.585166
6 19 10.272329
0 9 11.314844
0 10 7.838220
0 16 12.225719
0 19 11.314844
2 1 12.644019
2 5 7.715091
2 10 9.411047
2 10 18.181505
2 12 5.661099
3 17 1.404110
5 20 6.802986
5 22 21.445877
6 5 12.933885
0 22 12.883611
2 1 13.072018
2 21 3.906935
3 12 10.144326
3 22 12.060743
4 22 11.796746
4 22 11.910362
5 5 13.258662
5 14 4.346359
5 15 8.543611
5 20 9.995404
6 16 1.582576
0 1 12.865737
0 2 12.123047
0 18 16.574329
1 8 3.804854
1 10 3.127634
1 15 8.590460
4 2 14.150027
4 14 11.902593
5 6 12.224204
5 23 10.502790
0 0 10.309975
0 2 14.014463
0 16 9.120461
0 17 8.338950
1 22 11.356630
6 21 10.300835
0 12 4.368962
0 20 9.719900
0 21 8.710668
1 19 8.587280
1 22 5.089232
2 0 15.582399
4 14 3.494793
4 23 10.828746
5 19 9.259255
5 20 6.299191
5 21 9.111646
6 0 13.055469
6 3 11.682247
6 21 20.361855
6 22 10.677818
6 22 9.585166
6 23 11.209501
0 2 9.466634
0 15 6.554374
0 17 9.948291
0 18 8.706621
1 16 10.472515
1 18 8.714064
2 8 6.479034
3 12 10.748991
4 15 6.093306
4 23 12.022182
5 23 11.297125
6 1 12.285366
6 4 10.336521
0 7 10.472515
1 21 9.523924
3 23 13.371542
4 8 12.380799
5 19 5.993296
5 21 9.618063
6 21 11.418991
0 2 12.947048
0 7 10.472515
0 22 13.345309
0 22 13.935084
1 10 11.076820
3 15 4.826560
4 11 10.456876
5 15 7.970103
6 17 10.607376
0 1 11.353169
0 20 11.519790
3 18 5.234474
4 21 12.821651
5 11 8.571210
5 18 7.609245
5 23 8.944211
4 16 10.805359
4 23 8.503489
0 2 15.752424
0 3 13.109924
0 19 5.712360
2 20 9.388858
2 22 1.266208
3 16 9.856552
3 21 11.360947
3 21 13.482419
4 12 12.023772
5 1 9.604538
5 2 11.503366
5 14 12.451919
5 19 11.813512
6 8 10.701515
0 12 6.647110
0 16 10.336521
2 21 11.206909
3 0 13.098374
3 18 3.578668
3 22 10.275376
4 23 13.091863
5 21 10.994945
6 14 14.178985
6 18 7.838220
6 22 5.758946
0 1 10.462381
0 3 13.961402
0 4 10.964312
0 15 8.562696
0 22 13.970683
1 17 9.651703
2 11 7.102766
2 23 13.098760
3 0 12.745560
4 14 4.133317
4 20 8.003512
5 1 12.896620
5 2 12.879698
6 22 11.023190
0 3 16.419373
0 16 12.163436
0 23 12.222551
1 6 6.113998
6 3 11.163162
6 4 13.371542
6 21 8.726720
0 0 11.408306
0 2 11.335296
0 6 13.498957
0 20 4.163093
1 12 11.483085
1 12 4.251059
3 18 9.541423
3 21 13.899812
4 8 5.950744
4 21 14.473432
4 22 8.086362
5 0 11.129354
5 16 4.423374
6 1 13.789845
6 18 9.965014
6 23 23.869463
0 2 10.499854
0 5 14.330406
0 13 11.994485
2 0 14.099370
2 0 3.263952
2 0 6.973382
2 13 17.056751
2 13 11.266970
2 13 8.874239
2 19 6.464543
2 20 7.422941
3 23 11.023190
5 23 39.069355
6 10 6.340435
0 2 10.003707
0 10 12.060743
1 15 10.506477
2 12 12.005736
3 19 10.167070
4 14 11.215820
4 22 10.942697
4 23 13.572180
5 0 3.439890
5 20 10.447946
5 22 10.630624
6 4 5.935585
6 16 6.093306
0 2 12.798750
0 3 4.367969
0 16 11.351083
0 22 16.274761
6 3 15.567849
6 20 8.457344
6 23 9.320303
1 1 14.208603
3 0 3.491582
3 0 10.101148
4 2 12.227633
4 2 12.450750
4 22 8.534751
6 0 11.743731
6 2 11.591203
6 7 13.064297
6 11 10.124436
6 23 10.650015
0 0 8.149078
0 17 8.850106
0 20 7.559144
0 23 11.477046
1 1 12.064630
1 20 12.355802
2 1 18.184130
2 12 3.720891
3 19 10.496264
3 21 10.814699
4 1 10.805359
5 10 4.490499
5 22 1.259746
5 23 12.235783
5 23 12.879698
6 4 14.603919
6 4 12.665225
6 18 3.697083
6 21 10.466725
6 22 11.975154
6 23 10.650185
0 1 10.118721
0 3 9.423694
0 22 12.752958
0 23 12.044534
3 2 13.723137
3 20 11.288100
4 20 10.286178
5 6 11.163461
5 13 11.408306
5 22 10.616298
6 0 8.110317
6 18 10.167070
6 20 11.671687
0 0 15.479336
0 1 4.346359
0 9 11.275751
0 14 10.947049
6 15 3.912503
3 23 18.468576
4 1 10.456012
4 21 9.605601
4 21 12.386742
5 8 11.390345
5 13 4.887237
6 15 9.336496
0 2 14.198036
2 22 10.130754
3 17 25.427000
3 21 11.140122
4 10 7.784268
4 20 9.454988
5 11 12.208742
5 17 4.603258
5 20 11.787703
0 10 12.022182
0 17 6.282797
0 20 4.346359
1 15 5.153459
2 1 12.922225
2 20 9.564201
3 17 6.503914
3 18 8.732280
3 21 11.314844
3 23 13.294869
4 20 15.837220
5 7 8.859876
5 12 4.956884
5 20 10.307631
5 21 3.331817
5 21 10.950893
6 7 12.476631
6 12 9.332040
6 19 11.205251
0 0 9.944561
1 1 10.484382
6 14 5.933971
6 16 5.448726
6 20 11.206909
6 21 9.329381
0 15 8.548529
6 21 16.421005
1 22 11.863468
2 8 6.473207
3 15 6.824124
3 21 11.806374
4 10 10.456012
6 1 13.098022
0 15 9.442451
0 17 12.179574
0 18 10.318741
0 21 12.297642
1 1 8.847846
2 20 7.760429
2 22 10.226179
3 10 7.709725
3 17 8.998800
5 18 6.716668
5 22 2.926028
6 11 12.176666
6 15 11.351083
0 15 1.582576
0 16 4.596399
0 21 10.791674
1 8 5.994468
1 13 7.530633
1 18 9.585166
2 0 19.636765
6 14 6.633367
6 14 6.219068
6 22 9.630966
0 0 11.162879
0 12 5.351072
2 12 9.248726
2 19 8.079915
2 23 8.954880
3 7 7.709189
3 11 10.805359
3 21 8.976441
4 21 9.797775
4 22 9.428033
5 1 12.293524
5 18 9.383152
5 21 10.226257
6 1 13.724577
6 17 9.888450
6 18 12.783852
6 19 9.729868
6 20 11.888951
6 21 7.431375
0 0 13.951856
0 18 8.976441
0 19 7.831587
0 22 11.351513
2 18 10.472247
2 23 11.121091
3 1 15.240745
3 15 2.618242
3 19 8.732598
3 22 10.977110
4 14 12.384830
4 22 10.328917
5 20 7.346823
6 0 14.472892
6 19 12.051202
6 21 7.366020
0 1 19.399199
0 2 11.849180
0 6 9.078970
0 13 8.250758
0 13 4.014699
0 15 12.500318
0 18 4.202205
1 8 1.775172
1 20 14.962597
1 22 12.736581
2 1 13.792958
3 22 10.110377
4 0 13.951856
4 2 13.845740
4 4 11.659451
4 13 12.227633
4 18 5.902298
4 20 5.846709
4 22 2.247546
4 23 12.902336
0 7 10.665837
0 18 12.007402
4 11 2.618242
4 23 18.293213
6 1 14.680753
6 2 13.798746
0 6 14.003183
0 7 15.698802
0 9 10.487603
0 17 6.836805
1 17 8.878324
2 7 6.337905
3 10 8.569648
3 21 11.252950
4 0 11.148067
4 0 1.137834
4 1 16.410061
4 7 10.786468
4 21 11.385321
4 23 6.094435
5 0 14.688286
5 4 12.729089
5 21 10.456402
6 0 14.534410
6 20 18.716715
0 0 3.862780
0 0 12.466646
0 0 8.732777
0 0 10.330314
0 1 7.467200
0 9 11.998507
0 18 6.759083
1 1 15.441444
1 1 12.348157
1 19 6.967124
3 5 13.080166
4 21 12.560889
5 22 17.625366
6 0 6.808275
6 12 13.868316
6 22 5.803148
6 23 10.472515
0 0 10.061241
0 1 11.814912
0 8 4.275107
0 9 11.314844
0 20 9.406019
0 23 13.582487
6 17 7.087753
0 10 8.832514
0 20 11.246881
2 17 5.969027
2 22 11.206909
3 23 11.424720
4 8 3.492410
4 20 9.597820
5 2 11.730233
1 1 9.375237
1 1 12.222209
1 22 9.844306
2 0 13.971028
3 10 4.501650
3 22 8.001329
4 19 8.712476
4 21 15.512670
5 12 12.088678
6 16 11.129376
6 18 12.948857
6 23 11.868415
0 1 13.792958
0 9 10.472515
0 19 10.106928
0 21 11.314844
1 11 9.310637
1 19 9.889063
2 7 8.712373
4 0 12.896620
4 8 6.691461
4 22 9.697635
5 20 7.796242
5 23 9.525811
6 0 9.332332
6 18 8.025644
6 23 11.888951
0 8 12.933885
0 20 12.184953
6 16 4.346359
6 18 9.580755
0 3 14.427299
0 23 13.964553
1 0 14.258781
1 1 15.537398
2 18 13.447318
2 20 8.868601
2 22 10.455842
2 23 10.284602
3 0 13.784465
4 9 5.005802
4 21 10.686737
5 21 9.434147
5 23 6.190881
6 18 9.533301
0 2 12.198483
0 23 9.188027
1 19 12.896334
2 19 9.328523
3 9 10.307760
3 18 12.355409
4 2 13.807690
4 15 9.289499
4 20 8.004667
6 17 10.625270
6 23 4.576513
0 1 18.009451
0 4 6.787805
0 6 12.222551
0 10 10.799561
0 20 3.822100
2 0 11.769753
2 20 7.139676
2 21 13.021560
3 9 5.237447
3 21 12.692387
3 22 12.930899
4 0 11.314844
4 15 2.313650
4 21 11.828197
5 18 11.349066
5 19 5.775317
6 0 12.922957
6 21 14.875873
0 0 10.673327
0 13 10.472536
0 18 11.314844
1 1 13.750086
1 2 19.216478
1 2 12.597317
0 17 6.282486
0 19 8.726335
1 2 14.176785
1 7 15.297220
1 8 5.713532
1 22 13.317195
2 21 15.008109
3 1 8.354677
4 1 12.164939
4 5 7.154101
4 8 5.104189
4 20 9.427711
4 22 7.315501
4 22 11.006869
5 9 11.140122
1 0 10.173952
2 20 6.834888
2 22 7.449461
3 0 13.742746
3 3 13.098022
3 5 13.258662
4 17 9.245077
5 17 9.567898
5 21 10.140631
6 3 12.846069
6 19 9.870506
6 23 7.811674
0 0 17.182871
0 19 4.228028
0 19 6.376069
0 20 11.536802
1 22 10.673246
1 23 12.668555
2 1 12.203766
2 5 9.619322
2 7 8.652750
2 14 9.629395
2 17 12.931392
2 17 11.863026
3 0 16.717329
4 23 12.933885
5 0 13.080166
5 8 11.132994
5 20 12.128196
5 23 8.901143
6 0 25.345629
6 19 6.898082
6 20 8.070398
0 16 9.205359
1 14 3.328926
