2 0 4.882350
5 20 11.511600
5 22 4.882350
6 12 7.336143
6 21 3.849725
3 12 8.009400
6 20 2.929064
2 8 11.023251
3 22 4.506785
3 23 5.690477
4 20 4.372254
4 21 11.692224
6 19 8.352770
6 21 3.269446
0 13 7.290449
1 7 4.802312
2 23 10.260055
3 1 9.407759
3 21 5.400029
4 8 13.218438
4 9 4.802312
6 13 10.809396
6 13 7.093959
6 19 6.268227
6 19 10.162289
0 11 5.590053
3 8 4.882350
0 7 2.207965
4 18 7.513408
4 20 14.713652
4 20 7.460484
5 1 5.326201
0 22 5.382855
6 19 5.482035
6 20 6.986803
0 0 2.398390
0 20 7.336143
0 20 5.050708
3 19 6.728569
1 0 7.208460
1 0 8.481413
1 10 6.753196
2 12 19.202108
4 19 9.982092
4 22 12.752113
0 20 13.949793
0 20 3.962212
6 8 6.368612
6 8 4.443362
6 8 9.787009
6 20 7.336143
1 18 2.834578
2 13 7.336143
2 13 16.880741
2 13 7.320466
2 17 6.289697
4 22 5.382855
5 0 7.574624
5 1 6.049982
5 2 6.049982
5 11 11.534690
0 11 2.881046
0 12 5.690477
0 12 7.995264
0 23 8.707905
2 12 11.672125
5 1 4.882350
6 21 5.154965
0 19 7.241233
0 23 10.909568
5 18 7.525625
5 22 7.685546
6 9 2.440383
0 5 12.191290
0 6 5.738832
0 7 4.856400
0 8 8.126783
0 13 6.975930
0 13 6.188538
6 21 7.722255
1 10 8.003064
1 12 4.288736
1 13 5.116566
1 22 9.222919
2 23 8.035610
3 14 6.669325
4 11 4.626530
4 13 5.012074
4 15 5.459342
4 23 4.577204
5 22 4.882350
6 12 7.531613
0 0 4.968790
0 9 7.739794
0 12 5.205987
0 23 2.357658
0 23 3.158145
1 11 7.020342
2 12 10.255278
2 17 10.691062
3 13 10.346323
4 14 10.347108
6 0 10.152008
6 1 7.525625
6 8 6.421072
6 10 7.215878
6 22 5.209215
6 23 7.378430
3 12 5.950802
4 13 6.379254
4 14 6.322152
4 20 16.970530
4 20 2.942442
6 9 5.325570
6 13 9.727155
0 0 7.721997
0 3 4.071656
0 11 7.768047
2 0 4.772155
2 1 7.623960
3 21 5.858821
4 0 5.631526
4 21 6.960714
5 2 5.834480
6 23 6.060132
3 1 5.382855
4 22 9.649355
5 10 4.882350
5 12 4.936712
6 3 10.648561
6 22 6.877634
2 1 8.180056
2 23 6.828573
3 10 9.508204
6 1 10.260055
6 16 5.721337
0 0 5.348450
6 18 5.448042
0 0 41.827255
0 21 9.686856
1 20 8.806444
2 10 12.420347
2 16 3.426293
2 21 10.941525
4 9 2.881046
4 12 8.363294
4 14 7.322659
4 15 4.802312
5 0 8.550045
5 20 4.882350
6 8 12.213342
6 23 8.316107
3 12 7.937640
4 18 10.287004
4 20 4.882350
5 17 7.993557
5 17 8.128518
5 23 5.547010
5 23 5.325570
6 15 11.511600
6 20 7.776479
6 21 10.338594
6 21 9.171963
0 2 12.625573
0 2 8.697141
1 3 5.506390
1 12 7.290449
1 22 1.452234
1 22 8.291887
2 14 3.195342
3 2 5.690477
4 13 5.168936
6 12 10.025709
6 15 9.900262
0 15 6.669325
0 18 8.483432
6 9 4.074299
0 2 9.633516
0 11 10.008636
2 19 9.382993
2 20 4.802312
3 1 2.407449
3 9 8.486487
3 20 4.307957
3 23 9.772448
4 23 14.759508
6 20 4.693923
6 20 8.898532
0 2 5.690477
0 15 7.160106
1 11 4.882350
2 18 8.499245
2 18 7.710884
2 19 3.138283
4 14 6.759284
6 15 5.126529
6 20 9.948948
2 9 23.860773
3 9 4.074299
5 0 8.449746
5 2 12.501159
6 8 3.254515
6 3 12.748619
6 4 12.780280
6 5 8.316390
6 22 6.330596
0 17 9.158360
0 18 9.279108
0 19 7.776479
1 13 6.522230
1 17 8.127688
2 20 6.014489
3 23 7.171769
4 7 6.461696
4 22 6.565311
5 23 5.950802
6 18 6.669325
6 23 5.196877
1 12 6.232788
1 13 2.516344
1 14 12.475465
1 17 12.630359
2 7 5.878869
2 15 8.772141
2 16 7.940201
4 6 4.882350
6 1 7.618859
6 6 10.260055
6 19 4.881773
0 21 4.032807
0 22 10.470480
1 0 5.256018
3 10 7.613984
3 14 5.265256
3 21 2.529124
4 4 5.382855
6 2 5.460588
0 5 8.126783
0 12 6.877634
6 7 9.114426
0 3 14.405729
0 9 9.587474
1 0 4.772155
3 11 8.324492
4 13 3.671028
6 2 5.113023
6 9 6.974787
6 14 2.929064
6 17 5.474090
1 22 8.372707
2 21 5.964643
2 23 8.003064
3 0 2.929064
6 22 4.859344
0 1 3.195342
0 10 17.041872
1 15 2.440383
5 16 4.506785
6 0 1.671362
6 15 7.722255
0 23 8.554508
0 23 10.631864
1 1 7.799321
1 1 6.915167
1 3 10.157540
1 19 15.930523
2 9 1.106582
3 16 4.273571
3 16 10.241706
3 23 2.929064
4 0 9.905460
6 14 7.074983
0 0 39.089790
0 21 9.649355
6 19 3.743829
0 2 10.903028
2 0 5.294612
2 2 5.809421
4 5 5.165174
6 1 8.443530
6 3 8.583907
3 3 11.638085
3 3 6.623308
3 22 3.767491
6 3 21.032125
6 3 7.763585
6 9 6.160544
0 17 5.822127
1 1 6.915167
1 18 10.260055
3 8 6.825161
3 14 8.689054
5 19 3.737774
6 1 7.569160
6 14 11.706713
0 13 4.184872
1 2 4.773404
4 0 9.402340
4 7 6.348027
4 17 5.294612
5 2 13.646505
6 9 12.420347
6 11 7.178288
0 3 13.328931
1 8 6.128312
1 14 5.209215
2 7 13.291951
2 20 5.231090
3 20 17.387728
5 10 4.882350
6 2 5.231090
6 10 13.323645
6 12 4.773404
6 22 3.263566
1 13 11.223300
1 15 3.737774
2 13 5.930624
3 1 9.819682
3 2 2.789584
4 0 6.669325
4 2 5.382855
4 12 5.690477
4 13 5.382855
0 23 11.142675
2 0 4.338323
3 1 7.680106
4 10 4.968790
4 15 7.446820
4 22 7.069527
4 23 2.584468
5 0 9.935844
5 2 7.491308
6 13 6.555988
6 15 4.549654
0 12 6.422169
0 20 9.564631
0 22 8.565732
1 3 4.035079
1 10 2.789584
1 14 5.173162
1 15 10.357355
1 20 9.491169
1 20 17.620214
1 20 10.064455
1 20 8.408812
1 21 10.109428
2 20 5.843455
3 0 5.721955
3 0 4.042856
3 3 5.932450
6 1 7.803355
6 23 7.120646
0 3 11.107883
0 5 4.693923
0 11 7.460484
2 23 3.348296
2 23 16.998068
2 23 6.396666
6 10 5.596659
0 3 7.090289
0 10 2.978709
0 19 2.881046
1 1 5.745392
1 19 5.424834
4 18 6.102656
5 23 5.690404
6 0 5.726586
6 7 7.623960
0 3 4.850423
0 8 5.170168
0 17 5.474090
2 23 7.863775
3 8 6.330596
3 11 7.979039
4 1 2.929064
4 1 7.411998
4 1 7.776479
6 8 5.085547
6 10 8.579220
0 14 7.776479
1 11 9.414680
0 0 5.294612
0 2 7.495667
0 20 4.304084
1 12 4.882350
1 12 4.967922
1 18 10.984349
3 14 2.745997
3 19 5.209215
0 2 5.382855
4 6 7.755709
4 7 4.882350
5 0 8.442737
5 23 12.464364
6 0 14.781260
6 20 4.882350
1 11 4.882350
1 12 4.274818
1 23 4.444690
2 10 2.558283
6 1 4.882350
6 14 5.382855
6 18 2.929064
0 0 5.844219
3 13 7.457028
4 9 5.884884
4 11 3.236686
6 19 5.783163
0 7 6.436072
2 18 7.460484
2 21 6.528090
2 23 12.100944
2 23 10.787465
3 0 10.452289
3 0 3.478944
3 1 7.776479
3 21 6.150331
5 11 9.959784
5 11 8.958570
5 13 9.418356
5 15 7.264619
0 16 9.560922
0 16 7.389562
3 1 4.308474
6 10 5.597191
1 1 19.292141
1 15 9.320500
0 0 8.519365
3 9 9.784120
6 1 6.049982
6 18 4.577204
6 8 11.942771
6 20 5.743942
0 0 7.336143
0 0 9.194445
0 2 8.960022
0 2 7.330638
0 16 7.032373
1 2 6.363649
2 11 9.457208
2 15 7.920372
4 7 7.385696
4 12 6.915167
5 7 11.123872
5 7 7.495667
5 10 10.567677
5 10 11.129061
6 8 4.882350
6 9 7.566930
6 12 7.264619
6 14 4.882350
6 15 4.802312
6 18 5.126529
0 11 6.585873
0 11 4.923970
0 18 2.929064
0 19 7.208460
0 19 11.940969
0 21 4.667178
0 23 8.552729
1 0 38.840237
1 0 13.122570
1 11 5.294612
2 6 9.772448
2 14 5.382855
2 15 4.802312
2 22 9.020721
3 21 12.711643
4 6 9.312286
6 2 12.087736
6 3 5.224746
6 15 2.601644
0 13 6.669325
0 14 9.615425
0 15 6.669325
0 21 19.383753
0 21 7.763585
1 8 4.905908
1 23 6.242226
2 5 4.882350
2 6 10.567677
2 9 2.929064
2 11 4.802312
3 9 4.649858
3 10 2.789584
3 12 6.986803
3 22 3.132277
4 21 5.690477
5 10 4.649858
6 8 7.336143
6 10 2.929064
6 11 10.648561
6 23 7.469276
0 3 10.060266
0 11 7.690978
0 12 2.881046
0 14 4.438500
0 15 7.215878
0 16 7.090289
1 8 4.802312
1 12 2.834578
0 23 7.322659
3 22 7.776479
6 3 9.331775
6 12 4.559338
0 2 6.789250
0 7 8.057123
0 10 2.516344
1 23 7.495667
2 10 7.312258
2 10 13.590115
2 21 6.160115
4 16 7.336143
0 19 9.772448
1 0 6.647091
1 19 9.772448
3 20 8.219348
3 21 7.648996
4 0 5.474090
4 0 4.227811
4 1 4.288736
5 1 2.357658
5 3 9.300383
5 4 5.633482
5 4 11.692224
6 20 29.329861
1 2 10.985605
6 15 2.978709
0 13 7.690978
0 18 12.013123
1 6 7.776479
2 11 7.648996
2 16 7.705221
3 11 4.802312
3 17 5.382855
3 17 6.348027
3 19 5.666163
4 1 5.003388
6 1 6.809712
6 1 4.571268
6 4 7.448380
6 5 9.338085
6 6 5.738423
6 17 5.979747
6 22 2.318364
6 23 7.604956
0 14 2.601644
0 20 6.559991
4 13 4.965102
4 21 2.929064
5 11 4.802312
6 3 4.074299
0 10 15.415935
0 18 2.243578
0 19 7.271866
1 19 10.287004
2 9 9.678185
2 20 10.664310
3 23 14.195939
4 19 9.612244
5 13 9.885880
5 19 7.020342
5 23 14.474032
6 2 5.382855
6 21 2.929064
0 3 12.213342
0 20 10.394437
0 20 7.866308
0 13 5.012074
1 0 2.019697
1 6 11.575868
1 19 3.645225
2 0 10.712697
2 0 6.023224
2 13 12.676516
3 1 4.444690
3 11 7.648996
3 21 2.735228
5 1 4.007507
5 2 4.936141
0 21 8.962623
1 1 7.303175
1 1 4.958207
1 19 5.930624
2 0 2.988722
2 0 2.440383
3 0 8.964396
3 0 4.649858
4 1 6.638735
4 14 2.357658
4 14 11.940969
4 15 4.965102
5 19 3.195342
0 19 7.774417
1 8 6.817565
1 13 6.426708
2 4 6.107768
2 11 2.929064
3 0 11.947892
3 9 7.817958
4 1 12.679267
4 9 3.328876
4 15 6.757875
5 0 8.535678
5 1 7.708975
5 22 1.808496
0 0 3.484094
0 3 7.406170
0 5 5.777208
0 11 6.049982
1 2 5.886141
1 4 12.889131
1 21 5.690477
1 21 6.654969
2 10 8.871914
2 22 3.542869
2 22 7.905122
4 17 5.499984
4 22 3.981944
4 22 7.705753
5 23 3.897257
6 20 7.215878
6 22 14.408940
0 12 3.083225
0 15 4.407868
0 19 5.050708
1 19 5.231090
2 18 8.552729
2 18 8.910418
3 23 19.900742
4 11 7.819161
4 20 12.429726
5 7 7.336143
5 23 4.808854
6 13 3.082559
0 12 2.881046
1 17 4.802312
1 18 7.722255
5 10 7.385696
6 23 9.953933
6 10 4.724855
6 11 8.003064
6 17 4.802312
0 11 7.690978
3 4 7.776479
3 21 3.443070
4 21 7.776479
6 3 7.336143
3 17 2.929064
4 23 4.724855
5 22 7.776479
2 22 4.772155
3 2 5.803012
3 11 9.081097
4 8 7.336143
6 9 6.414638
6 12 9.649355
6 12 9.046841
6 23 2.440383
0 1 7.560680
0 2 5.050708
0 15 7.866818
0 18 5.427770
0 22 7.336143
1 1 14.716687
1 2 2.318364
1 21 4.184872
3 9 9.839488
4 12 5.424834
5 21 6.915167
6 23 6.286515
0 12 6.300090
0 14 4.882350
0 19 6.096218
2 14 8.125505
3 20 5.424834
3 22 9.334515
6 19 4.802312
6 21 7.200458
6 23 5.050708
0 2 7.640375
0 3 5.231090
6 14 5.382855
2 23 5.294612
6 21 6.332771
1 16 14.319975
3 15 7.217687
4 20 8.762624
4 23 7.385696
0 20 14.043451
0 14 6.559991
0 15 4.988817
0 21 4.693923
5 21 4.780873
5 21 3.838186
5 22 2.929064
0 18 5.690477
2 10 9.649355
5 14 9.324422
6 23 12.839290
6 22 3.927767
6 23 6.199457
0 17 4.074299
0 19 6.421072
0 19 3.530931
0 21 5.365939
0 21 12.537944
0 21 7.393890
1 13 7.460484
1 23 6.252492
2 0 3.793641
2 17 4.882350
2 18 7.574624
3 3 4.882350
3 17 4.893505
4 11 5.299911
4 22 7.069527
6 0 8.787191
6 10 13.085723
6 19 4.664351
0 21 2.929064
1 1 2.745997
1 14 6.459426
1 17 12.948361
2 1 9.531507
2 10 11.085006
2 23 7.178288
4 7 7.950442
5 0 4.424264
5 18 6.368283
5 23 18.776142
5 23 5.424834
6 0 4.772155
6 2 12.666575
6 17 11.579226
6 21 5.335460
0 1 6.200802
0 17 12.350669
0 17 5.738423
1 0 8.376384
1 10 2.343251
1 17 5.050708
1 17 5.139317
1 21 5.989976
2 0 8.316390
2 2 6.851595
2 3 6.622976
2 12 10.260055
3 0 7.208460
3 0 5.442282
3 4 6.757875
3 19 6.801803
4 9 8.743630
4 12 4.197582
5 7 6.514402
5 9 4.802312
6 1 9.772448
6 1 9.611280
6 1 9.224039
6 2 8.264525
6 7 2.881046
6 10 4.965102
6 14 9.271194
6 17 2.834578
6 20 4.275990
6 20 6.823253
6 22 2.557125
6 22 5.805589
6 23 5.886701
6 23 7.888974
0 1 11.581438
0 3 4.798306
0 18 4.882350
1 1 7.908284
6 7 7.776479
0 2 9.772448
1 22 8.369744
2 2 5.631526
2 2 4.802312
2 23 7.336143
0 0 4.592499
0 23 7.147448
1 2 8.316390
6 13 3.514876
6 13 6.986803
1 23 16.480877
2 20 8.695273
2 23 15.907024
3 1 5.690477
4 2 8.661355
5 12 9.022109
5 19 4.452293
6 12 13.507614
6 20 8.464780
6 21 11.513553
6 21 3.657426
1 4 6.559991
1 7 5.738423
1 10 5.382855
0 1 6.063023
1 0 6.508932
2 16 5.858821
4 9 5.384747
4 19 12.312065
5 19 7.090289
5 19 11.940969
5 22 3.195342
1 3 9.375253
6 19 5.786594
1 11 7.336143
4 12 11.253336
4 23 10.229733
6 8 4.840091
6 21 7.264619
0 17 4.693923
6 1 4.624837
6 4 7.648996
6 9 4.802312
6 10 8.072436
0 16 4.157348
1 11 3.905418
3 9 8.003064
3 13 6.049982
5 11 7.336143
6 10 2.929064
0 11 4.965102
1 7 6.459426
1 8 4.633353
1 13 7.920372
1 13 6.459426
6 20 6.977135
0 19 2.436460
1 21 2.280358
1 23 4.577204
2 12 4.965102
2 13 10.394437
5 9 5.126529
6 10 7.993557
0 0 5.565877
0 23 12.148149
2 21 5.926266
3 22 3.426293
5 9 5.715204
6 0 6.141119
6 9 5.651205
6 18 2.881046
6 20 5.689936
0 11 12.711643
0 17 3.598908
0 19 4.649858
1 0 5.474090
2 12 4.438500
2 18 7.819161
5 2 6.152524
6 9 9.771481
6 17 10.690669
6 22 15.097215
0 1 7.336143
0 1 6.622976
0 1 6.209040
0 2 4.802312
6 21 5.294612
6 23 7.616025
0 2 7.119632
1 9 10.157920
2 0 3.236686
3 22 14.664930
4 15 7.881664
5 8 6.532959
6 3 6.368402
6 10 4.374529
0 0 12.361632
0 0 3.311948
0 6 13.208873
0 22 2.789584
5 13 8.006584
6 1 3.334662
6 1 5.139317
6 19 2.834578
0 1 2.789584
0 1 6.317506
0 13 6.986803
2 2 9.375253
2 3 9.117215
2 5 9.043979
2 10 6.626113
3 1 6.612563
4 13 6.915167
5 0 8.048120
6 19 6.279744
0 0 6.230319
0 2 5.170168
0 3 13.422792
0 6 4.590667
0 10 4.179560
0 11 7.330463
1 0 9.307093
6 23 4.235079
0 5 9.772448
0 21 7.587853
0 21 6.161628
1 11 35.513607
1 23 13.449827
2 10 3.880285
2 21 7.776479
4 11 7.641036
6 7 7.336143
1 2 9.250962
1 3 11.526609
1 13 9.671088
2 18 5.046427
2 18 2.881046
2 23 2.398307
2 23 9.791083
6 1 9.773952
0 23 6.771255
1 1 5.170168
1 12 2.318364
3 13 6.606579
0 13 4.958207
0 1 4.214792
0 1 7.648996
2 5 3.195342
5 8 9.839488
6 10 13.311160
6 19 5.858821
2 17 4.506785
6 19 4.850394
2 22 4.882350
3 12 10.260055
5 10 7.336143
1 10 7.850697
1 10 7.258094
6 3 5.275867
6 4 7.336143
6 22 5.738423
0 23 4.649858
1 22 9.120465
2 0 5.474090
6 13 16.065702
6 15 3.068322
6 23 6.960757
0 0 6.759377
0 1 7.215878
0 2 6.702138
4 11 7.336143
4 12 5.382855
5 21 4.958207
6 1 9.580856
2 18 6.423003
4 17 4.882350
5 2 7.690978
6 2 10.749480
6 9 5.335460
6 12 12.213342
6 10 8.594604
6 23 5.834063
0 8 6.398393
0 18 6.461696
3 13 7.336143
3 16 4.850394
3 23 5.382855
3 23 6.278128
4 10 6.306432
4 11 3.370124
4 21 15.101419
5 21 4.772155
6 0 32.549004
0 2 7.935616
0 21 6.024086
1 14 12.519243
1 17 4.802312
1 23 4.882350
2 13 7.776479
2 22 4.393596
3 13 7.819161
4 22 13.424976
5 11 9.929604
6 0 5.754040
6 1 2.703751
0 16 5.597191
1 1 4.772155
1 19 9.772448
1 23 2.834578
2 22 10.260055
6 16 5.172669
6 20 4.958207
1 6 5.294612
0 15 8.407108
1 2 5.326201
1 16 5.666163
4 17 3.586609
4 22 9.839488
5 18 4.506785
6 21 4.304084
2 0 4.798265
3 16 4.074299
5 9 6.669220
6 8 2.513910
1 13 5.975008
1 13 6.636585
2 9 5.326201
2 18 11.807385
4 0 9.612244
6 5 8.779162
0 15 2.318364
6 4 6.669325
6 8 5.506914
6 8 10.817710
6 23 36.361935
0 2 10.394437
0 14 14.466669
0 14 8.078108
1 15 4.636727
2 1 4.386006
3 10 5.474090
3 13 7.699375
3 14 5.783689
5 12 3.370124
0 22 6.090829
4 8 27.814743
4 8 7.024442
4 10 3.445957
4 13 2.280358
5 8 4.506785
1 6 4.968790
1 8 6.971553
1 9 7.819161
1 9 4.882350
1 10 9.772448
1 13 7.108328
1 14 6.307596
2 13 10.961004
2 0 4.514617
2 0 7.228904
6 7 7.690978
6 8 12.654577
6 18 5.334315
0 1 13.580191
0 8 1.529981
0 9 14.236404
0 9 8.898532
0 15 8.464780
0 17 4.358278
0 19 21.672636
0 19 3.239025
1 21 9.499156
4 0 5.745392
5 17 34.169735
6 13 4.618214
6 14 6.657751
4 18 2.662785
4 23 16.855679
5 18 2.929064
1 20 4.749578
6 13 6.156300
4 10 7.913246
1 3 2.516344
1 22 8.964396
3 23 18.847723
3 23 8.381819
6 3 7.906829
6 18 2.558283
0 16 33.309113
1 22 9.161670
2 23 9.294910
4 23 3.236686
5 9 12.927095
0 3 7.776479
0 4 8.026406
0 5 5.834063
0 21 5.382855
3 4 21.716551
3 15 6.527789
3 16 9.307093
3 23 7.099493
4 7 6.559991
4 13 2.978709
4 16 7.448380
4 19 8.582871
4 21 11.209011
5 12 4.649858
6 1 4.793293
6 23 5.023321
0 2 7.560680
0 4 9.455389
0 6 10.064455
2 8 5.834063
2 21 4.802312
4 23 7.336143
5 8 5.023321
5 12 10.515412
5 17 2.929064
5 19 4.802312
6 13 16.780840
6 13 6.447180
6 13 4.882350
6 16 3.212149
6 19 5.050708
6 21 6.559991
6 23 4.214792
0 3 9.250962
1 16 4.485523
3 16 9.791730
5 5 4.882350
5 5 12.141662
5 23 5.539206
6 21 3.514876
0 0 8.868310
0 2 3.236686
1 6 2.318364
0 10 4.802312
1 1 9.128561
3 13 5.126529
5 2 6.049982
6 3 3.426293
6 21 12.315027
0 9 12.711643
0 11 11.631754
1 7 12.213342
1 21 5.170168
2 2 5.880084
2 14 2.929064
2 21 7.326275
4 0 3.426293
5 2 8.581685
3 1 6.971209
3 20 9.905460
4 18 4.577204
6 14 3.457583
6 16 5.054714
6 17 7.145705
0 1 9.710059
0 2 6.669325
0 5 7.446820
0 6 7.172901
0 21 3.083225
1 1 8.857356
1 2 5.950802
0 1 6.258602
0 16 3.034394
0 5 14.054239
0 5 6.757353
0 19 6.394822
0 19 3.596390
0 21 4.882350
1 0 10.790385
1 1 4.074299
1 2 11.101154
1 8 13.355050
2 19 4.772155
2 19 8.755007
2 21 4.307957
2 22 11.282766
2 23 13.462760
3 2 7.411998
2 16 4.882350
3 19 18.407347
5 10 10.006259
6 13 10.373723
0 13 4.506785
0 23 7.445480
1 2 7.305496
1 2 4.430934
6 7 7.776479
0 13 9.963251
2 22 12.825068
3 6 6.809701
4 7 8.765532
4 13 7.776479
5 7 6.330596
5 9 10.278369
5 12 12.727897
6 3 8.519365
6 12 7.215878
3 16 4.516307
4 6 4.074299
4 7 4.372254
5 14 9.327322
5 23 8.803561
6 2 7.385696
6 2 4.882350
6 7 7.776479
6 12 4.882350
1 6 7.385696
2 6 7.372787
2 7 9.457208
3 6 7.119514
4 7 8.312107
4 7 16.866096
4 18 3.343921
5 5 5.382855
5 19 3.773320
6 1 6.137234
1 4 7.436735
1 9 32.524834
6 13 10.230270
6 17 8.407017
6 20 4.893505
2 6 10.396435
2 14 9.649355
4 10 5.689936
4 17 8.630755
6 16 2.929064
1 13 7.060512
1 20 11.205942
2 6 4.798265
2 9 11.248899
3 10 7.020342
3 13 2.318364
6 23 12.302134
0 0 8.150875
1 15 8.161667
6 17 10.260055
0 0 3.291546
0 1 9.811407
0 2 4.673191
1 12 11.958954
1 23 4.245522
4 1 6.289989
4 23 2.558283
5 13 7.215878
6 1 6.197759
6 17 8.907934
0 21 8.407017
0 22 3.671028
1 1 14.401924
1 21 4.526999
3 23 3.392727
5 2 6.915167
5 13 6.332771
6 2 1.905504
6 15 3.195342
6 16 6.057840
3 18 3.370124
4 12 6.669325
4 18 4.613876
0 0 6.977135
0 2 4.889159
0 14 7.776479
0 16 5.858821
1 9 2.516344
3 3 5.858821
3 4 10.091857
3 13 2.390437
4 14 4.802312
4 20 12.193880
5 12 33.099030
5 16 4.853039
6 2 8.877001
6 4 4.965102
0 1 5.209215
1 19 4.882350
2 16 6.638735
3 9 5.834063
3 11 8.862835
4 13 6.077665
4 15 2.440886
6 0 5.743942
6 12 7.648996
6 14 5.519146
1 21 7.460484
2 1 5.139317
2 10 4.693923
2 10 4.682356
2 14 17.873182
3 3 9.752760
3 3 6.269081
3 10 5.633482
3 14 2.452695
4 11 4.772155
5 15 4.802312
0 1 4.372254
0 9 9.772448
1 10 7.448380
0 13 9.981908
2 12 11.063148
3 21 10.232581
4 0 4.074299
4 0 10.465092
4 21 24.411753
4 21 9.270451
4 21 9.036510
4 21 8.575784
1 2 5.471008
2 7 8.857356
2 7 3.962212
2 20 10.992915
2 21 7.630088
3 19 2.881046
4 0 8.960022
4 2 11.524709
5 1 10.567677
5 2 7.476854
5 7 10.226785
5 7 12.943624
5 7 10.347272
5 17 10.583038
6 20 17.526590
0 8 5.382855
0 9 6.607742
0 19 7.641847
0 23 7.498976
2 14 8.554564
3 20 8.132587
5 3 7.495235
5 4 10.862182
5 7 9.857103
5 9 5.656904
5 22 8.733576
6 1 4.613876
0 0 5.231090
0 13 10.993248
6 23 6.669325
1 15 7.029753
1 17 3.195342
1 23 11.081977
3 16 8.223103
3 23 8.299144
4 9 7.336143
5 9 10.613850
6 17 7.983759
6 20 6.771824
0 9 2.929064
1 1 2.703751
1 6 3.994178
1 8 8.274827
1 9 7.099493
2 12 6.591251
3 10 4.802312
4 22 12.213342
5 3 5.596659
5 10 2.929064
0 2 6.049982
0 22 7.708975
1 2 7.604956
1 9 5.429138
3 4 7.648996
3 15 8.153964
3 18 7.689793
3 22 4.882350
4 12 7.776479
4 15 12.925537
4 23 5.382855
0 18 9.889274
0 21 5.636049
0 23 11.734537
1 1 5.783689
0 13 3.083225
2 21 15.772794
2 22 8.175105
4 3 10.567677
4 3 8.789610
0 15 9.641469
1 18 18.333679
2 1 9.974319
2 21 5.499984
6 23 8.802893
0 16 5.046427
3 23 11.284981
5 8 5.139317
5 16 7.819161
5 23 8.803706
0 3 8.126783
6 23 2.929064
0 21 10.933334
0 22 5.858821
1 13 5.085411
6 0 12.099964
0 21 8.665007
1 2 5.382855
5 21 5.467717
6 6 6.101618
6 13 5.474090
0 16 5.294612
0 20 14.654590
0 21 6.572684
1 23 4.882350
2 8 7.038620
2 15 21.525579
3 14 2.929064
3 14 6.289989
3 20 12.563332
5 2 6.806890
6 9 11.207687
0 3 4.469078
0 21 4.705145
1 13 3.661330
1 20 7.138730
5 13 5.326201
5 13 5.880084
6 14 8.627892
0 12 4.372254
3 12 8.248909
5 17 10.260055
6 1 7.336143
6 23 5.294612
0 11 7.431767
0 12 3.426293
1 11 5.600080
4 15 7.090289
4 15 8.550495
4 21 5.252249
6 20 8.088787
6 22 8.803371
6 22 6.559991
5 17 10.425548
5 23 4.452708
2 21 7.281868
4 21 5.159386
5 0 7.810840
6 16 4.382863
0 8 9.848304
2 20 2.529124
3 20 4.245522
4 6 3.236686
5 6 7.275627
3 14 9.772448
5 20 4.802312
5 13 3.426293
5 20 31.027699
5 20 12.546119
1 8 16.866096
0 18 7.215878
1 18 9.772448
3 21 7.993557
3 21 7.995264
4 19 4.802312
5 13 9.843786
6 20 9.022109
0 20 4.882350
3 13 11.511600
4 1 5.834063
4 14 7.264619
5 15 4.724855
6 1 3.602010
6 3 7.834116
6 22 2.398307
6 22 9.046841
0 16 9.772448
2 8 8.074283
2 9 7.326275
5 1 10.260055
6 0 8.611545
6 14 4.802312
1 4 4.916157
1 6 5.690477
2 20 5.568471
3 1 13.921860
4 1 5.690404
4 2 7.873959
4 13 7.145705
4 21 9.502458
6 21 8.002959
0 1 8.483432
0 3 12.087736
0 17 9.177438
1 10 13.382680
2 0 6.757875
2 12 6.843273
3 0 3.497924
3 1 4.882350
3 2 7.331731
4 9 5.690477
4 9 8.514031
5 1 8.675222
5 2 2.318364
6 0 6.619966
6 0 16.817623
6 10 6.267700
1 6 12.672545
3 1 4.577204
3 23 6.012855
4 19 6.294630
6 1 5.462397
6 7 10.062561
6 22 9.456141
0 0 5.292999
0 7 7.099493
1 5 12.100944
1 9 14.518662
4 18 13.345835
6 6 6.669325
6 10 4.372254
2 22 8.873713
0 2 5.382855
0 15 4.802312
0 17 5.980950
0 19 8.972860
1 10 7.264619
3 7 6.762156
3 8 5.382855
4 15 11.580869
0 2 7.776479
0 12 4.882350
2 1 7.315484
2 7 4.882350
0 7 11.344090
0 8 9.812903
0 9 4.402457
0 18 4.882350
1 2 9.094356
1 10 5.666163
2 11 10.426993
2 12 3.315921
2 16 9.296638
2 23 4.882350
4 20 11.191011
5 23 20.449591
5 23 5.622304
6 1 11.013248
6 3 4.724855
0 3 8.630755
4 7 4.882350
5 8 3.720404
5 14 4.882350
0 23 5.737225
1 23 6.139894
4 13 4.882350
6 11 3.236686
0 19 9.900262
6 22 4.802312
0 1 2.881046
0 4 6.049982
1 1 4.772155
1 1 11.940969
1 3 11.037378
1 21 6.714269
1 23 18.257965
2 1 10.264326
2 20 5.880084
3 6 6.096218
4 6 2.929064
4 6 7.525625
5 6 7.385696
6 6 5.596659
1 3 6.049982
2 0 10.660852
2 6 7.776479
2 20 11.998826
3 2 9.900262
3 2 15.026438
3 12 6.253254
6 8 6.669325
6 9 4.693923
6 9 7.633653
0 0 7.239324
0 3 8.125505
1 4 3.426293
1 6 7.336143
1 11 8.376268
1 21 8.519365
1 23 8.712153
2 2 6.801803
2 3 14.191868
6 7 4.517418
2 12 4.438500
2 13 5.294612
2 15 4.443702
2 17 2.978709
3 17 3.138283
3 20 14.316355
5 5 5.631526
5 6 11.519406
5 18 4.526999
6 2 9.491169
6 21 5.382855
0 2 4.304084
1 14 5.972529
2 17 5.382855
2 19 4.772155
3 6 5.783689
3 7 4.386006
3 11 5.396905
3 11 14.023954
3 13 3.162732
3 18 6.657751
3 19 4.444690
3 21 8.449746
4 8 4.977643
4 15 4.965102
4 17 7.993557
4 18 7.033996
5 6 9.476193
5 8 12.534743
5 9 4.485713
5 10 4.626530
6 7 7.336143
6 18 8.171082
6 19 9.772448
0 8 9.188047
0 11 4.882350
0 14 7.850697
1 16 15.572416
2 15 6.276565
3 6 8.263012
3 6 4.443362
3 7 9.714877
3 10 2.946142
3 12 8.027869
3 16 5.046427
5 5 3.962212
6 6 6.300090
6 8 7.599839
6 10 6.842949
6 10 11.128004
0 10 4.882350
0 14 17.725996
0 14 7.007366
0 19 9.725986
6 12 5.046427
0 11 6.591251
1 13 7.931961
1 15 11.819363
1 17 12.595692
2 1 4.882350
3 15 4.882350
6 21 13.062209
6 23 8.687957
1 17 4.882350
1 19 12.570855
1 19 10.279793
2 23 11.611330
3 12 4.749578
5 5 8.407108
5 12 7.690978
5 23 4.438500
0 8 5.302394
0 8 9.854426
0 13 7.991978
0 20 7.411998
0 20 12.045422
1 4 10.817084
1 12 10.091857
1 13 4.882350
1 13 5.880084
3 18 4.882350
4 5 9.531507
4 9 5.017083
5 16 4.772155
6 9 3.445957
6 10 7.208460
0 8 7.776479
0 8 5.170168
0 9 7.336143
0 15 12.100944
0 22 14.885570
0 23 4.882350
1 10 11.388126
6 9 6.912240
3 23 4.882350
2 13 5.666163
6 1 7.336143
6 4 16.893154
6 11 8.269725
6 18 2.015968
6 19 2.929064
0 0 8.537455
1 22 10.062561
3 16 2.881046
4 2 5.834480
5 10 5.631526
6 6 7.648996
6 21 2.529124
2 17 5.326201
3 18 8.316390
4 0 9.595065
4 0 6.049982
5 15 5.382855
6 2 4.506785
6 15 34.927490
6 23 36.257931
1 18 5.326201
1 23 5.858821
5 17 8.546425
5 22 6.434962
6 13 17.574383
0 8 9.203495
0 20 8.126783
0 21 8.944989
0 22 9.700767
0 23 15.905265
4 9 5.294612
4 22 2.727487
4 22 1.129463
6 12 12.213342
0 1 7.613984
0 12 9.401620
2 11 7.872313
2 14 8.519365
5 23 4.872548
0 11 19.360073
0 11 8.503272
6 14 4.724855
6 21 7.406170
6 23 8.650152
0 8 14.124048
1 5 7.819161
1 6 12.013123
1 7 13.965713
1 8 9.727155
2 21 11.404916
3 13 7.386389
4 9 4.154499
1 4 6.258602
1 15 8.851880
3 23 5.527189
4 1 11.195030
6 23 8.835348
0 1 6.982541
2 0 5.872206
3 20 5.382855
4 20 11.716254
5 14 5.382855
0 21 4.802312
1 1 8.661355
1 5 5.382855
1 7 14.424521
1 7 7.385696
1 10 5.382855
1 11 4.315668
6 10 9.772448
6 22 8.661355
0 4 5.597191
0 13 6.669325
0 20 7.215878
1 5 10.137726
1 6 6.050181
1 7 9.491169
2 10 5.597191
2 23 9.566965
4 15 7.336143
5 17 7.090289
5 22 6.517971
6 0 8.014539
0 16 6.436072
0 19 12.737836
0 19 9.046841
1 6 3.236686
1 7 6.310822
1 9 7.264461
2 1 6.943581
2 7 8.486487
2 7 7.120646
2 13 7.623960
2 16 4.624837
2 20 9.491169
3 10 8.411461
3 10 6.124821
3 15 5.294612
6 21 5.382855
6 23 7.290449
2 18 4.673191
5 12 4.649858
5 16 4.882350
6 12 10.633156
0 1 9.176729
1 11 12.275793
6 10 7.385696
6 22 4.913076
6 22 2.318364
0 7 7.819161
0 21 17.977057
1 0 1.256698
1 11 4.882350
2 2 2.318364
2 18 4.007507
2 23 5.170168
3 18 7.215878
3 22 2.745997
6 23 10.091857
0 12 9.854702
0 12 10.521179
3 23 9.589354
4 2 5.382855
0 9 6.528090
2 20 10.260055
4 0 13.380677
4 4 6.049982
6 0 4.372254
6 1 5.880084
6 6 9.649355
6 6 8.468574
6 18 4.882350
1 0 2.436460
1 1 5.402439
6 10 8.377672
1 20 5.786926
2 14 5.671039
3 3 4.772155
3 22 3.291546
4 3 8.305067
4 8 2.516344
5 21 5.678511
6 9 6.102938
6 15 5.470470
0 13 7.870466
2 12 6.528090
4 6 3.370124
4 12 6.514402
4 12 7.676668
5 11 7.336143
5 22 7.072204
5 22 7.193497
0 0 12.205876
0 20 8.483432
1 0 5.799413
1 9 10.858275
3 13 7.144903
3 18 6.242226
3 19 6.669325
4 15 5.326201
4 21 10.091857
5 7 6.120084
0 1 5.467717
0 7 2.318364
0 8 7.323526
1 2 3.030066
6 4 10.690669
6 4 8.449746
6 12 6.713274
0 5 10.576045
0 5 4.772155
0 13 4.304084
0 16 7.336143
3 13 14.320212
3 12 5.834063
5 10 7.336143
1 9 8.128518
2 5 9.090742
2 6 3.183626
3 21 5.950802
6 11 7.776479
6 11 3.195342
6 14 6.827426
1 16 4.245522
1 20 8.151269
1 21 19.304211
2 19 8.630755
2 20 4.882350
3 18 4.506785
4 16 7.215878
4 20 6.209040
5 23 9.618801
6 4 7.648996
6 5 4.219017
6 6 2.929064
0 8 7.069527
0 8 11.497761
5 17 7.566930
6 2 9.900262
6 4 7.566930
6 5 7.372787
6 11 5.382855
0 3 7.448380
0 17 5.689936
0 17 7.768047
0 19 9.743114
2 1 11.853952
2 22 5.886141
5 0 6.784713
6 5 4.233525
6 23 6.622976
0 21 9.752140
1 9 7.386389
2 1 7.315484
2 7 4.882350
2 20 5.568972
3 19 2.419079
4 7 14.156152
6 23 5.113023
6 23 8.101648
1 12 5.609389
2 13 10.091857
2 21 4.338323
2 21 22.061653
3 6 6.559991
5 0 6.672092
5 3 10.567677
6 0 4.184872
6 1 5.858821
6 2 11.819363
6 10 4.356681
6 10 9.200176
0 3 13.867248
0 16 5.294612
1 10 6.141119
1 10 8.865582
3 15 4.965102
4 7 7.908284
4 9 6.669325
4 21 7.995264
4 23 7.290449
5 2 7.995097
5 21 7.170691
5 21 6.785553
0 3 1.931970
0 19 11.201436
0 19 8.433724
6 22 7.275627
0 6 11.934476
0 21 4.882350
1 13 9.649355
1 21 10.140558
1 22 2.881046
2 18 2.789584
4 23 8.405651
5 1 4.693923
5 21 8.185767
0 0 5.597191
0 18 7.147462
0 23 12.158575
1 7 10.949210
1 10 4.810670
2 18 7.819161
2 18 3.138283
2 19 34.775455
2 19 7.385696
6 16 2.881046
6 23 5.666163
1 16 3.786615
4 0 5.872206
4 2 4.929909
4 3 13.206296
4 4 4.882350
4 21 7.178288
5 6 9.612244
5 10 2.207965
5 12 8.887963
6 13 7.776479
0 21 6.904749
1 1 8.126783
1 9 9.250962
0 11 7.178288
0 16 2.558283
6 16 3.962212
6 23 7.234361
3 20 7.589113
5 13 7.904794
0 18 7.589113
4 23 8.851880
6 13 4.882350
1 22 12.249005
3 20 4.882350
4 15 9.929216
6 14 4.958207
6 14 3.236686
6 15 8.320846
0 2 5.539466
0 21 1.672285
2 16 2.881046
6 11 5.275497
0 2 8.185767
0 15 5.382855
2 0 7.215878
3 0 4.882350
3 15 9.301163
3 19 6.332771
3 20 3.737774
4 23 7.776479
5 8 9.772448
5 13 10.811871
6 23 11.490182
1 0 4.438500
6 6 5.382855
6 13 2.978709
6 19 8.257539
0 7 10.909568
1 8 5.482508
1 9 7.908284
1 15 2.601644
3 9 13.867248
5 7 4.506785
5 14 9.499931
6 7 9.209701
6 8 9.161436
6 21 6.060132
0 3 6.622209
0 7 7.372787
0 8 12.306045
1 15 3.183626
2 11 6.362873
2 11 10.113249
2 13 9.839488
3 10 5.205987
6 22 4.715577
0 8 7.099493
0 19 5.848008
1 14 9.300246
2 13 6.482337
2 16 10.260055
5 8 2.881046
5 11 5.424834
5 12 11.192787
6 5 5.932946
6 6 4.296064
6 8 6.027848
6 10 13.222353
0 13 6.669325
0 21 4.882350
3 0 8.437877
3 23 2.440886
5 0 10.212329
6 14 6.025929
6 23 3.183626
0 1 7.120646
0 23 3.183626
1 22 2.978709
2 0 4.724855
2 11 6.209035
2 18 3.195342
3 20 4.772155
4 1 10.033166
5 10 4.695364
5 13 7.336143
6 4 5.294612
0 17 12.028978
0 23 9.590878
1 0 4.087066
3 19 4.882350
3 21 2.692930
3 21 10.260055
4 1 5.834480
5 10 4.965102
5 13 4.847033
6 7 8.035610
6 19 4.773404
6 15 19.769011
6 15 15.096940
6 1 9.772448
6 15 6.856927
0 4 9.905460
0 14 6.841844
2 2 4.905391
3 16 9.338085
3 16 9.046841
5 18 7.090289
1 0 3.183626
1 0 4.143355
1 0 8.902493
1 0 6.396666
6 11 12.766410
6 21 8.762800
2 20 4.184872
3 18 2.624563
5 15 8.235554
5 17 4.802312
6 10 5.597191
6 11 4.693923
6 14 5.474090
1 15 9.889274
2 22 3.849076
3 9 5.481637
6 12 9.352332
2 18 9.723453
2 20 5.927286
2 20 10.771594
6 11 6.915167
1 13 13.073151
0 21 3.157251
2 13 7.178288
3 0 4.882350
3 23 8.954555
5 2 6.189562
5 8 6.178680
5 8 7.703353
6 1 6.394822
0 3 7.860153
1 3 6.979089
1 15 9.993871
1 18 9.021518
2 21 3.183626
3 9 6.528090
3 23 11.062427
4 8 5.481276
4 8 11.160295
5 21 3.594970
5 21 9.443697
6 8 5.956546
6 10 8.504001
6 14 6.167464
0 3 6.647091
0 6 3.484365
0 9 4.012891
0 9 8.735576
0 15 7.145705
0 17 7.178288
2 9 12.257141
2 20 9.250962
3 0 9.189862
3 22 9.448750
4 2 8.689054
5 8 12.965297
5 19 6.516790
6 8 10.566483
6 22 11.021239
0 20 13.640361
1 0 13.108240
1 8 3.183626
2 13 7.525625
2 14 5.209215
3 7 7.589113
4 14 9.763546
0 2 15.128106
1 20 8.591970
3 15 7.690978
4 2 8.707268
4 3 2.929064
5 21 7.215878
5 23 3.350716
2 16 4.802312
2 23 9.144335
3 21 4.286435
0 18 4.074299
1 12 5.737000
6 8 15.043605
6 9 2.357658
6 10 4.724855
6 12 7.108328
2 23 11.165697
3 23 20.482101
3 23 7.803355
4 19 7.543818
4 21 6.539880
5 0 7.208460
5 2 5.370080
5 3 4.882350
5 4 6.915167
1 2 7.480145
1 11 6.607742
1 14 5.382855
1 16 7.208460
3 11 11.441708
4 12 14.183096
0 1 7.273494
0 12 10.286787
0 21 4.385628
0 22 16.906431
1 22 4.724855
2 21 4.364477
5 1 5.046427
6 1 7.215878
0 1 5.046427
6 20 7.264619
0 15 8.950355
0 19 5.761888
0 22 8.670395
0 23 10.372750
0 23 8.209860
1 0 6.801803
2 22 5.358191
3 0 15.455758
3 10 8.998168
4 16 6.984513
5 0 5.834063
6 10 19.626741
6 10 8.435135
6 21 6.232788
0 19 2.318364
0 21 8.126783
0 22 7.328229
0 23 3.690605
1 11 8.964396
1 19 5.700116
1 21 8.274827
2 0 4.071656
2 1 6.049982
2 23 8.891659
3 19 3.183626
5 2 10.554473
0 21 5.527189
2 0 5.382855
2 1 5.231090
3 1 17.454493
3 23 5.759109
4 1 6.033209
4 1 3.426293
0 10 4.882350
0 11 7.264619
1 2 21.312832
1 2 9.819682
0 20 5.294612
1 9 4.372254
1 11 6.461696
1 15 8.856067
2 11 9.607822
5 19 2.325712
6 0 3.362685
2 11 2.318364
2 14 2.881046
3 0 8.519365
3 18 6.627761
5 0 6.219054
6 5 5.596659
0 18 4.802312
1 12 5.803012
2 0 7.525625
2 22 5.748766
3 16 8.529994
4 13 5.382855
5 12 3.426293
5 23 13.287599
0 8 4.179560
0 9 10.470480
1 7 5.382855
1 8 4.882350
1 11 6.528090
