1 11 8.112838
5 21 8.244263
3 14 5.474719
4 17 4.989061
6 13 10.938800
6 20 9.404567
2 15 7.301554
3 20 7.301554
3 21 9.145896
6 21 6.905670
6 9 6.221482
6 13 8.386492
3 21 6.008949
5 12 6.198462
6 20 10.221138
1 0 8.766686
0 9 3.329491
0 21 5.124969
6 8 4.768373
6 18 9.633146
0 23 11.375882
0 23 10.224744
4 23 9.438526
6 11 6.177516
0 12 10.117100
1 21 28.237576
4 17 8.232332
6 19 4.878259
4 11 5.938523
4 17 9.123478
6 23 6.522522
5 11 4.798287
6 2 9.392344
0 22 7.800397
0 20 9.101307
3 2 12.506573
4 17 9.841699
6 19 4.038241
3 20 6.039176
5 0 19.766821
5 22 7.674209
0 20 24.449829
2 14 9.252936
6 18 7.176041
6 21 8.367863
0 12 10.566505
0 16 6.754097
0 19 13.021329
0 19 4.583362
1 17 8.757410
2 14 7.929340
5 19 12.506573
4 20 9.885227
6 7 10.237072
0 17 5.096790
2 11 6.110868
5 1 14.332226
0 22 3.560833
6 7 6.301770
0 13 7.378129
1 19 12.599473
0 18 11.954393
4 9 11.617289
4 14 11.681300
6 15 8.112838
0 13 12.612367
2 6 10.067383
4 6 7.754849
1 7 9.825515
0 3 12.497952
0 10 7.823094
0 10 7.929340
2 10 7.446962
5 19 17.400450
6 3 15.493237
2 9 8.797153
2 22 7.382785
4 22 11.296779
4 22 16.595657
5 22 6.032647
0 13 5.958452
5 1 3.036969
5 22 12.296742
1 22 10.482406
2 10 5.450835
6 0 9.018963
0 8 4.283101
0 8 14.880651
4 19 8.267586
6 7 5.499917
0 7 13.340344
0 10 10.902547
1 19 4.989061
2 0 4.663134
2 0 13.616224
2 20 13.421822
3 9 4.957594
6 22 12.538927
0 6 9.447915
0 9 10.063890
1 15 4.907274
5 10 8.766188
5 19 4.989061
0 6 17.669382
1 9 15.703395
1 10 4.125923
3 5 9.605380
2 7 6.443771
5 6 9.101307
6 17 9.841699
5 20 7.053291
1 15 2.448919
3 7 14.298579
3 7 10.333187
0 13 8.956552
3 9 8.893498
0 2 10.244224
1 16 32.391205
4 19 3.808947
6 22 4.907274
0 21 7.741651
1 23 7.691246
5 18 9.202702
2 9 4.268217
2 9 4.781137
3 18 17.365847
0 0 5.740043
1 14 5.498514
4 14 8.230685
4 23 11.087337
5 10 4.779416
5 19 4.194688
6 8 7.296788
6 8 16.713867
5 12 6.060500
0 16 4.213954
1 12 10.168246
2 13 4.895371
5 9 2.881081
5 12 4.194688
5 12 6.251077
0 22 8.386777
0 0 17.511574
1 12 4.452580
0 19 10.109909
1 11 7.745721
1 11 12.470479
1 12 7.181857
1 14 6.847755
0 20 10.116002
1 11 7.488822
2 20 8.599182
6 10 14.151493
0 8 9.562090
6 20 7.929340
4 7 3.801241
5 16 6.739939
0 11 6.221482
0 22 42.741028
5 5 7.867238
0 13 5.321428
6 5 12.742455
6 13 2.448919
4 23 3.673378
6 0 10.902547
6 22 7.296788
0 18 4.907274
1 18 4.125923
0 19 5.270702
6 15 9.596305
0 1 8.282775
0 13 8.797153
0 0 10.264783
0 18 12.664522
0 20 9.062317
6 17 6.854176
2 5 14.794626
2 10 4.149354
2 15 16.670216
3 4 10.707782
3 4 13.614010
3 15 7.885668
1 13 7.959574
6 0 7.479106
1 6 8.382640
3 8 9.619423
3 8 6.803266
3 10 5.057745
0 15 4.974010
0 15 7.561731
3 11 7.738749
4 10 4.276339
3 10 8.092802
6 16 8.681986
0 21 8.582031
1 12 12.618861
6 17 4.435742
6 18 3.573950
0 18 7.238904
6 4 12.269692
6 9 10.188215
0 15 6.521644
1 19 7.296788
0 13 5.360705
5 6 7.212401
5 9 4.989061
3 20 5.757430
5 10 4.989061
6 19 24.489189
1 6 11.236728
6 21 11.894011
6 23 6.348477
0 1 10.575482
0 9 9.099284
0 10 6.369015
0 14 3.872429
3 18 6.813301
0 12 9.841699
6 22 13.047666
2 17 19.794292
2 23 10.614751
3 21 7.138915
2 21 14.893750
2 23 7.296788
3 14 4.304346
1 9 7.381075
1 18 8.065745
5 19 12.381335
0 12 29.033926
0 12 11.934332
2 0 6.624028
2 0 15.009082
6 23 5.699473
2 19 4.645961
3 19 6.731615
3 21 6.954751
5 2 7.301554
5 21 12.744714
6 1 13.498817
4 14 4.194688
0 12 11.755244
1 20 6.418990
0 22 7.296788
5 15 6.301770
6 20 9.605380
0 9 12.427483
6 19 10.101130
2 18 9.841699
4 9 4.452580
0 8 8.233866
0 11 4.855017
0 13 6.754097
0 21 4.351203
3 20 9.045787
5 21 6.001685
5 17 8.335709
2 8 7.301554
4 21 10.652561
3 8 7.866046
6 11 9.935537
3 13 12.606451
6 9 4.145992
6 9 16.683159
6 13 4.477619
0 11 2.408773
3 22 14.293226
3 22 2.470711
4 20 6.127218
6 10 9.049323
6 18 4.751487
4 6 8.694358
6 2 12.652810
6 20 6.388484
5 7 8.786989
0 9 7.301554
1 0 7.413846
6 16 4.989061
5 10 5.332043
6 16 14.053932
6 20 4.828124
6 7 14.058678
0 10 8.053848
6 15 6.047243
0 13 6.035767
0 0 4.237199
2 2 12.239944
3 21 8.550631
5 6 7.181857
0 7 10.021168
2 0 14.162693
4 23 7.191814
2 18 2.453868
6 11 3.333276
0 21 7.043943
1 0 4.878259
1 4 7.418402
1 23 11.838269
1 21 8.256551
2 10 2.408773
6 16 8.786989
0 16 7.094673
0 19 6.025498
2 5 8.725065
2 6 4.989061
3 14 8.601833
4 6 7.418402
5 7 4.828124
0 4 8.085908
0 17 6.803266
0 19 5.366510
2 7 5.161098
2 12 13.326517
3 6 7.418402
3 7 4.989061
4 4 9.447915
4 6 6.643374
4 8 4.573368
4 8 13.368577
0 19 6.815072
1 7 2.448919
4 5 5.675045
6 7 9.468244
6 7 15.897690
6 18 4.009528
6 20 4.402113
0 4 7.439768
0 20 7.673191
0 23 9.774803
3 10 5.867420
6 18 3.979702
0 20 11.504647
1 20 6.630338
1 20 12.290466
0 8 8.582031
0 8 6.935975
0 8 7.296788
2 22 6.815731
3 6 6.671840
3 22 5.135009
4 14 7.202746
5 8 11.735696
1 19 7.336178
1 19 15.380687
1 20 7.221364
1 20 11.959929
1 20 3.924464
6 0 6.852443
6 13 5.168697
0 15 4.677245
0 20 7.296788
6 9 10.188215
0 9 7.260074
4 16 7.054956
0 16 4.194688
0 18 9.101307
1 15 7.172539
2 8 10.984149
2 8 6.938107
2 9 5.472210
2 9 8.279463
6 19 3.398301
1 10 9.664618
2 13 11.537050
2 18 6.398251
5 15 4.907274
6 11 4.720896
6 11 13.887757
6 19 7.859382
1 13 3.872429
2 10 1.689491
3 21 4.897838
5 10 6.478389
6 11 7.125879
2 20 10.902547
2 12 4.828124
2 19 12.051220
6 14 4.268676
2 20 7.181857
4 23 13.800356
6 8 10.716543
6 10 9.264490
6 10 8.755663
0 9 10.874016
0 22 4.059376
4 14 7.523498
6 10 8.395192
6 10 12.708476
6 10 5.913548
6 12 5.756609
6 15 4.863671
6 15 4.304142
3 9 6.845207
4 15 6.301770
2 22 19.980436
3 17 6.227564
0 16 6.952269
3 9 2.490426
1 10 3.595447
4 9 5.090534
3 20 11.343603
4 0 6.278142
5 14 5.947005
3 20 5.471473
6 2 10.914789
0 14 7.270887
6 16 5.986874
1 20 9.688832
1 20 14.458738
5 12 7.577271
1 20 8.297601
0 19 5.616616
4 23 8.053848
0 19 12.954111
6 22 11.760474
2 15 4.989061
2 18 10.736398
3 10 8.590710
3 10 14.957315
3 13 7.920296
3 13 13.291419
4 19 8.958552
4 10 5.779963
5 12 4.907274
5 17 6.624028
4 9 6.056558
1 9 8.603646
6 20 5.666970
2 17 5.756609
2 20 6.874658
0 2 9.813721
5 21 7.328332
5 19 6.629448
6 21 11.087337
0 0 12.830667
2 13 2.448919
3 13 11.555913
3 13 4.321621
3 13 7.176041
0 11 7.834127
6 19 5.675045
2 12 8.725065
4 1 7.745721
0 21 10.723817
6 23 12.470327
1 9 4.304346
1 9 14.377526
5 12 7.181857
6 11 6.410699
6 21 3.887546
5 2 10.105079
5 23 7.787225
0 14 7.181857
0 14 12.708476
1 19 5.063467
6 11 6.739939
3 22 8.351110
6 15 8.257440
2 2 13.844755
6 21 6.131879
0 14 2.612284
1 18 11.655149
6 17 8.096426
5 15 8.526035
6 14 7.776120
1 12 4.897838
6 8 10.902547
0 20 7.058401
0 22 5.761663
6 3 10.341468
0 14 10.824404
3 0 12.559322
3 3 9.101307
3 19 4.144874
4 2 8.490203
4 20 14.524137
4 20 7.418402
5 2 12.304213
5 2 13.973990
6 4 10.735858
6 8 7.418402
6 23 5.440028
6 14 4.907274
0 14 4.878259
0 21 5.662531
3 21 11.710602
3 21 12.801340
5 19 26.030416
6 7 9.169279
6 10 4.989061
6 11 9.179475
0 20 7.564145
1 22 5.704365
1 22 15.561399
3 9 4.931663
5 5 5.345423
0 10 4.989061
0 13 4.218184
4 6 6.629448
4 9 10.919543
6 12 12.218540
6 13 10.110927
6 14 5.097215
0 23 13.340344
2 15 7.946299
2 16 7.854919
2 11 6.871109
1 16 8.914887
1 16 14.120528
2 20 5.345423
4 21 5.442613
0 7 7.179098
6 18 4.751487
0 19 12.910010
1 10 6.804826
1 12 5.799703
1 12 6.904507
5 7 11.871270
5 20 10.283917
5 20 9.061293
6 19 5.651351
6 12 5.442613
4 7 5.095406
3 7 4.605288
1 8 13.275554
6 10 7.921818
6 9 5.345423
0 12 6.629448
6 18 5.135009
6 19 5.769629
1 9 7.294183
1 9 10.957598
1 23 13.962299
6 13 7.415753
6 13 18.262663
0 13 6.739939
3 23 9.500238
5 7 6.442548
2 17 4.828124
4 1 12.097404
5 16 5.539676
6 17 7.418402
0 12 6.396770
0 13 4.451850
0 13 6.003474
3 23 9.053631
6 9 19.037882
6 17 5.539676
6 21 4.605288
0 12 10.308956
0 1 11.164244
0 2 4.893459
0 20 3.813353
4 1 6.418990
4 2 12.164120
4 20 5.558659
5 15 4.295355
6 9 14.288164
0 10 6.522522
0 11 8.902081
0 13 6.301770
1 23 4.535511
6 12 8.640037
0 15 7.516621
4 17 5.670253
0 23 11.850367
6 10 4.989061
1 13 6.803266
3 6 11.792902
5 18 8.913883
5 18 11.213361
3 6 5.934721
3 6 8.965674
3 7 22.241539
5 6 4.989061
2 5 6.629448
2 7 7.109576
3 6 6.744001
3 7 6.621260
0 0 9.680359
0 8 18.026945
2 21 6.629490
1 1 6.182001
1 20 8.839264
2 22 32.820961
5 23 6.301770
1 0 8.259500
4 15 8.732163
3 12 3.610682
5 1 9.462872
5 19 9.485461
6 20 9.470640
2 23 6.629448
0 1 11.530645
0 20 7.675760
6 20 10.979288
6 22 7.521708
0 1 7.176041
2 0 5.938523
2 12 6.978847
4 19 7.674209
6 18 1.936215
1 9 6.629448
1 19 5.073622
1 22 6.416456
5 23 4.472476
3 20 10.869713
2 9 8.441698
4 12 12.579863
6 18 9.472767
0 21 13.340344
0 18 6.854176
1 18 11.539385
2 23 6.127218
6 8 6.719940
6 19 4.720896
1 11 3.872429
2 20 12.339993
4 8 9.170481
0 18 4.642540
2 6 6.685009
5 18 6.666307
3 17 4.736526
3 17 9.599915
5 19 4.535511
6 1 7.418402
1 18 4.798287
3 6 6.929224
3 9 9.714267
3 23 8.437304
3 23 10.892980
5 6 10.934927
5 9 6.809283
6 4 7.687760
0 7 4.907274
3 18 7.961771
3 13 9.386256
6 23 8.133093
0 15 6.507472
1 15 2.577809
1 23 7.395502
5 22 8.475440
4 20 9.841699
1 10 5.986874
3 9 7.129999
0 9 5.938523
0 17 11.925655
4 21 6.744001
4 18 7.415753
1 12 13.079411
5 19 24.027830
3 10 6.792366
3 14 5.986874
5 9 5.675045
1 0 7.965332
6 10 10.822639
6 12 8.727531
6 14 4.907274
6 15 9.991757
2 20 9.588537
2 20 11.714381
6 12 9.962738
6 19 14.799033
6 23 7.058401
0 0 13.974900
0 10 4.277063
0 12 7.649195
2 22 6.301770
5 21 4.989061
1 6 10.723817
2 9 5.557845
5 20 6.487543
5 20 15.219725
6 2 11.355805
2 5 7.685847
2 13 8.521243
0 15 6.611526
6 12 7.418402
2 8 4.613441
0 8 8.671800
0 23 8.913883
1 12 6.098352
5 18 12.490288
5 21 11.227689
0 13 11.555913
6 15 6.269072
2 10 7.545304
0 21 7.948287
4 22 2.193062
5 17 9.286292
6 9 8.872948
6 10 4.005961
1 19 4.989061
5 16 6.630338
