0 18 5.478519
4 20 7.129809
5 22 4.886777
3 21 4.886777
6 23 4.806665
4 2 7.328406
2 5 4.654073
0 17 6.885261
6 20 5.899185
3 7 15.405020
0 0 2.385130
6 4 6.324053
6 22 4.581353
0 19 3.429639
1 0 7.568550
0 15 4.806665
5 14 5.334019
6 23 8.386321
2 17 4.886777
6 15 4.158506
1 16 3.169818
6 23 6.764682
0 17 7.452616
1 21 7.344278
4 9 10.548523
3 14 7.794504
4 21 6.637926
2 19 9.415608
5 18 4.102117
6 2 8.621654
4 17 3.429639
1 22 4.886777
3 19 2.407759
4 20 7.597529
1 1 7.837266
1 11 12.078009
0 21 6.107005
6 10 9.484858
4 22 4.129671
6 23 10.132180
0 2 7.994625
4 9 11.748838
5 19 2.838334
0 9 3.218584
6 23 7.208268
0 17 9.079555
6 20 5.015135
5 19 3.607034
6 18 8.296309
3 22 5.987164
6 1 8.924810
6 22 4.191510
1 9 4.191510
1 11 14.143691
1 13 11.728264
3 16 9.804112
5 11 6.016575
0 21 7.328406
1 2 8.011940
0 21 8.240942
0 22 8.378291
1 1 1.045171
2 2 3.374322
2 0 3.486799
2 0 13.596326
2 1 2.791028
5 19 5.334957
0 13 7.495633
6 22 6.637926
0 2 15.431927
1 15 5.058121
5 5 13.717597
2 19 4.809361
0 19 9.510250
6 0 1.867928
2 11 13.023280
4 12 7.328406
6 9 7.241374
6 10 6.910652
6 12 4.510871
2 16 6.601139
6 22 2.447888
1 2 4.058464
6 19 6.368321
0 18 1.062885
0 20 8.046713
1 20 6.764682
2 1 2.788002
6 23 7.182199
3 16 4.886777
4 23 8.620189
2 13 3.909421
0 1 4.323597
0 6 6.633139
0 11 5.429752
2 17 14.172841
6 15 7.208268
4 12 4.806665
6 13 3.670315
2 0 3.486799
5 9 8.474167
1 7 4.969604
0 2 3.611940
1 22 2.937466
4 1 13.415110
6 1 5.331029
6 3 6.268919
1 1 4.886777
1 1 38.669033
1 7 3.429639
6 22 3.664203
3 10 7.537590
5 20 6.821177
0 14 4.806665
6 23 7.301902
3 14 4.102117
4 21 5.837767
5 20 2.660283
1 0 5.143976
1 3 5.711428
4 18 13.431024
6 7 10.837718
6 20 1.045171
6 21 4.701921
5 9 4.654073
3 8 7.288032
5 0 5.935063
6 19 5.899185
1 23 10.626317
2 1 11.219244
2 6 5.982855
5 3 8.195517
4 18 9.028389
0 15 5.015546
4 19 4.583922
5 23 9.148714
3 14 2.391579
0 18 3.987184
1 8 7.182199
4 7 7.301902
4 8 5.238769
5 14 6.519356
6 9 7.609135
0 3 5.331029
1 17 9.465246
2 13 8.460997
3 2 7.328406
4 13 5.935063
6 20 10.617485
6 23 8.992993
6 22 4.886777
4 22 7.092006
0 23 9.098104
1 1 5.235832
2 21 9.470233
5 20 7.208268
5 21 3.076588
4 20 6.676616
5 21 6.193019
0 13 7.328406
0 11 3.545898
2 17 4.981142
4 1 9.890110
5 17 8.154922
5 21 4.445015
2 19 5.749149
6 9 13.894162
0 0 3.758157
2 21 4.878010
5 0 6.991083
2 14 9.080579
2 23 8.985345
1 1 4.924338
6 11 11.685367
0 19 9.676525
0 12 7.223880
2 18 3.607034
4 19 3.429639
0 2 8.139866
3 21 6.662187
4 13 2.407759
4 14 8.787657
4 15 8.931717
0 20 10.010789
0 20 8.455853
4 22 8.011372
1 23 6.250571
6 16 5.143976
0 17 11.010945
4 23 2.159901
1 9 17.336100
6 13 5.331029
0 2 1.119826
0 22 7.452616
1 22 5.146860
3 19 3.429639
6 13 1.028037
6 16 5.749149
5 23 9.740790
0 20 12.239441
2 21 5.432797
3 22 3.670315
6 9 5.935063
0 4 3.122507
3 19 7.714111
4 7 7.344278
5 21 10.312254
4 19 4.886777
6 12 9.740790
2 10 15.616586
0 10 7.074977
1 11 4.442524
0 21 4.806665
1 1 11.440157
0 11 4.581353
0 22 11.904494
1 0 4.806665
4 23 4.129671
5 21 9.665810
3 22 4.513401
1 20 10.066358
6 9 4.809361
3 22 5.770308
3 9 10.614453
1 19 2.937466
6 16 5.331029
5 8 5.977370
6 8 12.836315
1 1 4.191510
5 18 6.035657
5 19 7.208268
0 6 5.899185
3 20 9.625483
6 12 2.331322
5 5 7.208268
6 23 4.886777
0 13 6.979434
0 18 7.208268
6 18 6.238439
1 2 7.328406
2 18 4.654073
4 21 1.279801
6 19 5.429752
0 1 4.889517
4 17 8.142673
4 22 19.158985
6 11 11.011475
1 6 7.835838
3 5 9.585979
3 6 10.823101
4 16 4.889517
6 20 6.519356
6 20 7.868869
3 14 4.535325
5 18 9.625483
3 17 4.341852
4 9 13.954219
0 22 7.328406
1 3 1.028037
5 13 1.493101
6 3 4.809361
0 13 5.231951
0 15 6.014559
1 20 4.806665
2 0 5.935063
0 19 4.886777
2 14 11.423088
4 15 4.806665
1 0 5.837767
1 0 12.220716
3 15 3.611746
2 12 7.468757
3 9 6.529107
4 0 6.821177
4 3 7.301902
4 5 9.968668
6 2 5.837767
5 15 2.447888
6 19 7.236152
1 10 4.264827
5 8 6.268919
2 1 12.337321
3 2 7.328406
5 12 4.510871
0 15 4.729139
2 20 10.662783
1 2 7.701705
0 18 7.328406
1 19 8.142673
3 16 3.169818
1 0 5.802477
2 0 10.487983
2 1 4.806665
6 23 8.090974
1 17 4.191510
5 2 4.972390
6 20 10.532454
2 15 5.862725
5 14 4.806665
6 22 5.941951
0 14 4.886777
5 22 7.581110
1 19 9.741636
4 19 7.468757
1 10 14.136247
6 19 6.740218
4 13 4.806665
5 17 7.328406
5 23 3.429639
6 14 7.714111
6 18 7.208268
4 13 6.994550
5 19 4.806665
6 21 4.510871
6 21 13.961438
2 13 3.486799
2 16 4.889517
3 13 7.208268
6 20 3.268874
0 1 10.724496
1 2 6.309462
1 23 4.806665
4 21 5.941951
5 18 4.111948
4 20 7.066357
0 4 3.429639
6 10 6.870380
6 18 10.827950
0 1 6.633139
1 5 2.532298
1 17 6.202286
2 13 9.073558
2 7 9.740790
1 14 3.670315
5 17 14.888981
6 23 4.806665
1 3 7.853373
5 0 9.581106
0 12 8.296309
6 11 12.616701
0 23 9.033145
6 8 4.886777
4 3 2.745274
4 14 2.447888
6 23 5.334019
6 9 6.745565
4 15 5.566282
6 18 9.554073
6 19 8.621654
0 16 4.535325
2 10 4.235126
2 16 10.471294
6 22 4.886777
3 7 7.079097
4 18 9.625483
0 19 12.185374
0 19 16.637722
3 22 4.886777
6 12 6.268919
0 20 7.330165
1 2 4.583922
6 17 2.489378
0 15 6.994550
0 7 7.328406
6 12 7.452616
1 22 5.238769
3 23 5.695879
3 23 8.108024
3 23 9.640559
5 10 7.344278
5 14 4.122797
5 14 6.316602
5 14 6.632432
0 12 4.886777
4 7 7.208268
4 15 5.331029
4 18 8.011940
6 17 6.238439
1 15 1.028037
1 20 2.489378
2 0 7.208268
5 10 6.127316
6 23 17.664587
2 17 8.794086
2 21 4.886777
6 14 5.899185
0 20 6.632432
0 21 8.976740
0 21 5.938043
1 19 6.576965
5 7 9.169457
0 13 6.975041
1 5 5.231951
6 17 6.060931
1 19 11.317794
5 23 29.377111
0 13 4.729139
3 14 3.429639
6 22 3.268874
3 22 4.102117
5 15 4.886777
6 14 4.377375
0 15 1.028037
0 23 7.328406
4 0 4.654073
5 23 8.027421
5 23 7.245003
6 3 10.471664
0 14 5.753716
4 21 7.853148
5 0 8.752755
6 15 9.557425
2 18 8.011940
4 17 4.513401
0 0 11.496036
5 20 7.301902
6 3 7.686213
6 15 6.633139
6 23 12.023607
2 7 9.740790
3 0 3.320761
6 21 7.803693
0 12 9.274970
0 17 31.507751
0 18 7.677997
6 7 4.731791
2 22 7.328406
4 3 12.813206
0 14 3.429639
2 12 10.122587
4 14 4.056300
6 18 7.422554
3 17 3.486799
5 22 13.295507
0 19 7.344278
4 15 7.486373
2 20 3.486799
2 21 15.025235
6 22 5.147766
3 12 1.290021
4 22 7.965712
0 1 10.466466
0 12 4.191510
6 21 5.429752
6 22 6.764682
1 23 1.803517
2 0 2.407759
0 13 5.952119
0 16 3.374322
6 4 5.331029
6 18 5.331029
6 21 3.585480
4 19 5.044493
0 0 11.114309
3 0 7.328406
5 22 16.226450
6 7 7.344278
3 18 13.654754
4 17 8.621654
4 0 1.149542
4 23 18.021477
6 10 6.102605
0 20 13.705921
0 21 2.447888
3 15 4.809361
1 0 13.017472
4 2 7.344278
0 15 5.864132
6 10 4.583922
0 5 6.633139
0 20 12.416831
3 20 6.492572
4 12 3.429639
0 9 8.142673
0 13 8.973558
4 19 5.297643
6 11 3.735857
6 13 5.802901
1 0 7.965712
1 2 7.581110
2 18 9.319911
5 21 3.268874
6 20 6.870380
6 23 4.442524
4 10 13.553885
0 0 4.124996
2 17 7.328406
6 9 6.662187
4 19 4.972390
0 9 8.640327
6 16 1.045171
5 23 1.334260
0 20 8.229558
5 1 6.474614
6 23 7.452616
0 20 3.803781
6 16 6.637926
5 1 7.301902
6 0 8.837875
6 18 8.378291
6 21 7.030850
0 10 14.143691
0 16 6.523903
1 9 8.473948
