0 18 4.824770
4 20 7.129809
5 22 9.040027
3 21 5.944598
4 23 8.006159
4 23 8.881849
5 12 14.013637
6 23 3.390893
6 20 3.903466
4 21 13.417999
6 14 6.270131
6 19 12.773085
4 2 3.216514
2 5 6.497159
5 8 4.480709
0 17 8.030451
6 20 5.899185
6 23 3.981153
3 7 15.405020
0 0 4.020642
1 11 9.195907
4 9 6.043675
6 4 3.669513
6 22 3.602046
0 21 2.160345
0 23 3.291769
4 12 10.175503
5 6 10.582369
6 2 9.959892
0 8 5.989451
0 16 2.372838
6 13 21.090757
6 23 7.816793
0 22 9.963006
2 17 3.997148
2 21 6.172301
6 15 6.739368
0 0 7.756066
0 17 3.730672
0 18 4.277040
1 21 7.203428
1 23 16.701542
4 9 10.548523
4 21 4.854014
6 3 7.406761
5 18 3.108893
6 2 2.297510
4 17 4.552979
6 19 5.200729
1 20 11.852769
1 22 6.172301
3 19 8.730180
4 20 4.809585
1 1 7.837266
6 17 4.854014
6 17 19.207741
6 18 13.256878
6 18 3.669513
0 21 5.021394
0 21 5.280103
1 2 8.450777
1 2 6.325380
6 14 5.295288
6 14 12.856332
6 22 22.520639
4 22 5.943691
4 22 13.396936
0 2 4.627617
4 8 8.056601
6 23 7.618059
0 17 4.276053
3 23 6.705624
6 17 15.583660
6 21 22.784420
0 0 4.420582
0 0 5.087280
0 19 22.586432
2 0 4.627617
2 19 19.318655
5 19 4.223402
5 22 10.929604
2 13 4.697433
2 13 8.634850
5 23 14.277626
6 22 6.172301
6 23 12.155397
1 9 2.038635
3 11 1.015718
4 20 15.048279
1 9 5.393349
1 9 15.042736
1 10 8.187504
1 11 14.143691
1 13 4.523222
2 13 2.453273
6 1 5.407855
6 17 4.640839
0 4 12.813095
0 8 2.539353
4 10 13.798316
5 11 6.016575
1 23 9.192154
6 16 5.169397
6 21 2.226817
0 4 6.172301
0 21 6.788379
1 2 9.016299
6 2 9.621794
6 16 6.401683
0 15 9.987169
1 11 3.607920
2 2 7.112981
6 18 6.276916
6 19 6.376888
0 3 5.963730
2 0 6.901518
2 21 4.223402
5 19 4.412740
6 10 7.933233
0 1 9.016182
0 13 7.495633
0 21 4.901400
0 2 4.854014
0 19 5.838813
1 15 5.078482
2 1 5.718635
5 5 13.717597
5 5 14.211460
2 1 3.793903
2 19 3.334378
6 19 9.477406
2 11 13.023280
2 14 11.310877
6 23 9.148496
2 15 4.866094
4 23 5.718635
5 22 8.082945
2 16 6.601139
3 12 6.396688
5 21 2.412385
6 22 3.938835
6 23 9.191486
0 0 6.853797
6 19 7.775024
4 9 13.563123
6 3 3.391520
6 19 3.131422
0 20 8.046713
1 19 6.109931
1 19 14.494287
1 20 2.631693
2 1 2.788002
2 21 13.917063
2 21 26.933350
3 1 2.372838
4 20 5.726070
6 23 7.182199
1 2 15.959164
1 2 10.814138
3 16 6.290077
4 23 8.620189
1 2 20.395443
2 13 4.704744
3 1 22.652023
0 1 5.132449
0 6 4.031857
0 7 3.602046
0 9 10.940289
0 11 4.854014
0 12 1.863574
1 16 10.338794
5 11 7.618311
1 12 8.447804
6 15 2.783521
6 1 8.224446
6 15 25.790777
6 15 9.937145
6 18 3.785359
3 1 5.944598
4 13 9.723745
1 17 4.367205
5 9 7.687398
0 22 9.412199
1 7 7.267498
0 0 3.730672
0 2 4.854014
1 22 7.889174
4 0 14.939750
4 1 13.415110
1 1 4.854014
1 17 6.238511
6 18 13.425399
6 18 6.579557
5 12 8.328849
6 6 8.359177
6 16 3.730672
6 22 21.656145
1 15 3.724304
4 21 24.002985
5 20 6.821177
6 8 9.200741
0 15 5.786532
1 9 4.761192
2 3 8.006159
2 18 5.334736
3 15 12.804177
5 11 3.498589
5 11 11.836645
0 12 6.155465
2 20 6.783040
2 22 6.001842
5 11 4.669133
6 23 7.301902
6 23 7.513441
0 2 12.568006
0 20 6.075528
1 14 2.261611
2 21 15.826492
3 14 3.602046
3 15 6.564760
4 21 6.733419
5 20 2.660283
5 23 3.754808
5 23 7.626265
1 0 17.131815
6 7 10.837718
6 2 4.020642
6 20 3.457922
6 21 4.701921
1 21 17.839476
1 23 4.848706
2 1 2.372838
4 22 6.579557
4 23 2.297510
5 9 7.019691
5 11 3.317424
5 22 8.762066
0 22 17.417015
0 22 6.541047
3 8 10.501830
4 20 8.918899
5 0 3.848448
6 19 5.899185
1 21 23.682684
1 23 10.626317
2 0 18.173487
2 0 26.406040
4 16 4.936285
5 21 6.019519
4 18 5.200729
6 23 5.806225
0 15 2.038635
3 2 16.207071
4 18 4.161677
4 19 6.276160
1 16 9.850792
1 20 5.200729
1 20 7.683658
1 22 6.885312
2 20 4.809585
3 14 2.391579
3 14 7.344673
0 0 7.743908
0 15 6.394333
0 4 6.459973
5 8 8.055795
6 3 12.047031
6 21 9.708028
6 1 5.329531
0 4 18.717485
1 16 11.061948
2 21 5.200729
5 1 15.254503
6 5 10.737268
6 23 43.863712
6 23 18.215847
3 8 43.083206
3 11 1.735587
3 12 10.349058
4 13 14.373239
4 13 14.466285
4 14 39.948677
1 8 7.182199
1 14 19.244007
1 14 18.399937
4 7 7.301902
4 8 1.476971
4 8 2.412385
5 13 3.929505
5 14 5.981415
5 14 8.154976
5 23 5.751265
1 17 6.172301
2 13 4.480628
2 13 8.660789
3 2 4.069824
3 7 8.747275
3 7 8.971539
4 7 17.773830
4 12 6.671291
6 20 10.617485
1 12 13.285393
6 14 9.201429
1 0 12.487706
5 18 6.122914
5 23 2.453273
6 0 3.443697
6 23 6.074629
2 14 3.663098
2 22 3.730672
5 18 6.290077
5 21 3.848448
5 21 16.532896
6 23 4.627617
4 3 11.705929
4 12 12.744184
6 22 5.369927
3 8 6.043675
4 22 4.956834
5 19 9.059063
5 9 21.965393
5 14 9.479340
0 1 12.567076
0 23 9.098104
1 1 5.697508
1 8 10.390309
3 0 8.210219
3 0 17.146124
5 20 3.663098
5 21 13.916399
6 2 13.750770
1 10 2.412385
0 10 25.051727
2 18 10.698757
4 20 8.457361
5 21 4.223402
0 11 12.987100
0 11 8.201077
0 13 4.991142
2 15 6.485768
2 15 23.916992
2 17 13.913915
3 17 5.681318
6 7 6.452561
6 12 10.190274
0 14 8.965532
3 13 11.118045
4 1 20.334948
6 1 3.927023
6 8 6.703149
5 17 3.730672
5 21 4.463841
1 7 42.589241
2 19 4.550638
2 22 9.609789
4 3 21.348646
5 20 13.231986
0 0 5.541609
2 21 4.878010
3 0 14.393611
5 21 6.087171
1 19 3.279716
1 19 9.476505
1 19 11.213664
2 5 13.404881
6 2 4.480709
6 18 3.868641
0 8 8.187504
0 17 13.416940
1 21 9.129901
4 22 4.161677
4 22 12.427118
5 18 3.378042
5 18 5.312779
6 13 1.809289
6 17 5.479964
6 19 11.028254
6 19 13.932238
0 19 7.291510
1 11 5.596007
6 19 5.776007
1 19 4.480709
4 19 2.748891
6 19 12.722019
5 5 11.776466
0 2 8.139866
3 13 3.553021
3 22 10.149735
6 17 5.310406
0 20 18.605984
4 22 14.824116
6 20 3.607611
2 0 21.905313
5 23 1.176467
2 22 8.591605
6 16 6.112988
0 11 14.922687
0 17 5.334736
3 18 4.576089
6 10 14.697184
3 21 5.596007
6 14 4.866094
6 12 3.516910
6 13 3.426363
1 22 6.155465
3 19 5.927485
6 13 4.854014
6 13 15.510072
6 14 2.412385
6 16 3.497505
6 23 5.935297
0 9 18.420897
0 12 5.360856
0 20 9.990442
4 9 3.212180
5 23 9.740790
5 23 9.642248
6 13 8.730180
6 13 4.757241
6 13 12.813095
6 15 27.014297
0 20 2.412385
0 12 17.171865
2 21 9.628620
3 22 5.334736
6 9 5.494250
6 16 6.071115
0 4 4.545002
0 11 3.847359
3 19 3.730672
4 7 4.854014
4 19 5.078482
5 13 12.084806
4 20 25.332571
6 12 9.740790
2 9 9.943507
4 8 18.373396
0 18 20.368372
1 2 5.796243
0 20 4.630955
0 20 3.955276
1 11 3.264567
5 22 2.691284
6 23 6.868828
0 21 4.384715
0 11 6.733419
0 22 11.904494
0 22 26.406040
1 0 5.172543
1 1 9.667303
4 23 7.252409
5 9 14.266758
5 21 7.462853
0 21 9.229475
3 22 7.156476
4 5 13.175433
4 12 7.810045
1 20 10.066358
0 20 14.838040
6 9 4.389026
0 8 3.332311
1 7 9.343146
5 18 17.868111
6 1 9.763425
1 13 12.714755
3 9 10.614453
4 23 2.226817
5 23 18.666430
6 19 7.392646
6 16 5.132449
0 0 9.712660
6 5 6.979437
1 22 5.285823
1 22 25.910074
1 22 4.166252
4 22 6.454036
4 22 8.593565
5 0 6.581391
0 21 5.578777
1 2 2.920578
2 1 6.369989
2 1 8.006159
3 20 7.909741
5 10 12.268623
5 15 3.997148
0 16 20.349119
6 8 12.836315
6 12 5.868790
6 21 6.509494
0 21 5.944598
1 1 8.290884
1 19 5.446789
1 21 5.479964
4 0 16.027075
5 18 4.774440
6 13 17.882622
6 13 5.334736
6 16 3.334378
0 6 5.899185
0 20 4.854014
0 21 3.932581
1 12 10.557788
2 16 7.872206
3 17 12.399770
3 20 14.390368
4 15 3.226817
6 12 6.583538
6 16 2.631693
6 19 4.093453
6 23 5.351338
2 18 7.754465
5 19 4.765940
5 21 2.412385
5 23 7.772855
6 0 5.318620
6 20 1.670470
6 23 9.021185
0 13 4.952363
0 18 3.955276
6 18 4.774440
6 18 11.252483
1 1 11.535048
1 2 5.756323
2 18 4.114867
3 23 11.814425
1 21 4.989364
6 19 2.412385
6 23 3.139935
0 19 2.945267
2 13 4.627617
2 13 17.305000
4 9 10.192524
4 17 3.618578
4 22 4.774440
6 20 5.227494
4 0 3.793903
5 15 8.593565
6 11 6.809924
6 11 3.927023
3 6 10.823101
4 16 2.412385
5 4 12.433354
6 14 8.302490
6 20 3.997148
6 20 4.410668
3 14 3.663098
0 0 13.452518
5 18 3.498589
2 13 9.885807
3 17 4.341852
3 17 24.622816
3 17 26.765465
6 4 7.036922
0 0 10.576885
0 0 9.854012
0 22 3.514593
5 13 5.109488
1 20 5.128261
6 3 5.631875
0 15 6.014559
1 20 5.446148
1 23 4.524220
2 0 5.501688
2 21 3.922797
3 4 5.247282
5 11 16.699568
6 11 11.435431
6 13 7.889174
0 19 3.730672
4 15 5.776007
0 13 4.774440
0 13 10.128203
1 0 9.021185
2 19 10.214205
3 2 3.922797
3 15 3.611746
3 23 11.168669
4 2 4.476806
5 14 4.774440
5 15 19.710287
5 15 14.650146
0 21 7.087762
0 22 7.220312
0 22 10.014340
0 22 6.918825
1 11 11.252483
1 11 17.889851
2 12 4.346878
2 12 16.444622
4 22 6.788379
1 21 22.364763
3 21 13.159114
5 0 12.615402
6 23 5.721354
2 7 12.813095
3 9 4.550638
4 0 6.821177
4 3 7.301902
4 3 6.238511
4 5 9.968668
6 17 4.854014
6 17 10.442283
5 15 4.480628
4 18 12.201782
6 15 8.346128
6 15 13.703840
6 18 10.413905
6 19 2.193078
1 18 6.579557
1 18 7.683658
4 23 1.827975
5 12 11.279218
4 2 12.447411
4 19 12.544354
4 20 7.625994
6 2 15.811240
1 20 12.088194
2 1 12.337321
3 2 6.089575
3 11 12.060791
0 15 4.051698
2 20 10.662783
4 17 18.596392
5 12 13.506241
0 20 4.712385
1 0 4.712385
1 2 7.701705
1 19 3.730672
6 20 7.245779
6 22 2.193078
3 15 44.465477
3 16 17.073488
1 0 5.802477
2 0 10.487983
2 1 4.774440
6 21 4.704744
1 17 6.290077
1 19 4.550638
1 19 7.330945
5 2 3.730672
5 1 5.789725
6 20 10.532454
1 12 7.250981
1 18 13.361075
2 15 4.156937
2 15 11.355576
4 22 10.833540
2 15 5.571886
3 0 13.599549
3 14 2.226817
3 14 13.223364
3 14 3.613202
3 14 13.383357
3 20 3.927023
4 15 5.393349
5 14 4.936285
5 14 4.073196
5 15 4.896449
5 23 4.166252
5 23 18.711945
6 22 4.762559
0 1 2.495571
1 21 10.877931
4 15 6.290077
5 22 8.187504
5 23 20.809906
5 23 21.048710
1 19 9.741636
3 11 12.813095
4 19 4.412740
6 10 6.921562
6 19 6.740218
6 20 4.854014
6 20 9.094381
6 23 12.127186
0 22 27.127312
4 13 6.186961
5 11 10.355359
5 17 3.226817
5 23 8.980230
6 14 3.927023
4 9 14.773290
4 13 4.774440
5 19 6.043675
6 21 3.610327
6 21 12.414380
2 13 14.426806
2 16 2.412385
2 23 4.936285
3 13 4.704744
5 20 4.936285
6 20 3.981153
6 20 7.818802
0 1 6.370632
0 8 9.300354
0 20 6.076497
1 2 9.612011
1 2 10.400453
1 2 6.309462
1 3 4.224082
1 3 7.778709
1 6 14.964887
3 20 10.131537
5 19 7.883143
6 19 8.138721
0 17 12.059940
0 20 10.145696
1 11 3.366119
4 20 3.542996
4 20 18.002487
4 21 5.302067
4 21 5.247881
4 21 24.997513
5 7 9.539703
5 18 4.111948
5 19 6.711164
1 16 4.603781
4 19 4.993584
4 20 7.066357
4 20 10.442283
5 2 5.776007
6 19 8.123199
6 19 8.324206
0 4 5.664953
0 7 17.436804
0 15 10.550252
3 6 23.418842
5 13 6.967896
6 18 6.395437
1 5 6.564203
1 1 15.254436
2 5 8.332504
2 7 9.740790
1 14 3.610327
3 22 43.800640
5 16 5.109488
6 15 9.189981
6 23 5.973194
3 11 8.995013
5 0 9.581106
5 19 6.370632
3 15 4.697433
6 11 12.616701
0 23 3.793903
6 8 6.276916
0 8 11.948436
6 4 11.864412
6 7 23.336737
6 7 6.078424
1 0 5.315558
1 14 17.944246
6 18 4.145191
0 23 22.217287
2 18 4.847587
3 10 5.479964
2 16 6.487529
4 16 4.837872
6 10 22.609806
1 2 4.762475
2 10 4.235126
2 16 5.247282
5 3 14.196405
6 13 2.412385
6 21 10.669552
4 12 16.121166
4 13 9.885807
4 18 3.848448
5 21 3.785359
6 22 3.552413
6 22 7.629272
0 22 2.010321
3 22 5.109488
5 6 5.000331
6 10 10.328842
6 10 14.729308
0 21 5.915544
0 22 6.967896
1 2 7.264756
6 7 10.783080
6 7 13.151055
6 17 6.293179
6 18 5.097044
0 13 14.991689
0 15 6.396688
0 7 3.889355
3 9 5.361220
6 9 6.383373
6 12 5.129812
6 12 16.057606
6 23 10.404953
6 23 2.986010
0 2 5.718635
1 22 3.848448
5 11 8.980230
6 21 6.290077
6 16 6.071115
1 21 12.050315
4 7 5.948201
4 15 5.611183
4 18 8.873297
6 11 5.295288
6 11 10.616321
6 15 2.372838
6 17 4.854014
0 13 8.328849
1 20 15.633587
5 10 6.596652
0 7 9.476505
2 14 2.631693
2 17 10.115497
2 21 5.806225
3 23 5.479964
6 14 5.899185
6 14 16.718685
1 19 9.497920
2 18 10.176819
3 9 9.833521
5 7 7.029219
0 13 4.704744
6 16 2.453273
6 17 4.697112
4 22 9.520250
1 3 6.912018
6 17 2.783521
1 19 3.730672
3 8 18.132565
4 11 12.420927
5 23 6.071115
6 17 5.000331
6 19 6.593864
1 10 14.939750
1 10 16.239681
1 11 11.852769
0 13 2.539353
3 14 12.215500
4 0 5.247282
5 0 8.982676
6 0 5.501688
6 19 2.539353
6 22 2.495571
3 14 2.412385
5 1 3.730672
5 12 15.966730
6 0 21.791582
0 22 5.133343
0 22 2.902746
0 23 11.710438
0 23 11.343822
1 9 11.441656
1 16 2.783521
2 13 21.880310
3 1 4.704744
3 20 4.161677
4 1 8.020661
5 19 5.819712
6 0 5.288348
6 19 5.944598
0 13 18.212666
3 22 5.162648
4 18 18.623232
5 15 4.237701
5 15 5.295288
6 14 4.377375
6 21 7.915449
0 23 3.730672
4 0 3.669513
5 7 10.886819
5 18 13.158465
5 23 8.027421
5 23 4.936285
0 14 6.293179
3 22 11.295027
0 0 17.131720
0 21 23.988426
1 19 6.415257
2 20 5.479964
5 11 11.941604
6 12 10.737268
3 15 1.786952
5 0 12.650708
3 19 8.192310
6 18 10.008691
1 10 41.711937
6 15 3.619034
0 6 7.713748
0 6 11.030119
0 13 14.531466
2 18 4.346878
4 17 3.194564
4 22 3.405151
4 22 5.557021
6 0 7.177698
5 20 7.301902
6 3 7.686213
6 5 18.041752
5 18 5.612351
6 15 3.730672
6 20 3.730672
6 23 4.305183
0 0 8.429065
2 5 8.332504
2 7 9.740790
3 0 7.927583
3 1 6.705624
6 19 5.172348
6 21 3.730672
0 22 9.792897
0 23 10.207131
2 20 8.652575
4 23 8.187504
4 23 3.967859
5 3 11.059230
2 0 2.680428
2 20 16.932877
5 17 5.495111
0 18 6.409088
1 4 5.681318
1 13 12.338709
6 7 3.848448
6 8 12.921863
6 15 4.082911
0 20 10.035982
2 22 2.412385
4 3 12.813206
4 3 9.357642
0 0 3.905861
0 0 11.187040
0 18 6.433816
6 11 5.397527
0 14 2.894862
0 22 7.439188
1 22 2.639041
3 17 4.389026
0 19 9.483278
2 5 9.963006
2 18 2.584698
2 20 6.358157
6 21 19.974339
0 11 9.050586
0 13 9.436736
1 15 7.146373
6 23 7.517654
0 18 5.624887
0 18 9.988755
0 18 6.466889
0 21 6.287582
0 21 6.242516
2 17 2.193078
3 12 1.290021
4 11 9.378205
4 22 7.965712
0 1 10.466466
0 12 21.656145
1 9 17.617382
1 10 11.667731
6 20 5.904953
6 21 4.346878
6 22 5.425155
1 10 5.295288
1 23 5.001315
2 0 5.247282
2 10 4.607863
3 10 5.718635
6 0 18.798733
6 4 12.351747
6 14 4.165910
6 23 4.974229
0 13 2.462186
0 16 5.132449
1 11 2.334566
3 10 7.434568
6 0 13.165808
6 18 3.960412
6 21 3.193496
6 21 3.265303
4 19 5.044493
5 12 2.261611
5 12 15.510072
6 12 16.655289
6 15 6.075528
6 17 9.965339
6 17 15.543656
0 9 4.237701
0 0 4.936285
1 0 15.779766
2 18 13.545298
3 0 3.848448
6 7 7.338678
6 11 8.491117
6 11 2.778648
6 11 13.966327
5 22 16.226450
6 5 14.913977
2 7 16.983868
2 17 7.969248
5 14 6.172301
6 7 4.160583
6 7 7.803715
6 7 9.604572
6 13 10.571256
6 7 8.151820
0 4 7.365265
3 18 14.408184
4 17 4.342841
0 18 10.409060
4 0 1.149542
6 7 23.506514
6 22 11.893572
1 12 5.200729
1 12 12.308023
6 10 6.102605
1 18 3.793903
2 13 7.718631
3 21 10.955075
5 23 3.730672
0 21 6.901518
1 6 11.240182
1 13 14.863991
1 14 18.222307
1 15 17.754967
3 9 6.570096
3 11 11.250721
3 13 11.921536
3 15 4.627617
4 7 13.643677
6 11 13.201642
6 14 6.579557
4 2 4.854014
0 20 12.416831
2 17 8.459519
4 11 12.720070
4 12 21.656145
6 8 9.642248
6 8 8.547238
6 9 20.240234
6 22 6.475366
0 9 6.901518
0 13 2.261611
3 0 17.356232
4 18 2.495571
4 19 3.197719
5 18 15.980015
5 23 1.879781
6 2 30.386251
6 11 2.584698
0 17 25.689692
3 7 5.088854
6 16 5.295288
0 3 4.440517
1 0 7.965712
2 18 2.495571
6 8 3.334378
6 20 3.859316
4 10 5.946406
6 17 7.889174
2 17 2.412385
4 16 16.644075
6 9 4.123337
0 23 9.021185
2 18 5.791251
3 23 5.819712
3 23 2.412385
3 23 9.245955
0 12 9.712660
0 19 11.109085
6 22 1.693009
6 22 9.988755
0 1 6.509494
0 9 8.323962
0 9 12.491134
4 23 2.838100
6 22 23.610220
6 16 4.854014
5 16 3.981153
6 18 11.677451
0 2 3.390893
1 13 3.825595
1 21 17.225538
4 16 7.888382
5 1 9.953123
6 23 8.099408
0 13 8.029926
2 20 5.021394
6 22 3.686108
0 2 5.334736
6 16 3.669513
1 20 5.104252
4 20 4.342841
2 22 17.754967
5 1 7.301902
5 1 14.794897
5 9 15.344772
5 11 6.471695
5 11 9.334695
5 11 5.704239
5 11 15.628342
6 11 13.942760
0 19 6.274107
1 12 9.212094
2 16 5.806225
2 22 4.854014
4 19 6.901518
6 18 4.801935
6 23 5.335263
6 23 14.478985
0 10 14.143691
0 10 19.430176
1 9 3.640511
