6 18 7.818176
0 0 13.282364
1 17 9.740400
1 18 11.215883
1 22 14.695964
2 21 13.918733
3 18 4.474588
4 22 11.295345
5 11 14.569148
6 9 11.197565
4 21 12.150540
0 1 13.237943
3 15 7.330250
4 0 9.508467
1 0 17.458899
3 23 8.117167
2 19 8.991138
3 16 10.357437
3 20 8.318392
5 19 11.906465
6 15 7.100984
2 21 10.318462
6 2 11.280265
6 3 11.552665
0 0 14.749759
2 19 10.046439
3 9 16.655912
4 21 10.076276
5 9 9.864029
3 13 7.924430
0 14 9.580722
6 22 9.351925
0 0 12.150540
6 2 13.457414
6 4 13.600562
5 13 12.680764
5 15 8.523026
6 11 9.250451
6 13 9.131625
0 1 8.782132
0 2 14.173151
2 0 9.517654
4 22 11.808605
0 19 11.237715
0 1 9.059016
0 13 13.220373
0 14 11.951351
0 17 11.421940
0 20 11.319846
6 1 11.531493
0 8 9.591502
0 20 11.440914
1 9 14.019854
1 11 15.694101
4 20 8.837358
5 23 10.739442
0 11 12.715935
0 20 10.077808
3 12 9.325343
4 1 13.777466
5 16 12.150540
0 13 9.121205
0 20 10.253053
0 23 9.926873
4 19 9.580722
5 10 12.150540
2 7 7.149176
3 5 12.150540
3 10 4.847470
5 8 8.925807
5 22 11.774837
0 7 11.951351
0 12 15.586796
1 6 9.291118
2 12 14.668139
3 8 9.026092
5 6 8.840740
5 7 11.854538
6 2 8.742509
6 10 8.235469
6 19 11.410872
0 16 20.850193
4 7 10.263788
4 17 12.150540
6 11 7.775331
0 1 10.170470
3 9 8.330156
3 12 9.430593
4 12 8.003680
4 18 12.354732
5 11 10.177834
0 0 11.781301
2 17 2.009141
3 23 8.903304
3 18 2.987954
5 13 21.609585
5 19 9.951994
5 23 13.225370
0 15 4.936976
5 12 13.255135
6 0 16.956881
6 1 10.881081
3 11 13.720578
3 15 8.829432
5 23 13.255135
0 0 9.624049
0 3 15.699277
6 14 13.768336
6 21 10.852270
0 2 12.118302
2 14 12.150540
2 19 10.436143
2 23 11.851488
3 22 11.831579
1 2 12.150540
3 22 13.423978
4 17 12.859116
4 20 5.851437
0 18 15.850955
4 12 17.709818
0 18 8.669570
0 19 13.018435
0 22 7.817282
6 23 13.211322
0 1 7.141094
0 12 10.618196
0 13 8.829432
1 11 13.325395
3 13 12.356482
4 17 12.527977
4 19 8.552863
4 21 9.062757
5 11 10.185284
6 1 11.898250
6 14 11.699945
1 1 13.228274
1 15 11.831388
1 15 7.003683
2 19 12.790042
4 10 11.079224
4 17 11.026868
5 7 6.859793
5 7 8.312057
5 18 14.963883
5 22 12.107966
5 23 9.728011
4 8 11.486179
2 13 8.492827
0 0 10.135764
0 20 8.218273
4 22 13.018435
0 12 8.262708
1 0 11.951351
5 12 12.150540
5 21 8.538877
0 0 8.807781
1 1 11.801431
4 23 11.539384
5 21 13.845178
6 1 4.748065
0 15 15.216916
6 21 11.435302
1 12 12.150540
5 13 12.024549
0 20 11.433869
4 10 13.646535
6 0 13.634804
5 2 13.673034
4 22 13.174771
6 11 11.688480
6 21 1.820784
0 20 10.381445
6 0 14.294753
0 20 11.546634
2 22 12.709233
4 15 11.951351
0 19 9.949642
6 16 8.750973
0 1 11.030093
0 2 11.926647
4 10 11.758587
5 14 4.457234
5 22 9.668807
5 22 13.702336
5 22 9.022546
5 23 14.775253
6 2 11.391131
1 10 8.766789
6 3 9.250451
6 13 11.137268
0 14 12.356482
6 10 4.929631
1 20 11.212814
1 20 9.478771
5 20 11.778584
2 22 12.461915
1 1 9.098804
6 16 7.836837
6 21 9.631363
3 21 11.536637
0 2 13.542625
0 20 11.727049
1 14 10.193221
5 12 10.943393
6 2 13.500600
6 3 18.178013
1 23 10.270624
2 22 13.500600
4 18 7.464672
6 13 7.982381
0 12 4.406791
0 13 5.190848
1 13 8.668301
2 20 6.826376
4 21 8.180951
6 16 10.636313
1 9 12.906968
6 10 21.783407
0 0 11.758587
0 9 14.941614
0 22 10.628125
0 22 4.508973
3 7 11.809124
4 3 12.323950
6 3 12.805518
6 13 8.697827
6 18 12.150540
6 20 14.358608
0 18 11.333071
0 22 10.624784
3 21 11.420197
4 7 15.969432
5 1 14.749759
5 14 6.665021
5 19 11.746264
6 0 14.976578
6 0 11.446885
6 3 8.120091
6 17 17.613380
0 18 7.296965
1 10 6.874675
3 9 11.341676
3 11 9.678000
3 18 9.961183
4 18 11.038931
0 0 7.944331
0 1 11.417542
0 1 11.593858
0 14 12.356482
0 15 10.741835
1 4 14.170326
3 22 13.591256
4 10 8.584664
4 13 7.569760
4 15 10.926230
4 23 10.503417
3 1 13.445794
3 3 15.169538
4 3 13.985188
4 22 13.288044
5 3 10.498962
5 7 7.411327
5 16 11.758587
6 20 8.002809
1 4 9.984881
2 19 8.784343
4 20 9.868689
6 2 8.619158
0 20 13.909442
1 15 11.222913
6 21 14.775161
2 20 18.225811
4 20 11.538826
3 12 5.077827
3 18 1.879519
2 21 7.129050
0 11 6.524912
1 17 11.391131
1 19 12.110378
1 23 11.940608
2 0 14.517665
2 20 11.612306
0 3 9.172468
2 20 15.374352
6 12 8.469913
6 20 5.467951
0 0 13.895503
0 22 8.938271
4 20 9.580722
5 3 11.322528
6 1 11.459294
6 1 9.501220
2 12 7.412201
5 22 10.493397
0 10 11.319846
1 18 2.349679
3 21 11.521955
0 0 12.554739
2 10 12.704870
4 8 7.234529
5 11 7.341994
6 4 9.575263
6 8 14.195622
6 17 12.308418
0 2 11.429494
0 4 9.740400
4 15 13.542625
0 2 6.018790
1 12 9.059016
2 15 11.094027
2 21 11.747172
3 13 13.602689
5 12 7.466325
3 9 6.720299
5 22 11.199308
5 23 11.808605
0 14 11.521955
6 21 14.695964
1 23 11.215883
2 2 16.465883
2 22 12.805518
3 0 11.215883
4 11 10.960032
4 12 13.768336
6 17 9.223309
1 0 12.920534
2 11 6.085300
3 1 12.823424
4 12 9.229014
5 20 14.561737
6 17 11.210845
1 15 6.985581
2 1 10.651732
4 0 17.117558
4 21 11.879492
4 23 11.926231
5 7 8.684688
6 4 1.910790
0 23 11.951351
1 20 11.002358
1 22 10.554469
2 15 11.215883
2 22 11.965569
3 17 2.273883
1 20 11.505691
5 21 8.552863
6 13 11.981023
0 9 10.087814
1 18 12.150540
1 20 6.826376
2 8 9.089643
2 20 10.091401
3 0 16.820581
3 14 16.648079
4 0 7.010326
5 12 9.577372
6 10 17.721956
1 5 12.356482
0 0 9.814120
0 1 11.627121
2 19 14.411078
2 20 7.222119
4 19 11.754806
5 10 7.345044
0 23 14.945047
1 13 9.211550
2 23 13.829401
3 1 10.556642
4 0 13.018435
4 0 10.978097
4 11 13.755328
6 2 8.809953
4 17 12.150540
5 20 12.330546
6 22 14.019854
0 1 16.866890
3 0 5.210305
5 11 5.289535
0 9 12.517479
0 10 17.558502
5 15 11.758587
5 20 10.625891
6 17 9.810480
6 23 13.225370
0 17 11.508511
2 22 15.957001
4 21 8.040775
0 15 7.240945
0 16 10.059776
3 21 13.723227
0 12 12.961788
2 22 8.627634
5 23 9.976249
6 21 10.840271
0 11 6.844943
0 15 13.874525
0 22 11.656274
1 21 12.271707
5 2 9.740400
5 3 12.726104
0 4 10.516811
5 7 11.784550
1 1 12.839009
2 14 13.083397
3 9 10.698678
3 13 5.702906
5 19 8.891026
6 10 8.523026
6 16 14.294753
3 7 12.424880
5 22 12.128881
6 16 15.241583
2 20 13.055429
3 21 13.445794
4 16 11.951351
5 11 13.267208
5 13 9.740400
5 22 14.322436
5 23 16.610939
6 16 10.414749
1 17 11.391131
2 11 14.119298
2 16 7.818176
2 22 14.235268
3 11 9.905492
4 15 12.680764
4 23 14.414485
6 17 11.508142
0 0 35.358452
0 14 9.707963
0 21 10.861749
3 16 10.545754
0 17 11.581807
1 0 12.150540
1 0 13.032967
3 19 12.128078
4 17 12.463215
4 20 5.075847
5 4 9.740400
0 7 11.571943
0 9 8.648196
0 16 8.544612
0 20 14.939771
4 21 9.212559
5 12 6.241132
1 14 12.052114
1 21 9.250451
5 9 6.648935
5 14 20.853136
6 23 9.740400
6 1 13.228274
6 14 7.461492
0 0 9.330397
0 13 4.616638
5 22 10.045840
3 13 12.999939
4 23 14.695964
5 1 7.170702
6 21 11.745940
0 0 14.224839
0 0 11.385964
3 21 10.175728
4 14 9.568356
4 17 14.011686
6 2 14.140115
0 14 9.694941
0 18 1.014543
0 13 14.019854
2 0 7.545773
2 3 12.150540
2 9 16.313772
3 5 13.445794
3 11 19.990105
3 13 14.015648
4 20 13.018435
2 21 12.304634
2 23 13.971451
1 11 12.086424
4 20 10.491384
5 20 10.886537
6 2 12.166721
5 0 13.255135
5 9 9.131625
5 11 10.990178
5 13 9.562188
6 18 10.565687
0 9 18.173410
0 23 13.228274
1 11 11.045945
2 10 9.520599
2 22 9.905492
3 2 12.708722
5 18 11.142805
6 19 15.511328
0 1 10.097657
6 17 13.060040
0 11 5.716495
4 11 10.045840
2 1 10.031558
3 17 12.434553
2 18 5.193718
5 12 7.932524
5 14 10.270624
6 15 9.580722
0 3 12.069922
2 23 7.964281
5 16 6.766207
2 18 9.426194
3 20 12.150540
4 22 14.141126
0 0 8.509049
3 13 9.478983
6 18 7.681015
6 22 12.741711
0 15 14.678938
1 1 12.983109
2 9 9.882396
2 13 8.107738
2 19 11.388213
4 7 14.758705
6 18 11.267988
1 19 9.208387
1 23 12.369426
4 8 10.350876
4 21 7.417068
5 0 5.988708
5 6 10.429659
6 1 16.240099
6 11 10.076276
1 7 8.306993
3 7 11.331559
3 16 10.253053
4 23 7.147921
5 11 6.288144
5 22 6.390711
6 21 13.688383
0 13 14.017398
6 11 8.538750
0 12 7.918726
1 16 11.502512
2 14 7.960325
3 14 7.721972
4 1 11.747172
6 19 5.564465
0 6 11.539377
0 16 12.150540
1 19 13.941166
3 9 1.942170
4 8 13.985188
5 20 11.951351
5 21 9.172468
3 15 11.927021
4 10 13.045343
4 12 12.680764
6 1 13.663157
6 16 11.190272
0 14 13.924713
0 21 11.059339
6 14 6.288144
1 6 6.649645
2 8 14.295467
4 20 16.655912
5 20 12.556861
3 7 11.385285
3 11 14.633319
3 18 4.943478
6 8 2.924125
0 8 13.939093
1 7 6.186384
6 13 12.516669
1 11 14.695964
3 22 13.189113
6 0 12.411502
2 19 11.508511
3 21 10.128479
5 22 14.455046
6 4 12.192719
0 2 16.508631
0 2 7.691927
0 3 7.944331
2 19 17.188942
3 2 12.118302
3 23 9.834291
4 19 7.296965
5 21 13.211322
6 3 12.150540
6 22 10.943518
0 1 10.550294
1 14 8.412653
3 22 12.532141
4 18 10.741365
6 3 12.171664
0 3 10.403883
2 9 7.739734
4 12 13.817640
4 20 8.701958
6 0 9.652053
6 16 12.186095
6 0 9.707963
2 12 5.623908
3 10 14.455046
4 17 2.674745
4 20 13.279705
4 19 8.936469
4 20 8.037900
4 22 12.071724
0 0 17.249739
0 1 10.537468
1 15 12.150540
5 23 9.315986
6 18 13.749575
0 23 13.829401
2 22 9.748876
3 13 9.897812
3 13 13.673689
3 21 7.632561
4 13 8.666543
5 23 10.550418
6 1 12.356482
0 7 6.737297
0 19 9.781054
1 1 11.391131
2 3 16.400986
2 22 12.680764
6 6 16.595020
0 14 6.757373
3 15 1.849686
3 18 9.355104
3 20 10.945447
3 21 12.765600
2 23 11.749256
3 12 22.626894
4 20 8.645297
5 3 11.699945
0 23 15.596001
1 20 15.020003
0 3 6.512184
3 1 10.181803
5 21 11.691995
1 8 13.228274
1 19 5.483925
1 21 11.115658
3 21 15.523834
5 22 3.133067
0 23 8.218652
1 21 7.625548
1 22 14.832856
2 12 12.434553
5 7 10.756232
0 2 13.911522
2 21 11.612306
1 23 8.538877
1 13 11.951351
3 0 11.508142
3 10 12.572183
3 18 11.709868
4 18 9.666942
6 12 9.740400
3 0 12.790042
5 13 6.949490
2 9 8.277593
4 20 11.930722
5 0 10.253053
5 21 12.666796
6 19 17.503313
4 2 14.218274
4 21 8.218434
5 20 9.565808
6 22 13.255135
6 23 12.351768
0 10 14.153467
0 10 13.874525
0 13 11.951351
6 0 11.508142
2 9 10.270624
2 15 5.766736
5 13 8.844484
6 20 6.757314
3 19 9.436827
4 19 3.236950
6 1 15.429143
6 20 15.514378
0 19 10.772156
2 23 10.108139
3 22 11.390317
4 19 8.538877
4 23 9.250451
4 23 12.150540
6 19 7.698873
0 22 11.131463
2 16 10.270624
2 17 12.110378
2 19 1.910331
4 20 8.978786
6 1 10.574870
6 12 6.949490
6 16 12.150540
0 2 8.594597
2 18 10.270624
2 21 15.969432
3 14 12.150540
4 22 14.455046
0 9 9.993537
0 9 22.416592
2 21 17.152952
1 7 12.790042
1 23 13.018435
2 16 13.989748
4 0 14.466666
4 23 11.237715
5 6 9.105257
1 2 14.206781
2 9 3.777249
2 12 12.569525
2 15 13.602689
2 18 13.742411
6 22 10.402113
1 15 10.076276
0 3 11.040609
0 19 8.829432
0 0 9.231863
0 0 12.545660
0 12 9.121205
3 19 7.960325
6 1 8.538877
0 1 14.322417
0 9 6.886291
5 6 12.489269
3 12 9.740400
4 0 8.726488
0 4 11.951351
1 1 15.414796
1 2 14.143381
3 21 16.313772
6 21 10.673335
6 23 11.656274
1 1 8.991138
6 23 11.521955
4 23 11.508511
1 4 14.042521
3 21 5.477366
4 4 14.224839
4 12 11.951351
5 20 10.781286
6 1 12.529348
6 9 10.625891
6 16 17.781279
0 22 11.372872
3 1 9.098804
0 1 11.699945
0 11 12.139111
0 13 11.571943
2 11 11.002358
4 20 16.540127
6 14 11.508142
1 10 6.825247
3 19 10.500193
5 19 17.757355
5 22 16.058386
6 18 5.037567
0 8 8.451980
2 18 14.887769
2 19 7.152617
3 11 13.288308
3 16 16.328861
3 17 11.154504
4 17 7.548584
6 0 9.740400
0 23 14.141609
6 12 6.257512
6 13 17.988029
1 20 8.409500
1 23 10.968699
2 10 10.625891
3 11 13.874525
2 14 11.699945
2 13 9.432216
6 23 13.500600
0 2 10.031284
0 11 12.965063
2 20 9.426194
0 11 7.177342
0 14 12.215798
1 11 11.427682
3 11 12.150540
4 16 10.721065
0 13 10.625891
2 21 12.150540
6 9 10.859499
0 16 8.646238
0 19 11.688480
1 13 3.603894
1 14 14.371705
3 19 12.150540
4 20 15.429143
5 8 9.050723
6 2 11.215883
6 4 9.580722
6 17 5.978635
6 22 12.150540
1 6 11.699945
2 18 9.740400
4 8 14.294753
6 0 13.255135
6 18 9.162812
0 0 13.349312
6 21 8.854909
0 19 9.740400
1 5 11.758587
0 19 13.335787
0 21 14.019854
1 10 7.827188
2 20 12.130662
5 2 12.622888
5 18 7.468190
6 17 9.521058
0 2 11.529973
3 21 9.555541
3 23 9.525852
4 1 10.125450
2 0 11.951351
3 9 13.219966
4 19 6.752261
5 0 31.052629
6 1 16.031960
6 22 3.939505
0 7 11.166512
0 10 12.677770
1 21 10.270624
3 23 9.206611
4 19 6.977812
5 17 9.740400
6 2 13.542625
6 3 11.951351
0 2 18.742792
0 12 5.360517
0 15 10.983166
5 1 9.580722
0 1 11.612306
1 22 12.777898
3 21 13.018435
5 3 9.330319
0 18 12.680764
0 19 12.726104
1 8 5.647563
6 18 12.629175
0 18 12.356482
0 22 10.618567
1 18 10.059358
3 23 12.150540
4 10 15.478565
5 15 9.666942
6 7 8.351053
0 0 16.767303
0 21 12.078783
2 17 1.031738
5 18 5.228679
6 18 13.018435
6 20 11.633928
0 1 9.029138
0 18 6.438498
4 10 16.328848
0 21 21.496304
0 23 11.774837
2 14 5.554981
2 22 11.385964
3 22 8.413830
3 23 11.094461
5 23 6.314796
0 15 15.366001
1 20 10.977890
2 10 11.328773
6 21 10.445742
0 14 16.200720
2 10 11.951351
0 17 13.497405
6 18 7.177342
1 8 13.255135
3 7 16.200720
6 21 10.612068
0 1 12.297393
1 7 10.418727
2 21 6.852528
3 8 9.092372
5 19 11.923300
0 18 13.722363
0 21 9.811855
1 8 19.184130
1 20 7.296965
4 7 9.312767
4 18 2.474801
6 0 8.538877
4 17 12.150540
6 1 11.045945
6 11 9.276571
6 17 11.853772
0 14 6.132075
0 15 6.737297
3 20 11.561162
5 4 12.150540
1 12 10.954393
2 0 11.390317
4 6 8.883738
6 20 9.162812
0 6 15.362565
2 9 11.813592
2 12 18.935600
3 19 11.571943
3 21 11.214130
4 1 9.905492
5 19 14.406207
1 0 12.356482
1 9 13.742411
4 21 5.827015
6 20 9.111849
2 21 8.260715
5 16 10.440626
6 20 11.255808
0 15 9.740400
0 10 10.940889
4 19 12.150540
6 21 10.102253
2 21 12.983109
5 16 12.569525
5 21 15.086618
5 22 15.369564
0 17 14.141126
1 1 11.901865
1 20 9.864029
2 17 5.289535
3 0 9.821195
5 11 12.680764
6 19 9.740400
0 0 13.554415
0 2 11.508511
2 16 9.325343
4 14 12.480111
5 1 8.743068
5 1 9.250451
5 2 9.740400
0 1 12.150540
0 12 11.319539
0 1 7.764473
0 9 12.705184
0 20 9.653794
1 7 13.729836
5 12 7.294511
5 17 5.725886
1 12 10.537654
2 0 9.758736
6 10 18.971457
6 22 11.697531
6 23 8.348914
1 17 11.222913
1 21 14.323020
0 9 11.682795
0 13 11.002358
0 17 9.082609
0 19 9.740400
0 0 8.407659
5 19 10.797652
6 23 12.128078
0 1 12.630114
2 7 10.268094
2 16 5.676631
3 13 7.296965
3 23 13.225370
4 0 11.758587
1 20 13.225370
5 13 10.685628
5 23 11.853837
6 1 13.825320
0 0 9.882563
0 0 14.153467
6 14 4.837034
4 19 15.511328
4 22 9.070044
5 19 9.197574
4 21 3.940756
4 21 4.830655
5 19 9.737316
5 22 8.277593
0 19 11.502512
1 8 10.270624
1 14 12.895692
2 19 7.177342
4 19 11.951351
1 8 6.331642
1 20 10.057445
0 15 6.185060
0 16 12.767018
1 21 14.207942
2 19 13.833560
4 11 8.925053
0 2 18.203445
0 17 11.133973
4 0 12.150540
4 17 22.386318
1 21 11.898137
3 15 11.508142
6 22 7.804047
0 20 8.594962
1 1 12.473289
1 17 6.886291
3 15 9.580722
4 0 10.605086
5 2 10.108139
6 6 9.403377
0 11 12.223449
1 21 10.881081
2 0 12.305271
2 14 6.170208
3 20 11.109967
4 13 12.293713
4 19 12.532141
5 16 10.623240
6 21 39.630207
0 0 13.357139
0 20 11.653021
4 19 12.356482
6 1 13.018435
0 3 7.500175
5 18 9.432216
6 0 12.150540
0 2 17.057961
0 17 12.150540
2 18 4.681126
2 19 6.406620
2 23 10.439572
3 22 9.483341
3 23 12.569525
5 18 12.790042
6 2 12.365708
0 18 13.688383
6 22 14.294753
0 12 11.747172
0 14 12.150540
1 0 10.436143
3 20 6.420043
6 17 20.505928
6 18 15.188175
6 3 15.403726
6 19 9.345462
0 2 11.662519
0 22 14.294753
4 23 17.904505
6 11 5.541998
6 13 14.378342
6 15 4.691100
1 11 10.046439
5 20 11.699945
5 20 37.593468
5 21 8.854909
6 17 13.501884
6 22 18.447887
6 22 11.214130
5 19 10.169835
6 12 10.625891
0 21 13.018435
1 1 11.486912
5 16 10.270624
5 17 12.704870
3 11 7.953836
3 22 12.356482
4 20 14.531819
5 8 8.611168
5 16 11.834472
5 17 14.047934
6 14 11.319846
2 11 8.936469
4 20 9.325343
5 12 7.830843
5 13 10.270624
6 1 6.018790
6 4 12.316067
1 15 13.542625
1 15 7.986976
