6 13 9.674783
4 22 12.138514
0 22 5.669067
6 21 7.241224
0 17 3.193513
3 7 6.272759
3 14 8.417645
3 23 15.372242
3 21 9.860981
3 7 8.911613
3 16 8.346958
4 8 3.545628
6 1 11.672106
6 5 4.332500
0 0 10.106705
4 8 4.043667
5 8 1.938643
1 1 5.613363
1 10 9.277392
2 9 3.092750
2 17 3.999289
6 17 18.473101
3 14 7.844659
0 21 16.380259
1 6 17.054974
2 21 8.627342
4 9 11.044043
4 23 22.919241
3 13 9.320770
6 7 20.030191
0 1 7.660907
1 9 8.696750
4 9 4.828137
4 22 4.347508
5 10 10.832006
5 10 6.687259
6 19 11.649944
0 0 13.014921
0 1 2.226305
2 9 15.048666
2 12 14.201672
6 22 5.103322
0 3 15.163620
0 23 9.776913
1 0 6.810991
3 14 4.964678
4 15 6.296566
4 19 4.043667
4 20 22.141705
5 16 8.147427
6 1 9.341045
0 15 3.892944
4 5 12.081654
4 23 6.029733
5 2 13.500469
1 19 11.209254
1 20 6.355762
6 0 2.463692
0 13 4.471723
1 16 3.092750
1 20 8.343906
6 13 13.060270
4 16 14.321436
6 2 12.346374
6 23 8.882052
0 18 5.796677
0 1 12.489265
4 11 21.054083
5 9 16.114748
1 2 2.570809
1 20 6.804795
1 21 8.665001
5 1 8.091066
0 21 7.877913
1 3 4.043667
3 11 3.981090
5 15 14.426025
0 1 8.017806
0 2 9.044034
1 1 3.977377
0 4 6.630162
6 10 8.559466
1 17 8.485067
4 21 11.931692
3 20 8.147427
5 1 1.970954
1 14 17.404259
3 14 4.815701
5 8 9.181930
5 8 9.320770
6 2 10.998465
4 21 39.401958
0 11 16.094109
1 4 3.621194
1 8 5.029679
2 2 4.510984
6 0 6.071310
0 5 13.275462
0 7 4.444829
0 9 7.750850
2 12 2.994568
4 19 8.731271
0 7 14.773035
0 9 5.798204
0 17 10.265384
5 3 9.785856
6 10 11.965118
0 14 4.305928
4 10 12.549501
0 2 8.353757
1 23 7.060045
6 23 5.217010
2 2 3.282202
0 12 8.009212
4 13 3.092750
6 6 12.170328
0 23 5.968017
5 12 4.890946
0 5 3.029725
1 4 2.857091
6 18 3.773155
6 23 2.150131
2 21 5.745436
4 1 6.523934
5 10 7.873268
6 2 7.147705
1 8 5.099695
1 1 1.359613
1 2 4.043667
2 9 10.800769
0 8 1.970954
1 10 7.686026
2 13 5.217010
6 3 7.716058
0 7 3.977377
6 8 3.144296
1 21 13.721436
2 3 4.968580
3 0 12.239036
0 11 11.625212
0 20 5.796677
1 20 1.739077
5 7 6.325772
1 7 2.764927
2 22 7.210560
6 3 1.970954
6 11 6.582914
1 0 6.185213
0 15 8.581298
0 22 17.172745
1 7 11.260489
2 18 7.072912
5 9 10.255567
6 6 7.891894
6 13 15.897462
1 23 9.478749
5 18 5.131485
6 23 5.228069
6 19 8.474280
2 10 9.223231
0 23 7.083365
5 2 4.043667
5 19 2.858451
1 0 5.755503
2 4 12.609951
3 3 4.536530
3 21 16.116060
4 23 9.349916
5 9 5.589653
5 9 6.453292
5 22 6.019626
4 17 7.716058
6 0 5.491589
0 0 9.410986
6 2 3.977377
0 13 5.194106
0 8 3.851111
1 10 2.947778
1 15 12.421745
3 9 7.844659
4 7 3.144296
5 11 15.636847
6 3 6.351372
2 8 3.433711
0 0 7.977619
3 14 9.063092
5 0 5.209889
4 15 2.325404
5 23 11.260813
1 6 3.252720
2 6 11.667498
3 5 23.430182
6 10 12.671964
0 19 7.264880
0 15 10.252806
0 21 18.364191
2 19 18.497713
0 1 12.427693
4 2 1.938643
5 20 14.674581
0 22 6.778344
0 2 6.541945
4 14 3.287317
3 9 8.948328
3 22 4.603244
6 0 6.019626
4 19 5.888182
0 19 7.083365
0 0 1.970954
3 20 15.712002
4 0 18.755463
5 0 2.815788
6 5 5.131485
6 8 11.336345
6 20 9.014874
0 15 1.819342
1 10 6.108861
1 16 1.791776
3 4 14.792328
3 8 14.745018
5 22 8.009212
6 1 7.940949
0 14 4.199254
6 9 3.342935
2 5 4.043667
2 21 3.676061
4 15 7.919600
5 0 3.516232
5 1 16.518637
5 8 3.042867
6 11 9.284161
6 16 5.563653
1 16 8.891048
4 15 17.522572
5 3 1.938643
0 8 3.228395
0 22 24.003702
0 22 9.733891
6 22 6.863461
4 7 7.244994
5 22 8.341674
0 0 6.697008
0 1 7.827909
0 2 15.384141
2 22 10.566377
5 15 2.994568
5 20 7.299682
0 6 10.081925
1 11 4.374276
0 2 8.710139
0 22 10.034712
5 21 10.573651
6 11 7.630836
6 15 6.388175
5 23 19.759573
3 19 19.798059
4 19 9.020101
6 20 16.571457
6 23 5.781366
6 9 9.917373
0 11 7.934365
0 20 6.498935
5 5 17.545069
6 17 6.542831
3 6 4.388262
4 6 13.481539
6 8 3.674392
0 6 3.900420
0 20 7.010177
1 7 2.902427
6 1 5.131485
0 6 8.869952
1 2 4.665770
4 23 5.217010
1 0 9.382243
1 6 12.239036
3 5 16.380259
5 8 16.380259
6 21 18.618948
6 22 17.967640
3 11 2.915944
4 21 11.555950
0 19 2.902772
1 6 17.545069
6 20 7.391627
2 7 1.015653
2 12 11.078867
3 11 12.723237
4 18 5.622675
5 13 2.520276
2 11 14.707133
2 15 6.741417
5 0 8.364713
6 19 7.505970
6 21 10.106705
0 6 6.545251
2 0 9.880297
6 11 5.866081
6 12 2.686399
3 18 2.038918
4 23 12.810202
6 23 8.285519
6 23 6.719965
4 16 9.320770
4 21 3.977377
1 2 11.543880
1 23 16.380259
0 1 9.917373
6 13 3.838509
2 18 17.515394
2 18 12.059227
3 18 13.344169
6 20 1.670470
1 1 7.210560
1 3 8.013863
1 6 14.243003
3 9 4.815701
3 11 1.587043
6 9 5.217010
2 2 41.040390
3 8 8.172973
6 3 8.013863
3 14 14.801967
6 0 11.560444
0 18 5.976367
0 19 10.697262
0 20 4.287953
1 0 10.658463
3 10 7.727317
1 14 5.589653
5 18 12.706545
6 2 4.411273
4 5 5.217010
6 7 14.185686
5 2 8.404992
5 20 10.275149
5 23 15.620121
3 13 7.277094
4 16 8.404992
2 15 1.209488
6 5 13.986377
6 4 11.161892
6 9 16.935520
6 18 12.584525
2 18 1.970954
5 23 12.742164
0 19 9.031858
1 9 16.653263
2 19 6.085649
3 4 1.970954
5 2 11.096019
3 10 12.378222
3 19 5.217010
4 9 9.478749
4 18 21.018475
2 9 8.474222
2 10 6.435572
1 19 9.513684
3 19 4.199254
4 22 8.880501
5 1 3.092750
5 2 3.417183
5 2 11.459884
6 2 8.891048
3 23 8.193514
4 10 5.773262
2 8 2.687752
4 3 7.264880
0 11 3.850159
2 7 1.150169
3 6 3.197589
3 22 7.264880
5 8 4.534538
0 11 5.027275
5 4 5.529153
1 7 9.754793
1 8 11.140992
2 8 3.144296
2 9 10.475297
3 9 8.324960
6 20 5.693408
0 0 6.958683
1 8 3.430141
1 22 19.346275
2 19 3.732616
4 2 12.377562
0 3 17.403715
0 8 13.412380
0 0 3.559581
2 10 10.839114
5 3 4.256492
6 8 8.095826
4 6 16.195448
5 11 18.702896
6 18 5.103322
2 17 15.636847
6 1 8.747644
1 23 6.629289
2 19 5.217010
6 3 10.853022
3 23 8.678252
6 0 10.275149
0 2 9.030292
0 13 15.917373
1 4 3.977377
3 9 9.020101
4 2 5.531752
5 20 11.248417
6 5 10.658463
0 13 17.515394
1 14 11.652846
2 8 6.687687
0 2 7.828885
3 6 23.657913
6 17 4.043667
3 9 9.619927
6 19 5.180748
6 22 11.448493
0 3 3.042867
6 16 18.305405
6 23 3.280707
1 13 2.853426
0 0 4.925982
3 10 13.733236
4 2 11.477571
4 22 2.810254
5 3 14.859402
1 20 5.563653
1 15 7.844659
3 17 6.714882
4 15 9.167971
4 16 7.428195
0 17 9.843583
0 23 18.096043
1 0 15.096565
3 21 9.395308
4 20 9.549654
6 1 7.913160
6 2 7.591605
6 21 4.019022
0 0 8.996637
0 2 9.431367
0 8 6.697008
0 21 16.653263
0 22 5.131485
4 18 21.054083
6 0 5.589653
0 17 15.083691
0 18 5.217010
4 0 4.001063
5 15 8.891048
6 23 6.804795
3 9 7.034668
5 9 3.406318
5 10 16.234112
0 6 2.943478
0 22 3.144296
1 1 7.264880
1 2 6.271967
6 10 6.929650
5 10 7.826629
5 11 4.374276
3 18 2.010655
4 13 17.199932
6 1 12.212988
5 14 7.293781
1 18 18.473101
2 13 5.048719
4 14 16.653263
0 17 4.742736
1 9 18.780985
1 14 7.716058
2 16 10.275149
6 17 6.542831
1 6 13.260530
6 22 15.636847
0 10 12.827349
0 11 4.728599
4 5 15.088990
5 4 15.495827
0 3 11.925142
3 9 3.966966
3 16 5.048719
5 16 2.749392
0 7 18.780985
1 2 13.157627
6 13 12.637668
6 14 22.218695
5 2 1.970954
2 19 5.563653
1 10 6.929650
0 2 3.144296
0 12 4.678376
0 19 13.084719
3 3 5.879355
3 5 9.574290
4 23 7.244994
5 4 13.248972
6 20 8.236837
5 3 9.597457
6 1 1.448768
0 7 1.938643
4 4 13.481539
5 1 4.043667
5 18 4.460201
5 21 3.851111
3 4 10.212576
3 10 14.328307
6 23 5.745436
3 14 19.494520
3 18 8.824456
4 16 15.897462
6 9 4.815701
6 21 16.653263
2 11 3.092750
0 2 10.490602
2 6 13.838195
3 9 8.100688
3 11 5.054584
0 23 14.029297
3 5 10.449305
4 9 11.904929
4 10 12.239036
0 2 9.513684
6 16 7.511147
0 5 17.522572
0 22 7.690928
2 1 12.584525
3 8 5.178971
4 8 5.584631
5 17 2.858451
0 8 2.994568
2 13 2.074688
2 18 3.851111
4 12 9.389112
0 2 10.259351
4 11 5.917562
2 23 8.704646
2 19 15.139329
4 9 7.471104
4 21 1.166416
2 22 5.217010
6 15 15.612433
6 1 15.636847
2 23 18.770288
6 2 3.417183
6 18 3.648679
1 21 5.131671
2 1 13.946420
6 15 7.769842
0 2 17.228258
0 22 10.757128
6 21 4.281133
5 14 3.369765
6 6 8.557810
3 15 16.653263
4 22 8.888102
0 8 6.435572
2 6 4.742736
6 9 4.592989
6 12 17.054974
0 1 4.341459
0 23 3.851111
1 2 4.765289
3 17 6.665015
4 15 9.426993
1 16 5.190761
6 11 3.907937
5 0 5.491589
6 23 14.516850
3 7 1.739077
0 7 16.540520
0 7 21.710051
1 7 4.043667
1 18 3.282202
4 4 3.144296
5 7 3.144296
5 10 1.970954
2 23 15.575732
1 21 17.842781
3 16 19.200916
3 20 2.607182
4 19 11.079187
5 2 6.331772
6 6 10.168113
1 2 6.422575
0 5 6.306400
6 7 4.320473
0 17 3.155187
3 10 2.189949
4 19 7.903687
5 9 12.020530
6 14 4.519616
2 0 9.431367
2 1 3.732616
2 18 19.107704
5 1 2.959403
1 6 10.085464
3 4 13.275462
5 23 11.808412
6 4 10.567841
6 20 6.862377
