4 15 10.639563
5 19 5.687378
0 7 3.321202
4 18 5.398324
6 11 7.757541
0 15 3.121432
6 22 10.672632
5 11 15.328624
0 16 9.275517
1 7 18.798933
1 8 10.108817
5 18 8.576354
6 4 4.230540
6 16 3.065725
6 19 9.560950
0 17 6.357302
3 21 10.451025
5 13 9.075142
0 22 7.187897
3 9 13.255848
4 6 21.075052
4 8 9.594383
5 6 19.525023
4 5 20.355843
5 7 16.517942
5 13 17.327887
3 5 9.078852
1 19 13.476779
2 8 10.887492
2 12 7.821826
5 7 3.807486
5 10 15.893254
6 4 23.594458
1 5 22.842464
1 6 21.133154
1 10 10.601529
1 8 7.416591
4 22 5.453883
1 14 5.720497
3 5 12.141070
4 12 7.628762
4 22 19.103804
5 1 13.255848
5 11 13.726474
5 23 18.752008
2 16 20.268728
3 5 10.269520
3 21 11.775312
4 12 13.617810
6 0 16.341175
1 11 16.429127
2 18 10.763113
5 23 5.535336
1 6 10.926963
1 8 16.131407
4 15 16.071632
3 21 26.520052
6 23 26.216064
6 8 12.839567
6 9 15.639029
5 6 7.260519
5 23 12.246622
4 19 12.046097
1 22 13.050827
5 17 15.256731
6 1 11.366876
1 17 18.572573
2 2 13.255848
2 2 13.971050
0 3 11.407386
1 13 7.734402
5 0 13.340889
4 0 13.292780
1 3 14.349671
2 3 5.800001
0 23 13.273347
3 6 21.075052
4 7 8.733952
5 6 8.107443
6 7 11.939511
6 7 12.429234
5 6 16.939625
0 5 6.685414
0 6 20.402401
3 5 21.932089
3 22 8.507842
5 3 9.837271
1 8 10.147097
1 19 22.585924
2 2 10.763898
3 5 19.826134
4 2 17.419786
5 3 2.398945
2 1 2.152014
3 19 17.276318
5 3 19.574577
0 23 15.947371
3 10 21.327759
4 11 13.476779
5 10 12.388457
5 23 14.956077
2 12 14.380075
4 13 9.637549
1 16 20.694080
3 8 7.821826
6 16 9.860389
1 5 14.678670
3 22 19.446039
5 9 12.954031
6 3 2.497689
1 18 14.380075
2 22 9.003960
3 15 19.826134
2 6 21.898493
2 15 25.621067
3 6 9.108190
3 15 13.676842
4 15 14.308712
1 5 18.907764
6 18 7.191205
0 8 12.424824
4 19 9.542627
3 10 7.416591
0 18 12.143874
1 5 11.478921
2 7 11.971568
5 10 14.972754
4 10 11.290742
1 1 18.448843
0 2 14.211544
6 6 18.865589
0 9 12.790390
1 15 16.341175
4 13 9.421836
5 7 23.760975
6 6 9.342766
6 8 17.794628
0 7 21.353027
1 6 21.053679
2 8 11.944795
1 6 21.078634
0 8 6.357302
6 10 7.107687
1 12 19.387121
5 11 12.360985
6 1 12.390419
1 21 16.099485
0 13 4.757711
2 6 25.989283
2 8 12.530087
6 23 11.569752
0 10 15.429849
2 5 16.502178
2 6 10.203068
2 6 12.755263
3 5 4.634235
6 7 8.599264
2 6 8.040781
5 7 19.475462
0 6 22.868494
1 6 18.463131
3 5 10.269520
3 7 12.580711
3 8 7.727014
4 5 6.625334
4 6 14.192614
4 7 9.771856
5 9 6.357302
0 10 9.897266
1 7 11.281202
4 2 9.337933
5 13 10.926737
3 16 28.126722
5 2 11.212867
6 5 27.606215
6 8 10.015460
0 16 11.342274
1 7 4.757711
4 15 6.659009
5 11 7.821826
0 23 22.623781
4 12 11.439020
6 22 10.414856
0 21 20.327385
1 6 6.967510
5 15 20.596695
6 16 10.710510
4 7 6.739252
6 5 12.251617
0 13 10.759350
4 1 10.044770
0 0 17.419786
2 13 25.806162
5 10 11.281202
1 10 14.380075
3 9 9.566897
4 12 17.074362
0 22 17.241753
1 11 17.386786
3 14 19.662561
1 1 25.755878
4 13 11.369852
4 21 16.627150
6 10 9.399057
0 5 18.804808
1 4 6.248458
1 23 14.144336
3 4 6.908262
3 9 5.783900
5 10 5.298949
0 7 16.793625
0 7 16.341175
3 1 20.551901
4 22 13.431591
0 17 18.056570
6 19 7.675855
1 4 15.563024
3 21 4.158171
3 23 22.445210
4 4 9.763586
1 4 8.327279
1 5 13.942348
3 8 8.571718
1 5 6.890424
2 17 9.491527
6 23 16.502750
1 15 13.879312
3 8 8.326272
0 7 15.739447
1 21 13.879312
4 1 14.571198
3 23 12.563463
3 5 16.923397
5 0 18.350174
0 11 8.007646
3 7 10.203068
2 5 14.021520
6 5 24.882797
6 6 8.442821
6 10 6.615118
2 3 17.286362
3 1 11.352691
1 7 9.019220
1 9 6.357302
2 6 17.153927
5 9 17.621580
6 3 19.325487
4 6 13.393026
1 16 7.940749
1 17 7.063669
1 19 7.474913
2 5 15.030592
2 9 15.737123
4 6 12.047734
5 7 9.019220
0 23 4.932381
3 18 4.757711
5 5 23.538067
5 6 17.922684
0 19 7.033278
1 5 21.075052
1 8 8.929105
6 12 6.851573
2 1 12.934688
5 11 13.879312
4 16 13.208557
5 0 11.160855
6 8 13.143302
1 15 3.350383
0 12 11.673478
2 7 6.625334
4 6 18.676680
4 18 12.634480
4 7 14.791420
4 20 17.091431
1 7 10.240574
2 16 15.785463
3 7 11.295462
4 17 19.816160
3 17 16.159798
1 8 15.728296
1 19 5.868279
4 23 17.688396
6 18 7.894903
0 9 7.474443
1 6 6.253084
0 10 16.172134
4 6 14.357908
4 7 9.991820
5 7 24.468084
3 7 10.926963
6 7 11.725814
0 9 4.412979
6 19 6.811395
0 23 15.519925
4 10 30.310785
3 1 19.958292
5 12 7.784451
6 9 6.129104
6 5 17.602783
0 7 13.879312
6 18 7.412661
6 20 15.434265
0 9 10.029586
