4 16 3.499141
6 14 5.142592
2 4 10.454622
4 18 3.581142
6 13 4.013349
2 8 11.077257
5 11 10.271344
6 2 7.825604
1 14 7.785624
6 15 7.759977
6 15 6.471883
0 14 7.805586
4 16 6.707777
6 15 6.998894
0 23 6.440001
4 18 4.743279
4 22 4.943800
5 11 11.169596
6 17 4.220881
1 6 7.457562
4 22 25.805698
1 13 8.284853
1 1 7.171316
4 12 7.217564
3 10 5.932559
3 11 4.945083
4 0 9.024086
4 12 5.064397
5 12 7.570957
3 16 6.003391
3 20 6.725842
2 10 9.011151
3 11 7.115542
0 12 7.236145
2 20 15.788320
1 2 15.180841
4 13 8.785255
6 15 5.885319
5 11 5.938176
0 10 3.499141
6 18 6.998894
3 0 9.463755
2 3 4.699646
0 17 6.470604
5 10 6.998894
6 13 5.932559
5 23 41.818283
2 20 6.711545
0 16 5.932559
4 2 10.613891
3 16 7.264359
4 9 31.108360
6 22 6.998894
5 1 3.924356
5 2 7.205741
3 7 7.802750
0 8 9.184492
3 9 10.958529
4 12 5.312740
1 12 7.802750
1 16 12.552516
4 16 8.274202
0 2 6.514400
3 8 5.065056
4 12 12.636480
4 21 6.761502
0 18 8.091042
6 14 8.464139
6 22 19.408592
3 1 16.630211
2 17 7.067122
1 1 6.052856
1 1 7.930573
0 1 2.550718
3 3 8.340126
6 7 11.640594
1 18 9.079362
4 11 6.758574
4 20 2.788845
3 8 11.530816
0 3 9.939291
6 15 8.609665
4 23 5.193153
4 23 6.175668
0 11 4.806886
0 11 6.380485
0 18 3.896524
6 13 4.020432
0 19 6.578447
6 10 10.680788
5 11 12.509842
6 1 5.628605
1 0 6.164815
5 14 6.583951
6 10 3.811564
0 7 7.389262
0 15 4.220881
0 21 13.103316
3 16 3.072442
0 23 21.492487
3 0 10.389615
3 0 8.082181
0 18 4.756244
1 21 6.137131
3 17 9.963034
3 21 6.638178
0 13 6.612166
2 7 8.861539
2 21 6.470604
6 12 8.466170
1 0 5.476772
1 22 4.671157
1 22 9.464883
2 19 10.038795
3 6 5.225501
5 7 16.172583
1 6 5.979359
4 10 7.735598
0 11 11.722996
6 14 3.557460
2 10 5.644719
3 14 4.726771
2 18 9.414668
0 3 5.541049
2 14 10.051080
0 12 4.726771
0 10 16.586168
0 7 8.213421
2 7 3.711394
4 18 6.550211
0 9 7.115542
2 2 8.430436
2 3 10.276767
5 14 7.873547
1 6 6.903859
4 2 4.020432
4 5 5.372228
4 7 3.815971
4 9 6.470604
1 8 8.020261
2 22 7.015507
0 13 4.953479
5 2 13.822541
2 22 9.667912
6 1 5.524522
2 1 4.220881
5 10 6.880116
6 20 17.067806
0 20 3.728157
5 9 10.657269
6 0 10.715817
0 2 6.683020
2 9 11.967420
2 2 13.926026
3 21 10.255125
3 1 16.120396
4 23 20.700914
4 23 5.719452
5 1 13.403356
1 20 9.014174
2 1 6.924682
2 10 10.672379
4 22 5.025632
6 22 7.566071
0 13 5.013431
0 12 4.542991
0 3 4.649283
1 10 8.113803
1 8 2.654762
1 12 4.793680
2 8 3.886002
6 16 9.011725
0 20 3.185444
0 5 8.909367
1 23 5.570987
1 22 8.727238
0 11 3.952733
4 22 8.902549
5 16 3.581142
6 16 5.835305
0 14 12.072419
6 4 8.756647
4 13 17.150507
0 15 8.688037
4 16 8.055912
2 2 13.926026
3 18 3.239435
4 13 4.620164
3 2 6.998894
6 14 4.326658
5 14 4.045382
0 9 5.966752
0 0 18.173124
6 19 12.471128
3 8 11.882774
6 22 8.882716
0 17 4.323469
1 8 13.692601
1 6 7.910004
2 11 4.151686
6 5 7.931334
0 5 6.080106
4 9 6.266358
5 8 7.325837
2 22 5.497746
5 23 8.604439
