0 20 6.488176
2 19 5.648446
2 13 3.330789
6 11 9.578486
5 16 1.956535
6 19 2.911697
2 10 5.320198
1 11 9.098702
6 22 6.367505
1 16 4.645436
5 22 3.760820
4 12 4.334246
6 17 8.795412
6 18 4.713912
1 11 7.712591
4 12 7.978542
5 0 5.876502
5 11 6.486880
0 9 8.331799
0 14 6.811449
6 14 7.370332
6 8 4.529419
6 13 9.255109
3 11 4.399651
3 12 5.782852
4 11 6.811449
4 21 14.822392
5 15 9.380229
0 11 3.596164
3 12 2.403500
3 0 7.712591
2 8 5.459743
3 19 7.696922
1 10 7.427843
3 22 4.824258
0 1 9.368369
5 13 7.790290
0 13 7.325732
2 0 4.414455
6 18 8.104873
4 0 8.744048
4 19 9.367532
3 11 3.845898
6 20 3.122614
0 0 7.982617
0 1 7.790290
2 0 7.394174
6 9 5.847240
6 19 6.571156
1 13 7.196836
1 11 5.849651
1 14 7.097363
2 15 3.825783
0 20 7.024223
2 12 7.147923
1 1 7.169947
5 8 9.438222
6 13 4.786207
0 22 8.664704
1 1 10.125354
4 17 3.526238
4 12 4.462852
6 15 7.028757
2 20 5.152300
3 22 10.155919
5 17 4.859841
3 11 7.151742
4 14 3.526238
3 11 2.600508
6 22 3.276186
1 4 3.700876
6 21 10.468587
2 11 3.887306
6 23 4.506637
5 19 6.944549
2 18 8.888483
5 22 2.379135
6 14 5.497801
2 0 6.438429
2 22 7.095870
4 3 4.838494
6 4 11.165085
6 14 9.268409
0 20 6.637543
0 20 8.033060
1 23 10.313114
2 0 1.559600
2 1 1.534033
3 23 1.797489
4 0 1.734200
4 12 9.854597
1 13 4.615077
1 15 2.925082
2 15 4.260071
4 20 5.127527
2 22 5.974519
2 11 5.116849
6 21 10.294110
0 3 6.005087
2 18 5.094751
1 13 7.270937
3 11 5.208200
5 22 3.793533
1 22 10.931379
5 13 6.416667
6 10 7.024223
6 21 5.062677
2 13 13.781434
0 17 7.762949
4 21 4.615077
6 2 8.860821
0 21 25.631750
1 21 6.573960
3 18 6.019666
3 21 7.151742
5 23 17.125046
0 12 2.982796
1 1 6.489341
0 16 4.615077
5 19 17.625666
0 0 5.284323
0 0 6.139048
5 14 7.812199
6 11 8.411828
4 13 4.631212
4 13 3.614109
3 8 3.494036
2 19 4.539420
3 9 3.721918
3 18 9.266214
4 0 9.143549
3 20 9.816868
3 20 11.173473
5 19 4.714771
6 18 3.330789
5 14 2.799643
2 12 8.388378
4 17 5.491144
0 5 9.441858
5 21 8.364327
0 8 11.237509
4 18 5.284323
5 17 4.646848
0 22 4.529419
4 15 5.799798
5 9 7.435668
2 12 7.055511
0 11 5.661774
0 11 8.244740
3 16 2.064764
5 4 7.504183
0 16 7.055511
5 0 9.594995
6 23 8.748785
2 23 8.390517
5 18 4.255457
6 22 6.318368
6 20 6.469880
0 12 5.069545
1 18 2.783000
0 0 7.913582
2 21 3.568702
6 19 6.308310
0 9 11.797778
4 13 6.512780
6 1 4.645436
2 22 7.270937
1 14 6.139048
2 16 4.681226
2 19 8.255186
2 8 7.696922
1 11 13.055037
3 10 11.739601
3 17 2.993038
6 22 7.732361
1 16 3.119200
1 23 14.117072
6 20 3.176035
5 16 5.178519
5 20 4.399651
3 17 4.327526
2 10 12.070486
0 15 4.615077
0 0 10.658948
5 19 4.260071
2 18 7.662789
3 12 7.213934
3 22 3.552853
0 0 12.640874
0 0 14.627233
1 19 6.698048
0 8 13.055329
6 19 8.522660
5 18 3.525133
5 12 6.481529
0 1 5.542388
6 19 2.427880
1 20 10.125354
4 10 3.468400
3 19 11.502841
5 1 2.022896
1 9 3.778112
2 23 6.466545
4 19 5.276167
2 1 8.205820
3 19 6.231659
0 9 8.189098
0 19 11.649276
4 10 5.871700
6 4 9.067242
0 2 11.095026
3 18 2.285619
5 9 7.785772
5 23 5.178519
0 17 3.074574
6 18 4.471101
1 15 8.530359
1 20 3.493639
4 22 7.965051
2 20 3.161969
0 19 3.999683
1 0 6.189869
0 4 10.371345
6 19 6.285216
0 3 8.573047
3 19 4.398631
0 12 5.729790
1 20 8.318320
6 22 7.454823
6 20 7.573848
4 13 3.436366
4 14 3.799515
5 11 5.648446
1 10 8.616794
4 11 8.380169
0 0 7.679378
6 20 3.334553
0 11 8.123160
5 12 6.470599
6 2 4.935776
2 21 10.840056
5 23 6.814795
1 19 2.867413
0 17 8.118516
0 17 8.991604
6 1 9.720974
2 21 5.980348
4 22 6.193915
5 22 5.454227
2 20 4.061216
3 20 9.162030
5 6 10.125354
3 20 5.461151
