6 19 6.785713
0 0 5.448939
0 18 4.294275
0 22 4.629741
3 23 4.507901
6 10 3.836474
6 22 8.720849
0 16 8.468928
3 19 23.295630
6 8 9.776823
4 20 4.984593
5 8 7.622035
6 0 8.990953
6 13 7.063440
0 19 3.811018
2 11 8.914016
2 14 7.347486
5 14 5.745364
0 10 5.060532
3 15 7.199086
3 7 4.976190
1 8 5.722451
3 8 7.347486
1 19 7.347486
6 17 3.113101
6 17 7.433943
6 22 6.428524
1 12 7.734195
1 14 2.771649
4 15 7.110470
6 20 8.914016
0 0 10.591210
0 14 2.583741
1 14 3.472306
5 15 8.299341
0 16 2.407465
0 1 7.433943
0 9 3.963946
4 21 6.315462
6 1 5.554744
0 5 3.224284
2 1 7.430271
3 5 9.061663
6 2 5.352212
0 23 4.976190
5 20 4.246573
6 19 6.690265
0 6 4.423954
6 15 2.540679
0 15 2.088229
0 21 9.374134
6 9 8.595765
6 11 5.854341
1 2 9.723079
6 16 2.540679
6 19 6.785713
4 0 10.103915
6 2 11.405919
6 15 7.195485
3 16 5.575594
3 23 19.402840
5 23 8.472968
0 16 2.345242
2 1 4.803501
3 7 7.192763
3 20 6.538875
1 18 7.319070
6 9 5.060532
0 13 4.684663
0 19 12.668200
1 7 8.530611
3 7 6.756065
4 14 8.277435
5 3 11.999938
6 0 7.804050
1 10 7.319070
2 8 7.347486
2 13 2.959998
0 1 8.132300
5 18 13.161355
3 2 4.513997
0 21 6.540564
3 23 5.745364
6 15 2.309708
0 1 4.651009
3 7 6.234331
3 11 5.327519
3 22 5.000488
0 16 1.801124
3 7 5.352212
4 11 4.651009
5 10 6.166409
5 21 10.055972
3 2 9.885130
3 22 7.984440
6 2 2.363063
6 4 10.679639
6 10 18.902529
0 8 8.463992
1 20 4.011598
1 23 2.931552
2 7 8.595765
3 20 8.852355
2 22 6.104449
0 14 2.741027
0 6 7.146672
2 5 9.885130
4 0 15.102040
4 5 6.679532
4 7 9.782996
5 6 5.426177
6 9 10.888621
0 5 4.894613
0 6 10.233078
1 8 4.976190
2 6 9.616548
4 5 4.976190
4 7 13.957067
5 6 4.523809
6 21 5.936208
1 4 6.782294
1 6 4.815668
1 7 7.074849
4 7 9.723079
5 5 4.976190
6 1 7.472019
0 5 10.497452
0 7 4.294275
0 8 5.201515
1 5 7.074849
0 14 3.048814
1 5 7.110470
0 10 7.440789
0 22 4.976190
0 21 11.458726
1 6 7.571329
1 22 9.723079
6 15 11.047275
6 15 2.499028
6 4 4.803501
6 10 4.803501
2 12 7.736890
6 10 5.331632
6 15 2.499028
6 8 8.541368
1 0 4.103634
6 12 4.666427
6 14 5.229248
6 20 4.883559
1 3 9.267309
4 3 9.604353
0 0 9.267309
5 21 6.817608
0 22 7.192763
1 0 8.445082
1 0 8.986482
3 6 9.379321
2 2 10.019961
2 21 7.222395
3 1 6.782294
3 4 10.278343
4 12 6.256378
0 20 6.841285
6 13 3.800423
0 22 6.209143
0 11 3.688596
3 23 15.152162
4 15 6.351696
0 9 7.456816
1 1 9.379321
4 6 4.618622
0 22 11.626977
5 21 9.381865
2 20 9.167057
5 0 7.816138
1 1 4.883559
6 5 4.803501
6 23 7.472019
6 2 9.535644
3 19 4.940504
5 1 2.540679
0 14 3.009331
0 20 9.527544
5 13 4.883559
0 15 5.866532
0 18 5.489303
3 14 4.013884
6 4 6.062083
0 2 6.364424
2 2 13.957067
2 21 5.352212
3 1 9.782996
0 18 6.756065
1 16 5.122230
2 18 5.428571
3 0 12.228010
3 20 2.694924
4 0 8.644100
4 2 7.736890
0 8 6.508483
0 16 2.209285
6 20 9.948811
2 19 6.296720
3 23 7.710883
6 16 6.224763
2 6 7.074849
5 15 4.883559
2 6 7.846650
1 11 6.328509
6 15 2.931552
5 16 9.379321
6 21 5.051958
0 6 5.634876
1 14 2.821248
6 9 6.328509
1 1 7.655676
2 19 9.885130
6 6 11.833558
0 2 5.352212
0 8 11.740890
0 8 7.687405
0 12 5.790895
0 23 9.885130
1 10 6.184373
1 16 5.316526
1 17 3.916253
6 5 12.620625
0 8 8.934649
1 5 11.571233
3 6 7.319070
0 8 4.739228
0 14 4.276488
1 7 7.347486
1 14 9.397619
1 19 3.282907
3 17 2.959998
1 21 4.803501
2 6 7.347486
6 7 6.896592
6 7 13.580952
6 23 2.499028
2 23 7.031677
5 11 6.206273
0 2 9.723079
6 8 8.462074
3 19 5.860271
1 14 6.712305
4 8 4.215625
0 21 9.065101
0 20 3.488256
0 5 10.497452
1 1 9.124735
1 17 5.232385
4 5 9.622620
5 10 5.979868
6 6 9.148838
6 16 3.009331
6 17 5.081357
6 18 4.976190
3 7 9.723079
4 5 9.622620
4 7 7.325339
5 2 6.782294
2 5 12.932963
4 19 6.310702
0 14 2.540679
0 15 4.223877
3 22 10.015952
6 21 12.129545
2 21 4.883559
2 23 9.047366
1 5 14.851170
5 20 19.781010
0 6 6.093294
0 6 4.976190
0 6 9.078959
0 11 5.331632
2 21 5.426177
5 1 5.060532
1 13 4.976190
3 0 7.070150
6 15 15.805789
1 0 6.339762
2 23 6.782294
6 10 7.586823
1 18 7.192763
5 5 11.522304
5 23 9.875421
0 20 4.433675
1 2 9.414410
3 1 14.745527
0 21 7.723418
5 1 9.535644
5 21 6.470864
0 3 10.710620
0 18 2.583741
1 19 7.600847
4 0 7.063440
4 6 8.914016
1 8 10.091338
2 21 17.288254
0 12 12.552838
6 18 7.622035
6 20 4.841308
6 13 4.803501
3 10 8.816982
6 10 8.767884
0 18 6.458004
5 3 9.764425
0 14 2.759623
0 9 4.481063
1 19 4.803501
2 13 5.528558
6 23 13.999021
2 11 6.027152
6 7 21.580561
6 11 4.803501
6 12 7.074849
0 9 2.540679
2 14 8.462074
5 20 7.274499
0 23 7.347486
3 2 6.328509
6 9 14.646639
1 0 9.885130
1 11 10.557904
0 6 4.223877
1 8 4.234464
2 19 6.234331
4 23 8.415784
6 22 8.524952
1 10 6.639473
3 23 8.472968
4 23 7.443122
5 0 6.351696
5 8 6.639473
5 21 8.631315
4 1 7.433943
1 20 7.199086
2 3 7.984440
2 23 7.227035
3 0 18.109419
3 3 7.347486
3 22 6.061286
2 6 4.803501
5 8 4.883559
5 13 2.777844
6 21 7.487313
3 7 6.634920
3 12 4.763772
3 22 5.703172
4 6 13.339647
4 13 5.081357
0 12 6.026151
2 14 7.523329
0 11 3.613934
1 18 6.328509
2 23 7.319070
5 17 4.225430
6 19 7.074849
2 17 8.575501
3 19 4.064971
5 16 4.883559
3 21 5.442582
5 19 5.633422
1 5 12.337129
4 11 9.885130
0 2 5.971427
0 9 4.976190
2 19 4.976190
4 0 7.274360
3 1 5.097345
1 1 6.628766
0 6 10.325362
4 2 9.379321
4 15 5.426177
5 20 6.970543
6 22 8.668767
1 2 10.233317
2 13 3.387571
3 1 8.503403
5 22 3.662669
5 23 4.763772
0 23 7.220005
2 6 10.233078
2 9 4.726025
0 3 2.438225
2 0 8.991176
2 19 5.158854
4 0 6.729110
6 1 6.235406
6 2 4.608922
4 0 6.579838
4 2 9.055536
6 13 4.976190
6 10 6.888268
1 22 3.611198
2 1 7.314674
3 11 7.074849
4 21 4.883559
6 20 5.725313
0 19 5.352212
0 20 9.299453
0 21 9.833013
1 0 4.665178
6 22 4.966331
0 9 7.319070
3 1 11.116373
3 1 4.883559
3 3 9.885130
0 19 12.440475
2 13 3.251255
0 6 10.065323
4 13 5.642497
1 19 9.885130
1 0 2.608799
6 1 5.462658
1 2 7.319070
1 21 4.726025
3 22 9.885130
6 11 5.841701
0 21 10.806872
1 9 5.436998
0 18 3.009331
1 16 11.972054
1 16 4.135834
6 9 6.165383
6 19 7.698282
6 23 8.597026
1 14 8.468928
2 5 9.764425
6 0 25.891190
0 10 4.276488
0 23 10.275375
1 2 9.171007
6 14 2.458721
0 23 4.205231
2 0 11.833558
3 6 7.314674
4 6 5.536771
1 7 7.192763
2 6 7.704285
4 21 9.338821
5 7 11.919624
5 23 7.443122
3 8 9.414410
3 12 8.299341
5 6 9.622620
5 21 10.037519
6 9 4.883559
6 10 7.816138
6 23 10.216761
6 23 5.744491
0 1 9.782996
1 8 4.861444
1 10 2.616810
2 0 2.499028
4 18 8.460568
4 2 7.341890
6 4 5.753191
2 7 6.679532
3 22 9.550731
4 13 7.227035
2 16 11.726208
3 8 3.887717
2 5 4.675511
4 8 7.905117
1 16 6.628766
2 8 5.444311
4 8 5.868902
0 13 5.753191
1 1 14.854466
1 5 7.110470
2 6 10.233078
2 9 4.726025
4 13 9.767118
3 22 8.989152
5 2 7.319070
1 19 7.613805
4 5 5.645952
0 21 7.145877
6 16 3.009331
0 20 6.935071
0 23 6.969453
0 7 9.997573
3 0 5.352212
4 23 7.502985
6 4 6.381140
5 23 4.976190
0 9 7.022793
6 8 4.883559
2 23 6.594080
5 20 10.374668
6 1 8.913111
0 15 3.387571
1 8 6.780546
3 12 10.184549
0 19 6.782294
0 23 7.319070
5 19 9.604353
0 8 3.009331
6 21 7.026375
4 0 12.086498
1 18 3.282907
3 17 11.240109
1 14 4.439599
3 0 12.020389
4 22 6.639473
6 14 7.303854
0 9 7.816138
2 21 8.644100
0 20 5.327519
1 12 3.009331
3 0 12.048296
0 18 2.540679
0 23 6.756065
2 18 4.726025
3 6 5.745364
5 6 3.009331
5 7 5.147782
6 2 7.074849
6 6 9.535644
6 13 6.110792
1 5 7.319070
1 16 6.960738
2 7 10.591210
3 11 5.232385
3 16 6.732228
5 7 6.351696
0 10 8.558274
0 18 6.628766
3 11 5.833836
5 6 7.192763
0 19 4.520289
0 20 4.954933
1 7 9.467416
4 23 10.034953
6 18 2.876240
0 22 10.269369
6 11 2.285568
6 16 2.989033
0 2 7.461325
6 11 5.434671
6 12 4.726025
0 22 2.722155
4 1 6.389118
5 0 9.379768
1 2 9.885130
5 16 11.676298
6 21 6.553729
0 8 9.535644
0 9 6.110792
0 18 11.629564
3 0 9.764425
4 7 9.081565
4 9 8.371816
5 23 9.379321
2 5 9.885130
2 7 9.724380
2 9 8.852355
2 12 5.232385
6 3 4.439599
0 2 9.748487
0 2 10.481152
