2 11 19.214127
4 9 8.866759
0 0 2.558235
5 10 1.647443
6 3 7.603155
1 16 13.249812
5 20 10.159696
6 2 10.121182
5 22 4.906747
1 13 4.102510
2 8 1.769295
3 13 2.599847
4 13 5.891249
5 9 7.710485
2 21 1.453626
6 14 5.596862
6 11 9.234309
0 15 4.940736
3 20 1.359297
4 6 4.519699
5 3 15.105176
3 13 3.820222
5 2 5.303348
1 16 2.601226
2 10 14.374189
4 21 9.266224
5 11 2.598208
5 17 1.594300
6 11 6.963578
6 21 9.519441
6 22 7.079637
3 15 3.810971
5 15 2.445372
6 14 8.967642
3 19 7.100511
4 15 4.966514
4 16 19.792288
6 14 4.798450
0 2 5.699121
1 15 2.682021
2 11 7.003889
5 15 4.522033
3 16 5.106059
4 8 2.599847
1 18 14.630173
2 16 8.411439
1 9 3.679275
1 10 1.280619
1 10 5.348310
4 17 12.105728
5 13 5.888209
2 15 4.966514
2 21 1.620436
2 22 12.305799
5 2 1.878175
6 11 8.627477
0 2 4.363289
0 2 5.348310
2 21 14.571027
2 23 12.437813
3 7 7.602362
3 18 5.348310
6 12 7.900368
3 7 7.602362
4 9 1.647443
6 13 3.766364
0 1 7.642466
6 2 9.940276
2 21 4.107168
2 23 5.529023
3 0 1.797211
3 1 4.854013
0 14 6.158727
1 21 2.771422
5 17 6.761927
5 16 4.598678
4 0 7.584084
4 18 3.020095
4 10 4.479351
1 9 2.599847
6 0 12.325301
0 18 5.988355
4 13 6.993919
0 23 9.710005
1 15 6.761927
5 13 12.867610
0 22 3.079919
3 23 2.771422
3 10 1.030748
5 17 3.992757
0 21 7.079637
3 10 3.336579
5 16 1.082286
3 16 4.508732
3 16 11.886041
4 16 2.104851
6 16 2.519474
2 15 6.109346
3 0 10.806756
5 21 3.478487
6 4 7.385853
2 13 3.281881
2 23 9.597445
2 14 3.393131
3 10 2.671529
3 12 2.254366
3 12 6.009408
5 1 8.419444
5 17 1.842694
5 17 1.497676
2 6 10.382784
6 19 5.776313
0 0 7.113110
6 15 4.382218
2 17 2.557226
3 22 5.050692
5 9 1.628084
5 8 2.025855
5 22 3.494764
5 22 9.218732
3 20 1.900896
4 3 6.761927
2 9 2.445372
3 3 13.388067
6 16 1.047373
3 19 14.299936
2 19 4.399841
1 13 2.558235
1 19 3.600254
5 12 6.651076
6 14 11.366153
0 18 2.725989
2 13 3.766364
5 15 3.874487
0 11 2.254366
0 11 1.620436
1 14 7.584084
1 10 3.874487
3 21 4.504458
4 10 6.300714
2 17 1.647443
2 22 13.084922
4 4 14.104775
6 15 5.117895
0 18 5.202452
1 2 5.132285
4 1 10.503152
1 6 1.190505
1 6 6.963578
1 10 12.080105
3 0 3.281953
6 21 8.738708
2 18 7.900829
5 17 6.942565
3 1 7.710485
3 20 28.599771
4 16 9.214085
1 19 4.416718
1 20 3.128043
2 7 7.642338
0 22 7.452250
6 23 7.073237
6 6 3.749504
3 6 7.009532
0 23 5.742166
2 10 10.254832
3 9 11.368840
4 14 5.646463
2 22 6.308136
6 14 4.966514
6 8 6.382696
1 18 1.620436
3 20 4.706916
3 22 6.074588
4 12 4.256519
5 0 2.547571
5 0 7.768816
5 19 5.772809
0 1 10.318651
3 22 4.648553
6 1 2.736681
1 21 1.647443
2 14 1.103584
2 23 4.891182
3 23 5.436299
5 0 7.971611
5 7 10.708353
5 17 2.399859
5 17 1.512016
6 1 9.254848
0 3 8.543272
6 21 8.947712
0 15 1.452428
1 9 1.647443
4 9 4.207953
3 20 3.837845
5 17 4.598678
5 20 10.647034
1 9 7.079637
5 15 5.050692
3 20 5.646463
4 13 6.255895
0 2 12.084141
6 22 11.259990
0 0 3.228948
1 4 1.869936
6 22 1.461244
0 2 7.937731
0 23 7.079637
6 19 11.457983
1 9 4.243919
1 17 4.522033
5 13 4.165483
5 14 19.458025
6 0 6.153339
0 0 8.373727
2 14 5.761714
6 14 6.618410
6 15 2.599847
4 15 4.584474
5 16 3.357691
0 2 17.424946
1 22 3.336579
4 23 6.966368
5 3 4.619870
1 23 4.484668
2 4 9.502844
6 20 4.843248
3 19 5.880955
3 19 4.967777
5 15 4.376161
1 11 2.217409
1 11 2.995351
5 22 4.522033
0 2 13.404582
2 8 5.212120
6 2 5.943645
2 12 2.373017
2 12 4.904862
4 9 1.647443
4 11 1.689136
4 11 12.489050
5 21 5.608007
6 21 12.680827
1 14 1.620436
6 3 7.653723
5 14 4.399950
4 17 8.962414
5 15 6.776399
1 16 5.646463
4 15 9.113945
6 15 5.646463
2 11 2.034690
4 15 3.336579
6 15 14.104775
1 13 3.901809
6 18 6.931576
1 22 5.730332
3 18 3.249809
4 1 4.522033
4 9 1.420323
4 9 1.894984
4 18 1.647443
5 20 9.824974
0 1 7.290011
1 22 9.844358
2 21 9.448020
3 17 8.962414
0 16 7.305554
2 16 10.142891
6 17 13.098542
1 22 5.769407
2 10 2.471165
5 11 3.281881
6 3 4.051641
2 21 7.828316
5 19 7.023934
2 13 5.331982
2 20 10.254832
3 9 5.530275
4 10 8.214361
4 14 2.888719
0 15 11.391959
2 8 8.608976
4 22 3.077883
6 10 5.881683
0 13 2.823354
3 16 33.782719
3 16 10.121182
0 16 6.851262
2 1 4.318707
2 7 4.648553
3 8 6.057590
2 19 7.117818
3 11 6.036311
4 12 14.706079
0 5 4.057157
0 13 6.728717
2 14 4.402380
2 16 3.849983
4 8 5.776313
4 15 2.771422
1 11 3.874487
1 11 11.107385
6 19 5.498312
3 7 12.013341
3 20 4.712852
5 16 12.433772
6 21 7.771911
2 18 1.734151
4 16 1.239097
5 4 1.620436
0 19 13.996653
4 16 5.337631
0 16 2.815227
0 16 9.490224
3 15 4.008090
5 15 2.599847
5 18 1.995597
5 18 5.415294
3 21 4.885095
4 10 9.334647
0 3 4.933127
1 17 7.009532
5 1 9.001923
1 17 6.818591
6 22 8.880559
6 20 3.451634
4 20 3.408503
3 1 11.150382
3 23 7.438183
6 14 6.496600
1 13 1.647443
6 12 3.281881
0 5 32.795765
4 8 4.845036
5 16 2.409932
0 3 11.170658
0 15 3.749504
2 7 2.017277
4 12 6.775821
0 23 6.364018
2 14 6.231030
6 3 9.001923
0 14 1.401938
2 23 3.837845
3 15 3.336579
0 1 15.256597
1 1 11.485822
6 22 5.818880
2 13 4.798450
6 0 4.306698
6 23 8.728851
0 1 12.554358
4 17 3.874487
1 16 2.557226
1 21 4.452297
5 19 3.901809
6 19 7.717402
6 21 3.772036
3 20 5.714305
4 15 2.462306
5 7 9.200134
6 23 9.033266
0 14 7.817820
0 17 5.440987
1 8 15.644292
3 9 2.817958
3 9 1.620436
3 10 1.620436
6 18 9.799875
1 17 1.689136
1 17 10.549212
5 16 4.011233
0 11 6.496101
1 11 2.254366
1 11 10.086720
3 15 2.534528
5 10 1.325248
5 20 8.082830
6 12 1.510166
0 17 1.704252
0 20 8.500854
5 10 8.448417
0 12 23.955770
6 18 6.761927
3 7 1.938168
3 13 14.951567
5 19 1.064543
6 7 9.582309
5 20 3.766364
1 21 6.973295
6 8 4.522033
6 12 6.364018
2 8 7.710485
4 9 6.153339
5 0 8.673942
6 17 10.254832
2 19 5.742166
4 19 21.972160
5 7 10.602003
2 18 6.712103
3 0 20.564337
3 20 5.137661
5 19 8.752322
5 23 6.364018
5 9 1.926567
0 16 7.602362
4 14 6.761927
3 10 7.844349
0 10 15.434804
2 18 4.231733
3 13 10.865223
0 12 2.599847
3 11 4.439644
3 15 5.026156
3 19 2.250675
5 2 5.874478
5 21 1.647443
6 9 7.723240
2 22 5.169141
3 16 7.710485
4 17 10.168097
0 20 6.776399
6 18 2.784150
2 8 3.825457
4 11 6.904912
4 15 1.620436
6 20 5.687177
0 15 3.453398
1 12 3.079919
3 20 1.047373
3 21 9.940131
6 20 11.196284
1 15 14.019064
5 11 2.736681
6 22 6.884606
0 22 6.776399
2 15 3.336579
4 13 3.621039
4 1 6.259690
6 3 11.886041
6 3 3.810971
6 18 7.499007
0 19 8.280783
3 20 4.522033
4 3 5.742166
5 9 2.688232
2 8 1.938168
6 19 4.953734
0 3 7.483960
3 18 4.439644
6 7 3.281953
3 17 8.449658
6 21 3.281953
4 18 7.603155
6 12 6.673304
0 8 8.819888
0 20 8.817859
6 23 4.003895
0 1 7.289016
1 0 9.635626
3 16 12.463910
3 8 11.649942
4 0 11.788688
4 9 4.304492
0 1 4.627038
4 23 14.038198
5 1 15.505641
6 2 3.874487
2 16 2.217409
2 16 9.111787
4 21 6.535049
5 16 2.725989
2 15 3.077883
4 15 8.815094
0 17 10.166667
4 14 4.257011
5 15 5.018267
2 18 1.620436
