6 9 13.596558
3 17 1.990907
4 19 17.682680
2 9 5.968500
5 9 13.362527
5 9 3.744005
1 11 8.821384
1 13 5.981636
1 17 7.730316
2 20 4.038994
3 17 3.811580
3 22 6.005133
6 19 1.619612
6 18 8.265245
0 14 6.941485
2 20 6.705919
3 2 4.129212
3 18 4.644358
3 18 34.924126
3 18 3.287669
4 20 12.707540
5 9 8.617595
0 1 11.874130
0 13 12.771155
3 1 5.127116
3 12 42.573620
3 22 11.871345
5 16 3.531711
6 12 3.996012
6 21 1.425249
2 5 13.459600
2 5 8.870532
2 8 6.180613
2 9 12.392968
2 9 13.012400
2 10 8.316124
2 10 6.922023
3 18 15.562387
3 18 6.783866
3 20 10.556587
4 11 6.209399
4 13 16.489891
5 1 10.611632
6 1 9.733465
6 10 1.619612
6 15 1.300717
0 17 7.221268
1 8 6.812022
6 4 3.622008
6 14 4.762381
6 15 1.214002
6 15 4.642814
6 16 2.289543
0 20 13.924769
1 9 15.595618
1 10 9.123452
1 12 8.966214
2 11 24.204269
2 11 9.528952
2 11 3.392040
3 19 12.380379
4 13 7.115883
4 23 20.305964
4 23 2.843587
5 9 10.229321
6 13 25.769224
6 18 3.310915
6 23 14.637759
1 9 8.452940
2 12 10.554313
3 0 5.987469
3 8 3.473814
3 10 8.537564
4 22 14.202683
5 8 8.012177
0 21 4.861644
6 8 9.826254
0 14 23.775421
1 13 7.230137
2 13 2.252010
2 17 2.607924
2 20 7.195520
4 11 4.637183
4 18 2.843587
5 7 6.687378
5 8 4.610747
5 12 3.392040
5 14 8.615909
6 18 14.754226
6 18 6.212279
0 14 3.473814
0 18 8.447507
1 11 4.106372
2 12 10.350553
4 8 20.555410
5 8 10.740572
5 15 4.881245
5 20 3.363534
1 18 9.579624
2 9 5.879350
2 20 14.493951
4 20 6.967762
5 2 5.814533
6 18 5.201736
6 22 6.386633
6 9 2.672359
6 9 9.501985
6 9 6.468120
1 7 16.399546
1 8 4.424156
1 8 4.748855
1 8 5.447790
1 10 9.631939
1 10 6.378125
1 13 8.211106
1 21 8.163290
2 9 4.780616
2 17 4.786420
2 23 10.917887
3 8 6.829349
3 10 7.192348
3 10 6.016331
3 12 11.837190
3 14 10.611632
3 15 5.909853
4 9 20.037376
4 10 3.974728
4 14 8.795260
6 8 17.472509
6 8 5.338322
6 11 9.876539
0 1 13.703196
0 1 4.637183
1 0 9.373693
1 10 11.404901
1 18 3.885427
2 8 4.894725
2 9 4.038994
2 11 12.785202
2 13 3.190947
2 19 16.618546
2 19 5.624838
3 8 6.048499
3 10 5.879350
4 9 3.473814
4 10 3.977896
4 19 3.561641
5 13 4.038994
5 18 9.407613
5 22 8.981210
5 22 2.289543
6 8 8.292848
6 8 8.782471
6 21 4.061520
6 21 1.781573
0 0 6.646304
0 13 10.308119
1 8 27.241306
1 12 3.481033
1 14 4.626403
2 8 7.247659
2 11 16.093529
2 15 3.190947
2 17 6.114879
2 19 10.555881
3 10 9.413576
3 12 5.749892
3 12 10.715665
3 19 12.179213
4 0 8.805126
4 8 6.646262
4 23 9.298271
6 12 4.561163
6 19 3.190947
6 23 8.520429
0 9 10.232588
0 9 4.989161
0 9 5.711650
1 10 8.613165
0 3 7.057177
1 17 6.527580
1 19 6.789717
3 16 8.407211
4 20 5.879350
5 3 10.898391
5 22 11.463851
1 8 6.723629
3 19 8.140638
4 1 9.842745
4 17 5.140344
4 22 4.243090
5 20 2.641781
6 22 2.593038
0 6 5.846331
1 20 6.630701
1 20 11.911645
1 23 11.856404
2 0 6.575922
3 18 9.747348
4 19 2.328349
5 17 3.503254
1 0 8.677628
6 12 9.472912
6 18 2.464178
6 19 9.567941
0 0 3.533848
1 17 7.977801
1 17 10.206771
2 15 4.091632
2 23 10.548560
4 15 3.190947
4 19 3.591571
4 23 4.361194
5 19 8.392385
5 19 9.828756
5 19 5.033275
5 21 5.152425
5 23 3.362545
6 1 8.690838
6 9 3.142625
0 12 2.251863
0 12 14.953427
4 16 8.952840
4 17 16.262440
4 17 10.162462
4 18 4.347359
4 19 9.070112
4 22 4.038994
5 14 2.035224
5 21 11.817045
6 17 3.654870
6 20 1.881817
1 15 3.135942
1 16 3.918191
1 18 9.416149
2 19 9.195469
5 11 5.722924
5 12 2.964378
5 18 4.977555
6 12 10.555451
0 1 8.604531
0 20 5.729572
1 2 8.487650
6 15 4.190166
6 19 4.202534
6 23 14.588552
0 7 6.008351
1 19 6.415961
2 16 4.032333
4 12 3.561641
5 16 14.267077
0 18 6.916121
1 14 7.893855
3 19 6.262313
3 20 7.989257
5 17 9.009162
0 7 9.176306
0 12 8.406957
0 12 13.582760
2 0 5.696042
2 9 3.531711
3 22 6.738328
4 21 13.914065
5 22 5.254871
6 23 12.728782
1 12 7.889439
1 23 8.951878
3 14 2.146447
4 5 7.043942
4 5 7.685328
6 1 10.852610
1 2 10.612885
1 2 4.294350
1 19 13.516684
2 1 15.084796
3 21 3.392040
4 14 8.951878
5 6 6.983206
0 5 6.232431
1 23 13.405539
2 8 9.425728
2 8 3.190947
2 9 10.752592
2 9 15.020877
2 13 7.113428
2 16 5.879350
3 8 3.138636
3 9 12.326142
3 12 3.531711
3 13 4.190166
3 15 8.285502
4 11 8.160619
5 13 5.944098
6 18 7.705670
6 9 2.289543
6 10 3.310979
0 11 4.251573
0 15 5.274844
3 8 6.985671
3 11 7.375984
3 17 6.623794
3 17 7.255066
3 20 9.825590
4 17 17.029768
5 11 12.259780
5 11 5.238619
6 8 5.056576
6 11 8.219172
6 12 3.446750
6 23 17.159988
6 23 1.669245
0 15 7.456728
2 16 3.972781
2 17 6.319860
2 18 8.160099
0 19 3.683618
3 17 4.216509
4 16 7.833056
4 16 7.507658
4 19 2.968035
5 14 9.318585
6 14 5.058745
0 17 3.339039
1 9 21.470421
2 16 6.801907
2 17 7.361119
2 17 16.378796
2 20 6.415961
2 23 8.825535
3 9 7.756101
6 10 18.899094
6 12 7.598662
0 1 10.940523
0 4 5.546170
0 22 13.082403
1 10 3.988684
6 3 4.894725
3 17 5.042845
4 13 2.252010
5 2 20.150763
6 2 5.599381
6 3 5.909853
6 12 4.175972
1 2 8.870532
1 14 3.418872
2 13 2.289543
3 15 10.620853
4 20 14.612427
4 21 11.137207
5 9 4.791587
6 1 12.237103
6 3 13.599183
6 21 1.811769
0 12 4.383337
0 23 12.457365
6 17 4.038994
0 14 6.415961
0 16 2.863549
0 17 1.781573
1 18 12.148890
1 20 10.792764
3 0 12.542299
3 1 4.274015
5 12 6.172306
6 12 3.816044
6 14 3.545497
0 13 3.363534
0 13 7.117454
0 17 10.035125
0 17 13.551106
2 1 11.363125
2 15 11.505515
2 21 13.816228
2 22 6.305219
3 8 8.189567
3 10 3.473814
3 12 5.905254
3 21 4.452052
4 20 7.255066
4 23 3.783976
5 22 4.346015
6 22 7.748556
1 6 9.567865
2 16 6.281934
2 19 4.487596
3 6 8.422864
4 8 8.284784
4 14 5.905960
4 20 4.424156
5 1 4.748568
5 1 16.054314
5 13 6.281934
5 13 3.503254
5 15 8.951878
6 12 5.938577
6 23 16.137123
1 17 1.781573
1 23 12.464109
1 23 9.316853
1 23 12.445105
1 13 7.844429
1 13 2.289543
2 9 6.296458
2 12 2.885664
3 14 7.095085
5 8 13.403325
2 13 2.637422
4 15 10.434464
5 15 6.712009
5 17 4.552509
6 12 13.113427
0 8 10.447145
1 15 8.326059
1 20 1.214002
2 1 3.967318
3 0 4.780616
4 18 12.655775
4 20 4.805032
5 8 11.545996
5 11 4.563416
5 11 6.606862
5 13 6.390676
5 14 13.540297
5 14 5.981636
0 21 5.972690
3 9 5.879350
3 19 4.129212
4 13 2.368493
6 15 1.103639
0 0 5.929903
0 2 10.643554
2 18 15.177775
4 12 9.756696
2 9 4.747360
2 16 8.219902
2 20 5.599381
3 6 7.113428
3 7 1.724103
3 8 6.188790
6 7 1.979526
6 14 6.657571
6 21 5.879350
0 12 2.900861
0 12 6.967762
0 13 3.519747
0 22 11.842237
1 12 7.049188
1 12 5.342462
3 9 8.632180
4 9 3.531711
6 22 8.452591
1 11 8.537564
2 7 5.782968
2 14 8.922953
2 23 17.348545
3 20 4.780616
4 9 11.207767
4 10 8.826974
4 10 7.123637
6 9 23.463648
1 22 6.334627
2 0 20.502892
2 10 14.593869
4 11 9.844424
4 15 1.752367
5 19 3.852776
6 11 5.028345
6 12 5.538587
6 12 4.406175
0 2 9.067101
0 9 3.071053
0 12 2.323012
0 12 11.011567
0 14 13.744533
4 12 11.419028
5 14 6.675679
6 20 3.392040
0 6 7.043942
0 6 1.547920
0 6 5.244028
0 7 15.509812
0 11 2.129428
2 18 9.516183
2 22 5.360777
3 0 1.194101
3 2 10.438903
3 8 7.893855
6 10 23.317572
0 15 6.188790
1 20 11.194198
2 14 8.580474
3 12 9.592893
4 11 13.662587
1 12 2.839860
6 21 5.996643
0 21 7.739866
0 22 8.870532
1 1 16.615463
3 11 13.394682
1 1 7.685328
3 18 9.351529
2 23 11.086285
6 20 7.514432
6 23 9.601400
6 16 3.300980
0 14 3.473814
0 15 6.298542
1 9 3.591571
1 10 5.858753
1 21 5.879350
1 21 6.837714
2 10 10.278699
2 13 25.897764
2 13 1.781573
2 14 11.613579
2 14 6.008351
3 8 3.531711
4 5 6.687378
4 6 24.914625
4 6 8.318863
4 7 10.171460
4 9 4.271599
4 12 11.039164
5 7 5.879350
5 7 7.605043
5 9 9.498405
5 10 5.983615
5 13 15.045644
0 21 12.039886
1 17 3.760839
2 1 17.773857
2 6 3.531711
2 8 10.740572
2 9 23.750032
2 9 7.043942
2 9 9.876539
2 22 15.455706
3 6 19.084873
3 6 7.011399
3 7 4.173531
3 14 7.231986
3 22 12.525628
4 6 3.531711
4 12 2.991513
5 6 4.243090
5 8 6.887605
5 8 4.546167
5 9 8.422864
6 23 16.819120
0 10 10.099841
0 13 1.752367
0 19 4.637183
1 8 8.821384
1 8 8.870532
1 9 8.422864
1 10 5.689694
1 20 9.654779
2 6 7.113428
2 8 4.416364
3 7 8.331254
3 14 5.538587
4 8 6.215535
4 10 8.886792
4 11 10.695571
4 13 22.316730
4 15 7.504769
4 21 5.778555
5 6 7.011399
5 6 22.542048
5 8 10.434464
5 9 24.914625
5 9 7.293917
5 11 11.213981
5 11 11.763202
6 0 8.585528
6 10 7.931059
6 22 6.386633
6 22 8.455803
6 23 5.909853
1 9 8.986840
1 10 8.958591
1 10 9.337085
0 8 2.815542
0 15 3.418872
1 0 13.956424
2 10 10.176119
2 13 6.008351
2 15 11.081470
2 15 5.238619
2 18 7.142035
3 0 29.862152
3 10 3.245355
3 10 7.075688
3 14 8.006626
3 14 9.886464
3 17 6.070603
5 9 8.077057
5 11 9.700628
5 15 4.073393
6 2 20.536297
6 15 3.473814
0 10 7.231986
1 15 11.829181
2 20 4.447136
2 23 11.560603
3 9 1.781573
3 19 6.377359
4 9 7.328164
4 11 8.429715
5 9 5.297130
5 9 3.864319
5 10 3.531711
5 21 20.102949
0 20 16.130352
1 8 10.422139
1 15 9.807747
2 14 37.959221
4 8 11.027457
6 1 22.643333
1 3 7.083892
6 5 7.255265
6 21 5.934677
1 6 15.168108
1 13 5.809027
1 16 4.637183
2 13 4.637183
2 14 1.194101
2 16 30.189228
3 6 8.870532
3 14 4.945913
3 16 7.113428
4 7 8.870532
4 13 11.679472
4 19 2.215687
4 22 3.417785
5 7 8.837862
0 10 11.927108
0 10 14.496211
0 22 7.332716
2 8 12.904370
2 13 16.648291
3 20 13.720228
4 19 9.652403
4 21 13.275631
5 8 13.626714
6 17 11.225685
6 19 3.996073
0 21 13.043210
1 8 8.021775
1 19 4.894725
2 7 4.909149
2 9 3.761358
2 17 6.817526
2 17 6.237339
2 22 15.153410
2 23 8.952654
4 1 7.255066
5 7 8.482465
5 12 6.984467
5 19 7.417908
6 6 5.814533
6 10 10.288314
6 20 9.574965
6 23 18.098764
0 12 26.298800
0 12 6.946862
0 21 1.908828
0 21 15.798923
1 6 5.983615
1 9 2.113425
1 19 11.010639
2 7 6.522893
2 9 7.318929
2 14 6.738291
3 10 3.531711
4 18 6.723629
4 19 4.568970
4 19 19.752260
4 19 5.910351
4 20 13.048456
5 10 23.544741
0 21 4.561163
0 23 15.154743
1 21 17.587547
1 22 18.396490
2 0 12.857272
2 0 13.985801
2 12 10.187083
2 20 3.612393
3 3 17.444698
3 3 6.417390
3 7 14.165569
4 16 10.049746
5 18 9.414174
5 20 11.824450
6 2 23.711462
6 18 6.859013
0 21 2.252010
1 15 2.735097
1 21 13.154612
1 23 12.130342
2 20 6.270098
3 6 11.875016
3 8 6.866203
3 20 3.147268
4 11 11.248471
5 10 10.033096
5 20 7.462026
6 1 4.743435
0 20 1.456803
1 1 13.676767
1 4 5.304640
1 22 8.605949
1 17 8.997581
1 18 18.402830
1 22 8.326059
2 12 10.617183
2 12 24.573751
2 12 14.776389
2 12 3.867958
3 8 16.010809
3 10 3.473814
5 11 5.609639
6 19 11.536184
0 9 5.158061
1 18 10.092612
2 8 2.967082
2 10 3.829136
2 11 3.591571
2 16 8.284784
2 23 6.339925
3 10 3.190947
3 10 8.066447
3 19 13.816834
3 23 10.249775
4 16 4.173531
4 20 15.205198
4 20 15.586375
5 6 5.627471
5 9 19.723597
5 15 12.072014
5 20 7.416809
6 3 5.972690
6 14 1.156193
0 2 13.748236
0 7 12.172632
0 7 5.152740
0 23 8.700372
2 15 4.767465
2 17 9.969767
3 9 4.205231
4 18 13.929379
5 21 8.073447
5 23 5.909864
0 11 3.564128
6 5 10.826300
6 14 5.883576
6 21 16.006746
0 0 6.532611
0 15 5.630861
1 12 7.242364
1 21 20.502892
1 21 4.780616
2 17 6.281934
2 17 13.732597
2 18 4.243090
3 13 12.752085
3 23 9.214275
3 23 28.568489
4 9 6.386633
4 19 9.340177
4 19 13.334045
5 2 5.782968
5 15 3.561641
5 20 11.253613
2 20 18.100368
2 20 3.153796
3 23 9.454262
4 1 10.088061
4 1 8.667884
5 20 4.129212
5 20 13.759877
1 18 7.742273
1 19 8.299344
1 22 12.857834
1 23 9.579624
2 0 7.269485
2 0 2.652785
2 19 9.353012
2 21 4.057394
4 14 2.129428
4 19 3.561641
4 21 7.379690
0 14 20.639322
2 22 6.646304
4 8 10.545442
4 9 2.607180
4 21 5.615845
5 23 3.622008
6 23 5.909853
0 0 2.137887
1 1 11.450840
1 18 1.752367
1 19 8.749313
2 19 8.808054
2 20 4.637183
3 12 1.214002
4 11 10.383831
5 15 4.174615
6 11 3.561641
1 11 8.992073
1 20 14.214537
2 19 7.804715
3 19 3.417785
3 19 7.802133
4 1 4.504595
4 8 10.532486
4 14 12.347624
4 19 5.534465
0 0 16.512142
1 11 8.880297
1 10 6.470488
1 13 3.655181
3 10 14.038118
4 15 9.077924
4 18 4.780616
1 9 6.812022
1 12 3.059203
1 15 7.838776
5 23 8.262595
1 12 25.780401
1 12 11.712496
1 12 9.469465
1 15 4.702246
1 17 8.422864
1 19 6.482684
2 7 14.847656
4 12 7.028276
5 21 1.781573
6 18 4.061520
0 22 9.724964
1 21 1.781573
1 23 10.547292
3 13 8.342251
5 1 4.032047
5 22 16.945890
2 11 8.809904
5 19 3.190947
2 14 7.481364
3 1 4.637183
3 13 12.022426
4 3 1.752367
1 11 3.287669
2 7 5.609639
2 14 11.465180
2 14 11.134773
2 15 4.780616
2 21 19.068016
2 22 8.151158
3 9 7.242364
3 9 8.068059
3 13 9.406028
3 21 6.739508
3 22 2.252010
4 3 15.899402
4 7 9.422582
4 10 5.538587
4 13 6.296458
4 13 5.447790
4 15 8.012827
4 17 4.637183
4 17 10.437097
4 17 6.299304
4 19 13.134018
5 0 1.234579
5 6 14.869790
5 10 4.574125
5 18 5.433402
5 21 7.230151
5 23 8.407187
5 23 5.782968
6 19 11.199285
6 21 4.647582
6 22 4.271599
0 18 4.416482
2 0 8.667884
2 0 4.637183
2 10 4.911205
2 15 3.260041
3 1 18.205856
3 3 5.983615
4 7 10.843667
4 8 7.461202
4 12 10.859116
4 12 3.190947
4 16 4.452052
4 19 7.760008
5 0 6.655868
5 10 12.268032
5 14 9.737252
5 20 6.646304
6 23 9.463615
0 16 6.942916
0 18 3.503254
2 9 9.257374
2 12 6.482684
2 22 13.760119
2 22 8.566435
2 23 17.458843
2 23 7.941032
3 2 10.612885
3 6 3.531711
3 18 10.922616
3 19 12.849788
3 21 13.956424
4 8 10.041465
4 10 11.802165
4 20 11.827376
4 22 13.276353
5 5 17.986914
5 7 17.277603
5 19 10.808144
5 21 5.538587
6 3 13.117120
6 17 17.118626
6 18 4.751758
6 23 5.599381
0 19 10.670324
1 1 10.468747
0 1 5.058745
1 18 5.879350
1 18 4.628825
2 23 8.448609
3 14 8.512807
4 3 5.981636
6 2 13.545660
6 20 5.817159
0 11 2.252010
0 17 2.289543
0 17 1.644529
6 12 15.419407
6 19 12.979005
0 17 16.515055
1 23 8.960856
2 23 5.599381
3 0 11.840418
3 23 6.008351
4 20 5.238619
6 8 7.663960
6 20 8.142360
6 21 9.176306
0 6 5.809027
0 6 5.831074
0 6 7.934211
0 6 10.555802
1 7 10.740572
6 20 3.837499
0 15 3.531711
0 17 1.644529
2 16 4.762381
3 9 6.171780
3 10 23.926542
3 11 3.561641
4 9 7.414196
4 9 13.080409
4 17 3.473814
4 21 9.077475
5 9 5.987469
5 14 12.259684
5 18 9.934583
0 1 11.972121
0 22 9.020881
1 8 4.038994
1 11 4.977687
0 0 11.142582
1 22 3.287669
2 17 7.109295
3 8 5.292882
4 1 6.100815
4 1 15.584433
5 1 7.670235
5 14 3.972781
0 22 12.189830
2 17 7.150368
3 18 11.599607
4 5 9.579624
5 13 2.252010
5 19 5.814533
6 6 8.565624
1 11 6.008351
1 16 1.602754
1 20 9.351529
1 21 7.900761
2 19 10.007534
2 22 8.951878
3 4 6.522893
3 9 8.920778
3 14 12.207107
4 9 7.204995
5 18 3.531711
5 20 3.058676
1 11 9.873388
1 13 5.845125
1 14 3.924124
1 14 6.386633
6 11 8.713307
6 18 4.561163
6 18 19.764933
6 18 18.648895
2 2 5.909853
3 17 3.434926
3 20 11.051935
4 0 9.743926
5 9 5.278949
5 20 19.057903
2 20 14.945588
3 0 14.552732
3 22 5.599381
4 14 2.932970
5 13 1.138127
6 9 7.231986
6 19 3.531711
0 11 12.287548
1 1 8.265245
1 18 3.932583
1 21 4.715779
2 8 4.064803
2 9 4.129212
3 9 5.782968
5 13 1.214002
6 7 4.814484
6 12 6.008351
0 8 4.518208
0 18 6.590729
6 5 6.941485
6 10 3.358891
6 12 8.204544
6 15 2.289543
3 19 5.732039
5 23 6.028112
0 0 3.749096
0 7 9.567865
0 10 3.549046
2 23 16.806103
3 1 4.173531
0 13 16.460276
2 7 13.975013
3 9 9.579624
3 10 8.066365
3 11 5.649276
3 13 9.525533
6 11 18.361525
6 19 15.696949
0 1 20.580214
0 6 4.690157
0 6 11.677741
0 6 7.922727
0 7 7.258711
0 8 6.008351
0 10 9.876539
0 11 3.531711
6 6 4.561163
6 8 6.494881
6 20 9.062192
0 17 9.395484
1 13 6.324580
2 10 2.991513
2 17 2.591936
4 18 10.531621
4 20 4.495217
5 23 4.949232
6 18 11.746589
0 8 7.998625
1 6 16.470161
1 21 11.956132
2 1 7.079273
2 1 7.515949
2 1 6.816791
2 1 4.962941
2 1 5.238619
2 8 5.244349
2 9 3.561641
2 10 6.707038
2 11 7.354561
2 12 3.977896
2 13 3.561641
3 16 5.879350
3 19 13.499701
4 7 6.287905
4 7 14.922780
4 8 3.531711
4 11 12.164173
4 12 2.747452
5 7 8.806627
5 8 10.211337
5 8 6.070082
5 23 13.586658
6 9 7.673992
1 2 5.293804
1 2 8.472525
1 2 8.838172
1 21 4.154954
2 2 6.383979
2 2 7.396648
2 2 6.593290
2 2 2.843587
2 9 7.456728
2 9 3.190947
2 12 1.120618
3 9 6.071907
3 13 3.816044
4 8 8.486431
4 9 8.326059
4 11 4.637183
5 6 7.123637
5 21 6.089933
6 12 8.996895
6 16 7.513860
6 23 6.746563
0 9 3.622008
0 12 10.740572
0 13 7.848383
0 23 9.076445
1 7 7.762193
1 9 5.599381
1 12 13.677100
1 17 7.475902
2 7 7.097437
2 7 8.018757
2 15 7.551225
2 15 16.729845
2 19 7.774951
3 6 4.522511
4 15 4.481828
5 7 5.292338
5 10 7.616578
5 22 5.427093
2 17 8.599797
3 20 4.487771
4 5 7.665008
4 12 12.565744
6 20 4.866140
3 13 13.438590
4 16 8.326059
4 17 9.316992
4 17 2.990669
5 20 3.621305
6 15 5.883576
0 0 4.894725
1 10 3.549423
1 10 11.875642
6 18 7.123637
6 20 18.480082
0 15 2.113425
0 21 14.477271
1 16 4.736986
1 23 10.313711
2 0 2.055661
2 10 1.979526
2 18 9.765685
3 19 6.574532
3 22 9.529492
0 7 2.890980
0 20 6.021132
1 16 5.841397
3 19 3.473814
4 6 10.612885
4 17 13.732597
4 17 14.043340
4 19 8.172977
4 19 6.110187
4 23 6.352634
6 1 8.424594
0 3 12.426584
0 7 5.983615
1 9 33.533737
1 14 12.805963
2 20 7.564932
6 13 1.255865
6 13 4.881245
6 15 3.363534
0 1 7.177963
1 12 11.759971
1 20 6.362967
4 21 10.748185
4 23 3.852776
5 6 5.058745
6 18 5.983615
6 21 7.231986
1 20 5.883576
2 12 4.107451
3 0 15.856414
3 12 13.561360
3 12 12.423474
3 13 12.259103
3 17 5.300486
3 19 4.405921
6 12 5.949025
0 15 11.756749
0 16 8.605929
2 22 4.864892
2 22 1.214002
4 9 6.575922
5 14 9.088641
6 9 1.655458
6 20 21.276239
0 1 20.708494
0 1 16.915920
0 7 4.764789
0 7 4.069751
0 12 5.212684
1 6 8.133438
6 7 4.334284
6 9 5.071742
6 17 3.972781
6 17 6.386633
6 18 12.561792
0 15 4.206522
0 21 7.252547
1 8 6.351672
1 9 6.872999
2 9 9.338488
2 11 10.674178
4 7 10.083816
4 16 5.834280
5 7 8.299344
5 9 5.782968
5 23 7.312558
5 23 15.660604
6 22 14.864466
0 12 5.973345
1 16 2.839860
3 22 11.381468
5 16 3.872098
5 22 1.534790
4 20 5.510428
0 19 9.794016
1 0 6.419164
6 9 3.972781
6 10 10.195896
6 22 29.844677
1 0 5.271335
1 1 10.070099
1 3 18.301775
1 20 3.487471
3 7 10.740572
3 8 3.417785
3 8 5.983615
3 12 9.014531
3 13 6.856834
3 20 1.843006
3 20 1.781573
4 8 3.996012
5 8 4.968410
5 9 3.871136
5 20 6.285903
6 15 17.281826
6 20 6.386633
2 20 3.857354
3 11 2.252010
3 14 3.885427
6 0 14.363953
6 0 7.386629
1 12 7.231986
1 13 11.383052
1 14 7.371042
1 16 13.113427
1 17 1.734289
1 18 4.637183
1 22 20.326315
3 0 7.291811
0 21 23.955887
1 18 8.713307
1 21 41.179420
6 7 3.503254
6 9 4.173531
2 15 7.231986
2 19 7.343625
2 21 3.849724
2 21 6.916883
3 19 6.779986
4 8 11.961975
1 15 9.077475
2 19 4.146510
2 20 17.140137
3 16 5.736740
3 19 8.018689
5 16 7.528618
5 23 20.109533
5 23 10.498711
6 20 7.142057
0 11 20.060513
0 11 8.120640
0 12 5.511891
0 18 15.806951
2 12 12.575105
2 12 10.415789
2 14 12.941444
3 19 5.936069
6 8 6.228412
0 19 5.416774
2 5 5.538587
4 12 4.243090
2 16 23.695120
2 19 12.300701
3 15 1.908828
3 17 3.970606
3 20 7.113428
5 7 4.637183
5 21 9.888800
0 19 5.800308
1 12 6.228412
1 12 4.306582
1 17 18.110409
1 17 9.053830
2 16 11.251813
3 16 11.593849
4 15 3.590619
5 14 5.485467
5 14 8.100069
2 0 6.325129
2 7 1.752367
2 11 4.814484
2 13 6.796195
2 13 7.551225
2 13 5.152740
2 14 9.867304
3 0 7.241474
3 6 6.008351
4 12 16.081821
4 17 12.533116
6 20 5.087535
6 20 8.982797
1 14 4.129212
1 20 11.420652
1 20 10.787063
2 10 4.061520
2 17 6.441843
3 6 8.422864
3 16 1.781573
1 10 6.319570
1 13 9.625683
1 16 11.974064
1 19 5.879350
1 20 13.592750
2 19 4.467568
2 19 12.605416
2 20 8.870532
2 23 16.911936
3 20 2.981853
4 12 7.231986
5 17 2.601434
6 20 10.777964
0 1 6.281934
2 14 3.622008
2 15 11.679786
2 20 42.612595
2 20 8.926344
2 22 7.871663
2 22 14.504113
4 22 2.252298
5 1 7.328164
6 10 3.503254
2 0 7.231986
4 21 13.724176
2 0 14.817204
4 17 7.231986
4 22 4.984053
6 19 11.494931
6 19 13.602382
6 20 11.559639
0 7 6.369177
0 7 2.591936
0 19 4.129212
0 20 6.522893
0 23 5.063509
0 12 6.550191
2 10 7.861720
3 8 28.175392
3 21 12.137621
4 0 7.827472
5 3 10.585662
6 2 6.921006
6 9 15.367496
6 9 5.238619
0 1 7.760690
0 11 6.104232
0 19 12.266441
1 3 13.963799
2 21 9.703159
4 10 4.945913
4 15 12.476406
0 0 4.846793
1 5 9.507945
2 18 9.737665
3 1 4.894725
3 1 10.424852
4 1 12.870255
4 7 6.464239
4 8 29.409060
0 13 5.683427
3 16 5.546170
3 16 33.628845
3 20 1.781573
4 18 5.973081
5 1 4.061520
5 20 8.070651
5 22 4.061520
1 7 7.348337
3 1 6.855379
5 6 15.407322
6 5 3.957379
6 19 3.531711
0 7 7.728260
6 20 6.332219
1 9 6.575922
2 10 10.997744
2 11 8.836862
3 10 11.720963
3 10 7.204995
3 10 4.508567
3 22 13.402043
4 23 11.016127
6 17 4.243090
1 7 8.067825
2 8 4.416364
3 9 4.894725
3 10 6.271502
5 14 8.315862
0 21 4.561163
2 14 13.997188
2 17 6.171780
2 18 4.449750
4 15 21.331247
5 15 4.061520
5 23 3.549423
6 17 5.981636
6 21 7.954075
0 0 6.413836
3 2 10.889145
3 2 16.881668
3 8 7.128255
5 13 3.561641
5 20 6.415401
6 3 11.523945
6 13 4.107451
0 0 7.893760
0 20 1.781573
1 12 11.154934
1 13 9.605056
1 18 6.303402
2 15 3.469192
3 9 3.477198
3 15 5.058745
3 21 5.943770
4 9 5.788680
4 11 8.060911
4 11 12.251867
4 14 12.463422
4 17 4.038994
5 9 4.414639
6 16 5.632829
6 16 6.923233
6 22 6.946862
0 0 5.369139
1 9 10.201535
2 12 12.146563
2 14 5.475055
2 14 10.517968
2 21 4.173531
3 11 7.089498
5 11 2.900861
1 10 9.674419
1 10 17.990820
0 15 14.971313
2 15 14.896749
4 13 7.475567
4 13 12.472601
5 9 5.112479
5 10 7.083892
5 13 7.554541
5 15 11.591332
6 11 23.949190
2 15 7.231986
2 16 5.455509
3 9 15.396047
3 9 3.071053
3 12 2.249458
3 12 4.504595
4 3 7.379690
4 15 5.318245
5 1 5.800308
5 7 8.585528
5 20 5.994830
5 20 16.723095
5 23 14.010818
6 2 5.447790
1 0 4.747360
1 18 26.438850
2 0 1.164175
2 0 1.461722
2 0 2.443082
2 9 5.879350
3 9 4.907192
3 9 16.393965
3 21 7.379690
4 1 6.739350
5 10 14.265889
5 10 14.473082
5 14 7.286108
6 16 13.475097
6 19 5.879350
0 10 8.284784
1 9 9.991271
1 9 17.653505
6 15 7.521791
1 13 6.010940
2 11 6.386633
2 19 10.545442
3 2 3.531711
3 23 8.407132
4 2 5.038077
4 7 9.730050
4 13 6.008351
6 12 5.739171
6 17 9.496905
6 21 4.109586
0 0 6.773904
0 8 11.816980
1 7 8.522543
1 13 5.538587
2 18 10.327302
2 19 3.924124
2 23 4.632373
2 23 11.152205
3 11 15.452719
3 22 6.621958
3 22 6.761874
3 22 23.023434
4 2 10.985925
4 7 10.377696
4 8 7.879145
4 20 9.213160
4 20 12.729216
4 20 12.261217
4 21 8.829278
5 7 7.685593
6 14 11.258495
6 20 15.022973
0 6 6.008351
0 9 1.103639
0 9 3.260041
0 12 7.496814
0 13 3.561641
0 18 6.721121
1 3 7.242364
1 3 3.503254
1 8 8.331254
3 14 6.164927
4 5 5.981636
4 9 5.455509
4 12 11.927108
4 15 10.424958
4 22 15.204458
5 4 12.010942
5 13 7.123637
6 15 4.243090
0 7 2.328349
0 12 6.281934
0 12 10.917887
6 23 7.369192
1 10 14.560242
1 10 8.951878
1 15 7.893855
2 9 6.176026
2 19 6.509509
3 14 6.149173
3 16 9.294571
3 22 3.753829
3 22 7.128255
3 23 1.527063
5 17 13.774011
5 19 2.900861
6 10 4.637811
0 0 4.816173
0 15 6.487750
0 18 15.515730
0 18 13.131072
0 19 8.679857
0 20 11.523945
1 6 7.748556
1 9 10.740572
2 13 7.888035
2 23 13.744677
3 11 10.628397
5 4 10.947670
5 9 8.892155
6 11 18.203579
0 9 5.538587
0 9 1.781573
0 11 3.783976
2 6 3.503254
3 22 6.765298
1 2 4.129212
1 22 8.331254
2 15 6.781942
2 20 6.035304
2 22 2.789383
3 19 12.223639
4 22 5.781340
5 10 5.883576
6 8 16.052748
1 18 5.802284
1 19 5.968935
3 1 6.575922
3 8 5.981636
4 22 10.757659
4 22 7.286837
4 22 8.425029
5 2 18.170294
5 22 7.412992
6 21 5.782968
0 9 4.129212
2 19 3.287669
2 21 9.256949
2 21 19.402954
3 16 3.622008
5 22 6.386633
6 0 10.871517
6 0 5.714857
6 10 10.246836
6 11 6.262783
0 20 3.009838
1 1 5.589850
1 19 5.623285
1 8 4.866140
1 8 7.231986
1 11 7.364211
2 13 8.187154
6 14 6.665493
6 19 7.231986
1 17 5.447790
3 10 2.968035
4 18 16.031427
6 16 8.869628
0 16 1.979526
0 18 3.524514
0 23 10.670324
2 6 3.874587
2 11 10.399809
2 13 3.561641
2 14 1.194101
2 14 17.668989
2 18 5.028345
3 10 4.487771
4 10 5.244349
4 12 2.180597
5 1 6.914985
5 1 8.203167
5 1 12.559065
5 1 9.523645
5 1 4.994668
5 1 8.560120
5 2 2.753314
6 10 6.444787
0 20 17.093737
0 20 8.221465
0 22 8.219172
1 1 20.433393
1 6 12.780643
1 10 2.986361
1 13 3.263790
1 14 4.561163
1 15 9.119371
2 0 8.093228
1 10 3.531711
1 22 3.622008
3 19 44.264893
4 11 4.107451
4 14 10.859116
4 14 6.153985
4 15 6.008351
4 23 8.189567
6 15 1.156193
0 7 3.190947
3 0 10.489135
3 12 11.747693
6 1 4.154954
4 14 3.138636
5 13 6.352634
6 8 4.959928
6 12 14.151236
1 19 1.324366
2 18 6.675679
4 7 4.561163
4 9 9.664104
5 14 3.392040
3 17 3.653494
4 15 4.977687
5 15 1.156193
3 7 7.542863
4 7 5.782968
4 22 11.229445
5 8 8.284784
6 15 4.038994
6 23 7.370882
0 8 15.463225
0 16 4.894725
0 20 10.434464
1 13 9.838766
4 13 13.770590
5 22 8.331254
2 22 7.748668
4 15 9.463615
5 19 14.277395
5 19 8.725114
1 8 7.321867
1 13 4.215621
2 15 6.590729
4 13 4.243090
4 15 3.916698
4 21 3.531711
5 6 9.548249
5 9 4.561163
0 22 4.129212
1 8 5.571455
1 0 4.052345
3 19 10.636490
3 22 9.659269
4 10 1.255865
5 1 3.503254
5 2 4.637183
2 16 14.207803
2 16 15.720009
2 17 8.284784
3 16 2.652362
4 1 12.878878
4 12 3.653494
4 17 10.265996
5 14 1.781573
6 19 21.991417
0 16 6.722772
0 23 3.503254
1 0 10.791485
1 9 7.668718
2 9 4.814484
2 17 5.538587
4 12 4.411784
4 13 7.720453
5 1 12.067857
5 1 12.671227
5 14 5.718135
5 20 10.245363
6 6 4.424156
0 8 18.872234
0 23 14.212042
0 23 11.265390
1 5 8.331254
1 19 8.194676
2 13 9.654779
2 23 13.678989
4 3 4.297611
4 3 2.890980
4 13 5.548560
4 14 3.916698
4 15 5.152740
1 8 12.328509
1 8 5.238619
1 19 7.375984
2 15 9.264123
2 16 6.008351
3 12 11.528440
3 14 1.324366
5 6 11.580481
1 1 5.909853
1 4 10.446685
1 16 14.075884
1 16 12.828950
6 7 9.567865
6 8 4.504595
6 12 7.335091
6 14 9.741991
1 19 9.283610
6 19 16.813036
0 11 5.359922
1 9 8.422864
1 20 7.017007
3 4 9.605056
4 18 5.909853
5 11 4.447136
6 11 10.382756
6 23 13.761271
1 18 10.563043
1 20 5.447790
2 11 8.616510
6 23 10.710298
0 1 9.759753
2 14 7.948658
2 14 9.213415
4 19 13.737744
6 0 6.410306
1 7 7.113428
0 8 10.921047
0 17 13.832087
2 15 9.437908
3 19 16.982594
3 22 5.328740
3 22 17.081285
4 9 8.428533
6 1 5.983615
6 23 7.835837
1 11 5.981636
1 21 5.447790
1 21 3.512169
1 22 17.122433
4 6 8.842731
4 20 14.783792
5 9 10.394102
5 12 5.424857
5 13 8.795260
6 21 9.020881
0 8 7.985296
0 15 2.289543
1 11 2.410046
1 19 8.458548
1 20 16.442787
2 14 5.983615
2 14 5.782968
3 14 9.213160
3 14 3.786557
5 14 19.296885
6 11 11.394710
0 13 12.293838
1 0 13.538263
6 7 4.588014
6 22 7.629457
1 2 11.136483
1 3 9.462557
1 21 11.823939
2 0 12.489750
2 0 5.879350
2 21 11.268667
3 5 3.749096
3 7 10.564497
3 7 9.224512
4 5 3.138636
4 14 12.152036
5 11 5.538587
5 22 5.796478
6 23 10.463013
0 1 19.483622
0 1 9.552688
2 1 8.331254
2 6 7.040496
3 5 5.492023
3 20 13.422298
3 23 8.265245
4 13 5.879350
5 11 3.684457
6 21 6.510249
0 0 10.267520
0 2 9.176413
0 3 8.331254
0 5 4.061520
0 7 4.199199
0 8 4.168160
0 8 9.507945
0 12 2.945489
0 20 6.073929
1 10 1.811769
1 17 12.472601
1 20 6.522893
2 1 17.868168
2 5 7.759118
2 5 1.120618
2 8 6.723629
2 9 5.391602
0 16 4.032333
1 12 28.122931
1 17 5.501173
1 18 4.955055
1 19 5.811598
2 13 10.374181
2 17 2.900861
3 17 6.590729
3 17 4.038994
3 19 5.782968
3 21 14.584434
4 7 9.053830
4 10 6.518821
4 13 2.368493
4 14 5.885523
4 19 6.071907
4 22 6.468103
5 8 5.112541
5 9 16.273632
5 9 8.354851
5 13 5.538587
6 1 6.008351
0 21 9.773963
1 9 6.468120
1 19 12.590246
1 19 4.540444
2 6 6.386633
2 19 10.764745
2 19 27.335066
3 7 2.289543
3 8 9.175533
3 9 8.870532
3 17 16.244474
4 10 3.473814
4 11 4.588014
4 11 8.302969
4 11 36.025242
4 15 3.190947
4 16 5.981636
4 18 3.773210
4 19 7.450321
4 23 12.736610
5 5 5.088428
5 8 4.708948
5 12 13.817019
6 14 7.268264
6 15 6.250493
6 15 2.113425
1 7 10.602972
1 13 4.715344
1 18 5.979000
1 19 3.816044
2 6 8.690838
2 21 8.760118
3 6 10.731140
3 8 13.108723
3 9 9.813276
3 10 9.498405
3 18 3.885427
3 19 5.521510
4 6 7.759676
4 7 10.740572
4 13 3.473814
4 18 4.452052
5 6 6.522893
5 7 9.342693
5 8 3.561641
5 9 4.815969
5 9 9.659234
5 17 5.723858
6 7 15.052449
6 7 15.343643
6 11 1.234579
1 7 6.461204
2 16 13.232771
4 12 9.232322
4 13 1.388239
4 18 5.292365
4 20 6.156470
4 20 10.115061
4 21 3.561641
5 11 4.416364
5 12 11.901792
5 20 10.695571
6 8 7.216821
6 20 5.292338
6 23 1.174841
1 7 4.038994
1 10 11.169024
1 19 8.708750
2 6 8.299344
2 7 8.284784
2 10 8.263272
2 12 7.138049
2 12 4.702246
2 17 5.150015
2 18 3.998163
2 20 6.646262
3 10 16.349249
3 20 3.815906
4 9 7.479519
6 0 9.725372
0 16 5.271335
0 20 18.299900
0 20 12.443100
0 20 4.152442
0 21 8.265245
0 21 7.569145
1 8 5.287499
1 9 8.681989
1 10 3.885427
1 13 3.190947
1 22 2.289543
1 23 6.419164
2 16 2.289543
2 16 7.802133
4 3 3.190947
5 19 19.619884
6 7 4.129212
6 8 7.685328
6 10 11.324189
6 22 8.479471
0 8 7.828112
6 21 5.798686
1 19 7.138474
2 7 13.741961
2 10 1.781573
2 14 2.289543
6 11 3.710015
6 13 10.462692
6 0 4.561163
0 14 6.299304
1 11 12.992365
1 22 10.643523
2 11 15.784814
3 14 12.987617
4 15 1.696736
5 20 1.261268
5 20 3.961550
6 14 3.300980
0 5 1.214002
6 23 7.685328
0 14 7.231986
0 23 16.512142
1 6 5.538587
2 6 5.391602
2 10 6.967762
2 17 8.422864
3 8 1.216223
3 8 6.525421
3 17 7.231241
4 8 12.545030
5 10 6.408895
5 16 11.317242
5 22 8.926344
6 21 4.504595
6 23 19.168232
0 11 9.674787
0 19 4.061520
1 10 11.590254
3 19 9.373129
5 20 12.918274
5 22 1.214002
6 14 5.028345
0 17 9.447596
0 18 4.129212
0 23 4.238053
1 17 10.053378
1 18 14.519385
2 7 4.715779
2 18 12.650822
3 10 5.889743
3 16 6.413836
4 7 6.042094
4 9 3.234386
4 11 11.513170
4 14 9.605056
5 18 5.983615
0 6 6.703178
0 6 2.137887
0 15 13.659998
0 18 11.891347
0 20 8.331254
1 7 5.521510
6 13 1.255865
6 13 4.881245
6 15 3.363534
6 23 7.958120
0 8 6.486947
0 8 7.766480
0 8 6.703178
0 8 7.345231
1 13 4.347359
1 17 3.287669
1 21 8.582675
1 21 20.511463
1 22 3.687433
2 13 3.138636
2 15 1.194101
3 10 5.032228
6 16 4.674580
6 19 5.538587
6 22 9.642366
0 4 6.574532
0 9 1.724103
0 10 2.289543
1 3 11.549238
6 15 7.090993
6 20 5.538587
0 22 14.721847
0 22 5.238619
1 6 4.129212
1 7 7.447976
1 7 8.318863
1 9 9.718689
3 15 10.540227
3 17 6.590729
3 19 6.802678
3 19 7.323032
4 5 18.383270
4 8 7.199204
4 9 2.913606
4 11 10.214349
4 17 6.452922
5 12 3.863941
5 18 8.960574
6 16 3.728302
0 22 7.258711
1 2 6.817995
6 15 5.192425
6 18 4.129212
1 20 8.126922
3 10 13.156184
3 10 2.668597
3 15 6.648461
5 10 11.359176
5 12 8.768344
1 8 8.980717
6 10 1.752367
0 1 7.144589
1 8 3.531711
1 12 5.909853
2 10 6.590729
2 18 3.591571
3 10 11.777768
3 11 3.473814
4 11 10.041148
5 0 9.663552
6 2 7.375984
6 20 6.008351
6 21 5.538587
0 3 10.922616
0 19 4.715779
0 20 4.129212
2 20 12.472601
5 1 15.371900
5 8 1.670225
5 21 7.692466
6 19 6.646262
6 23 3.561641
0 19 13.545660
1 12 2.815542
1 13 3.653494
1 22 16.855177
2 0 3.996012
2 17 4.628825
3 12 12.906308
3 17 4.327493
3 20 14.073153
3 22 4.333692
4 19 9.775586
5 1 4.637183
6 3 6.417771
0 0 3.907282
0 1 13.442411
1 11 19.584099
6 13 17.776693
6 18 8.165339
6 19 3.237856
1 8 19.396303
1 9 9.103604
2 11 18.341385
2 11 8.012177
2 16 8.284784
2 17 3.871136
2 18 4.251573
2 18 9.700637
2 18 4.129212
3 20 4.544596
3 22 7.231986
5 4 10.744217
5 4 5.872154
1 21 3.749096
2 19 24.115629
3 15 3.786557
3 16 2.368493
3 17 12.805963
3 18 7.784432
4 2 7.195520
5 4 6.382865
6 11 13.144718
6 17 4.061520
0 1 12.889806
0 9 10.826300
1 19 10.612885
2 19 8.498166
2 19 1.064195
2 19 8.866173
5 17 8.317183
6 15 1.908828
0 13 4.106215
0 15 4.178269
1 7 6.723629
0 17 7.727882
1 20 1.120618
1 20 3.473814
2 20 3.339039
2 20 6.110187
4 2 6.941485
4 22 6.554564
5 11 1.428238
0 20 4.955055
2 9 5.705221
2 17 5.447790
3 12 5.879350
3 17 6.332219
5 6 3.561641
5 10 9.407613
5 23 23.782450
6 14 10.041148
6 14 1.194101
0 19 8.003751
0 22 1.214002
1 14 5.415811
1 17 14.272086
1 22 11.523945
2 17 6.008351
3 8 10.404286
3 12 11.064070
3 16 5.631083
4 8 12.762161
4 9 7.201449
5 7 12.881269
5 17 3.531711
5 22 1.916846
0 7 4.129212
0 7 3.531711
0 9 1.214002
0 12 8.519287
0 13 3.274860
0 15 3.561641
1 1 3.643423
6 9 5.983615
6 10 5.830091
0 7 11.064070
0 7 6.916883
0 13 11.590254
1 0 15.888593
1 6 7.375984
1 7 5.983615
3 6 7.125879
3 7 8.299344
0 13 3.358891
3 8 4.968410
4 6 1.875340
4 9 6.967762
1 7 9.696208
1 7 15.587655
2 5 7.300528
2 6 5.546170
2 6 10.220464
2 10 2.429803
2 14 6.247875
3 8 6.171780
4 23 8.863822
4 23 15.430337
6 16 12.824181
6 17 7.658613
0 0 2.497684
1 11 13.136322
1 11 2.146447
3 8 12.238775
3 15 15.581775
3 17 9.099900
3 22 6.807547
5 7 5.879350
5 9 13.499701
5 18 15.134198
6 10 1.781573
6 13 11.321542
6 17 4.731945
6 20 3.190947
1 15 16.010809
2 22 5.088059
4 9 6.742114
4 23 13.555544
5 19 2.747452
6 0 37.898991
6 20 8.085969
0 0 5.438584
0 7 18.401669
0 19 6.549207
1 13 5.447790
1 15 10.399809
2 0 8.626466
2 22 6.415961
4 23 7.748668
6 4 12.464109
6 4 10.956918
6 8 4.814484
0 9 3.561641
0 13 2.693580
0 17 8.960910
0 21 3.753829
0 23 12.004254
1 0 14.638626
2 14 4.106372
5 17 1.752367
6 18 5.564619
6 21 15.590714
0 23 5.091754
2 13 2.289543
2 17 6.575922
2 19 9.727329
4 13 3.194842
5 3 8.821384
5 14 6.864750
5 14 2.782511
5 17 2.113425
6 2 8.844070
6 8 21.132349
6 12 36.043056
6 15 4.645619
1 12 16.054314
1 13 1.935843
2 9 1.214002
2 10 5.689694
2 16 3.998163
4 8 4.637183
4 8 3.972781
4 9 2.945489
5 8 4.136388
1 14 5.790595
1 16 4.561163
0 6 9.422582
1 13 14.711419
1 18 3.872098
2 11 9.876539
2 11 12.464109
2 11 5.872154
2 19 8.326059
3 3 12.725408
3 8 8.522543
4 8 6.008351
4 11 14.132802
4 22 3.561641
5 10 10.744217
5 10 2.890980
6 12 14.556744
0 18 6.324580
0 19 5.028345
0 20 12.585497
2 19 5.351171
3 8 5.782968
3 11 16.055382
4 8 10.601275
4 8 11.710790
4 17 6.327770
4 18 8.299344
4 19 4.637183
6 8 5.782968
6 16 5.439650
0 9 4.173531
0 11 11.337037
0 11 6.648461
0 15 3.358891
0 15 4.115412
0 15 7.838880
0 15 8.537564
1 11 3.908704
1 12 13.577104
1 21 4.173531
2 8 5.782968
2 9 11.219101
2 9 1.644529
2 13 6.308599
2 15 13.224199
2 23 3.772286
3 10 7.551297
3 11 7.998625
4 2 13.974513
5 4 5.293804
5 4 2.890980
5 8 3.885427
5 8 4.487596
5 9 1.214002
5 11 3.358891
5 22 3.816044
6 11 7.794126
6 14 3.871136
6 21 16.007708
0 20 11.028604
1 8 6.967762
2 12 10.118235
4 13 5.830091
4 13 14.304546
4 13 3.783976
4 13 9.077813
4 20 12.973436
4 20 8.017553
6 16 3.612393
0 20 4.284714
1 14 2.215687
5 11 4.546776
5 12 7.365117
5 18 4.819751
6 18 1.193084
6 10 7.231986
0 11 10.211337
1 7 3.531711
1 16 6.810848
1 16 3.503254
1 19 11.330383
2 6 19.090828
2 6 10.308168
2 6 9.282224
2 15 5.112541
2 16 2.747452
2 18 8.443883
3 7 3.622008
3 15 12.555291
4 13 14.539751
4 13 22.541512
4 19 7.430696
6 14 11.874130
6 17 7.889439
0 15 2.981853
1 7 8.189567
1 12 7.231986
1 16 4.215621
1 18 1.214002
2 15 6.522893
3 7 11.816980
3 14 9.328468
3 16 5.909853
3 17 5.981636
3 20 4.780616
4 7 14.702157
4 13 1.781573
4 18 4.061520
5 6 8.422864
5 11 11.383052
6 21 8.331254
0 0 5.909853
0 2 9.190615
0 12 4.894725
1 7 3.503254
1 16 7.096259
1 16 6.522893
1 20 10.195896
2 9 1.934825
2 10 9.550297
2 12 7.083892
2 17 8.711231
3 15 10.009539
3 20 13.217944
4 8 9.330103
4 15 8.005112
5 6 7.241474
5 6 7.508990
5 7 3.531711
5 13 5.632461
5 15 12.493503
5 15 5.775889
5 16 4.945913
5 18 5.782968
6 11 3.998167
6 13 4.243090
6 23 3.418872
0 1 10.088348
0 1 11.870091
0 11 7.083892
0 23 5.538587
1 9 4.894725
1 13 13.199508
3 19 9.721909
4 16 2.289543
5 17 5.427093
5 18 4.152701
4 8 8.029357
4 13 10.450500
4 14 1.644529
5 2 12.208383
5 22 2.328349
6 19 6.413836
1 13 3.531711
1 15 5.215218
1 19 7.113428
1 19 1.214002
1 19 6.967237
2 7 10.069286
2 16 7.004354
2 17 4.280476
2 19 8.422864
5 18 4.637183
0 8 2.023337
6 15 3.787072
6 15 2.890980
6 21 3.972781
2 19 9.755121
2 20 2.328349
2 23 18.617048
4 19 7.147018
4 23 6.908276
5 18 5.238619
5 21 4.661644
5 23 5.806030
6 7 8.796567
6 15 15.355147
6 18 6.332219
6 20 18.737490
6 21 17.831724
6 22 8.153854
0 1 8.779905
0 11 14.038118
1 23 6.723629
6 5 7.727705
1 10 11.147641
1 15 13.744533
1 15 2.591936
1 20 7.982131
2 0 13.137228
2 20 1.752367
4 0 15.008842
4 0 13.128409
5 12 8.269388
5 13 7.368913
5 19 5.983615
5 22 16.385885
6 19 5.981636
0 10 11.905780
1 11 12.560412
4 12 12.008245
4 23 21.546574
5 18 6.110187
6 13 2.226966
0 10 3.417785
1 10 11.403315
1 19 11.975028
3 11 3.392040
3 12 6.779986
3 15 3.561641
3 17 12.323514
3 19 1.300717
3 23 11.989931
4 11 7.599290
4 21 3.615068
5 18 2.137887
6 16 10.878946
0 18 10.265996
0 18 5.599381
0 18 10.719398
1 12 6.415615
1 14 6.517382
1 17 3.864257
1 18 13.587440
1 22 9.694245
2 10 7.459940
2 12 9.507945
2 14 4.204968
2 18 1.752367
3 12 10.110325
3 13 11.188263
5 8 4.315006
5 19 6.288683
6 14 6.967237
6 14 9.208014
1 14 4.748855
6 11 41.311504
6 11 4.523439
6 21 2.986361
0 0 9.395965
1 19 11.697004
1 21 11.712496
1 21 8.283196
3 9 8.299344
3 16 3.531711
3 17 9.347862
5 6 3.138636
5 8 5.993838
5 22 8.457702
6 11 4.038975
2 14 9.085331
3 4 3.972781
3 8 5.934200
4 5 3.491236
5 10 5.022812
5 10 8.774414
5 12 3.260041
6 10 6.426681
1 12 4.129212
3 9 10.751248
3 10 5.591052
5 21 7.083892
6 10 11.870279
0 16 2.289543
0 19 27.474522
1 11 3.885427
1 12 12.177014
1 16 5.981636
1 20 9.727329
6 19 8.308993
1 10 1.781573
3 19 15.132092
3 19 5.152740
3 23 5.981636
4 18 2.289543
5 2 4.129212
5 10 3.088013
5 20 7.029614
6 8 3.783976
6 9 10.795654
6 14 9.016631
2 18 6.085032
3 9 4.452052
3 9 8.990435
4 8 8.834884
4 12 8.017450
4 13 3.811580
4 13 4.743435
4 15 4.508567
5 10 8.934619
0 3 11.299517
0 14 5.950449
0 15 8.764273
0 16 8.122237
1 21 12.286862
3 21 13.109009
4 1 10.469447
4 8 4.780616
6 11 1.348891
6 22 7.836355
0 22 6.813015
1 1 3.473814
2 13 14.286139
2 20 6.583158
3 17 2.696998
4 8 10.670324
6 10 12.506408
6 10 10.180697
6 14 12.284316
0 17 17.685392
1 1 6.383979
1 1 14.265061
1 20 7.094053
1 20 19.662172
2 22 31.943913
4 1 3.681862
4 1 11.689156
4 19 10.011068
5 23 10.241285
6 19 3.697802
0 19 7.983096
0 20 6.575922
1 8 4.637183
2 11 4.038994
2 19 11.360274
2 23 14.202683
3 20 15.026591
3 20 15.132092
3 20 17.900572
4 14 3.874334
4 14 3.512169
4 23 13.018351
0 7 6.115212
6 7 9.058349
6 16 16.019541
6 17 2.016875
6 18 2.890980
6 19 2.137887
0 0 5.058745
0 18 7.113428
0 18 3.766506
0 21 5.152425
0 23 6.421293
1 19 12.668570
1 20 6.963216
2 0 17.086262
2 17 4.173531
3 21 5.112541
4 0 8.249777
4 13 2.453082
4 18 6.657571
5 3 8.422864
5 3 4.405921
0 22 2.289543
0 22 31.242260
0 23 9.403049
1 9 7.776278
1 11 6.373482
1 16 10.127337
2 12 3.375673
2 12 8.363849
2 15 10.982612
2 20 4.038994
3 15 3.783976
4 12 31.267387
0 10 5.177017
0 12 10.695571
0 22 12.346082
0 22 12.021920
1 13 1.456803
1 17 14.063978
2 9 15.705009
3 13 8.257833
3 16 7.519755
3 17 4.414639
3 20 10.430469
4 12 3.816044
0 15 5.538587
6 12 4.637183
6 13 9.025875
6 15 36.420071
0 22 15.219280
0 22 6.796195
6 22 4.938370
2 15 6.662576
3 12 9.841697
3 17 10.176863
3 17 10.346684
3 18 16.131655
3 19 8.951878
4 2 5.721689
1 15 6.524734
2 14 6.482684
2 16 5.192425
5 1 4.885235
6 18 2.091962
0 11 16.241222
1 11 10.357695
0 13 13.000753
0 14 3.287669
1 8 6.281934
1 8 8.326059
1 15 6.967762
2 0 1.526352
4 10 1.781573
4 14 6.343784
2 9 3.643423
2 12 16.475119
2 13 4.631582
2 13 6.934584
2 14 4.424156
2 22 5.936069
4 12 3.190947
4 14 7.086933
4 22 14.563661
5 9 7.385575
5 18 4.637183
0 18 9.620754
0 21 7.013530
1 13 6.008351
1 19 10.758372
2 14 6.329499
2 16 3.531711
3 8 7.706087
4 13 3.531711
4 18 4.243090
4 22 16.280758
5 12 13.626714
5 13 6.413899
0 7 18.776268
0 15 10.520234
1 14 3.054125
1 15 4.958797
