0 20 5.217108
3 17 2.788136
5 19 12.014721
5 20 9.747868
6 20 7.417983
6 20 7.551862
0 2 8.522449
0 2 7.328021
0 2 7.328021
6 20 12.015414
0 2 12.932726
1 21 16.832989
1 21 11.156916
4 21 7.417983
6 17 8.884842
0 21 11.335433
6 11 9.747868
6 16 8.242204
0 0 5.082850
3 10 8.694440
4 8 9.029591
4 15 2.323446
5 8 9.642924
0 13 11.639453
0 17 6.661838
2 21 7.713706
3 16 8.987402
5 9 7.994205
5 18 7.863976
5 19 3.925726
6 0 10.320387
6 21 25.284403
3 19 2.555791
4 9 4.998137
0 19 4.885676
0 23 15.694598
3 20 4.653025
6 12 4.836906
6 12 2.690306
1 10 10.706954
3 9 10.110337
4 13 8.229307
6 10 4.760130
6 13 9.947854
0 8 8.839347
0 11 6.775118
0 13 10.084002
4 21 8.839347
5 12 4.998137
6 1 14.417028
6 3 7.417983
6 15 6.870020
3 18 7.072974
4 0 4.760130
6 22 13.030434
1 20 12.421999
2 19 5.927814
4 1 8.694440
4 8 9.773326
4 16 6.722485
4 22 2.555791
5 10 5.775271
5 21 4.225843
6 8 6.395672
6 12 6.934124
6 17 2.396054
6 12 2.290490
6 22 7.178693
0 1 10.963568
0 23 9.747868
1 7 13.933768
1 10 12.214966
1 11 18.482525
2 14 2.555791
3 8 4.998137
3 11 2.173103
4 14 10.799973
5 8 9.464705
5 8 2.190678
0 13 7.296377
0 13 11.681532
0 14 2.359192
1 10 4.836906
2 12 8.427298
2 12 9.723060
3 10 36.640106
4 10 4.771010
5 18 4.998137
6 10 2.643922
6 20 7.296377
0 2 10.661810
0 23 7.328021
2 19 8.377136
3 10 18.756292
3 13 4.916200
4 13 8.071713
4 20 3.835691
5 16 2.359192
6 11 4.771010
0 13 6.672465
0 15 6.358271
0 22 7.219388
1 9 9.144153
1 9 6.946772
1 6 14.649387
2 0 4.885676
2 13 12.015414
3 6 4.805583
3 8 4.998137
3 21 4.580321
4 0 5.590825
4 19 2.739853
4 22 6.133898
5 0 11.001563
5 3 3.566220
5 6 7.407115
5 21 13.326186
5 13 7.543712
5 21 12.636901
1 23 7.328021
1 23 12.214966
2 8 9.885111
3 6 9.984603
3 7 9.458057
4 7 12.327453
5 19 2.359192
6 3 2.473346
1 0 12.214995
0 20 8.092345
1 11 12.619290
1 20 8.455409
2 16 7.811336
2 16 15.962502
3 8 6.800838
5 23 6.627479
6 12 7.872166
4 13 5.329828
5 5 12.327453
5 6 11.633972
5 8 8.559211
3 23 11.722153
5 6 9.384117
5 9 4.603150
5 19 4.869390
6 0 11.740144
6 16 9.233149
0 16 12.327453
2 14 6.510614
3 20 12.014721
4 12 9.773326
5 19 17.820255
5 19 4.225843
5 20 5.463539
6 15 4.836906
0 21 6.417732
1 14 7.219388
2 19 13.270154
2 19 18.301334
4 14 13.325418
4 22 6.061610
6 15 9.621696
6 22 8.815552
0 7 4.522394
0 11 13.656520
0 11 5.370342
0 12 2.473346
0 14 16.293390
3 17 7.339712
3 21 10.927077
4 14 4.692797
4 21 5.526807
4 22 4.916200
5 1 7.339712
5 1 18.311735
5 17 6.476216
6 17 9.841709
2 9 7.049693
3 14 9.773326
3 23 2.738348
3 5 9.588067
3 12 6.870020
5 5 9.414391
1 8 4.916200
2 15 4.375232
4 5 7.851451
5 20 3.613111
6 18 6.158806
6 11 10.671334
1 7 7.328021
3 8 9.657985
3 12 8.355735
3 12 8.402323
4 0 18.284761
4 17 10.859251
4 19 11.639453
4 23 5.772652
5 3 4.885676
5 11 2.738348
5 20 9.613107
6 10 5.132429
6 23 9.021531
0 22 11.276004
1 0 7.265196
1 16 6.625499
2 22 10.824825
4 17 2.513893
4 21 9.816779
5 9 6.202573
5 12 9.370316
5 19 7.726012
2 22 4.475943
2 23 4.543760
3 8 4.543760
6 12 6.916351
6 12 11.946754
1 7 13.087463
0 22 10.937376
0 23 4.885676
1 11 4.885676
5 20 3.900438
2 12 5.887202
4 2 6.649993
5 12 12.058070
5 12 5.261196
3 3 8.200874
3 22 4.998137
4 21 11.836732
5 2 4.916200
6 1 5.870799
1 5 13.948415
1 9 4.817928
6 21 10.639378
0 0 6.380599
1 13 6.514235
2 14 2.555791
3 19 7.328021
4 19 8.496505
4 22 3.444857
6 1 6.764328
6 2 9.588067
4 1 4.916200
5 19 2.359192
6 2 6.880980
6 8 10.322532
6 17 10.238261
6 17 11.118159
3 6 9.885111
3 22 10.323771
4 14 4.998137
4 18 4.805583
4 21 3.445386
4 22 5.767080
5 6 2.513893
5 12 4.805583
5 18 7.072974
6 19 15.087642
6 22 4.998137
0 0 19.799353
1 6 12.215671
1 6 15.409316
1 14 4.998137
0 3 12.946465
5 11 5.355146
5 12 9.307929
5 13 8.339872
5 21 7.092248
3 17 4.472822
3 21 10.287711
6 2 6.083920
6 11 19.570518
6 13 8.806640
0 13 7.592805
2 11 11.230421
4 16 12.144345
6 6 2.513893
6 14 9.613692
1 18 4.836906
1 23 9.691730
3 12 10.199247
5 20 5.958520
5 23 6.661838
6 12 13.572185
3 6 12.014721
3 20 4.390085
5 2 8.986465
6 7 9.773326
6 12 8.192041
1 12 6.979537
6 14 12.214966
0 0 7.296377
0 6 14.649387
2 5 7.417983
4 6 12.476586
4 20 9.773326
6 21 9.885111
1 9 6.847369
1 10 9.773326
3 19 4.441524
4 7 9.782057
4 23 9.114248
5 11 9.913086
5 21 2.555791
6 7 10.538842
1 5 6.970339
2 6 11.639453
4 19 10.471420
5 5 11.639453
6 22 5.484605
0 5 8.998032
0 14 9.913086
3 13 4.760130
1 0 12.014721
2 18 2.555791
5 10 2.323446
5 14 3.218261
5 14 5.887202
0 20 10.121264
1 9 9.723060
4 10 11.646303
5 14 7.516570
0 21 4.580321
0 1 21.892321
0 1 12.676231
1 1 7.328514
2 19 4.885676
6 23 9.723060
0 21 6.073374
0 2 3.209522
3 9 4.998137
3 21 11.794902
4 20 2.159823
6 14 12.815450
6 21 7.219388
6 21 9.226943
0 0 5.416111
0 13 7.219388
1 2 9.773326
1 23 7.064746
2 0 4.524842
2 11 11.929792
2 15 8.694440
3 11 2.555791
4 6 7.417983
5 10 4.885676
5 11 2.555791
6 16 7.530568
6 22 9.885111
0 10 5.200683
1 11 9.621696
2 6 8.839347
2 14 12.370708
5 6 10.662921
5 8 7.713706
6 11 12.014721
6 12 2.473346
6 19 10.119369
6 21 12.252056
0 18 7.417983
0 21 4.027757
1 10 9.609395
1 18 7.339712
2 6 12.214966
2 10 4.968484
2 13 5.775271
3 6 5.727347
3 14 5.093415
4 7 8.839347
4 11 9.773326
4 13 7.219388
5 7 6.870020
1 9 2.555791
0 3 14.994064
1 9 5.608609
2 11 14.081800
2 20 8.413381
3 14 7.994205
3 22 13.631281
5 8 10.480775
5 14 4.916200
6 14 4.509855
0 2 8.142392
1 22 6.934124
2 9 2.599109
5 9 4.968484
6 13 7.178693
0 7 4.998137
0 14 8.193351
1 13 5.054148
3 14 11.629541
3 21 2.839768
5 1 12.474678
6 0 2.651541
6 15 11.566014
6 23 7.890583
0 23 7.219388
1 6 9.948570
2 16 6.029723
2 23 19.053059
4 2 10.550946
4 6 14.657312
6 3 9.747868
0 20 12.215671
1 13 9.346437
1 13 8.981984
2 6 12.422716
5 12 7.296377
5 21 10.084002
6 17 6.979068
6 19 3.676840
1 8 7.339712
2 7 4.916200
2 22 5.261196
3 10 9.885111
3 11 5.054148
5 20 7.221436
0 9 7.328021
0 21 10.311467
1 3 9.336492
1 6 6.181653
1 10 4.778958
1 19 3.626165
3 1 8.861698
3 23 9.984342
4 4 9.008327
4 13 4.578364
4 21 10.351225
5 2 10.661810
1 21 7.417983
3 7 14.184496
3 14 2.159823
4 9 3.959298
4 11 4.885676
4 15 4.310891
6 21 7.715391
0 1 2.629384
0 2 6.410753
1 4 10.260914
1 21 8.901580
2 7 14.160531
3 6 10.990118
3 7 9.885111
3 13 17.803160
4 11 4.885676
4 13 4.886663
4 15 4.580321
4 16 4.375232
4 18 2.513893
5 10 2.969190
0 20 12.125363
0 23 6.642970
0 17 15.932564
3 10 9.662519
3 19 8.214610
3 21 2.643922
4 21 6.380599
5 22 11.439353
0 1 10.469971
0 13 12.014721
2 8 1.995999
2 9 4.885676
5 6 7.064746
5 20 15.056561
6 21 6.017386
6 22 8.418426
1 19 3.388905
4 10 6.799988
5 11 15.847657
5 11 4.641724
6 22 5.790690
6 23 7.417983
6 19 9.747868
0 12 7.417983
1 23 4.885676
2 5 11.639453
2 9 4.805583
5 6 14.649387
5 20 4.805583
6 8 11.320123
0 3 7.302260
2 18 14.429385
2 21 11.281693
3 10 10.710292
4 0 12.716542
4 22 11.281693
4 23 6.015847
6 21 3.445386
0 0 12.015414
2 17 20.089703
3 19 12.214966
3 21 12.327453
5 7 11.821617
5 21 12.215671
6 2 6.073374
0 2 14.445031
1 0 5.594661
4 16 4.968484
5 12 4.410120
5 13 9.613107
5 19 4.441524
5 20 9.782057
5 23 12.864698
5 23 22.830753
6 0 8.999608
6 13 13.850950
6 17 9.613107
0 11 10.333233
1 1 8.790269
2 13 3.480648
2 16 2.555791
3 11 13.978166
3 11 15.470104
5 11 10.661810
5 14 11.546905
5 18 2.323446
0 14 5.870799
0 19 9.885111
2 20 4.218925
3 20 5.452512
1 11 9.613107
1 2 20.815649
2 4 11.738944
4 7 20.698257
4 7 7.525670
6 2 7.220863
6 15 8.355315
2 10 4.692797
2 15 2.555791
3 9 2.555791
1 10 7.673776
1 17 4.805583
4 6 9.984603
4 15 5.775271
4 20 11.820963
0 13 4.441524
0 20 4.805583
2 9 4.885676
2 21 9.773326
3 15 2.643922
4 15 3.209522
5 9 16.761175
5 14 2.599109
5 15 4.998137
5 17 3.445386
5 19 9.304976
5 22 6.813453
2 13 7.339712
5 11 6.502274
5 11 2.513893
6 4 12.697585
6 20 12.214966
3 16 12.857859
5 10 4.728074
0 12 2.328665
0 13 8.834739
0 2 7.339712
0 16 8.229307
1 9 2.513893
2 2 11.727991
2 6 5.971709
2 19 5.637319
3 17 4.805583
4 13 13.184812
4 16 2.555791
4 19 4.728074
5 6 7.328021
5 23 8.307049
6 18 9.345555
6 18 2.599109
2 9 5.436823
2 10 5.767080
2 14 14.657312
3 17 4.760130
4 12 5.442059
5 23 6.450420
6 2 7.219090
6 23 11.701805
0 2 9.360565
0 18 10.662921
1 11 10.256407
1 17 6.291181
2 12 2.323446
4 1 9.938975
4 8 3.998509
4 20 2.788136
5 6 12.807282
5 14 8.155235
6 13 9.840513
6 13 2.948990
6 23 4.248414
0 0 5.046165
1 1 15.847657
1 1 13.139740
1 5 14.320474
6 7 4.885676
6 23 9.747868
0 15 4.685753
1 12 2.513893
3 0 5.112573
4 4 8.694440
6 14 7.207890
6 23 9.267291
0 17 8.024178
6 13 9.782057
0 1 5.200683
0 17 13.802616
2 23 14.327718
3 0 23.476936
4 11 7.417983
5 12 9.021531
6 23 9.613107
0 14 2.555791
2 19 4.441524
3 19 4.728074
3 21 8.727038
4 19 3.444857
5 23 8.035157
6 21 6.382358
6 20 2.434087
6 22 1.804088
2 13 12.535213
2 20 7.207890
3 9 7.296377
3 18 12.214966
4 0 9.885111
4 12 6.632593
1 0 4.916200
3 8 2.328665
4 14 2.555791
4 23 17.091734
6 16 8.839347
6 18 8.229307
6 19 4.968484
1 9 5.452512
3 15 4.685753
4 9 2.690306
5 12 12.215671
1 7 7.417983
1 7 10.472554
1 13 6.847369
6 15 10.523676
6 20 7.915833
6 22 8.683301
1 21 12.622659
6 16 2.824242
1 0 6.518028
1 4 14.045600
1 22 11.131004
1 22 8.432853
2 21 9.541700
5 20 7.782643
0 23 11.875465
2 21 4.998137
3 2 3.288889
3 8 15.154539
3 12 14.417028
3 19 2.513893
3 19 12.421999
5 11 4.225843
5 13 8.092345
6 0 12.857859
6 21 5.170486
0 1 7.773422
6 8 9.747868
6 10 9.458057
6 14 4.885676
0 1 11.556987
1 7 7.417983
1 9 2.555791
2 9 4.805583
3 16 7.353680
6 21 2.217776
0 2 12.014721
2 2 5.651867
2 22 7.629205
4 14 8.458851
5 13 8.270194
6 14 5.287843
6 19 4.805583
6 21 4.516949
6 23 10.287711
0 2 2.555791
0 12 4.998137
0 23 8.924420
1 21 2.513893
3 0 4.998137
6 0 8.538579
0 2 7.926913
0 3 6.827375
0 12 7.417983
1 23 13.272579
3 15 4.885676
3 17 3.388905
4 14 2.513893
5 12 7.417983
6 2 7.525670
6 12 12.311363
0 21 12.015414
1 3 8.200874
1 4 6.029723
1 19 5.875104
2 0 9.773326
2 11 9.621696
2 12 6.722690
2 13 8.350756
2 21 10.634844
4 9 2.643922
5 12 7.829503
5 22 3.564193
5 23 9.437769
2 3 7.219388
2 13 16.215508
3 10 6.990201
4 8 2.643922
6 6 4.510220
0 11 7.219388
0 22 8.660645
6 19 6.358271
6 23 7.102947
1 12 5.329828
4 13 9.885111
4 21 8.212375
4 21 4.805583
4 23 11.276004
6 17 12.201903
2 12 13.017338
2 22 11.709439
3 19 6.870020
4 5 12.100327
6 12 7.994205
6 14 2.513893
2 14 2.555791
2 20 13.781086
2 23 10.576654
3 8 3.566220
3 21 5.155529
5 11 7.339712
5 21 1.991525
5 23 6.328080
6 18 9.307929
6 6 13.701539
6 18 7.064746
6 19 10.915343
0 6 12.753515
1 14 4.885676
2 21 10.535983
4 21 6.545279
0 15 5.784166
0 23 7.417983
1 0 11.929792
2 17 9.021531
3 21 8.071713
6 10 5.234653
6 17 9.020471
0 0 22.686466
0 7 9.984374
5 0 9.710725
5 17 7.286324
5 17 5.775271
6 0 9.605442
0 12 4.998137
6 19 13.092785
6 18 7.339712
6 22 5.142817
0 9 10.444144
1 21 5.777185
3 23 5.452512
4 9 8.631227
6 17 12.257847
0 0 5.261196
0 20 11.686417
1 17 11.448643
2 19 3.180357
4 14 8.839347
5 8 4.885676
5 9 2.555791
6 0 2.253547
6 12 7.064746
6 15 2.839768
6 17 9.772142
0 7 9.782057
2 6 14.395591
2 22 7.219388
2 22 10.471420
3 6 4.885676
4 23 11.821617
5 14 5.111582
6 16 6.730330
6 16 5.329828
0 0 4.035460
0 14 9.947854
6 17 7.328021
0 0 11.439284
1 8 11.281693
3 20 4.885676
5 7 6.743621
5 11 8.092345
6 20 7.569323
6 20 15.735763
0 23 14.393143
2 10 9.965109
4 6 8.883047
4 6 12.201903
4 23 8.155722
6 19 4.968484
1 19 14.395591
2 13 10.471420
2 18 4.885676
2 23 16.348701
2 23 10.754973
5 16 7.893546
6 6 12.215671
6 10 9.720778
0 15 11.096746
6 8 9.177674
0 13 7.417983
1 15 11.116447
1 17 5.772652
2 9 8.006958
3 5 12.125363
3 14 8.229307
4 19 3.445386
4 19 4.296274
4 20 2.513893
5 9 11.519160
6 17 7.328021
1 22 5.054148
2 13 5.381258
2 13 11.836732
3 17 4.848045
3 17 2.555791
0 20 6.661838
1 5 9.859019
1 11 4.885676
0 8 7.949644
0 22 6.664182
3 23 4.851875
5 6 3.445386
0 0 13.961894
1 8 11.263295
1 21 7.580712
3 8 7.339712
3 14 5.758529
4 16 5.452512
6 21 8.727038
0 3 13.448130
0 10 3.702323
0 19 7.417983
0 22 5.673472
2 11 15.871982
5 7 8.537872
0 2 7.704658
0 22 7.328021
1 22 14.649387
2 9 4.998137
2 19 5.710146
3 19 8.265500
6 3 12.418217
1 6 41.025627
1 9 10.727398
1 9 7.339712
1 16 2.149537
1 21 7.464113
5 0 8.839347
6 18 5.682477
2 19 2.513893
3 11 4.334452
3 14 4.998137
3 17 10.324044
3 23 9.212315
4 6 9.982014
4 22 10.620722
5 13 7.339712
6 18 5.332787
2 15 4.580321
5 12 6.523862
5 17 6.632593
5 18 2.513893
6 3 5.082850
6 17 5.380016
0 4 11.821617
1 4 15.988656
1 4 26.849159
3 17 17.148930
3 17 11.229357
3 20 9.913086
4 10 4.685753
4 14 4.998137
5 5 10.983456
0 0 7.542167
0 1 3.445386
0 13 7.417983
0 14 10.296902
0 22 10.445759
1 0 10.287711
2 6 11.633301
2 12 10.110337
3 8 2.513893
4 10 10.236064
5 9 10.059291
5 10 2.921933
6 2 12.215671
6 22 5.082850
0 20 8.581369
2 21 5.777185
5 0 8.110312
0 2 2.434087
2 15 14.657028
3 11 7.713706
3 15 2.434087
4 6 6.073374
4 20 4.091689
5 1 12.323654
5 18 9.144153
5 18 4.310891
5 22 1.846681
1 8 14.649387
1 20 16.077917
2 12 4.736721
4 22 4.543760
5 8 5.505012
5 15 6.889714
5 19 7.169179
5 23 6.743621
6 3 10.955390
2 11 7.464113
4 10 6.632593
4 14 4.685753
4 15 2.555791
5 1 2.911594
5 10 7.452225
5 23 2.288768
6 19 4.998137
4 11 3.056688
4 11 5.155529
5 15 7.339712
6 0 8.559541
0 14 4.916200
0 21 11.738468
6 7 4.885676
0 11 4.116823
0 12 12.201903
0 13 11.909580
0 13 6.440827
0 14 4.885676
2 7 16.285902
2 23 5.218812
3 4 14.417028
3 15 2.883540
4 13 12.329342
4 13 15.477799
5 2 12.214966
5 12 13.572185
5 19 4.836906
6 12 5.770864
0 2 12.214966
1 8 17.712427
1 18 6.405605
2 9 2.788136
2 13 12.214966
4 8 5.553485
4 16 8.035770
5 4 11.821617
5 9 4.998137
5 14 6.610645
5 19 3.758212
5 20 10.115432
6 6 14.153958
6 20 9.782057
2 6 12.201903
3 18 4.998137
4 7 2.555791
4 8 9.272479
4 22 3.345939
5 20 5.428529
6 3 5.428529
0 3 7.879112
0 12 8.212375
1 7 11.112065
1 9 7.379252
6 20 4.580321
6 17 11.820934
4 17 9.613217
4 14 9.773326
4 16 4.998137
5 17 4.968484
6 21 8.861698
3 2 12.201903
3 10 4.885676
5 9 4.805583
5 17 7.530568
6 3 3.445386
0 3 6.979068
3 9 3.000438
3 17 12.857859
5 9 8.727038
5 21 15.006056
6 3 14.649387
6 20 2.359192
5 9 5.301123
5 14 9.770458
5 17 6.202573
5 21 12.470842
5 22 6.851460
6 19 4.543760
0 16 10.149288
0 21 13.967343
2 21 9.060215
4 13 9.745045
4 14 9.588067
4 16 2.473346
5 5 14.371377
5 9 15.794782
5 13 9.913086
6 0 8.593630
6 0 8.804989
6 4 10.830104
6 12 19.546652
3 21 11.652978
3 21 30.164663
4 19 5.767080
1 21 9.433420
2 15 4.805583
3 3 8.567752
4 11 3.566220
4 15 2.555791
6 3 5.234301
6 19 7.339712
6 20 4.706604
6 23 20.116856
1 11 12.576756
0 14 7.863976
0 15 4.805583
1 15 10.129848
1 21 8.694440
2 7 15.269588
2 9 5.032918
3 0 3.066949
3 1 5.982460
3 22 7.339712
4 7 9.307929
4 14 12.214966
5 0 4.646893
5 11 6.120167
5 14 4.031919
5 14 7.948717
5 14 4.522394
5 23 9.387034
6 16 2.788136
6 18 6.442527
6 20 7.178693
6 21 4.885676
6 22 7.798618
6 22 8.142246
1 15 4.998137
4 18 42.338650
5 17 2.599109
6 0 13.038617
6 11 18.009155
6 11 12.015414
0 6 14.372086
0 10 6.967187
0 13 9.723060
0 20 4.942971
2 3 11.639453
2 23 8.621202
3 9 6.465901
4 8 8.839347
5 4 5.588973
5 10 14.845172
5 13 15.319431
5 15 5.178306
6 13 6.307716
6 20 10.994843
0 23 8.515085
1 10 7.339712
6 16 3.801441
0 14 7.863976
0 15 3.485169
0 21 13.324571
1 11 8.353615
1 23 5.897979
1 23 7.328021
4 8 9.815502
1 2 19.037210
1 2 9.383435
1 8 11.727991
3 8 4.613664
4 22 18.354773
5 1 9.246446
5 10 8.176698
6 16 8.613947
1 0 8.722348
1 13 11.281693
2 6 13.087463
5 21 4.800630
6 18 8.266527
6 23 11.286988
0 22 11.821617
1 0 4.728074
6 23 16.406757
2 4 12.029161
2 20 11.224128
3 19 2.473346
4 23 4.296274
6 21 9.772825
1 1 9.124718
4 20 2.555791
5 21 11.088422
6 4 9.272479
0 2 11.345790
0 15 5.862417
1 5 10.084204
1 10 7.417983
1 16 2.359192
5 14 10.080383
5 15 2.513893
6 0 17.833853
6 0 22.495222
6 20 8.727038
6 21 10.634038
6 23 9.835126
0 17 11.096746
6 3 4.472822
6 5 3.444857
6 8 4.296274
6 15 7.207890
1 23 7.328021
2 10 11.281693
3 11 12.214966
1 11 8.559211
1 15 3.006813
1 22 36.731293
1 22 14.536027
6 22 4.885676
0 0 11.820934
0 2 8.694440
1 8 7.464113
1 19 2.513893
3 19 6.502274
5 9 2.513893
6 5 9.782057
2 13 4.885676
3 12 2.555791
4 9 4.728074
4 14 7.064746
0 11 7.339712
4 11 8.692450
4 15 2.555791
5 18 3.503783
5 19 4.805583
6 20 4.916200
0 0 20.001013
0 1 4.885676
6 11 8.779985
6 11 7.391222
0 18 15.933484
1 14 7.296377
1 19 8.634954
4 8 4.128740
3 17 4.968484
5 19 3.648188
5 22 6.125407
6 21 2.513893
0 8 6.637714
2 16 2.555791
2 19 4.885676
3 7 5.452512
3 21 10.287711
4 7 7.328021
5 7 6.979068
5 8 6.159162
5 9 6.372621
0 2 2.555791
0 14 10.052654
1 6 9.885111
3 15 8.176698
3 16 7.339712
3 19 6.484313
4 12 20.059652
4 15 2.513893
5 0 21.188780
5 0 7.402297
3 13 5.428529
5 19 4.885676
6 20 6.847369
2 13 8.035770
3 0 6.247671
3 13 10.227173
4 12 2.738348
4 15 2.183124
5 11 7.543712
6 12 8.071713
6 18 12.214966
1 6 7.530568
1 8 2.190678
6 15 4.998137
0 19 9.588067
1 6 14.957101
1 17 2.690306
3 6 12.214966
4 9 6.073374
4 20 7.339712
5 0 14.366296
6 16 4.998137
2 17 7.339712
3 9 2.513893
3 20 9.821497
4 17 2.513893
6 1 6.465901
6 14 4.760130
6 18 4.998137
1 8 4.916200
2 8 7.207890
2 14 4.805583
2 18 9.773326
2 19 9.773326
0 1 9.913086
6 7 15.128511
0 8 12.759204
0 20 12.125363
1 6 2.788136
1 19 7.464113
2 6 14.620656
2 18 4.543760
0 16 11.316206
0 16 11.639453
1 6 12.201903
2 10 4.509855
2 13 14.051789
2 13 8.101129
2 15 12.447065
4 8 12.014721
4 9 7.207890
5 6 7.339712
5 22 12.014721
6 0 4.108057
0 10 15.895652
2 10 13.572185
5 0 8.839347
5 2 9.077820
5 21 4.885676
6 14 14.785962
6 21 4.885676
1 4 24.802612
0 7 8.397717
0 8 7.207890
0 19 7.828833
0 19 9.597548
1 8 4.885676
5 10 9.773326
6 6 8.839347
3 8 4.375232
3 20 11.678288
4 9 7.417983
4 20 11.633972
6 21 4.692797
0 12 12.214966
1 11 8.155235
3 23 7.328021
4 9 10.469971
5 22 18.007267
6 20 8.700698
0 7 5.689220
1 21 11.281693
3 23 13.346560
5 6 7.960469
5 7 4.580321
5 19 8.839347
5 23 6.450420
6 2 11.295973
6 3 14.081800
1 2 7.296377
2 6 9.885111
4 11 4.289240
5 14 6.562407
0 20 7.685760
1 10 7.569323
1 10 14.986441
1 11 6.507186
3 14 3.388384
6 21 8.804989
6 23 10.662921
0 2 5.970304
0 9 14.176826
1 10 8.214997
2 6 7.339712
3 2 12.213485
3 7 10.747065
4 6 7.190857
4 6 16.043877
4 21 4.885676
5 6 12.201903
0 0 11.620860
0 21 7.091633
1 2 6.465650
4 13 2.323446
6 14 12.327453
6 22 6.562407
1 3 7.296377
6 17 10.581321
0 13 16.810163
1 14 6.741272
1 14 11.847691
3 22 10.584305
6 9 6.120167
6 12 15.860452
6 14 7.908088
6 15 8.242204
6 22 11.505283
0 14 9.732200
1 12 4.885676
1 20 6.540977
2 16 6.050530
3 17 7.339712
4 17 2.434087
6 19 7.407115
0 0 6.272317
0 7 12.215671
0 20 9.433420
2 10 4.885676
3 20 9.073161
5 13 15.955399
5 13 5.939635
0 11 3.114446
6 13 2.159823
6 14 4.165113
6 16 14.957964
0 8 12.422716
0 21 12.778955
1 9 8.805131
2 23 7.543712
3 9 4.885676
3 11 4.998137
4 12 6.619125
4 16 9.773326
4 21 13.972176
4 21 8.101129
6 13 13.596192
6 23 21.853067
2 9 2.599109
2 23 12.014750
2 23 43.870434
3 10 14.079119
4 9 2.788136
4 21 5.870799
5 15 9.773326
1 7 5.780246
1 9 6.662285
4 0 5.777185
4 8 7.206635
5 21 8.568233
6 1 6.386495
6 20 4.998137
6 22 7.219388
0 0 4.916200
0 5 7.417983
6 4 26.039574
6 11 10.100919
6 13 10.343111
1 6 11.821617
1 20 4.916200
2 6 4.760130
4 6 9.885111
5 6 17.118046
6 18 10.084002
0 15 6.073374
2 13 3.407721
3 7 4.998137
5 9 7.505394
5 11 9.414391
6 14 7.417983
0 21 9.303782
1 14 14.136477
2 12 7.207890
2 22 7.091633
4 10 8.105086
4 20 10.961293
6 23 8.403258
1 7 3.129540
6 23 15.291821
2 6 16.501646
3 5 8.793626
4 8 9.773326
4 12 16.711279
4 20 14.370548
5 15 3.758026
6 2 17.254053
6 2 9.266152
0 0 10.380354
0 11 7.339712
3 18 21.978706
4 7 8.998032
5 9 7.388583
5 16 3.388384
5 23 8.901580
6 17 8.443567
0 21 4.885676
0 22 12.014721
1 10 8.839347
1 16 3.444857
2 7 8.839347
3 5 6.073374
4 6 7.091919
4 11 7.713706
5 7 3.444857
5 14 4.346206
6 23 20.002918
6 23 10.676499
0 15 12.257847
0 18 6.764328
0 20 7.219388
6 19 13.092785
1 20 5.612474
3 7 2.513893
0 0 7.758870
6 10 5.428529
6 23 5.643673
0 1 5.553485
0 8 4.779144
0 9 10.671334
1 5 14.657312
1 6 11.639453
3 18 2.396054
5 4 9.825073
6 16 8.092345
0 4 4.225843
3 7 2.434087
3 10 8.092345
3 15 3.249300
3 20 4.885676
3 21 11.424559
4 16 2.788136
6 19 7.107763
0 11 4.771010
0 20 5.934386
1 5 9.747868
6 23 11.030608
0 1 4.998137
1 7 7.296377
2 11 3.209522
2 22 9.747868
3 22 7.140195
4 13 9.433420
0 14 7.292786
0 15 9.820921
0 16 12.421999
0 19 7.328021
1 9 11.159793
2 17 4.885676
2 18 5.678019
0 0 6.073374
3 22 7.296377
5 3 7.190857
5 3 18.438391
5 23 5.115426
6 2 14.657312
0 23 2.599109
0 7 11.281693
0 20 4.289240
1 12 2.513893
1 12 6.619125
1 19 1.445680
3 11 1.503333
3 18 2.513893
3 20 7.519809
3 23 8.945344
5 0 6.661838
5 5 9.773326
5 18 3.388384
6 19 9.316244
6 22 6.073374
6 22 10.119369
0 0 7.417983
0 12 15.531296
0 12 8.293173
0 12 7.462498
0 17 14.657312
5 9 4.441524
5 10 9.773326
6 2 10.581321
6 11 7.417983
0 16 6.962411
1 6 8.861698
1 10 7.296377
1 17 5.679535
1 19 4.885676
1 20 2.359192
2 7 13.572968
2 12 6.502316
2 12 4.836906
3 12 8.601060
3 13 2.473346
4 10 10.405379
6 11 9.387034
1 0 20.085735
0 17 15.418408
0 18 7.383049
1 13 4.885676
1 23 11.085194
5 0 5.658267
5 11 2.839768
6 22 3.664257
0 2 8.839347
0 17 12.214966
1 10 12.857859
1 12 6.510614
2 11 14.073551
3 8 2.599109
5 10 15.087642
6 19 8.358845
0 8 5.452512
1 1 10.260914
2 10 5.142817
2 18 4.885676
5 18 4.805583
6 23 10.423867
0 1 8.937779
6 4 14.635517
0 14 7.592805
1 9 6.610645
4 7 4.805583
3 10 5.530954
4 10 4.748545
0 22 10.661810
2 10 3.445386
3 23 17.436344
3 23 12.260932
1 9 7.207890
1 20 4.910098
4 20 7.592805
1 7 7.102947
1 16 8.159397
2 11 7.219388
4 8 4.885676
5 7 5.565898
6 2 10.423867
0 7 19.896694
0 22 11.105155
1 13 4.885676
1 14 4.998137
1 19 5.315566
2 7 12.001872
2 21 20.517580
3 23 9.642924
4 11 4.128740
4 23 11.035322
5 6 12.327453
5 16 5.329828
5 18 4.728074
0 13 11.629541
0 22 8.170867
1 8 9.773326
3 0 13.679902
3 17 4.885676
5 5 8.094400
5 16 9.020439
6 10 9.862920
6 21 7.436318
4 2 4.289240
5 6 4.524842
5 22 11.207671
6 20 3.388905
6 23 6.119023
6 23 6.179789
0 2 11.472908
1 13 7.064746
2 11 10.639378
2 12 4.916200
2 18 11.650434
4 12 7.219388
4 23 7.328021
5 8 10.582920
0 11 4.760130
0 17 11.924105
0 22 15.730438
0 23 18.487526
1 7 9.375756
1 20 7.328021
3 11 4.916200
3 12 11.728628
4 21 9.621696
5 0 1.297737
6 2 9.020471
6 5 3.165502
0 1 7.190857
1 12 12.243015
4 23 7.478145
6 13 7.375165
0 12 6.024117
0 22 11.862133
0 23 5.203128
2 21 11.455364
2 21 5.200683
3 18 8.218819
5 18 7.609245
6 20 6.545279
0 3 4.289240
0 11 7.673776
1 17 6.610645
1 20 9.170559
3 21 15.895652
4 19 2.839768
4 21 9.885111
4 23 2.690306
6 13 10.184014
6 13 18.098797
6 14 4.916200
0 1 11.439284
0 2 6.642970
0 16 11.639453
0 23 8.839347
1 12 9.885111
1 19 6.610645
2 13 4.296274
4 18 4.885676
6 22 9.747868
1 18 3.388384
1 22 2.555791
2 8 4.885676
3 16 9.773326
5 1 13.290909
5 2 5.167285
5 18 7.190857
6 18 2.555791
1 6 3.444857
1 10 7.653223
6 16 12.214966
6 18 2.555791
6 19 11.281693
6 22 13.088219
0 13 7.350494
0 13 7.166876
0 14 7.926593
0 14 7.166876
0 14 4.728074
2 13 3.739008
3 9 6.380599
4 21 3.153412
5 8 8.092345
5 16 4.509855
6 5 6.540977
6 10 2.359192
6 17 10.480775
0 5 10.661943
0 10 4.679171
2 22 5.082850
4 8 4.543819
4 14 9.747868
4 15 6.199402
5 2 9.723060
5 8 9.773326
0 4 13.955606
0 11 8.350756
1 15 3.218261
1 16 7.339712
1 22 14.417028
2 16 2.555791
3 8 9.433420
4 8 7.417983
4 21 2.555791
5 11 7.207890
0 5 6.764328
0 18 9.885111
0 22 16.274761
0 22 15.092866
6 3 15.067546
6 15 7.064746
6 20 11.064142
6 21 4.052543
0 8 9.723060
2 19 12.476586
2 20 7.438818
2 23 12.214966
4 2 9.655676
4 19 6.556095
4 22 2.513893
5 22 9.773326
6 14 8.968571
6 23 7.668188
6 23 6.634538
1 23 11.239594
1 23 11.248544
5 19 6.652616
5 20 6.382358
6 8 6.160097
0 0 12.214966
0 15 4.692797
0 15 14.810440
6 14 8.623182
3 22 9.588067
4 1 4.543760
4 19 24.407841
5 20 5.054148
6 16 11.039510
0 4 9.782057
2 2 12.125363
2 20 10.464962
3 7 5.298410
3 17 2.911594
3 20 3.388384
4 10 2.555791
4 14 10.167705
5 22 3.702323
6 0 4.375232
6 0 11.281693
6 13 8.621202
0 10 4.015624
0 12 3.445386
0 12 2.555791
0 18 5.637319
1 0 4.885676
1 18 4.885676
2 18 4.998137
2 20 15.006056
3 17 12.510283
3 23 7.857821
4 19 4.613664
4 20 15.837220
4 23 11.076065
5 8 10.830964
5 21 9.321364
6 8 11.379187
0 1 3.407721
1 14 3.066949
6 23 8.966761
0 14 5.115426
4 18 5.267091
1 22 12.697585
3 10 4.885676
5 18 5.140136
0 0 10.661810
0 21 3.908541
1 13 9.580765
1 19 4.223777
2 17 6.849063
3 19 13.011970
4 7 9.782057
4 12 2.555791
5 0 10.265776
5 21 6.661838
6 10 23.286652
6 20 5.082850
0 22 8.855588
0 23 8.599472
2 19 3.445386
3 23 14.417028
4 13 7.207890
5 20 7.477062
5 22 9.464705
6 15 8.694440
6 21 7.759706
0 18 12.398638
0 21 8.750582
3 0 7.328021
3 19 6.686013
3 23 11.633972
4 22 9.821497
6 9 5.332787
6 11 4.885676
0 13 4.014699
0 13 18.641336
0 14 4.916200
2 1 2.788136
2 19 13.961894
3 22 13.828378
4 20 11.992334
4 23 9.043880
5 23 8.138921
6 15 8.727038
6 21 5.987143
2 20 4.593849
3 18 4.580321
4 11 14.195642
4 19 7.339712
5 21 6.649993
5 22 6.990201
5 23 7.219388
6 10 11.639453
0 8 11.439284
2 8 10.287711
3 11 2.396054
3 21 7.339712
4 7 5.200683
6 20 18.716715
6 20 7.525670
0 2 11.727991
0 6 8.638662
0 9 14.184496
1 21 9.885111
2 22 7.417983
3 6 9.588067
3 21 12.014721
5 14 6.954359
5 22 17.625366
6 0 12.421999
6 2 12.014721
0 7 10.296902
1 9 6.562407
3 13 5.559717
3 23 9.885111
5 3 16.164124
0 16 7.328021
4 16 4.998137
5 9 6.114645
6 16 4.998137
0 19 12.356931
1 20 9.020439
5 1 8.806640
6 0 12.622659
6 9 7.927104
0 19 7.947839
1 10 9.124718
1 14 12.476586
5 15 4.916200
5 16 8.418426
5 21 6.204358
6 11 4.580321
6 17 6.847369
6 18 7.314346
2 19 5.200683
2 23 8.694440
3 12 6.120167
4 15 8.884842
4 21 5.117849
5 15 5.880160
5 15 4.771010
6 17 8.092345
0 11 7.328021
5 18 11.743179
5 18 7.166889
5 22 9.453309
6 0 9.792698
0 14 9.773326
0 14 10.972409
0 17 6.020407
0 18 8.397717
0 20 4.685753
2 0 14.370548
4 1 9.613107
4 18 8.309108
5 9 6.073374
5 19 9.773326
2 22 10.022744
3 0 13.024698
3 5 8.094400
3 7 9.468634
3 15 2.690306
6 20 9.642924
6 22 17.701420
0 0 8.131172
0 1 6.192694
3 0 9.613107
3 15 6.247671
3 18 4.968484
3 20 5.777185
5 13 10.110337
1 9 5.452512
