3 17 10.537283
5 19 12.014721
5 20 8.876101
6 20 6.099325
0 2 8.781069
0 2 9.763712
0 2 9.603651
6 20 12.015414
0 2 12.932726
0 2 9.763712
3 23 5.414653
6 17 8.884842
6 18 7.995589
0 21 10.537283
6 11 12.031838
6 16 9.732496
0 0 9.603609
0 8 9.153480
0 13 14.135379
2 23 11.623673
3 10 8.694440
4 8 9.029591
4 15 6.873843
4 20 6.548199
5 8 9.642924
0 13 11.639453
0 17 9.929198
2 21 9.603651
3 16 8.987402
5 3 7.217535
5 9 7.209138
5 18 7.863976
5 19 9.763712
5 20 12.957426
6 21 25.284403
2 23 9.321275
3 19 10.537283
4 9 7.217535
5 13 8.347475
0 19 9.763712
6 13 10.591066
0 13 10.094610
1 12 6.873843
3 20 9.763712
6 12 5.656584
6 20 4.218208
3 9 10.110337
3 14 7.209138
4 13 8.229307
6 10 9.183707
6 13 9.947854
0 8 8.839347
0 11 6.775118
0 13 8.743622
0 13 6.296432
1 23 7.213767
4 21 8.839347
5 0 4.887650
5 12 11.827562
6 1 14.417028
6 3 7.099215
6 14 3.953672
0 2 11.925004
0 10 9.298773
0 22 11.337748
0 23 8.220799
3 18 5.183841
4 0 5.035706
4 22 4.783920
6 10 5.007504
6 15 3.441609
6 22 13.030434
1 20 12.421999
2 17 8.086033
3 9 12.573339
4 0 14.323529
4 1 8.694440
4 8 9.773326
4 14 4.146922
4 16 6.722485
4 22 9.500829
5 20 11.105302
6 17 10.283392
6 21 6.611253
6 12 9.161613
6 22 10.994180
6 23 5.027820
0 23 9.763712
1 7 13.933768
1 8 16.802601
1 10 12.214966
2 9 7.730138
2 14 7.099215
2 23 8.423680
3 8 7.217535
3 11 8.355369
3 14 9.763712
4 7 14.391023
5 8 9.464705
5 8 11.591011
5 23 6.792934
6 10 8.650008
6 11 5.516751
6 12 7.329290
0 14 13.193015
1 10 7.466415
2 12 6.873843
3 10 10.461120
3 12 30.580923
4 10 12.232369
5 18 9.992250
6 10 9.659176
6 16 11.145203
6 20 12.093597
6 20 7.623387
0 2 10.661810
0 12 4.783920
0 13 7.270786
0 23 7.329290
1 9 9.603651
2 14 6.732382
2 19 8.377136
3 13 7.733073
4 22 7.832367
4 22 13.322084
5 16 9.603651
6 11 6.732382
6 11 9.886302
6 21 2.629324
0 13 6.672465
0 15 8.661042
0 17 7.694151
0 22 7.219388
1 9 9.144153
1 6 14.649387
2 0 9.603651
2 13 12.015414
3 6 9.153480
3 8 14.562255
4 19 2.739853
4 22 11.703482
4 23 20.718416
5 0 8.202144
5 3 14.512317
5 6 12.031838
5 21 13.326186
6 23 8.948545
4 22 11.932756
5 13 9.237623
5 21 12.636901
6 22 9.347589
1 13 9.199215
1 23 12.214966
2 8 12.849049
2 19 8.034995
3 6 9.984603
3 7 9.458057
4 7 12.093597
5 19 10.537283
5 23 7.522037
6 3 12.298573
1 0 7.645786
0 9 9.763712
0 20 9.659176
1 11 10.537283
2 16 15.962502
3 8 12.232369
5 23 6.627479
4 13 20.404375
5 5 9.659176
5 6 11.633972
5 8 11.163321
5 16 4.807525
1 3 7.214796
1 21 10.069345
2 20 13.816854
4 18 3.768858
5 6 6.193378
5 19 4.091795
6 0 10.461120
6 22 15.350789
0 15 4.747402
6 12 10.848568
0 16 9.500829
3 20 12.014721
4 12 9.773326
5 20 5.463539
6 0 4.783920
6 15 9.873808
1 14 7.219388
2 19 4.928898
4 14 13.325418
5 16 6.467021
6 15 9.621696
6 22 14.662951
0 7 2.677130
0 10 9.603651
0 11 7.329290
0 12 8.257875
2 1 7.453516
3 17 7.339712
3 21 10.927077
4 14 10.732417
4 22 11.089744
4 23 13.757496
5 1 7.339712
5 1 18.311735
5 17 6.476216
5 19 10.070979
2 11 3.200916
3 14 9.773326
3 23 12.073970
3 5 9.763712
3 12 10.461120
3 17 6.510683
3 20 8.368263
5 5 9.822890
6 1 7.628145
6 20 23.394335
1 8 10.994180
2 15 8.622694
3 11 10.075288
4 5 8.876101
5 21 11.108945
6 18 6.158806
0 5 12.639604
0 5 6.982615
0 16 16.627661
6 11 10.671334
1 8 12.951623
3 8 6.510683
4 17 10.859251
4 19 11.639453
4 23 8.202144
5 2 9.069071
5 3 7.214796
5 3 9.448753
5 11 6.283556
5 20 9.613107
6 2 6.611253
6 10 9.929198
6 12 3.345545
1 18 9.199215
6 23 9.021531
0 22 11.276004
1 0 11.327806
1 16 4.865004
4 16 9.161613
4 17 9.414176
4 18 9.818368
4 21 8.863804
5 6 8.509253
5 9 6.202573
5 19 7.726012
5 22 8.933263
1 19 6.781502
2 2 26.132717
2 23 11.163321
2 23 13.437330
3 8 10.472594
5 21 9.603651
0 1 7.149967
0 23 16.238304
1 7 13.087463
0 22 10.937376
1 11 4.377000
2 3 7.329290
5 20 4.654905
1 19 5.752458
2 21 4.807525
3 3 4.218208
4 21 11.836732
5 18 9.500829
1 5 13.948415
1 9 12.232369
0 0 7.099215
1 13 7.209138
2 14 9.659176
3 19 4.729984
4 19 8.496505
5 4 8.456873
6 0 9.939308
6 2 7.329290
6 21 9.500829
4 1 11.895342
5 19 10.349116
6 2 6.880980
6 9 6.099325
1 5 9.659176
2 8 1.963229
3 6 7.217535
3 15 5.779160
3 22 10.323771
4 10 9.205813
4 14 7.217535
4 18 7.209138
4 21 7.217535
4 22 11.895342
5 6 9.822890
5 12 9.763712
5 19 7.444661
6 11 6.103957
6 15 11.895342
6 19 15.087642
6 22 8.522802
1 6 12.215671
1 7 14.323529
0 3 8.121449
5 8 10.537283
5 11 4.415926
5 12 9.307929
5 17 6.662991
5 21 9.354701
5 21 7.092248
1 2 9.659176
2 20 6.753778
3 1 6.730309
3 21 10.287711
5 0 4.084906
5 1 4.810212
6 11 19.570518
6 23 10.163341
0 8 8.494791
0 13 7.592805
0 22 15.354267
4 15 5.265300
4 16 10.480545
0 3 7.217535
0 20 8.974641
2 21 6.932253
4 22 10.349116
6 4 13.144374
6 16 7.329290
6 16 4.614459
1 18 9.822890
1 23 9.691730
2 23 10.754009
3 12 10.199247
3 16 5.317388
5 2 4.130408
5 20 5.958520
5 23 10.848568
6 12 13.572185
0 1 6.611253
3 6 12.014721
3 12 12.031838
3 20 3.857543
4 1 9.603651
4 12 9.021918
4 20 10.286390
5 2 9.659176
6 7 9.773326
1 12 6.234257
6 14 12.214966
0 0 13.725784
0 0 9.659176
0 6 14.649387
0 7 4.179005
0 9 9.190495
1 16 9.603609
2 5 10.994180
4 6 12.476586
4 20 9.773326
6 10 9.603651
6 21 9.822890
0 5 15.154415
1 9 10.167553
1 10 9.773326
1 13 7.350327
2 23 7.676335
3 19 8.377952
3 19 7.504198
4 7 9.782057
5 11 9.763712
6 8 9.763712
1 5 6.097298
1 12 5.678641
1 23 11.895342
2 6 11.639453
4 19 10.471420
5 5 11.639453
0 5 5.430722
0 14 9.763712
3 13 9.822890
1 0 12.014721
1 23 9.057333
2 18 9.659176
2 18 7.329290
3 0 6.839228
5 10 10.934916
5 14 8.537348
0 20 10.121264
1 9 13.437330
4 10 6.984711
5 14 7.516570
0 21 9.929198
1 1 13.637214
2 19 9.603651
6 23 12.298573
0 1 8.108891
3 9 9.083663
4 13 6.463464
4 20 6.239896
6 21 7.219388
6 21 9.226943
0 2 11.749812
0 13 7.219388
1 2 9.773326
1 23 5.712324
2 1 11.130734
2 11 7.217535
2 12 7.209138
2 15 8.694440
3 11 9.603651
4 6 7.099215
5 10 9.648254
5 11 7.099215
5 13 4.887650
5 14 5.959142
6 13 7.209138
6 16 9.603651
6 22 8.781069
0 10 9.659176
1 11 9.621696
2 6 8.839347
2 14 4.807525
5 5 5.973197
5 6 10.662921
5 8 7.329290
6 9 3.326699
6 11 12.014721
6 12 14.189103
6 19 10.119369
6 21 12.252056
0 13 5.675276
0 18 12.093597
1 8 9.330890
1 18 7.339712
1 19 9.974132
2 6 12.214966
2 9 3.460909
2 10 12.031838
2 13 10.226916
2 13 7.329290
3 13 3.887232
4 7 8.839347
4 11 9.773326
4 13 7.219388
5 7 12.232369
0 9 3.326889
1 9 7.099215
0 0 13.437330
0 14 7.270786
0 16 11.591011
1 9 5.857862
2 11 14.081800
3 14 7.453516
3 22 7.217535
4 13 6.470773
5 8 10.480775
5 14 6.561395
5 20 9.500829
6 14 10.651321
6 22 9.763712
0 9 8.325945
1 14 4.218208
1 22 10.732417
2 9 5.627066
5 9 4.887650
5 15 10.828040
5 23 7.955386
6 13 7.339866
0 7 7.217535
0 23 7.217535
1 13 9.448753
3 14 7.466415
3 21 9.500829
4 22 12.568671
5 1 6.510683
5 22 14.724215
6 0 2.651541
6 23 10.591066
6 22 4.082277
6 23 6.283556
0 2 6.161502
0 23 7.219388
1 6 9.948570
1 17 9.659176
3 6 7.401633
4 6 14.657312
6 3 5.897387
6 6 10.741194
6 9 4.871335
6 21 12.372917
0 20 12.215671
1 16 8.108891
2 6 12.422716
2 12 4.765752
2 14 7.519955
4 1 9.763712
4 7 11.032324
4 19 11.058775
4 20 8.171580
5 0 9.986236
5 12 9.199215
5 21 8.886637
6 1 10.100391
6 17 7.715043
6 19 5.095979
1 0 4.887650
1 6 5.544498
1 8 7.339712
1 17 10.167553
1 19 9.659176
2 7 9.347589
2 7 8.269211
2 8 12.270179
2 22 9.500829
3 8 7.466415
3 10 11.703482
3 11 11.649876
5 13 6.753778
5 19 5.582238
5 20 7.221436
5 23 6.631231
5 23 9.224118
6 7 8.086033
0 1 8.943264
0 9 8.948039
6 20 7.295618
0 21 10.311467
1 6 15.886096
1 10 6.871994
3 1 11.537109
3 21 6.133940
4 20 9.642612
4 21 5.915588
5 2 10.661810
5 19 2.455390
0 21 6.765499
1 21 17.428247
2 0 4.108783
3 1 10.212364
3 7 14.184496
3 14 5.712324
4 1 8.486600
4 9 4.783920
4 11 9.763712
4 15 19.359360
6 21 9.356541
1 4 5.897387
1 21 5.586698
3 6 10.990118
3 7 11.163321
3 13 9.500829
3 20 9.083663
4 11 10.651321
4 13 4.886663
4 15 9.929198
4 16 11.716454
4 18 15.615790
5 10 9.822890
5 19 5.065721
6 9 7.517254
6 14 2.979133
0 7 12.093597
0 20 7.099215
0 23 10.349116
1 3 10.167553
0 17 15.932564
1 18 7.329290
2 19 10.192073
3 1 5.760504
3 10 9.662519
3 19 8.214610
3 21 9.659176
4 1 4.747402
5 0 2.265264
0 1 10.469971
0 10 5.430722
0 13 12.014721
1 17 1.893797
2 9 7.314722
2 9 12.031838
2 17 7.329290
2 22 3.953672
4 0 7.481605
5 6 12.510618
5 20 15.056561
6 21 8.795148
6 22 8.418426
0 11 7.185935
0 17 2.413805
1 19 10.537283
1 23 10.767584
3 14 5.056190
4 10 9.083663
4 17 10.651321
4 20 7.979002
4 23 7.582025
5 11 4.641724
5 17 8.325945
5 23 12.654175
6 22 10.357318
6 23 11.163321
6 19 9.603651
1 23 9.603651
2 0 7.645288
2 5 11.639453
2 9 7.214796
2 18 10.537283
5 6 14.649387
5 20 9.763712
6 20 8.325945
1 18 7.217535
2 21 11.281693
3 10 7.466415
4 0 5.656584
4 22 11.281693
5 6 9.763712
6 21 9.083663
0 0 12.015414
3 19 12.214966
3 21 6.283556
5 7 11.821617
5 21 12.215671
5 23 9.500829
6 0 10.894075
6 2 9.659176
0 21 8.220799
0 23 6.982357
0 23 8.518095
4 16 9.763712
5 12 5.218822
5 13 9.613107
5 20 9.782057
5 23 22.830753
6 13 13.850950
6 17 9.613107
0 11 10.333233
0 18 9.012657
0 20 8.489727
1 0 9.093608
2 14 5.675276
2 16 7.217535
3 11 15.470104
3 19 7.588430
4 1 6.542919
4 1 6.140277
5 11 10.661810
5 15 7.152658
5 18 9.793489
0 14 4.783920
0 20 9.500829
0 22 11.895342
2 20 9.822890
3 20 7.099215
4 20 8.974641
1 11 9.613107
0 2 8.120834
2 4 7.322618
3 10 5.678641
4 7 12.135212
4 21 5.712324
6 2 6.282249
2 10 9.886302
2 15 8.916162
1 10 7.733073
1 17 10.100391
4 6 9.984603
4 15 9.763712
4 20 7.453516
0 13 9.763712
0 20 9.763712
1 16 9.603651
2 9 10.470415
2 21 9.773326
3 15 9.213874
4 17 8.189454
5 14 10.651321
5 15 7.217535
5 17 9.603651
5 19 9.304976
5 22 7.566923
2 13 7.339712
3 23 9.603651
4 18 9.763712
4 21 12.560797
5 11 8.522802
6 4 12.697585
6 20 12.214966
6 20 5.417962
3 9 9.909451
3 16 12.857859
4 2 7.099215
4 9 8.423680
5 10 7.453516
0 13 9.603651
0 14 8.067682
0 2 7.339712
0 16 8.229307
1 9 9.659176
2 2 7.794521
2 2 11.727991
2 6 8.067682
2 19 12.232369
3 0 12.985579
3 21 7.329290
4 16 6.180548
4 19 9.603651
4 22 3.272350
5 0 10.874165
5 6 9.763712
6 18 8.162683
0 16 7.715043
1 1 9.099367
1 7 12.546389
1 17 9.659176
2 9 5.436823
2 10 10.994180
2 14 14.657312
3 1 9.763712
3 17 7.873674
5 7 3.620119
5 23 11.770098
6 2 9.763712
6 23 11.701805
0 2 9.360565
0 15 12.232369
0 18 10.662921
1 17 6.291181
2 12 7.466415
3 0 9.763712
4 1 9.938975
4 8 19.416340
4 20 8.257875
4 22 10.574504
5 6 13.344402
5 14 8.155235
6 13 7.276909
6 23 10.100391
0 0 8.781069
0 4 16.909584
1 1 13.139740
1 5 14.320474
6 7 7.209138
6 23 12.232369
0 15 10.412379
1 12 8.916162
3 0 6.871234
4 2 6.753778
4 4 8.694440
4 19 4.110497
5 23 7.209138
6 14 4.887650
6 23 7.217535
0 13 4.807525
0 17 9.083663
0 23 12.105676
1 1 7.223949
6 2 10.797059
6 13 9.782057
6 16 9.664099
0 1 8.781069
2 22 12.480962
2 23 14.327718
3 0 23.476936
3 2 14.366370
3 20 15.646190
4 11 10.077998
5 12 9.021531
0 14 11.706148
6 23 9.613107
6 23 7.099215
0 10 9.659176
0 13 7.391966
0 14 6.561395
1 0 10.606662
2 19 9.448753
2 21 11.088699
3 19 9.763712
3 21 8.916162
5 23 10.461120
6 21 6.382358
6 20 10.461120
6 22 24.270424
6 23 14.427726
2 13 12.535213
2 16 4.807525
2 20 13.314152
3 0 4.561929
3 6 8.920655
3 9 9.822890
3 18 12.214966
4 0 7.873674
0 0 8.963368
3 8 7.444661
4 14 4.042749
4 23 17.091734
6 1 11.265821
6 13 7.367758
6 16 8.839347
6 18 8.229307
6 19 9.153480
0 16 7.209138
1 9 14.659973
3 2 9.083663
3 2 9.763712
3 4 16.237192
3 15 4.948883
4 2 7.329290
4 2 9.093608
4 9 9.992250
5 9 11.716454
5 12 12.215671
0 11 12.786343
1 7 12.093597
1 13 7.873674
6 4 7.099215
6 20 7.915833
6 22 8.683301
6 23 6.500231
0 11 9.083663
1 21 12.622659
6 23 8.426784
0 23 16.917997
3 11 7.217535
5 20 7.782643
0 23 11.875465
1 2 7.329290
1 18 8.876101
1 23 3.326889
2 21 9.055477
2 22 10.198517
3 8 15.154539
3 12 14.417028
3 19 7.217535
3 19 12.421999
5 13 7.217535
5 21 10.649639
5 23 10.097232
6 0 12.857859
0 0 10.573882
6 8 12.232369
6 10 9.458057
6 14 9.603651
0 1 9.515261
0 3 5.875275
1 7 9.055477
1 9 5.563853
1 19 6.283556
2 0 9.083663
2 9 5.710168
2 17 6.871210
2 19 4.826525
3 16 4.928898
3 22 10.357318
5 17 9.347589
5 23 5.561985
6 22 8.002659
6 23 6.202424
0 2 12.014721
0 2 7.329290
0 10 6.765499
1 21 7.329290
2 2 9.199215
2 4 7.329290
5 13 8.270194
6 14 6.873843
6 19 9.763712
6 23 10.287711
0 2 8.934751
0 3 6.741853
0 12 9.199215
0 23 8.924420
1 21 7.715775
2 3 9.500829
3 0 11.895342
5 3 7.329290
6 0 8.538579
6 22 6.902011
0 2 9.448753
0 6 11.547198
0 7 10.655221
0 8 6.283556
0 9 10.529940
6 6 4.887650
0 12 11.895342
1 23 13.272579
2 6 5.760504
3 13 9.298773
3 15 3.888857
4 14 7.973200
5 6 7.214796
5 12 6.283556
5 20 6.139798
5 23 5.404203
6 2 41.416882
6 23 6.500231
0 21 12.015414
2 0 9.773326
2 11 9.621696
2 22 5.760504
4 9 6.283556
5 6 11.031251
5 6 4.249835
5 12 7.829503
5 22 8.355668
6 7 9.298773
0 19 5.918277
1 2 8.994826
1 6 8.959373
1 6 4.970491
2 3 7.219388
3 10 6.990201
3 11 8.108891
4 8 11.481409
4 9 7.908918
5 21 4.469882
6 7 10.470415
6 23 11.561829
0 8 9.886302
0 11 7.219388
6 19 10.900395
6 23 7.102947
1 12 9.763712
1 16 5.236768
1 17 6.202424
3 18 9.083663
4 13 8.934751
4 21 8.212375
4 23 11.276004
6 17 12.201903
2 12 13.017338
4 5 7.444661
5 21 5.678641
6 12 6.331667
6 14 6.283556
0 10 13.412050
2 14 6.732382
2 20 13.781086
3 8 12.093597
5 11 7.339712
5 21 13.171603
5 23 6.328080
6 18 9.307929
6 4 11.703482
6 6 13.701539
6 18 7.217535
6 19 14.562255
0 2 8.934751
0 6 12.753515
1 14 9.763712
1 22 12.373879
2 21 8.867418
4 21 9.618605
6 0 8.618107
0 1 7.329290
0 15 10.310764
0 23 9.659176
1 0 7.466415
2 17 9.021531
5 20 4.556115
6 10 7.708193
6 15 9.659176
6 23 6.871210
0 0 4.868031
0 7 7.444661
0 19 10.833826
4 18 9.067116
5 17 5.331982
0 12 11.895342
6 17 9.694436
6 18 7.339712
6 22 5.852056
6 22 8.622694
0 9 9.448753
0 18 8.153658
3 13 10.732417
3 23 12.093597
4 9 8.631227
6 17 5.582238
6 22 7.801208
0 1 4.398952
0 1 5.666069
0 23 11.053258
1 17 11.448643
2 19 6.283556
3 13 7.217535
4 14 8.839347
5 8 12.232369
5 9 7.099215
6 0 9.886302
6 12 8.399283
6 15 7.873674
6 17 9.772142
0 0 4.887650
0 7 9.782057
0 9 11.737138
2 6 14.395591
2 22 7.219388
2 22 10.471420
3 6 7.329290
3 7 10.767584
3 19 7.391043
4 23 11.821617
5 14 4.484925
6 16 7.217535
6 16 4.887650
6 20 6.730618
0 0 7.217535
0 14 9.947854
6 10 6.283556
6 17 8.368896
0 0 11.439284
1 8 11.281693
3 20 9.763712
5 7 13.193015
5 11 6.180548
6 20 15.735763
2 10 9.965109
4 6 11.011567
4 6 12.201903
4 23 11.419004
5 22 16.310244
6 0 14.102029
6 19 7.209138
0 0 5.120844
1 19 14.395591
2 13 10.471420
2 18 9.639068
4 14 6.415634
4 22 7.725956
6 6 12.215671
6 10 9.720778
0 11 4.387750
0 15 11.096746
0 20 12.073970
6 4 5.678641
0 13 9.500829
1 17 7.811565
2 3 9.093608
2 9 8.006958
3 5 6.984711
3 10 6.283556
3 14 8.229307
4 19 9.500829
4 20 12.093597
5 9 11.519160
6 17 5.940434
6 21 5.875275
1 22 12.031838
2 13 11.836732
3 12 10.767584
3 17 8.816428
3 21 10.286390
4 11 4.807525
4 14 6.636885
0 20 11.837776
1 22 4.349019
1 22 8.944687
2 8 7.597405
0 23 11.895342
1 5 9.468599
1 11 7.329290
1 17 7.209138
6 9 9.763712
0 8 7.949644
0 22 9.055477
2 0 5.964604
3 23 11.734022
4 19 9.763712
5 6 6.662340
0 0 13.961894
1 8 11.263295
1 21 10.193641
3 8 7.339712
4 16 8.963368
4 18 8.491218
4 20 3.953672
6 21 11.163321
0 3 8.916162
0 19 9.414176
0 22 10.310764
2 11 15.871982
4 2 7.582123
5 7 14.562255
0 2 8.795148
0 22 9.763712
1 0 7.420926
1 4 9.763712
2 0 9.448753
1 22 14.649387
2 0 9.257075
2 9 4.349019
2 19 13.018282
2 23 2.413805
6 3 12.418217
1 9 7.339712
1 21 7.464113
4 11 9.659176
5 0 8.839347
6 7 4.670831
6 8 9.347589
3 14 8.049313
5 13 7.339712
5 22 6.766439
6 23 13.831198
5 11 7.709410
5 18 9.659176
6 3 7.217535
6 17 7.217535
0 4 11.821617
0 16 12.004778
1 9 11.084147
3 17 11.229357
3 23 2.806186
4 10 10.167553
5 5 7.217535
5 8 6.080861
6 2 11.730360
0 0 5.447594
0 2 10.920214
0 2 5.874456
0 20 7.329290
0 1 10.100391
0 13 6.180548
0 14 10.296902
1 0 10.287711
2 6 11.633301
2 12 10.110337
3 8 12.093597
4 23 8.518095
4 23 2.454036
5 8 4.937949
5 9 6.283556
5 10 2.921933
6 2 12.215671
6 22 9.659176
0 20 8.723207
2 21 8.019484
5 0 9.567389
6 23 41.530125
0 1 7.350327
0 2 10.847814
2 15 6.633484
3 11 7.096520
3 15 7.466415
4 6 12.093597
5 0 10.950086
5 1 12.323654
5 11 4.783920
5 18 9.144153
5 19 11.265821
5 22 1.846681
6 17 7.178839
0 1 8.165751
1 8 14.649387
2 9 15.112828
2 12 6.561395
4 1 6.139798
4 22 7.733073
4 23 12.638385
5 2 3.696543
5 8 4.487504
5 23 10.349116
2 11 7.464113
2 23 13.437330
4 10 7.217535
4 14 9.623380
4 15 9.659176
5 1 11.827562
5 2 7.209138
5 10 4.887650
5 20 14.284646
5 23 8.170794
6 19 6.614270
6 22 6.535914
1 19 7.733073
5 15 7.339712
6 0 8.559541
0 14 10.365941
0 21 11.738468
6 7 7.209138
0 12 12.201903
0 14 9.763712
2 7 16.285902
2 23 5.218812
3 4 14.417028
3 15 7.217535
3 20 4.692116
4 1 13.071829
4 13 15.477799
5 2 12.214966
5 12 13.572185
5 18 15.591828
5 19 8.024968
5 21 5.979900
6 12 5.035055
0 2 8.743622
0 2 12.214966
1 8 9.659176
1 18 7.453516
2 9 6.283556
2 13 12.214966
3 14 11.858272
4 8 7.099215
4 16 8.035770
5 4 11.821617
5 9 9.659176
5 13 8.189454
5 19 12.204639
5 20 7.217535
6 6 9.763712
6 20 9.782057
0 8 4.783920
1 23 6.671944
2 6 9.763712
2 6 12.201903
3 18 7.217535
4 5 4.246850
4 7 12.093597
4 8 10.994180
4 22 3.345939
6 3 9.763712
6 21 8.325945
0 3 7.879112
0 12 8.212375
1 9 7.379252
6 23 10.767584
3 23 9.659176
3 23 7.217535
6 17 11.820934
4 14 9.773326
4 16 9.763712
5 16 5.712324
5 17 7.329290
6 17 11.634288
6 21 10.651321
0 2 5.631969
0 4 9.228350
3 2 12.201903
3 10 5.534471
5 1 13.728304
5 9 9.448753
5 10 8.657755
5 17 4.189415
6 3 9.659176
0 3 12.876178
0 19 8.650008
0 23 11.785963
1 12 12.093597
3 17 12.857859
5 9 4.349019
6 3 14.649387
6 15 11.305172
6 19 4.871335
5 2 7.421539
5 9 5.466596
5 17 6.202573
5 21 12.470842
5 22 6.851460
6 20 4.865004
0 2 8.795148
0 18 7.995589
0 14 5.774889
0 16 7.329290
0 16 10.149288
0 21 13.967343
2 21 3.888857
3 16 5.417962
4 13 9.659176
4 14 9.929198
5 5 14.371377
5 12 8.305282
5 13 9.298773
6 11 5.678641
6 12 19.546652
3 12 6.980277
4 19 13.853426
0 2 4.908331
1 10 27.896318
1 21 10.100391
2 15 4.073042
3 14 11.199743
4 2 13.902940
4 11 15.139439
4 15 9.992250
4 22 7.209138
4 23 9.659176
6 3 16.272852
6 13 5.678641
6 17 7.380611
6 19 7.339712
6 20 24.409279
6 23 20.116856
0 14 7.863976
0 15 5.995677
1 15 10.129848
1 21 8.694440
2 7 15.269588
3 0 7.217535
3 1 18.068214
3 22 7.339712
4 7 9.307929
4 14 12.214966
5 0 9.659176
5 11 7.217535
6 16 5.385906
6 17 8.202144
6 18 6.442527
6 20 10.349116
6 21 9.929198
6 22 7.092862
6 22 9.448753
0 1 8.484977
1 15 14.908447
5 1 9.603651
5 17 9.659176
5 17 9.822890
5 18 13.018282
5 20 9.659176
6 0 6.728639
6 11 12.015414
6 19 11.827562
6 20 5.935998
6 23 6.283556
0 1 10.349116
0 6 7.099215
0 13 5.800206
2 3 11.639453
2 23 8.297310
3 9 11.649876
3 20 4.887650
3 20 14.916493
4 3 12.093597
4 5 10.163202
4 8 8.839347
5 4 9.603651
6 10 4.783920
6 20 10.994843
6 23 8.086033
1 10 7.339712
6 20 7.329290
6 23 8.762187
0 14 7.863976
0 21 11.837776
1 11 8.837798
1 21 9.659176
1 22 9.659176
1 23 8.368896
4 8 12.984953
4 20 7.217535
4 22 7.217535
5 14 7.939048
0 14 9.659176
1 2 9.383435
1 6 8.378454
1 8 11.727991
1 8 8.566684
1 17 6.096242
3 8 9.500829
5 10 6.981730
0 12 5.675276
1 13 11.281693
2 6 13.087463
3 15 7.060842
4 15 4.415926
5 21 15.886096
6 12 9.659176
6 18 8.266527
6 23 11.286988
0 15 6.282249
0 22 11.821617
1 0 12.654175
2 3 9.763712
5 12 6.507147
6 0 5.774889
0 1 6.502872
2 0 10.722782
2 4 12.093597
2 20 11.224128
3 1 7.278484
3 2 9.659176
3 19 8.491218
4 0 10.848568
6 21 9.772825
1 1 9.199215
4 20 13.626321
6 4 7.217535
0 15 14.978411
1 19 11.304140
1 21 9.041948
0 21 5.684419
1 10 12.093597
1 16 10.537283
5 15 9.500829
5 20 11.265821
5 20 6.558905
6 0 3.219570
6 20 7.939048
6 21 16.455456
6 23 9.835126
0 17 11.096746
0 21 4.887650
1 20 9.083663
2 12 9.500829
6 15 13.344402
1 23 9.603651
2 10 11.281693
3 11 12.214966
6 22 9.659176
0 22 9.659176
1 11 4.629600
1 15 9.083663
1 22 14.536027
6 22 10.193641
0 0 11.820934
0 2 8.694440
1 8 7.464113
1 19 9.500829
3 19 4.179005
4 13 4.887650
5 9 12.093597
5 19 8.327925
5 21 6.397987
6 2 9.659176
6 2 16.368446
6 5 9.782057
0 10 12.232369
2 13 2.454036
3 12 9.500829
4 9 7.329290
4 14 5.035706
5 12 6.980277
0 8 11.517712
0 11 7.339712
4 11 8.692450
4 15 9.083663
5 18 9.659176
5 19 7.329290
0 0 20.001013
0 1 9.763712
0 1 17.142538
6 11 14.488764
0 12 8.830194
0 18 15.933484
1 14 9.659176
1 19 8.634954
2 18 10.100391
2 20 8.571992
4 8 6.524738
5 18 11.233047
0 2 9.705959
3 17 10.743768
4 23 5.463962
5 19 12.093597
5 23 12.093597
6 21 6.561395
0 14 10.219539
2 16 10.994180
2 19 3.962960
2 19 11.735294
2 20 7.209138
2 23 9.500829
3 7 9.659176
3 15 9.772387
3 21 10.287711
4 0 8.486600
4 7 11.649876
4 17 4.776967
5 8 6.159162
5 9 7.329290
5 22 9.772387
5 23 7.503947
0 0 6.204880
6 23 9.763712
0 2 9.500829
0 14 10.251258
0 18 9.986236
1 6 9.500829
3 15 14.562255
3 16 7.339712
4 15 7.217535
4 22 8.084177
5 0 9.347589
3 13 7.463582
5 19 9.448753
6 18 7.329290
6 21 10.651321
0 2 8.325945
2 13 8.035770
3 2 9.500829
4 5 9.659176
4 12 9.659176
4 15 13.200775
5 11 7.099215
6 18 12.214966
1 6 9.763712
1 8 13.954151
0 19 7.329290
1 6 14.957101
1 17 3.326889
1 17 9.500829
3 6 12.214966
4 9 9.500829
4 20 7.339712
5 1 9.500829
6 16 12.093597
2 17 7.339712
3 9 9.500829
3 20 9.821497
3 23 9.012657
6 1 10.848568
6 14 9.822890
6 18 9.500829
1 8 9.083663
2 8 7.329290
2 18 9.773326
2 19 9.773326
3 22 12.232369
5 17 6.507147
5 17 7.329290
5 22 10.100391
6 20 17.428247
0 2 10.117761
0 2 4.887650
6 7 6.873843
0 0 6.675238
0 8 12.759204
0 20 8.134624
1 6 13.193015
1 19 7.464113
2 18 9.659176
2 18 13.193015
3 16 9.500829
4 12 8.490184
0 16 11.639453
1 6 12.201903
1 19 8.486600
2 10 7.995589
2 23 8.279293
4 0 10.636565
4 8 12.014721
4 21 6.861587
5 6 7.339712
5 22 12.014721
6 0 10.537283
1 1 13.520288
1 3 11.592813
1 4 7.654055
2 10 13.572185
5 0 8.839347
6 21 6.373296
1 3 5.027820
6 21 8.162683
0 5 8.231162
0 7 10.580688
0 9 9.603651
1 8 12.232369
5 10 9.773326
6 6 8.839347
3 8 9.603651
3 20 12.984066
4 10 7.217535
4 20 11.633972
5 7 6.297733
6 14 12.138762
6 21 6.871994
0 12 12.214966
1 11 8.155235
2 0 12.093597
3 23 9.448753
4 9 10.469971
6 1 6.535914
6 5 9.603651
0 6 10.655221
2 1 6.437388
6 20 8.700698
1 21 11.281693
2 16 7.214796
3 15 4.654905
5 7 11.837776
5 19 8.839347
5 23 8.327925
6 1 11.703482
6 2 11.295973
6 3 6.123216
6 3 14.081800
6 23 6.633484
1 2 9.055477
2 6 9.732496
3 11 5.740705
4 9 15.792070
4 11 10.994180
5 14 7.509604
6 7 4.908331
0 19 9.500829
1 10 14.986441
1 11 9.659176
5 3 9.287069
6 23 10.662921
0 10 7.509762
0 12 10.027761
0 9 14.176826
1 1 9.306566
1 1 8.252196
1 10 10.293450
1 21 7.329290
1 21 5.111617
1 21 8.531932
2 2 7.634365
2 6 7.339712
2 23 9.763712
4 6 16.043877
4 21 7.329290
5 6 12.201903
5 23 17.095051
0 0 6.982615
0 0 11.620860
1 20 2.268204
2 2 7.955613
3 2 9.780764
3 22 12.828087
4 1 13.591521
4 3 8.063944
4 13 7.873674
5 3 10.714742
5 23 9.093608
6 1 9.636381
6 14 9.929198
6 22 3.345545
6 22 20.588676
1 3 10.732417
1 21 5.287879
1 23 6.788749
6 17 10.581321
0 13 6.984711
1 14 11.847691
3 10 4.629600
4 10 9.920300
6 1 3.132812
6 9 6.753778
6 14 11.848256
6 15 12.093597
6 22 11.505283
0 3 3.460909
0 14 8.170794
0 14 7.243253
1 8 9.918137
1 12 9.884179
2 16 6.050530
3 17 7.339712
4 17 9.561750
5 5 14.447899
5 18 6.425294
0 7 12.215671
0 10 5.027820
0 20 9.603651
2 10 7.453516
3 19 9.356541
3 20 9.073161
5 8 9.642612
5 18 7.067689
5 23 9.659176
0 11 5.183841
0 21 5.236822
0 22 13.861454
6 13 11.591011
6 14 8.568486
6 16 14.957964
0 8 12.422716
1 15 7.995589
1 19 7.422323
2 5 5.779160
3 9 6.558905
3 11 7.217535
4 12 8.024968
4 16 9.773326
4 19 9.779296
4 21 12.232369
5 23 5.666789
6 2 11.053592
6 21 7.880672
6 23 7.099215
2 9 8.491218
3 8 12.736826
3 10 14.079119
4 9 11.716454
4 21 8.399283
5 15 9.773326
1 7 10.349116
1 9 7.329290
4 8 7.206635
5 21 6.662340
6 22 7.219388
0 0 8.306996
0 5 9.659176
6 4 26.039574
1 6 11.821617
1 20 7.217535
2 6 15.328690
4 6 7.209138
5 6 17.118046
6 18 7.214796
2 13 7.733073
3 7 14.562255
5 9 7.505394
5 11 9.822890
6 2 5.992200
6 10 6.119528
6 10 3.326889
6 13 9.763712
6 14 9.500829
0 21 4.457833
1 14 6.080861
2 12 7.329290
2 22 11.486719
4 2 5.675276
4 10 7.099215
6 10 3.888857
6 23 4.908072
1 7 14.092505
6 3 9.347589
6 22 8.916162
6 23 15.291821
0 0 6.614365
1 20 10.381996
2 6 16.501646
3 5 5.995677
3 18 8.739484
4 8 9.773326
4 20 7.209138
4 20 14.370548
5 6 9.929198
6 15 35.581890
0 0 10.380354
0 11 7.339712
0 22 10.346124
1 11 7.517254
3 14 6.633484
3 18 21.978706
4 7 7.852811
5 23 11.163321
6 17 8.443567
6 20 9.563635
6 23 12.666048
0 19 4.747402
0 21 12.232369
0 22 12.014721
0 22 34.298115
1 10 8.839347
2 7 8.839347
2 10 8.392334
3 5 12.093597
4 6 10.337214
4 11 9.603651
5 14 8.026897
6 21 7.239435
6 23 6.980277
0 7 9.083663
0 15 8.886637
0 18 13.106110
0 20 7.219388
1 10 4.783920
6 23 8.781069
1 0 8.378454
1 20 5.612474
3 7 12.510618
6 2 9.083663
6 19 5.780513
6 10 6.662991
6 23 8.189454
6 23 10.411879
0 1 9.659176
0 3 9.763712
0 8 10.306850
0 9 10.671334
0 15 7.852811
1 5 14.657312
1 6 11.639453
2 14 4.685562
5 4 9.755319
6 21 9.749351
1 1 9.347589
1 2 8.684669
6 22 6.262837
3 7 12.730103
3 10 9.012657
3 10 9.959337
3 15 7.444661
3 21 11.424559
4 0 7.370912
4 16 9.500829
5 22 7.345788
6 19 7.107763
0 11 6.510683
0 20 11.591011
1 5 12.031838
1 7 12.985579
1 11 7.329290
6 23 11.030608
0 1 14.562255
0 13 7.633564
1 5 6.542919
1 6 12.985579
1 7 9.659176
2 17 5.492202
2 22 9.603651
4 13 6.982060
4 21 5.111617
6 0 6.753778
6 2 2.337177
0 2 10.539090
0 15 9.820921
0 16 12.421999
0 19 12.031838
2 17 3.953672
2 18 8.087649
4 1 10.277591
0 0 9.659176
3 0 12.029224
3 22 12.093597
5 3 18.438391
5 23 9.659176
6 0 2.413805
6 2 14.657312
6 19 7.209138
0 23 11.895342
0 7 11.281693
0 20 6.984711
1 12 9.822890
1 12 4.236077
3 18 9.347589
3 20 10.934916
5 0 10.848568
5 1 8.963200
5 4 5.779160
5 5 9.773326
6 19 9.316244
6 22 10.349116
6 22 10.119369
0 0 7.217535
0 12 9.763712
0 17 14.657312
1 15 5.828739
3 17 1.817804
3 23 7.339866
5 9 5.236768
5 10 9.773326
6 2 10.581321
6 11 9.083663
0 16 6.080861
1 10 11.895342
1 17 3.485972
1 19 2.462130
1 20 4.783920
2 7 13.572968
2 12 8.934751
3 12 10.277591
3 13 9.500829
3 22 6.651968
3 22 10.156140
4 0 9.686564
4 10 9.659176
5 23 10.167553
6 15 7.092862
6 23 11.464593
0 18 8.202144
1 13 7.852811
1 23 11.085194
4 22 12.298573
4 23 11.786026
5 0 13.853426
5 3 9.093608
5 11 6.873843
6 1 6.524738
6 10 11.296773
6 22 12.204639
0 0 10.623967
0 2 8.839347
0 13 9.659176
0 17 12.214966
1 10 12.857859
1 12 9.603651
2 11 14.073551
3 8 9.161613
3 9 6.981627
5 10 15.087642
5 18 9.347589
6 17 9.606859
0 8 9.623380
1 1 3.272163
2 10 9.763712
2 18 4.177263
2 22 7.715043
5 18 5.786282
6 23 10.423867
0 1 8.937779
6 4 14.635517
0 14 7.592805
4 6 8.963162
4 7 7.916523
3 6 9.514881
3 10 9.763712
0 22 10.661810
1 10 9.763712
1 9 10.651321
4 16 10.950086
4 20 7.592805
6 19 6.981730
0 1 8.651108
1 7 7.102947
1 16 8.159397
1 18 8.916162
1 20 7.209138
2 11 7.219388
4 8 12.232369
5 21 12.081097
6 2 10.423867
6 21 6.729062
6 22 9.388210
0 7 19.896694
0 22 11.105155
1 13 4.887650
2 7 12.001872
3 23 9.642924
4 11 9.603651
5 6 6.984711
5 16 9.763712
5 18 8.456873
5 22 9.933336
0 13 9.822890
1 8 9.773326
2 1 6.437388
2 10 4.886193
3 17 8.099948
3 17 7.582025
4 22 4.729984
5 5 8.094400
5 21 10.651321
6 10 9.862920
0 2 10.651321
1 10 9.659176
2 9 21.565483
4 2 16.309929
4 9 7.329290
4 14 7.967936
5 2 10.920214
5 21 11.118625
0 19 9.909451
6 23 6.873843
0 2 11.472908
1 13 4.948883
2 12 9.544681
2 19 13.142808
4 12 7.219388
4 19 9.272450
0 1 11.818406
0 11 10.167553
1 18 5.027820
3 11 7.217535
4 21 9.621696
6 2 6.283556
6 5 7.453516
1 11 9.763712
2 8 8.279293
2 18 7.811565
2 20 7.329290
3 10 4.557014
3 10 12.157378
4 23 8.234946
5 11 14.105460
5 12 4.593280
5 19 10.100391
0 17 9.347589
2 21 9.500829
6 23 11.486719
0 20 6.023578
0 21 4.459508
5 20 12.189095
6 1 7.188494
6 20 12.730103
0 1 16.941423
0 3 5.656584
0 11 9.659176
2 14 6.283556
4 17 8.146084
4 19 7.099215
4 21 7.099215
6 14 8.568486
0 1 11.439284
0 16 11.639453
0 23 8.839347
1 12 9.659176
1 13 5.892330
2 16 7.329290
2 21 6.390058
3 0 12.093597
4 18 7.329290
5 14 7.329290
5 16 8.088299
5 21 7.329290
6 22 8.876101
1 23 4.747402
2 8 6.765499
3 16 9.773326
3 20 5.760504
4 2 8.220799
5 1 13.290909
5 14 9.763712
5 18 9.659176
6 17 7.329290
6 18 8.674228
6 22 7.099215
0 1 11.634288
0 3 12.596944
1 9 15.590681
1 10 12.093597
6 5 8.795148
6 5 10.376699
6 16 12.214966
6 18 9.083663
6 19 11.281693
6 22 13.088219
0 7 4.582172
0 12 9.992250
0 14 4.090005
0 17 3.859423
2 21 10.550531
3 9 6.283556
4 21 9.909451
5 8 11.649876
5 11 6.426558
5 14 5.025356
5 16 10.461120
6 10 9.909451
6 17 10.480775
0 10 9.659176
1 21 12.605562
1 21 12.395469
1 21 3.723208
1 21 3.200916
3 14 11.716454
3 22 9.603651
4 8 8.787858
4 14 9.603651
5 8 9.773326
0 4 6.662340
0 16 8.916162
0 20 7.217535
1 15 6.510683
1 16 7.339712
1 22 14.417028
2 16 7.099215
2 21 7.329290
3 6 7.691492
3 8 16.596195
4 8 12.093597
4 21 9.659176
5 11 2.374873
5 13 7.099215
6 7 8.487994
6 15 7.725707
0 0 5.727723
0 18 9.763712
0 22 15.092866
6 13 2.989950
6 14 5.236768
6 15 6.766439
6 20 11.064142
6 21 9.213874
0 8 8.651108
0 19 10.079954
0 22 9.055477
2 19 12.476586
2 20 9.298773
2 23 12.214966
4 2 9.724231
4 19 6.283556
4 22 12.730103
5 22 9.773326
6 0 13.171603
0 23 7.466415
1 23 11.248544
5 9 6.558905
5 14 12.020004
6 21 7.836485
6 23 6.331667
0 7 11.258988
1 8 9.986236
5 12 8.781069
5 19 6.652616
5 20 6.382358
6 0 7.398589
0 0 12.214966
6 14 8.623182
3 22 9.603651
4 19 24.407841
5 20 13.325982
6 0 7.700298
6 8 7.524993
6 16 10.092958
0 4 9.782057
1 10 9.218063
2 19 5.050116
3 7 9.886302
3 17 7.694151
4 10 4.415926
5 22 9.347589
6 0 7.594522
6 0 11.281693
6 13 9.603651
6 22 4.326737
0 10 12.464313
0 18 11.291417
0 18 9.822890
1 18 7.329290
2 18 9.659176
4 19 7.217535
5 8 6.375196
6 22 8.491873
0 1 9.659176
1 14 6.186459
6 13 3.761381
0 14 9.347589
4 18 5.267091
6 13 8.325945
1 7 16.631121
1 22 12.697585
2 20 5.760504
3 10 7.209138
4 16 7.217535
5 18 5.140136
6 5 7.359878
0 0 10.661810
0 21 9.772387
1 2 9.822527
1 19 9.012657
2 18 6.283556
4 7 9.782057
4 12 7.831764
4 21 6.375196
5 0 2.673854
5 21 13.344402
6 4 9.968026
6 10 5.095979
6 12 6.933301
6 20 7.733073
0 0 6.981730
0 22 8.855588
0 23 8.599472
2 18 7.329290
2 19 12.093597
3 0 8.518095
3 19 12.232369
3 23 14.417028
4 0 8.870359
4 13 7.329290
5 20 7.477062
5 22 9.464705
6 15 8.694440
0 16 11.391782
3 0 7.916523
3 23 11.633972
4 22 9.821497
5 22 8.864274
0 3 8.320148
0 11 6.788749
0 14 9.500829
1 22 9.495130
2 1 6.766439
2 2 16.313845
2 19 13.961894
3 19 2.454036
4 23 9.347589
5 20 11.617597
5 23 8.138921
6 15 12.386813
6 21 5.987143
0 8 12.957426
0 18 7.582025
2 12 6.143476
2 20 9.659176
3 18 7.509604
4 16 8.537837
4 19 7.339712
5 14 5.678641
5 22 6.990201
5 23 7.219388
6 9 10.277591
6 10 11.639453
0 8 11.439284
0 19 4.765752
1 17 6.984711
2 8 10.287711
3 11 11.147601
3 20 8.441642
3 21 7.339712
4 7 7.466415
6 20 9.659176
0 2 11.727991
0 6 10.636565
0 9 14.184496
1 21 9.659176
2 22 11.895342
3 6 12.232369
3 21 12.014721
4 17 7.421405
5 14 12.730103
6 0 12.421999
6 1 4.705495
6 2 12.014721
0 7 10.296902
6 11 8.024968
1 9 6.048160
3 19 12.073970
3 23 12.093597
0 16 9.603651
1 11 10.209826
4 16 6.873843
5 9 6.114645
6 16 9.544681
0 19 12.356931
2 11 11.145203
4 20 4.928898
6 0 12.622659
6 17 7.084949
0 1 4.547766
0 23 12.038666
0 0 8.189454
0 19 9.659176
1 10 6.186459
1 14 12.476586
5 0 6.402934
5 15 6.662340
5 16 8.418426
5 21 6.204358
6 11 6.765499
6 15 6.619671
6 17 9.822890
6 18 7.339866
0 23 6.419500
0 23 7.099215
2 17 10.461120
2 19 8.790642
2 23 8.694440
2 23 10.339533
3 12 8.795148
4 15 8.884842
5 2 8.920397
5 2 10.655221
5 15 11.486719
6 17 9.544681
0 11 10.636843
3 9 10.537283
4 1 7.174025
4 19 8.916162
5 22 9.453309
6 21 9.763712
0 14 9.773326
1 2 7.329290
0 14 10.972409
0 17 6.020407
0 18 5.315467
0 20 7.209138
0 20 9.732496
2 0 14.370548
2 19 8.171391
4 1 9.613107
4 18 8.309108
5 1 13.205037
5 9 7.099215
5 19 9.773326
2 21 5.779160
3 5 8.094400
3 15 9.623380
4 19 3.168466
4 20 6.766439
6 20 9.642924
6 22 17.701420
0 0 8.131172
0 1 9.772387
0 20 13.936950
1 19 13.079579
1 22 13.314152
2 20 4.387750
3 0 9.613107
3 15 9.659176
3 18 9.763712
5 1 4.826525
5 13 10.110337
0 1 10.790243
1 9 6.180548
