3 14 4.147748
2 13 9.056287
0 10 3.175026
2 22 2.619705
6 6 8.981798
6 21 4.632583
3 13 3.626506
4 12 2.619705
4 23 18.658731
0 19 2.664107
4 14 2.619705
1 20 7.652560
6 17 4.206747
5 11 3.048367
0 15 4.206747
3 14 5.282834
4 7 7.616775
6 8 5.688235
6 20 9.911563
0 9 8.913247
2 18 5.774864
4 7 6.159183
4 8 8.928645
4 21 1.752714
4 22 2.619705
6 0 2.381550
0 2 5.946828
5 0 4.175640
5 22 6.055959
6 2 6.599124
2 21 6.920402
0 0 5.568974
6 14 1.365751
0 14 2.842700
0 2 19.790895
2 11 18.599230
2 13 1.752714
2 19 2.619705
0 9 2.596757
0 11 3.730664
3 22 4.780394
6 10 2.390064
0 22 6.036712
1 6 4.701819
0 15 9.089984
3 0 3.880588
3 8 3.603120
3 15 7.026084
3 18 4.712911
3 22 3.824315
5 22 1.723981
0 18 2.921190
1 18 2.418189
6 8 4.984607
1 22 1.617890
6 12 2.381550
6 20 5.437973
1 16 5.080165
2 22 9.276150
1 22 5.465001
1 23 9.874573
6 2 15.204366
0 21 1.782421
4 6 1.752714
1 13 5.534886
6 11 2.951433
2 22 4.749057
4 20 4.899451
0 4 7.026449
3 19 10.735970
3 23 4.389496
4 19 1.696175
4 19 3.880588
5 1 4.548935
6 0 7.135486
6 0 4.693563
0 8 4.463894
5 19 3.505622
2 20 7.026084
3 10 3.968629
6 22 4.952657
4 22 1.782421
4 22 4.580695
5 20 2.629071
6 21 6.813819
0 19 6.480261
0 13 2.576759
6 21 5.893785
1 1 3.565039
1 8 5.560878
6 10 4.522995
0 20 5.858240
1 22 5.282834
0 2 4.876462
2 0 6.982043
6 10 3.022737
6 15 1.752714
6 15 3.492529
0 0 1.813152
2 1 8.694955
3 6 6.159183
3 6 10.136244
4 6 7.724847
4 7 5.865888
6 8 2.494957
6 13 2.576759
2 3 9.543626
4 5 4.372613
6 8 5.570728
6 9 1.752714
6 12 6.972660
6 14 3.235959
0 8 3.492529
6 8 5.940239
6 14 1.912052
6 14 3.251479
0 10 5.465001
0 11 6.351500
0 21 7.849034
2 20 11.642919
3 22 1.813152
5 20 14.464444
0 23 7.827287
3 23 6.696303
0 9 4.300931
0 10 8.822312
1 1 6.159183
1 2 3.186753
3 4 9.457686
4 3 3.048367
0 20 1.569595
1 4 8.495799
4 3 12.541418
4 14 2.965704
0 9 10.488139
2 19 2.068188
1 19 5.196230
1 20 3.770328
4 22 7.144650
1 21 6.982043
0 1 10.539126
6 18 4.960958
0 0 4.876462
6 16 3.833714
6 3 3.223873
2 12 2.576759
6 19 7.655606
0 18 2.095764
1 19 8.604908
2 11 5.282834
5 12 5.247136
0 13 4.346517
5 12 6.920402
2 17 1.710703
4 11 1.502326
4 14 5.251925
4 20 5.560878
5 1 4.099325
6 8 8.442890
0 22 2.993596
3 1 7.720361
4 19 2.504016
0 0 5.474504
0 1 7.026449
2 13 2.806827
0 3 6.215099
0 0 4.770123
3 20 8.212244
4 3 4.199273
6 21 1.782421
6 1 2.993596
6 14 1.752714
1 1 7.527947
1 23 5.830151
2 2 7.668268
6 20 2.619705
4 22 8.981798
6 20 7.742658
0 14 3.492940
4 23 6.982043
6 19 3.505622
0 20 11.926548
2 10 6.058213
5 0 8.778993
5 7 4.036258
5 13 2.881546
2 1 6.785075
1 23 3.448153
5 22 5.773301
0 0 3.601932
0 1 4.743197
4 15 4.845832
0 21 7.849034
1 20 7.222804
4 11 3.392349
6 1 6.767700
6 22 10.179591
2 17 1.738325
5 23 2.619705
6 0 1.782421
0 2 7.576381
3 5 10.474888
0 0 5.282834
2 7 6.920402
6 23 5.941392
0 21 4.034104
6 2 6.602416
0 11 2.576759
4 13 1.752714
4 17 3.492529
2 22 1.593376
6 1 4.780129
6 1 8.884639
1 19 1.643169
4 23 3.492529
5 17 1.723981
1 0 1.669251
0 1 1.617890
1 23 5.205435
6 9 4.199273
1 12 4.876462
1 12 3.435274
2 19 7.433258
2 20 6.890653
2 20 3.081643
3 17 3.825681
3 21 4.770886
0 23 6.373858
6 14 10.308044
2 0 10.051921
2 0 3.435274
2 0 5.245437
2 12 4.837638
1 11 6.215099
2 23 5.282834
3 20 7.729094
5 1 6.215099
5 2 4.443487
6 11 1.813152
0 2 7.224149
0 4 8.677685
2 22 4.805869
2 23 7.122983
4 20 3.399718
0 15 2.494957
2 20 3.448153
4 6 9.593113
5 23 24.509897
0 6 6.920402
1 21 4.528099
1 10 5.300048
1 21 4.087354
4 2 9.970076
5 10 5.660179
0 1 10.379191
3 20 3.895136
1 5 8.662840
4 20 14.588530
0 3 9.720360
0 1 6.982043
6 23 7.283382
0 5 9.241045
4 18 3.977027
5 22 6.076275
2 21 1.752714
0 10 5.959481
2 22 4.536165
3 23 4.125015
4 20 3.915164
5 2 8.383393
5 3 3.505622
4 23 5.935824
5 1 5.159446
6 2 3.810031
6 12 2.190892
1 9 8.981798
3 7 5.279066
5 8 4.638063
2 14 3.680521
6 21 7.043778
2 12 5.372374
2 16 10.187997
3 13 3.376858
0 23 4.712911
1 1 8.259636
1 10 2.664107
1 11 5.387456
4 0 6.596008
4 20 4.851749
1 21 15.782491
2 0 6.374746
0 21 3.895136
1 19 4.372613
1 1 7.035742
0 19 2.576992
3 22 6.545666
5 2 8.026112
6 19 5.180482
0 1 5.040183
4 18 6.799199
0 2 2.286149
3 5 7.029245
4 14 7.763714
6 7 2.576759
0 19 2.245461
3 1 3.186753
4 21 1.984204
5 15 5.196230
6 0 4.802576
0 22 4.337169
2 21 5.471267
3 1 8.103685
2 11 4.116494
2 19 1.871218
2 21 6.197801
6 1 7.512047
4 4 10.860909
4 11 1.877908
5 15 1.782421
2 0 8.927789
4 10 7.546906
0 15 3.612961
1 23 4.811084
2 0 9.917565
3 23 5.941311
5 1 5.205435
0 1 4.044949
1 3 8.764055
2 19 2.596757
6 6 7.035742
2 23 3.379867
2 23 2.857860
4 1 7.035742
4 3 3.448153
5 3 6.494531
6 2 5.688235
2 23 3.448153
3 11 3.223873
4 20 2.596757
5 14 1.617890
5 23 2.891401
4 22 2.183087
0 0 2.794023
0 1 8.320083
2 10 6.058213
3 11 5.282834
4 19 1.714750
5 13 2.311504
6 7 9.754436
6 9 7.602387
1 1 7.675355
0 10 6.359822
1 18 7.127070
3 20 1.526042
4 22 13.150361
5 18 1.723981
6 18 3.499142
1 21 2.576759
1 22 3.681086
0 8 3.894920
0 1 2.124619
0 1 3.505622
0 2 2.806827
2 10 2.445647
2 19 2.619705
1 23 3.448153
5 9 9.106989
5 14 3.755816
0 12 4.300931
1 22 5.904347
3 13 4.372613
6 14 1.723981
1 19 2.619705
1 21 7.049963
6 0 10.244998
3 19 4.802576
0 21 3.756024
0 2 8.587882
3 23 5.159446
6 2 7.035742
6 20 4.036258
2 8 7.357998
5 2 6.096799
5 18 3.505622
6 19 3.880588
1 22 3.505622
2 22 6.920402
3 23 6.433663
1 21 2.619705
0 19 4.108858
0 11 3.435274
0 11 14.817228
1 8 1.669251
1 20 7.483990
6 7 8.662840
0 17 8.396428
1 23 6.159183
2 19 4.959964
3 10 2.629071
4 20 4.615416
1 1 4.712911
4 19 7.729094
0 11 9.085600
2 12 3.143646
2 6 6.162254
3 11 3.452734
4 6 6.160626
4 6 5.513099
6 0 6.691758
0 2 1.912052
0 5 7.099683
5 6 3.492529
0 10 1.813152
0 11 2.503877
0 11 1.813152
5 1 6.744043
5 3 7.100383
6 0 5.855381
6 15 4.199273
4 6 5.518437
5 0 7.035742
1 12 2.213835
0 22 9.127138
2 12 3.435274
1 7 8.778993
1 13 5.282834
1 16 2.576759
1 18 4.580695
0 7 5.670557
0 9 4.300931
3 14 5.599257
6 1 9.754436
0 13 3.307359
0 0 2.690945
0 19 1.912052
6 14 5.765207
1 20 5.282834
2 16 5.763092
2 23 5.282834
1 22 1.696175
4 1 5.372374
4 7 4.770123
5 15 6.119435
6 12 1.912052
4 8 8.981798
0 7 4.841942
0 12 3.139363
3 1 8.457103
1 16 3.505622
1 20 4.475262
6 2 3.505428
2 21 4.350379
4 15 2.821631
3 16 2.619705
4 20 4.780394
6 11 3.492529
2 20 7.924251
6 16 4.937207
6 21 4.322255
1 20 4.044949
5 11 1.752714
4 6 6.067426
4 12 7.729094
5 8 3.448153
1 0 8.604908
4 7 4.300931
1 12 5.949870
3 23 5.245437
1 17 2.418189
2 21 7.013964
3 22 7.817492
2 23 2.926420
4 10 7.541856
5 7 6.374746
1 5 9.326559
0 7 7.560632
2 6 3.435274
3 13 3.448153
3 19 1.844962
6 3 7.278354
1 8 5.843116
3 12 2.286149
0 19 4.258459
3 15 6.433663
0 21 3.850674
1 11 5.372374
1 15 4.372613
3 14 3.513042
3 15 1.298307
5 3 7.026084
4 21 1.682699
5 3 6.300664
2 13 1.723981
5 21 4.952657
2 8 9.339054
2 13 3.344304
1 14 3.492529
