6 17 9.595643
6 19 9.749677
0 2 11.335859
2 20 6.881665
4 20 27.372602
5 11 7.295878
6 13 7.766014
0 1 10.991284
2 23 7.840339
3 18 6.979999
4 18 4.438934
5 0 13.661691
6 21 6.010643
0 2 9.302889
0 2 7.807722
0 16 5.260358
2 19 9.301860
3 18 2.494874
6 16 9.926527
6 23 8.633433
0 11 9.641316
2 19 6.666350
3 9 13.277438
5 2 12.196033
2 10 5.461779
2 13 5.377819
3 9 7.478570
3 20 9.301860
4 21 2.857329
5 19 11.629810
2 7 1.661733
1 11 9.066114
5 9 11.759039
1 0 6.631542
2 0 9.301860
2 14 6.150114
5 8 6.793567
6 0 13.086844
6 3 8.583210
6 13 16.411486
0 23 10.809806
0 23 5.223822
1 10 6.321538
5 14 7.728773
6 2 6.110820
6 2 13.946216
6 15 4.594646
6 19 6.655473
6 23 1.729863
0 23 14.829840
2 17 3.476447
2 18 6.010643
5 18 7.556526
0 13 6.611823
2 11 7.890782
3 14 11.021051
4 9 4.314025
0 8 10.449479
0 17 10.585571
1 12 3.243492
2 12 6.150114
2 22 10.808096
3 8 10.009875
3 13 3.259169
3 14 6.373690
6 10 9.110131
6 12 3.771554
6 18 8.067275
6 22 6.683949
0 8 8.573877
2 9 5.729565
3 14 9.739533
3 18 8.358377
3 21 7.556526
4 11 10.463496
4 13 7.882928
4 13 3.364304
4 17 2.124015
4 17 3.796698
4 21 8.570536
0 2 6.809130
0 17 11.669305
6 19 7.766014
4 0 19.369400
5 18 5.441750
5 22 16.482700
6 0 10.712149
0 3 12.332125
2 18 7.434194
4 8 9.474537
5 13 10.452441
6 20 5.426571
4 18 4.852768
4 21 5.034383
6 16 4.751701
6 22 9.084313
0 18 6.034523
0 21 13.663172
1 23 3.262881
5 1 12.506863
5 19 6.873069
5 19 6.045221
5 23 9.998485
6 8 7.235493
6 21 10.996790
6 23 7.334220
4 22 15.347055
5 2 11.218644
5 17 11.767260
5 21 10.058226
0 12 5.260358
0 20 16.252535
1 4 10.131496
2 13 9.353468
4 22 15.341830
6 1 6.610518
0 17 8.553097
6 9 25.947939
1 21 12.209439
2 17 7.728595
3 17 8.912452
5 16 9.027169
5 21 13.552670
6 0 12.712903
6 1 9.565772
1 17 6.666770
1 18 15.791459
1 20 7.972970
1 21 7.332984
1 23 6.110820
2 14 10.849432
3 19 6.640060
4 14 14.961210
4 16 1.128171
4 19 10.685658
5 19 9.647325
5 19 17.271263
6 20 9.948948
6 22 10.841753
3 13 5.912923
3 17 10.133724
6 3 14.434170
6 13 8.543756
0 18 7.211421
0 19 7.050947
0 22 3.235111
1 9 6.667130
2 0 40.415936
2 15 6.521499
4 11 8.953403
6 1 5.641418
1 19 12.231141
1 20 8.400363
4 22 9.438998
6 5 10.170322
0 4 1.729863
0 16 10.170322
3 7 6.688551
3 13 1.701504
5 1 6.543749
6 21 5.842833
0 21 5.933948
1 0 11.936036
1 8 17.077118
2 20 9.509210
5 1 8.053845
5 9 7.210542
6 22 10.472848
3 13 6.370869
1 2 15.503367
2 0 8.837124
6 12 9.111470
0 4 13.511051
0 19 11.547896
0 23 6.134907
1 11 12.693421
0 21 10.310483
2 0 11.683893
2 19 8.294792
4 5 9.408507
4 7 6.092968
5 5 12.736732
0 11 14.684228
0 11 12.007318
1 22 16.035692
3 0 11.961098
4 16 9.256762
5 9 4.171736
5 11 9.641316
0 15 16.583143
5 13 14.900168
6 10 8.758876
6 12 2.921417
0 0 5.174123
1 12 7.887492
2 7 7.190042
2 8 5.101640
4 5 8.483651
5 16 1.759182
1 2 3.266393
6 21 2.453163
1 15 11.332755
5 16 3.081904
6 22 2.242892
3 1 5.251339
4 10 6.111536
4 10 3.908912
4 21 12.416432
5 15 4.364952
6 21 10.731319
6 23 9.509210
0 0 5.348380
0 1 13.319731
0 22 1.729863
1 23 1.253330
2 20 6.111536
4 21 10.590967
3 13 5.714375
4 17 14.751242
0 14 7.392647
4 18 4.089902
5 10 6.156959
5 19 10.971001
0 14 8.573877
3 20 11.276995
3 20 8.651682
1 18 5.914390
4 23 10.455965
6 6 10.741787
5 1 13.095815
6 21 13.241936
0 0 8.615625
5 9 8.620240
1 7 8.337421
1 15 5.924621
1 18 3.310873
6 10 4.975816
6 10 3.095953
6 13 11.054208
0 0 5.742530
0 1 3.535605
0 2 6.103221
1 1 15.330327
2 12 8.912452
4 1 9.641316
5 23 5.838143
6 2 8.808227
6 3 8.090451
0 2 12.745432
0 3 4.187364
1 3 9.923973
1 17 5.914390
4 1 9.457936
4 1 6.522828
6 21 8.763911
1 1 8.705888
3 20 10.139896
1 9 5.311527
6 19 6.897599
0 0 10.500688
1 20 11.340976
1 21 8.368273
0 23 11.852253
1 0 9.265312
1 16 5.613468
5 5 26.305151
6 22 4.984204
0 3 8.166838
1 14 7.857405
2 10 9.048299
5 20 14.306578
6 8 9.301860
5 20 14.550905
6 2 12.448375
6 11 4.548402
6 16 12.311737
0 10 9.137195
1 21 14.065083
2 10 8.308567
2 13 6.911255
2 21 14.135843
5 1 6.385071
0 0 13.449895
0 1 3.489470
2 16 9.650499
4 20 12.309611
5 4 18.352428
5 19 6.501648
0 1 4.868036
6 9 7.277005
6 22 4.596003
0 6 8.128349
0 9 7.235493
2 11 11.187387
2 16 11.152381
2 17 9.438998
2 22 6.110820
5 19 6.269930
6 2 9.571873
6 18 6.110820
0 22 2.268533
4 4 16.028429
6 16 5.615002
6 18 6.666350
0 1 6.897599
1 5 10.170322
1 9 10.968016
2 18 7.963400
3 22 10.996790
5 18 7.840339
6 21 8.812228
6 23 3.579026
6 19 9.240747
1 4 13.095815
3 8 4.966705
3 13 8.539839
0 21 12.531086
3 6 5.147621
4 22 11.335859
4 23 11.047729
5 3 10.971001
5 17 10.855970
5 23 16.052250
6 13 8.705888
1 23 10.170322
2 0 6.110820
2 22 5.459045
6 21 4.516510
0 0 2.679790
2 1 12.567784
3 14 8.290016
5 20 2.270689
0 9 6.975255
2 15 4.569354
5 23 14.576765
5 23 8.179772
0 15 3.795610
1 18 6.534554
1 23 8.949532
2 15 5.913697
3 14 11.264066
5 13 10.112205
6 9 13.086844
0 20 13.724292
1 22 6.150114
3 21 13.086844
3 22 13.094854
3 22 8.874166
4 17 6.809130
0 20 12.957856
5 8 3.535339
1 12 1.701504
3 0 11.335859
4 1 9.483262
6 12 6.970191
0 6 10.866618
0 13 5.233415
3 13 5.349517
5 2 11.907100
5 12 7.432649
0 9 6.666770
0 10 7.766146
0 20 10.463169
2 19 8.916196
4 8 5.933948
4 20 12.705615
5 12 6.465781
6 22 12.367260
0 3 7.016236
0 11 8.163392
0 20 13.405782
2 10 9.595643
3 22 9.334515
1 9 3.787581
1 20 10.483835
2 1 12.264791
5 23 10.147283
6 8 11.150025
1 22 14.471400
2 10 8.419483
2 12 6.174287
3 8 8.565637
6 0 4.890246
0 15 8.342656
2 10 4.974287
2 13 11.861381
3 23 5.742530
4 2 5.009865
5 20 10.517800
2 17 6.779767
5 15 6.666350
5 21 6.503432
6 21 5.933948
0 16 7.316191
6 19 11.358643
6 22 7.591873
6 23 9.965841
0 17 10.593503
0 20 12.256760
2 7 8.371563
3 6 6.111536
4 12 10.271704
4 19 6.589408
4 22 2.340584
5 8 9.808610
5 14 6.745070
5 17 5.913697
5 18 6.110820
6 9 12.209439
6 10 20.759480
6 20 8.716776
1 11 10.930719
3 12 4.603451
4 10 8.251946
5 17 31.392801
5 20 5.677028
6 0 20.019751
6 17 6.010643
0 16 11.815890
0 19 6.970191
1 0 7.024786
1 11 14.310588
1 16 8.096278
3 2 11.250737
3 3 5.214671
4 10 3.274523
6 20 10.689310
0 1 12.986265
1 1 11.155058
1 14 15.698932
5 19 3.209000
1 2 8.716776
2 18 18.509607
3 1 10.638176
4 20 3.476447
5 20 8.973082
6 22 10.267159
6 20 14.182592
1 0 3.596324
1 0 1.461856
2 10 6.855926
3 9 6.568981
4 22 15.311321
2 15 4.472187
2 15 11.685215
4 12 8.716776
4 23 6.450027
6 3 12.634261
6 3 12.745432
6 23 11.937869
2 16 6.188657
2 22 9.609157
5 21 7.006913
2 8 7.614545
3 12 10.812870
6 9 12.209439
6 9 11.628037
6 9 15.279333
6 10 4.174041
6 20 7.895447
6 22 7.212559
4 0 9.737679
4 8 8.864517
6 14 13.174570
3 14 7.366317
5 14 10.286423
5 21 8.617428
6 0 5.591012
6 19 6.150114
2 12 10.454193
2 12 5.349517
2 12 5.064595
2 14 11.031327
3 0 15.959115
3 2 9.246913
5 0 13.449734
6 20 6.010643
0 5 10.291642
0 12 6.774652
1 2 3.535370
1 18 9.408511
2 13 5.839404
2 17 7.840339
4 20 6.547307
6 0 13.775626
6 22 6.736834
0 3 4.475007
0 12 4.472187
0 12 5.439716
0 19 7.659109
3 21 6.049293
5 0 20.635986
0 19 9.641316
2 5 7.533549
2 6 11.378017
2 11 10.629694
2 12 7.556066
2 23 6.110820
4 13 7.350342
4 15 7.090522
0 1 6.611823
0 3 7.677593
0 20 2.257796
1 3 6.110820
6 6 5.508858
0 16 1.674061
0 17 8.971071
0 20 8.269135
1 22 11.004034
2 6 14.649447
3 5 14.230845
0 23 12.542974
1 0 8.583210
1 9 5.489127
2 22 5.150405
3 5 13.086844
6 9 7.197743
2 15 3.419456
6 16 4.568033
6 21 13.670687
0 16 6.045273
0 17 18.717077
0 22 16.459463
1 7 8.555923
0 0 11.342726
2 19 5.400465
3 13 1.729863
4 18 9.641316
5 18 8.763911
6 16 5.135237
6 19 4.437979
6 21 7.728595
2 17 3.052699
0 0 5.914118
1 19 11.906027
4 19 9.860204
3 19 2.116684
4 13 3.476447
5 23 7.613389
6 0 24.740944
6 23 6.153942
4 9 6.667130
5 2 5.820510
6 13 4.741631
6 16 8.224837
1 22 7.096941
1 22 7.665267
1 22 8.371619
2 20 9.223042
3 9 11.854148
5 19 3.476447
6 22 7.857405
0 3 12.461493
0 19 12.957856
2 19 5.260358
2 20 5.459186
6 10 6.110820
6 17 5.439023
6 20 13.157230
0 14 13.940571
0 14 12.369258
1 1 13.084567
2 21 8.548073
3 17 9.069324
6 9 1.549131
6 15 19.351936
6 16 8.705888
1 2 7.311993
2 7 9.419625
2 22 5.920595
4 19 9.595643
5 6 12.872307
0 13 5.951723
1 22 2.453941
2 10 3.852961
3 8 9.066114
2 9 8.570536
6 16 7.527852
6 22 13.905788
0 1 11.640421
1 0 4.105614
2 2 12.535204
6 19 10.505794
4 8 6.970191
4 8 6.728549
4 23 7.312716
6 23 11.116354
1 12 5.478873
1 23 15.260620
2 0 6.215122
2 1 9.825147
0 7 13.662001
1 15 9.301860
1 21 12.673369
3 20 12.941618
4 6 4.849946
4 17 9.749413
5 7 10.853142
1 15 7.692428
2 21 13.184214
3 2 10.305326
6 13 8.613215
6 23 6.329746
0 3 15.378987
0 21 10.329982
1 0 15.400077
1 4 18.734337
2 5 11.168020
1 21 14.143947
2 23 25.947939
3 18 8.310997
3 19 9.595643
6 4 8.705888
1 10 11.124597
1 13 11.195870
4 17 5.174123
4 18 11.199044
5 8 10.472569
6 23 5.223001
6 5 13.616323
6 8 9.804729
6 14 5.239443
2 20 8.177855
4 6 6.958966
6 16 8.275402
6 16 8.929574
1 12 7.698249
2 19 20.271210
3 0 6.865573
3 14 2.535115
5 12 7.895447
5 17 9.149370
6 10 12.686764
0 1 7.677593
2 14 5.933948
2 22 11.000930
3 20 3.052699
4 12 9.235437
5 19 4.187364
5 19 4.294626
6 11 10.463870
0 18 5.933948
1 1 10.356523
1 6 6.697505
1 8 6.745346
6 4 6.110820
6 9 7.895447
0 5 15.260449
0 6 11.658040
0 12 8.020059
0 13 5.467766
4 23 9.099561
5 1 14.176916
5 8 9.796593
1 1 13.086844
2 2 8.012691
4 12 3.540277
4 21 3.476447
5 3 4.166339
5 4 6.611823
6 1 10.463169
0 1 14.276558
3 20 12.209753
4 3 12.256760
4 18 7.200993
5 20 5.348380
6 15 7.840339
6 19 5.445826
6 20 10.719873
2 1 10.320580
6 22 1.729863
2 9 12.146842
2 22 6.408263
3 0 11.856053
4 9 6.745346
5 22 2.619618
1 18 8.553097
3 21 9.445658
2 15 1.729863
5 14 5.714043
0 13 5.913697
1 3 11.335859
4 19 12.359172
4 23 2.664019
4 23 6.111536
5 10 11.625744
6 13 15.342587
0 1 13.144012
1 5 10.500688
2 6 8.045746
4 5 11.996157
5 2 9.149370
5 18 7.725371
0 23 7.433227
1 9 10.912379
6 20 8.161770
1 15 11.047729
4 11 2.619618
5 11 5.063797
1 13 3.419427
1 14 16.436270
2 12 9.109550
4 12 15.818228
5 21 7.895447
1 2 13.859471
2 1 12.870066
5 1 9.438337
6 22 8.838182
0 22 6.666350
1 11 23.889271
5 15 9.066236
5 19 6.110820
6 20 5.400507
5 1 12.599150
5 23 2.725554
0 0 16.451984
6 1 4.553499
6 1 4.293395
6 3 13.532424
6 3 11.907100
0 2 8.380011
2 3 13.220659
2 12 8.864517
2 13 6.605033
3 9 4.526534
4 20 9.406239
5 17 5.882444
6 13 8.435589
0 7 11.961098
0 9 7.857405
1 2 7.677593
4 19 9.598982
5 10 18.862463
6 8 7.590663
6 8 7.973226
0 16 16.463135
0 22 5.379479
2 15 11.636497
2 18 6.541222
4 22 11.047729
0 7 18.689205
3 0 3.786395
3 7 5.640758
3 17 8.216166
4 2 10.650353
5 1 20.197790
3 20 10.517800
4 3 11.117792
0 0 8.944602
0 23 11.552289
1 0 14.277571
1 0 13.185521
0 11 5.441750
1 14 12.679406
2 23 11.817146
3 14 15.249075
3 16 4.830844
4 15 11.557958
4 21 7.840339
0 20 8.128349
2 14 3.535370
4 15 7.640756
4 15 10.517800
4 21 15.415435
6 7 7.766014
6 19 6.588215
6 20 2.208335
1 2 8.763911
1 10 7.682000
1 22 15.604751
3 1 14.197122
3 1 10.118174
3 15 8.234677
5 12 9.800979
0 1 8.211764
0 9 11.610533
5 8 5.914390
5 9 4.735050
5 12 8.588302
5 13 5.223001
6 11 3.419456
1 1 9.389905
1 23 13.532796
5 8 3.476417
2 1 7.507407
6 22 8.270952
0 18 4.715297
0 23 13.019650
1 6 23.463596
1 19 4.118718
2 10 6.979999
2 10 9.056217
6 1 10.366285
0 0 13.084567
0 19 10.500688
0 21 6.656135
2 20 9.110131
3 15 5.239236
3 20 13.588184
5 1 9.063784
6 4 9.641316
1 12 6.010643
1 23 10.705603
2 1 6.631542
2 9 7.332984
3 17 6.434022
4 12 11.424925
6 18 5.478873
6 23 5.933948
0 19 11.870263
3 14 5.970242
4 22 13.080966
3 10 4.294626
5 3 6.979999
6 16 10.628133
2 15 5.933948
4 23 9.452664
6 0 7.876830
3 20 4.676734
4 15 7.887290
4 23 12.440668
5 7 9.413663
5 14 5.935446
0 23 11.805768
3 14 9.389905
4 21 19.643511
3 13 7.895447
0 0 8.730450
4 21 8.418648
5 18 2.418109
1 10 14.136247
3 23 8.888846
5 18 7.556526
5 23 4.652627
6 0 5.260358
4 9 6.010643
4 14 11.008936
6 3 6.855926
3 17 14.286510
4 18 7.840339
0 1 13.468189
0 21 9.395560
1 1 1.759182
1 4 9.565320
2 3 9.344169
4 18 5.239443
0 0 7.857405
0 3 8.716776
0 6 10.463169
1 11 4.187364
1 11 6.547307
2 8 12.300337
2 10 14.006347
4 20 6.666251
4 22 1.721869
4 22 9.645673
5 8 6.036047
6 14 7.443812
6 16 8.726263
6 21 8.586332
0 16 8.413325
3 23 11.234978
4 2 5.391901
4 18 4.831573
5 2 12.197085
5 12 9.104347
6 22 12.009284
4 0 6.010643
4 20 8.447033
5 2 5.189588
6 17 7.857405
0 0 7.661923
4 22 10.197904
1 0 12.721513
1 5 7.717859
1 17 1.729863
2 1 10.170322
4 11 6.287815
1 0 11.803167
2 7 4.118718
6 11 11.013863
0 8 8.833049
0 13 12.662484
0 17 6.713313
1 2 12.317689
1 9 4.512685
2 14 6.611823
3 0 13.095815
4 20 12.317689
5 17 14.888981
5 19 8.312572
6 9 5.260358
6 16 6.589408
6 16 9.403601
6 23 13.357238
0 22 6.451713
4 5 11.311904
5 9 10.274008
5 18 6.979999
6 20 6.310717
0 23 12.209753
0 23 8.880962
1 0 1.647488
2 10 3.259141
3 0 8.919121
3 10 7.937628
3 19 11.847929
4 13 6.150114
5 3 6.541769
5 3 9.260036
0 10 9.471137
0 23 16.723993
6 14 6.010643
6 14 6.150114
6 15 7.312768
0 22 7.312768
1 20 10.170322
3 2 9.033523
4 1 21.509151
4 14 5.322117
6 3 8.763911
6 3 14.050827
6 3 9.354697
2 1 9.875664
1 7 6.111536
6 6 10.971001
6 7 12.168807
6 9 6.369921
0 5 12.464501
0 6 11.455296
1 10 7.288105
1 20 12.598330
1 20 10.795609
2 5 13.595077
2 15 5.640758
3 5 15.341660
3 6 12.935506
3 9 8.691043
4 5 14.816363
4 18 6.030539
5 5 8.272479
0 21 26.189709
1 8 3.968138
2 20 21.567602
3 5 13.105035
4 5 13.595077
4 6 13.953031
4 8 6.110820
4 15 7.908529
4 22 6.069565
5 5 10.472848
6 20 8.717420
0 16 5.087483
1 5 15.105437
1 7 3.587631
1 18 12.119897
2 6 13.784240
2 8 10.807762
2 15 6.855926
2 16 5.659459
3 5 11.977563
3 6 10.254019
3 19 13.085741
4 16 14.286510
5 5 11.490712
0 12 3.022636
1 11 7.556526
0 8 11.339234
1 13 6.486985
2 20 24.154222
2 23 10.882360
0 18 10.603903
1 9 6.779767
2 11 7.252989
3 7 3.596324
5 12 6.312430
5 15 6.917946
6 23 6.195340
0 19 5.260358
1 23 3.424388
3 16 4.366203
4 0 11.066129
4 2 15.108557
4 14 4.807314
5 0 6.666770
0 16 15.701192
0 20 8.663511
0 22 7.673041
1 12 10.472848
2 12 10.280708
0 7 5.174123
0 22 6.110820
0 22 8.279031
0 13 8.128349
5 10 7.895447
5 10 1.701504
6 21 6.049293
6 23 5.009865
6 15 7.006913
6 21 10.113482
0 0 9.641316
3 10 10.630915
4 18 1.701504
4 19 3.209000
4 19 6.979999
4 20 4.293395
5 16 16.406759
5 16 5.666900
6 15 6.782542
6 15 5.876800
6 17 11.960774
0 16 22.226528
0 22 11.287207
1 22 4.187364
3 8 7.478570
3 19 9.357742
5 17 3.742460
6 22 7.857405
1 10 6.886953
2 21 8.549208
6 23 9.049072
0 23 23.390350
6 13 4.741631
0 1 9.686022
0 21 21.541035
1 16 14.299500
1 16 6.576419
1 19 10.464675
2 11 5.223001
2 14 20.814255
2 17 5.820510
1 0 25.421965
1 5 8.234380
4 13 8.579978
4 15 6.712510
4 20 10.452441
5 0 10.771832
6 18 4.986888
6 19 7.006913
0 3 4.130410
0 22 12.256760
2 0 12.491532
6 17 6.060931
6 21 8.898262
6 22 6.203339
0 2 9.952458
2 9 7.611670
4 2 3.145205
4 5 12.930108
5 14 8.539839
6 2 11.737264
1 4 4.166339
1 9 9.284261
6 21 10.780635
0 3 15.195005
0 13 4.364952
1 7 4.622856
4 13 6.111536
4 16 12.068101
1 1 10.281090
1 7 5.951723
1 23 11.370835
2 1 12.068101
2 1 17.682901
2 14 6.111536
2 18 8.620240
2 20 10.253970
3 10 1.729863
4 17 11.683532
0 13 5.817165
2 19 12.256760
6 11 3.233297
0 6 9.103247
0 7 11.162906
1 19 4.294626
2 2 15.607114
2 4 10.101930
6 23 3.905943
4 14 7.643905
6 19 8.022570
6 22 12.539861
1 1 7.705064
3 23 5.712162
0 20 7.015615
0 21 13.770993
0 22 10.301476
1 0 11.315938
1 1 9.408507
1 4 13.084567
0 17 7.696834
3 13 7.857405
4 18 6.974816
5 22 11.563561
0 4 9.483262
0 11 6.150114
2 14 7.766014
3 11 10.290340
3 13 3.476447
3 17 7.364602
4 19 9.641316
6 12 4.293395
0 16 18.899183
2 7 5.322117
2 17 13.663172
3 19 8.211764
0 8 8.546938
1 22 12.464501
2 8 9.510609
2 19 5.857251
3 8 4.364952
6 17 10.434895
0 0 9.446964
1 9 6.011347
3 18 5.667277
3 19 9.641735
5 9 4.550796
6 7 11.983654
0 7 9.244005
1 15 5.641418
2 22 6.780883
4 11 5.927441
6 4 15.599455
0 4 12.347131
0 13 8.469732
0 15 8.563169
1 20 8.468989
2 0 11.099776
1 9 5.260358
2 7 4.118718
3 1 11.024838
6 20 5.933948
1 11 5.347925
2 19 7.277082
6 11 17.913393
6 12 9.357478
6 21 6.666350
0 17 8.729744
1 16 6.855926
3 20 5.314379
5 0 12.943577
5 2 7.311993
5 16 9.301860
0 23 13.535759
1 0 13.404679
6 14 8.503004
0 1 5.345571
0 8 5.497896
2 16 5.137379
0 15 8.712893
0 23 8.716776
1 4 15.781075
1 10 3.596324
3 11 4.166339
3 13 7.518262
5 15 8.620240
3 9 1.729863
3 14 9.408511
3 17 5.347925
3 17 3.147552
4 1 2.494874
4 23 8.594522
5 10 8.128349
5 14 9.149370
6 0 12.002357
6 23 7.603845
0 10 10.266192
4 12 4.955299
6 17 9.956358
2 18 8.317150
3 9 9.104347
3 18 2.937817
2 19 7.792510
4 21 9.493924
6 15 6.321538
6 20 5.728894
0 23 12.635150
1 15 10.781912
2 13 5.233415
3 1 4.983992
4 17 6.111536
4 21 9.498775
4 12 6.443076
5 13 6.111536
6 12 7.556066
1 15 11.339234
2 23 6.803874
4 14 10.907829
5 2 6.970191
5 9 5.935446
0 18 4.364952
1 10 6.865573
6 5 9.510609
6 12 5.470792
6 22 4.819538
1 23 4.366203
5 13 6.150114
6 22 6.122813
0 4 6.611823
0 5 3.476417
0 7 10.452441
0 22 12.755447
1 11 10.807255
2 2 6.865573
2 5 13.300159
2 11 8.171977
3 17 7.272840
3 23 5.920595
5 0 11.737264
5 17 6.865573
6 0 8.620240
6 17 6.185194
6 18 7.717859
0 14 3.596324
2 0 8.763911
2 13 11.763974
3 18 4.931586
5 8 5.456190
0 21 15.695837
6 4 11.719563
0 18 11.376944
4 0 10.062338
5 19 6.666770
0 23 8.711063
2 0 9.099561
2 11 6.589408
3 15 6.500192
4 3 11.732255
4 11 7.728595
6 2 11.230180
6 22 9.254270
0 22 4.652627
0 22 4.364952
2 7 16.983868
6 6 10.449479
5 7 7.661351
5 8 4.572475
5 12 4.364952
5 13 9.442656
5 18 4.366203
6 8 7.388309
6 16 4.900448
1 18 7.665267
3 11 8.535556
4 17 15.427105
6 0 17.062305
3 19 9.560630
4 23 6.110820
6 1 16.042006
0 22 6.734918
1 12 7.535088
6 8 39.185547
6 10 8.441688
6 11 11.763091
6 16 8.397682
1 23 6.713313
2 15 13.242976
3 23 7.766014
5 16 8.763911
6 13 6.975255
2 18 6.865573
3 12 7.248530
5 14 7.755555
0 0 12.288464
0 1 10.467975
0 16 9.288216
0 18 7.795187
3 23 13.165201
4 5 11.466925
6 16 10.881310
0 20 12.416831
1 15 4.294626
4 3 3.596293
5 1 6.026540
0 12 12.226829
1 10 3.160406
1 15 10.452441
1 15 7.895447
1 17 16.505823
5 9 6.011347
6 12 5.403105
0 23 2.965605
1 10 5.728894
1 11 7.603940
1 23 8.170158
6 23 8.091747
0 19 8.798292
1 18 10.112399
2 7 4.608531
3 17 13.712037
4 0 10.293425
4 1 12.139288
4 10 5.233415
4 16 10.469476
3 12 8.705888
3 18 6.011347
0 13 9.641316
1 12 2.075835
1 13 6.956380
0 21 11.339234
2 16 7.857405
3 10 11.759902
3 20 10.648324
3 22 10.976203
6 19 9.402115
0 6 3.476417
1 9 13.952774
6 23 16.673050
0 0 16.953478
0 3 9.641316
0 13 18.776117
3 0 7.366317
0 15 11.178800
0 20 4.077404
4 2 6.709215
4 23 9.182206
6 6 11.797339
6 18 6.684656
6 19 8.890609
1 0 10.412919
2 17 6.467919
2 20 14.397983
3 23 11.907100
4 1 16.561739
4 20 9.710787
1 6 7.677593
1 11 6.855926
4 0 13.008075
4 12 6.473804
4 13 4.515467
4 13 7.628630
6 0 5.974449
0 18 3.476447
2 14 9.483262
2 15 7.643905
4 21 8.764833
4 23 10.329982
5 1 12.272645
6 11 10.640512
0 0 11.599608
2 13 9.301860
2 13 7.115423
3 14 8.496324
3 21 13.502933
3 22 6.128380
5 7 4.162024
6 9 9.839063
