0 0 3.722466
0 22 9.213879
6 22 3.805910
0 0 7.538628
0 12 17.605394
0 18 5.840634
2 21 14.926914
3 8 5.685637
2 23 10.238298
5 14 9.141963
6 2 10.330757
4 22 8.571964
6 22 7.707114
0 18 3.955515
2 19 7.977539
6 14 6.181955
6 22 10.386526
1 11 17.098026
1 22 2.348017
6 18 4.150049
6 22 2.725377
6 23 5.855022
0 16 9.950444
2 8 6.716974
3 11 5.590029
4 23 4.038377
6 18 5.698900
0 2 4.083113
0 2 10.216255
4 18 5.236453
0 10 7.218099
0 13 7.578662
1 10 4.550023
4 15 4.728285
4 19 11.023354
6 0 8.910916
6 14 4.776472
2 14 11.974286
0 18 5.935191
0 0 7.767527
1 21 9.214468
3 22 11.770617
6 0 2.501985
5 14 4.441722
6 15 6.411983
0 1 10.345254
1 19 5.236453
2 9 3.146233
1 20 3.644075
2 16 7.193676
4 13 11.292572
0 17 3.522606
0 19 4.885894
2 14 12.102092
4 22 5.467950
6 14 5.594317
0 12 6.889693
5 14 4.963698
6 15 7.530387
0 13 16.004984
0 13 6.246038
0 15 12.986105
6 22 7.977539
2 21 12.162970
4 1 9.442297
5 5 13.616793
0 21 7.147486
4 23 16.722912
5 2 7.193676
6 20 6.999247
3 11 12.162970
4 5 5.153312
4 8 10.300257
1 14 6.161722
6 20 6.027452
6 22 2.461631
1 3 8.296978
3 0 1.853526
6 5 11.082154
1 22 13.673737
0 20 9.215737
4 1 5.855022
0 5 10.006337
5 8 6.646892
1 22 14.404413
6 18 7.193676
5 7 5.760108
2 18 14.395526
2 21 6.529590
5 14 7.565357
4 21 5.233126
4 23 12.331671
5 23 7.590032
2 10 4.805798
5 13 4.987098
0 21 5.489083
6 11 10.465982
0 21 12.987586
2 3 14.253525
2 12 12.718426
0 2 9.236619
0 16 1.680902
0 18 4.580255
0 19 4.981535
0 19 3.101112
6 22 2.963696
0 13 4.885894
5 20 4.767891
6 22 8.328352
0 23 18.929300
1 9 6.231462
2 22 4.121911
1 6 4.805798
4 23 2.501985
2 11 3.668884
1 1 13.643593
2 20 14.893433
5 20 12.148534
1 20 4.885894
0 10 6.359213
2 13 10.216255
4 20 9.530602
5 14 2.879644
6 19 5.236453
6 14 13.326645
6 14 5.758066
5 5 10.897451
0 12 11.292572
0 12 1.732622
4 22 8.607795
6 18 2.528283
6 23 6.767094
6 21 13.462084
0 15 14.737741
5 1 8.146694
5 20 5.889828
3 15 7.839995
4 1 8.637190
6 23 8.409338
1 8 9.587563
2 9 5.952441
2 11 13.252946
5 9 7.709205
3 9 6.414787
4 10 8.616170
4 17 12.199613
5 12 4.791446
0 0 4.963784
1 19 2.528283
0 5 10.917211
0 14 13.235869
2 15 4.998097
1 1 1.877007
4 14 3.722466
6 15 3.052422
6 16 9.756825
1 19 7.977539
5 22 20.015696
1 18 5.234887
0 21 6.453150
2 14 14.277802
3 22 4.885894
6 23 3.179606
0 15 10.006337
1 22 2.879519
2 19 5.065968
3 15 8.970936
0 0 6.995817
0 10 7.454422
6 0 8.885614
2 3 9.183604
5 21 7.757019
6 10 10.386526
0 16 7.500620
3 18 7.193676
5 8 4.923262
4 13 5.675627
1 0 13.290693
6 16 6.693677
1 0 5.511296
6 19 7.978440
2 10 6.913143
4 13 2.543685
5 21 5.362859
5 9 4.805798
6 10 2.244428
2 19 2.543685
3 18 8.097236
2 20 4.219216
0 15 2.047644
1 21 4.868327
2 17 7.707114
4 16 5.775202
6 9 10.386526
6 22 6.856472
0 4 11.453665
0 16 2.543685
0 11 1.816459
0 20 2.528283
1 19 3.312366
3 22 5.277290
0 13 13.537142
2 4 9.436858
1 9 3.247258
4 20 3.394460
6 19 7.017098
4 23 11.641919
5 7 4.885894
6 22 12.354442
6 14 8.781143
3 11 10.018059
6 6 2.725377
0 4 10.469773
2 16 4.885894
2 19 4.885894
6 12 1.816459
1 4 8.023045
1 23 5.768670
3 15 5.184097
4 19 4.981535
4 21 6.814172
0 20 5.531201
6 20 3.054611
3 6 4.311568
0 15 12.438202
6 13 11.400267
0 20 10.386526
3 0 21.764727
3 5 19.560555
4 16 2.570421
5 23 5.490473
6 12 4.150049
2 18 7.313570
0 12 10.074112
1 6 10.679429
0 23 4.805798
2 20 6.414787
4 1 11.269073
5 19 10.537372
5 19 3.828348
0 2 11.045181
0 16 6.590141
6 2 4.239475
0 18 5.065968
4 20 1.489039
4 21 13.076295
4 21 5.236453
1 9 9.370646
1 10 4.580526
2 19 2.543685
6 18 2.543685
1 0 10.637219
0 2 7.193676
0 7 10.386526
2 0 2.543685
6 0 7.414432
0 15 8.105671
1 5 10.855660
5 13 13.252195
5 23 6.257822
6 16 8.637190
6 21 3.864462
4 15 7.500620
1 5 7.377659
0 12 4.987098
3 10 10.892365
5 20 10.343079
6 21 4.868684
0 17 4.219216
5 18 2.758203
5 19 7.667304
5 19 6.256691
3 10 7.417673
0 18 2.631398
0 15 5.150609
2 20 7.578662
6 23 13.204045
2 21 7.667304
5 23 10.006337
1 17 5.413675
5 22 3.807190
6 3 13.204045
1 15 5.143046
1 15 10.547882
1 9 5.759038
3 19 9.364441
2 16 5.067535
3 7 7.578662
4 11 2.570421
6 7 7.377659
0 20 4.330863
2 20 9.496889
0 1 8.818361
2 16 6.750988
4 9 7.809290
4 13 9.863085
6 14 5.712494
4 20 13.251827
6 21 2.543685
6 23 10.494857
0 1 4.981535
1 19 4.911180
6 13 6.537927
1 22 3.522606
3 17 6.104845
4 23 5.864815
5 22 5.562508
6 2 7.453079
4 16 6.891934
4 16 2.461631
4 22 4.624882
5 18 4.199166
1 16 6.022576
0 19 7.578662
4 1 6.026502
6 22 6.856472
0 19 8.828453
4 18 4.602782
2 11 9.159453
2 23 6.526704
3 15 5.818306
3 15 9.421549
0 12 5.150609
1 0 9.765316
3 21 5.855022
4 17 2.209445
0 16 5.236453
4 0 12.803126
0 0 8.965334
0 2 7.349895
4 7 3.516378
3 11 3.522606
2 21 5.855022
5 8 5.184097
5 11 9.035425
6 0 7.578662
6 4 8.119995
6 20 1.734331
0 9 25.314917
6 13 1.706370
1 21 6.173489
4 8 9.500018
4 9 4.302100
2 5 4.805798
0 0 7.122229
0 2 4.510056
5 8 3.677156
5 8 10.303670
1 22 9.078512
3 18 7.414432
5 23 6.668312
6 0 3.548591
2 9 12.507922
4 19 7.526694
4 23 6.027956
1 20 6.068170
2 18 4.885894
4 0 2.713743
6 3 12.678247
3 20 4.219216
4 1 8.299973
6 22 18.212090
0 17 8.850989
6 21 5.963989
3 19 4.885894
3 22 9.000745
5 20 7.193676
4 21 10.015906
4 23 10.036566
3 22 7.989540
0 15 2.754022
4 20 19.626657
5 15 1.356873
2 19 4.144242
0 19 14.458809
2 21 1.877007
4 21 14.421061
5 23 2.011079
2 18 9.148407
0 22 6.856472
0 20 7.707848
0 1 7.021278
0 1 14.755183
3 20 2.479863
0 2 1.858453
2 22 6.622610
2 9 4.488388
0 17 5.855022
5 9 9.435468
5 10 10.006337
0 19 2.211900
2 14 4.219216
2 20 12.239105
0 13 8.162613
0 15 8.781143
2 18 4.981535
4 16 7.103526
6 15 3.202369
6 1 6.679435
6 17 6.421682
5 7 8.406321
5 21 4.219216
6 12 5.748111
6 20 6.257822
