1 22 5.429839
6 11 6.910784
3 14 3.265168
4 15 17.806139
1 20 6.568793
5 21 6.910784
3 12 7.289011
5 7 3.211641
5 17 5.909673
6 11 6.910784
6 13 7.751805
2 14 36.916607
4 19 8.065377
6 8 3.567266
3 10 8.390845
3 20 7.527939
5 13 5.244678
4 12 6.680128
5 21 11.463306
5 9 3.265168
4 12 3.317176
1 9 7.767987
0 6 8.446713
0 12 4.941876
4 16 13.196084
0 2 14.412232
0 15 4.664526
3 0 11.647427
1 9 3.381021
1 13 11.245982
1 20 3.265168
2 14 22.404514
4 12 21.856960
1 17 11.651229
3 22 12.691518
6 12 4.464241
4 14 11.292908
6 21 8.389562
3 2 6.147108
2 10 3.014001
1 11 1.782720
2 13 6.107665
4 7 4.876800
5 21 9.164046
1 22 14.191239
0 2 11.437628
1 4 7.407554
3 3 10.809752
4 9 7.074417
4 17 12.955968
6 23 11.647427
4 6 8.599850
2 19 6.581699
2 8 8.446713
6 14 7.557546
3 7 5.659534
4 0 13.239183
5 20 12.253879
0 7 4.941876
6 6 9.721984
6 7 9.562607
1 10 6.147108
2 6 8.139395
3 16 5.936669
0 0 6.950542
1 9 6.478860
4 12 4.706549
1 7 9.405032
1 21 7.935291
0 0 11.647427
3 22 5.429839
5 8 1.634160
6 8 4.971781
3 8 5.854389
4 7 6.910784
6 2 3.895139
2 12 2.001013
3 11 3.767502
3 13 3.611856
5 6 9.721984
5 11 3.310868
5 11 11.834381
6 11 4.860862
5 12 9.244940
1 23 12.213004
3 13 9.193892
4 14 4.658366
4 18 6.929409
5 13 4.126523
5 19 7.074417
6 8 6.797493
1 19 7.274509
1 22 8.024796
5 18 6.797493
6 12 7.923347
2 21 6.190115
4 15 3.817927
1 13 7.940314
6 23 7.203043
3 7 3.981193
3 7 14.576632
3 20 3.498394
5 11 4.971781
5 17 9.721984
0 8 4.806743
2 21 12.948518
3 13 4.063171
5 0 9.230166
5 6 7.806811
0 10 5.455882
0 0 7.418690
1 19 8.444486
3 7 6.196763
5 8 8.409623
4 19 7.589853
0 1 6.282531
2 17 6.356896
4 14 3.265168
5 1 11.710565
0 0 9.344079
4 23 6.379185
0 7 8.481112
0 8 7.089771
1 2 8.005962
2 5 12.491295
4 21 11.845416
3 13 6.084942
2 11 2.968335
3 13 8.310476
1 13 9.159753
6 8 8.178289
0 0 9.087789
0 4 7.539037
4 20 7.041948
5 7 8.517940
3 22 6.797493
4 1 7.867674
6 13 2.881031
3 11 1.788972
6 20 11.352992
5 6 5.301677
6 13 13.733922
2 2 12.254681
2 19 9.593390
1 11 1.782720
2 19 6.293798
0 8 5.588280
0 8 9.321735
6 16 7.966519
1 13 2.924031
4 10 5.839117
2 7 6.147108
3 14 9.248941
3 15 6.177345
3 19 11.216483
5 11 6.599510
5 12 4.584404
3 6 9.018833
6 9 4.860862
0 9 1.607371
6 20 6.830472
1 23 8.706254
3 9 6.196763
3 20 5.201975
4 16 3.109684
6 0 8.681568
2 3 6.461108
6 9 6.662067
1 13 4.239385
2 0 11.352992
2 6 9.380165
2 7 11.612547
6 2 9.305146
0 7 7.935291
0 9 4.860862
2 13 7.591508
3 21 5.717360
1 8 4.952092
5 19 2.391454
2 15 2.544287
6 22 7.206254
6 23 11.647427
2 23 10.467808
4 16 6.282531
4 7 10.122771
4 17 10.903638
6 9 3.233094
6 19 9.724411
3 23 9.368452
5 8 4.811401
3 7 4.706549
5 7 7.027916
4 0 8.139395
5 8 7.550816
4 23 6.217882
0 22 11.166877
0 23 10.080399
1 16 5.391138
3 5 4.941876
0 0 9.259032
2 15 4.397115
1 9 3.265168
3 14 7.569046
6 8 9.042710
0 10 7.711695
6 7 9.282793
6 0 9.489329
5 14 23.754515
3 16 5.025637
1 5 3.797734
2 22 11.647427
6 17 8.065377
2 16 11.045160
0 4 8.587492
1 9 4.886855
3 8 6.844099
2 21 9.839761
0 10 6.673852
0 22 6.797493
2 21 7.539037
4 23 6.288565
1 5 4.759219
4 6 6.282531
1 16 5.967902
2 14 4.742431
4 12 4.297284
6 0 8.733043
3 4 13.324740
6 18 4.845173
1 5 16.749262
2 7 36.370216
4 5 6.568793
5 15 8.215761
6 16 8.199800
5 22 9.250852
5 19 3.702166
5 21 9.432556
1 11 3.381021
2 11 6.528383
3 8 5.473994
6 3 9.214870
5 12 6.795303
3 3 8.587492
3 11 6.653889
4 2 9.368452
4 12 9.426780
4 15 3.771139
6 12 4.825326
4 3 12.827738
4 23 5.194739
5 19 6.484324
2 17 11.045160
0 0 8.882185
2 15 7.618603
5 19 9.729179
3 15 6.799671
0 9 6.158243
1 0 11.206676
2 0 10.446932
2 21 9.705960
1 9 4.414491
2 18 9.101645
0 18 12.820556
0 23 10.451838
3 15 11.405935
0 6 8.587492
5 14 5.112286
0 7 4.492615
2 11 1.720169
4 19 3.398746
0 17 14.776234
4 18 5.631098
4 19 5.282231
6 23 7.274509
3 16 1.742562
3 16 14.341125
2 21 7.935291
3 15 4.664526
6 9 6.602789
6 11 6.122190
5 11 6.568793
4 12 5.945021
3 13 8.435184
3 20 7.947915
6 0 11.317510
2 20 10.768560
6 9 9.460066
6 6 6.046336
5 8 3.211641
1 1 9.891188
2 23 11.387263
3 20 9.033850
6 13 3.529263
6 14 6.388580
3 11 9.721984
3 13 8.587492
0 5 9.853189
5 23 10.934231
6 3 11.456485
0 4 7.027916
0 22 7.404411
1 2 6.797493
2 0 9.610235
0 2 9.770403
1 14 4.470400
1 18 7.074417
4 19 2.295097
6 15 9.039465
0 11 3.377760
5 11 7.678649
6 0 9.704558
0 8 7.940314
6 13 12.346375
0 10 9.248941
6 10 5.840099
0 8 8.587492
4 22 4.492615
1 9 7.065316
5 11 11.352992
6 1 8.829722
6 17 9.327291
1 7 12.898955
2 14 8.631369
6 8 4.546169
0 2 10.858844
0 21 4.492615
2 21 6.797493
4 7 7.235118
4 16 3.153208
6 6 8.335171
0 3 4.132298
3 5 10.751471
4 17 3.678742
5 7 3.265168
1 18 14.251565
2 16 6.888171
4 11 7.074417
1 19 8.605404
3 8 6.379185
3 9 8.147314
4 7 10.248405
5 10 8.945237
5 11 5.500473
1 12 7.274509
6 15 6.178101
0 2 8.922336
4 5 9.405032
4 6 7.823529
5 7 6.379185
0 23 7.312896
6 20 11.456485
2 22 5.910643
6 1 12.706073
2 8 14.586150
2 16 12.706073
5 3 11.726985
6 12 4.941876
1 9 3.310868
0 17 8.431556
6 7 4.886855
1 8 6.581699
5 13 10.113281
0 18 11.166877
2 7 10.975635
5 20 12.614435
6 8 8.065377
0 8 11.160440
3 10 5.259294
6 9 7.077735
0 6 12.691518
0 17 6.147108
2 18 9.872167
6 22 5.214461
5 8 3.159840
0 5 11.317510
6 1 10.449184
0 17 4.425561
1 12 8.975137
4 14 6.019760
1 7 6.797493
1 20 7.686304
4 3 6.797493
1 11 11.651229
1 12 11.245982
0 0 9.239891
1 11 4.941876
1 15 4.890277
0 9 8.253487
0 23 8.883613
4 10 1.607371
6 16 6.797493
4 16 4.821840
6 0 3.015823
0 17 4.782461
3 22 7.539037
4 18 3.944471
4 7 6.910784
5 18 15.247288
0 7 6.478860
1 21 9.562607
3 12 1.634160
3 15 2.893512
4 21 6.797493
1 20 11.105078
1 23 13.145199
5 10 5.671762
4 15 4.778295
4 19 11.038260
3 18 9.263971
4 8 3.061095
0 1 7.926916
5 7 4.561732
5 13 6.568793
2 19 4.860862
4 11 4.348785
5 0 7.028400
0 22 6.876603
1 1 10.410995
2 12 5.966138
3 0 4.645261
5 0 9.305146
6 4 4.941876
0 17 7.577428
6 11 6.563563
4 21 6.624497
6 15 7.246558
0 7 10.105835
0 0 6.950305
0 9 9.566093
4 19 10.189901
5 19 7.103630
6 22 11.728281
0 0 5.882501
1 12 7.232014
5 9 4.329828
5 16 11.317510
6 21 9.317832
1 14 9.440955
4 16 2.683700
4 23 5.972479
5 13 6.171772
3 20 6.046336
3 0 5.504873
4 11 8.635041
3 18 7.064487
1 15 5.244678
