0 17 4.048437
1 10 5.903902
5 23 4.709749
6 19 4.332197
4 1 4.935981
5 1 6.680288
5 20 8.090458
3 23 8.931077
5 0 6.887677
5 7 9.857487
4 23 6.448013
1 16 5.813909
5 8 5.552169
5 0 3.897000
5 1 3.836110
6 5 5.351222
1 11 8.187885
2 0 5.100514
2 23 3.897000
4 10 4.113572
6 21 4.032035
5 2 4.091850
2 6 6.093098
0 10 1.145355
1 22 5.100514
2 11 3.777092
3 13 5.507392
6 12 7.439728
6 19 12.053090
0 9 8.011295
5 16 9.545226
6 23 3.828027
1 13 7.202481
0 16 3.777092
4 8 11.758820
3 23 5.343936
0 18 4.917976
3 16 5.933120
6 3 4.687663
0 16 5.803212
6 7 4.781183
6 8 3.102038
0 19 9.413084
3 18 7.334998
5 2 7.157542
5 3 7.660701
6 6 6.646822
1 2 15.618493
1 20 4.144154
6 21 9.540579
6 10 5.335933
3 7 10.016841
5 1 8.465564
6 3 4.687663
6 13 5.790991
5 2 12.216546
0 0 7.613159
3 14 3.325991
6 1 7.040864
6 3 8.299512
1 3 6.561577
1 4 9.383992
6 23 3.919606
0 20 4.162402
1 2 9.391559
5 2 9.513928
0 2 8.465564
5 6 9.402667
4 11 4.243400
6 22 7.210538
0 7 8.935046
0 8 7.709120
1 1 4.024771
1 3 7.463683
4 14 3.319725
6 7 6.003582
6 0 3.959855
0 21 3.959855
1 4 9.419947
4 1 4.636831
6 22 6.124238
1 2 5.410004
0 12 4.857632
0 13 3.381424
1 5 9.357721
6 18 3.102038
0 17 3.153738
1 11 9.020683
6 4 13.029918
0 21 4.836010
1 1 2.329013
5 4 9.406957
6 9 5.461943
5 9 3.262488
3 20 1.107802
6 18 5.202191
1 1 6.201503
0 0 6.417622
4 18 4.781732
5 1 3.719864
6 23 3.664344
3 19 6.635433
5 17 2.623399
2 0 1.126265
5 1 4.453280
3 23 3.153738
5 21 7.517193
5 22 7.295886
0 2 7.555789
3 1 9.089245
5 2 17.030014
6 15 2.099930
6 21 5.430418
3 0 5.461943
4 7 5.429220
4 9 4.387244
1 10 7.751879
3 4 4.756731
3 1 6.003926
5 1 6.530211
6 23 7.380368
5 19 6.888343
6 21 3.855446
0 2 15.337915
0 20 8.457865
4 18 3.595103
2 8 8.531685
5 23 3.544972
6 4 4.091850
5 0 9.901890
5 21 4.540802
2 16 4.453280
4 1 3.153738
0 1 5.229552
1 19 4.836010
6 7 4.915035
6 17 5.100514
5 19 2.772481
6 3 8.797584
2 5 9.738477
6 4 6.074873
1 21 5.242564
2 6 7.020569
2 13 5.351222
5 8 6.727564
2 15 6.974261
2 19 6.190629
3 1 7.272857
2 2 3.234562
2 21 3.381424
0 15 11.374284
0 23 4.091850
2 0 9.171027
2 2 15.089052
0 10 3.319725
1 19 5.322786
2 2 9.211593
2 18 3.964192
2 23 5.245235
3 0 9.472914
5 4 5.100514
1 2 5.102228
6 22 5.785593
0 19 4.581344
0 22 5.751421
1 1 5.904294
1 3 6.099839
5 21 4.483623
6 22 4.624048
0 2 8.001883
6 22 7.803821
0 7 6.765276
0 8 5.461943
1 2 3.153738
1 6 6.454010
6 0 13.408811
1 21 4.162402
2 10 11.499868
3 23 4.094166
1 22 6.764697
0 1 5.638081
5 0 5.212771
6 11 6.727564
6 19 6.074873
1 21 6.888343
6 4 6.099733
6 20 7.868701
0 1 4.857263
0 16 4.162402
0 1 8.698516
1 0 6.765276
6 1 12.165936
5 19 6.307477
0 18 3.102038
0 23 4.632761
0 5 11.966495
5 3 7.391841
6 15 3.381424
0 17 2.940511
0 8 6.201503
1 3 8.231174
1 4 8.096236
5 14 8.502724
1 14 3.329921
4 0 6.203701
5 0 6.422420
4 2 8.521167
2 23 6.077570
3 12 6.215245
0 9 6.173380
6 22 2.994037
0 2 4.094166
0 12 4.479992
3 16 9.795630
6 6 8.231174
6 9 9.094504
6 10 4.048437
1 7 5.406409
1 8 7.966091
3 22 9.162687
4 0 6.454010
6 6 5.262035
1 3 3.777092
3 0 10.242260
6 6 9.145748
6 6 3.405887
1 7 12.957796
2 7 4.453280
6 6 9.530716
6 8 8.231174
6 10 6.102001
6 20 5.100514
0 23 7.774578
1 7 9.852630
0 9 4.110720
5 0 5.262035
5 2 6.262130
6 17 5.154330
1 23 4.708167
2 21 3.961563
3 2 12.121560
5 23 3.319725
0 1 10.765057
5 20 1.145355
4 23 5.337196
0 17 5.462757
0 1 3.509078
5 20 5.809212
6 21 3.897000
3 15 5.100514
4 14 6.306613
1 13 6.203701
0 22 4.091850
3 20 3.495911
4 1 8.231174
4 4 8.295116
5 3 3.234562
3 1 6.953259
3 2 10.078988
4 8 6.003926
2 0 7.577327
0 1 8.295116
5 6 8.819115
2 22 3.570270
6 15 2.951324
0 8 6.203701
0 19 4.091850
1 3 7.210676
1 0 6.767673
2 16 3.052005
4 15 4.453280
4 19 10.196153
6 1 7.716725
1 22 3.836110
6 23 3.102038
3 2 11.219617
3 3 9.566677
5 14 4.028131
1 23 7.950750
6 2 3.003560
6 22 4.500453
1 1 4.129228
1 5 12.136189
2 0 6.203701
2 12 3.413671
3 5 14.852447
4 4 12.489702
6 1 3.710280
6 2 9.164124
1 1 4.708167
4 13 4.857263
2 5 5.724464
3 5 11.006715
3 7 4.860870
4 5 7.821145
5 1 5.315574
6 15 8.183480
3 6 4.330355
0 0 6.775420
0 0 4.473425
0 0 9.318310
1 22 1.577835
2 22 8.819115
2 23 8.515007
4 1 11.090252
5 4 6.064523
5 21 4.756731
3 21 7.090498
4 4 9.631440
5 21 3.289385
3 3 6.102001
6 21 10.599129
1 7 9.374475
1 0 6.087529
0 7 4.453280
6 1 11.240467
0 18 2.703204
6 6 9.089245
6 6 8.472906
0 13 4.453280
2 0 7.577327
5 20 3.777092
5 15 4.115707
4 2 7.392084
4 4 7.320555
4 20 6.215245
0 1 3.558215
0 2 3.897000
0 18 3.209618
6 4 6.888343
4 0 4.453280
5 0 8.940241
0 17 4.307211
3 23 3.153738
4 7 5.275647
0 5 6.979813
0 7 9.371872
4 6 9.305552
0 20 6.099839
2 1 6.203701
3 1 7.389756
0 1 9.530716
1 0 5.168241
2 23 13.578118
0 1 4.543481
0 3 4.453280
1 0 5.504931
4 8 6.530211
1 5 12.293157
6 20 6.456102
3 11 4.806122
0 8 7.210166
0 8 5.726493
0 1 9.471357
6 0 6.757593
2 15 11.406236
3 1 4.314124
4 8 6.765276
0 22 9.530716
3 1 8.904540
3 4 2.134929
5 6 11.352855
