6 22 6.289421
0 22 2.670181
6 21 3.762635
6 18 7.641342
6 21 5.358382
0 11 6.808711
0 22 9.162638
5 16 1.636064
4 2 3.167409
4 20 8.021667
5 16 3.272129
2 20 1.628990
2 20 4.269109
6 23 6.162947
2 12 7.394337
6 11 3.455355
2 11 3.534915
5 1 8.273948
6 3 6.315528
3 2 3.534915
0 1 12.382534
2 10 5.055536
1 15 6.240187
3 23 5.289379
6 17 5.199278
0 16 5.106434
2 14 4.399389
0 22 6.750739
1 8 12.287479
4 13 8.056974
0 22 6.726196
5 22 9.175213
6 1 9.682280
2 22 6.017365
3 18 5.616136
0 16 5.305983
1 1 13.713531
1 3 14.194708
1 8 6.057508
2 5 7.924893
2 5 6.035275
5 5 8.056974
5 20 7.866100
0 6 7.737148
0 6 4.627100
0 13 4.098374
6 9 4.549982
3 15 13.895391
6 19 6.007888
1 2 8.003699
1 1 6.240187
5 0 11.195901
6 3 10.758595
4 22 9.287085
6 11 5.106434
1 2 9.375347
1 21 7.607664
3 23 9.172552
5 21 5.505663
6 11 4.332732
3 19 8.272695
6 1 8.341300
6 1 10.937905
3 0 6.135862
6 23 4.827248
0 11 10.706454
1 16 7.738001
2 15 8.159665
4 14 9.569640
6 8 3.726363
6 2 8.193533
6 2 6.515390
6 5 6.315528
1 4 12.696692
3 21 13.657352
4 22 6.632572
1 2 6.213665
5 13 9.263595
5 23 7.437207
6 21 8.010916
5 20 14.129032
0 15 7.006064
2 3 7.630159
0 23 4.995362
1 12 4.687874
6 2 8.427169
2 17 18.961250
3 3 4.687874
3 3 13.679323
1 17 6.315528
1 20 9.263595
5 13 7.584452
6 1 11.036658
2 14 6.311461
3 13 8.147005
1 5 7.324522
1 9 9.103531
1 4 7.734458
0 17 5.652164
6 21 4.662103
0 2 6.420786
4 3 6.139539
2 18 7.142770
1 2 8.277946
3 21 6.499098
0 8 7.872993
0 0 7.773787
1 1 9.981627
6 1 9.864282
2 22 10.248992
6 23 7.523821
1 16 3.983651
0 15 4.723959
1 2 8.371350
1 3 13.171635
1 18 9.263595
3 5 9.263595
4 8 8.056974
2 2 11.123293
6 11 10.395700
0 23 7.601616
6 2 7.142770
5 6 5.719206
0 1 10.053591
3 11 9.060207
3 12 7.223288
0 17 6.240187
3 13 7.034546
6 9 6.590557
1 21 4.399389
2 1 6.471095
1 20 6.546039
3 6 8.226042
4 22 7.158022
3 18 6.135862
4 0 7.924893
6 14 5.379495
0 16 11.198336
1 1 8.701457
4 16 11.835790
3 5 9.694471
3 5 3.820271
5 22 9.263595
5 22 4.766005
5 22 10.105740
2 18 3.802874
1 18 5.106434
0 7 5.663873
5 21 4.687874
6 2 8.726151
0 1 4.399389
0 1 9.263595
1 23 10.417052
0 7 7.738001
3 0 8.305726
0 23 6.477819
0 1 7.738001
3 16 4.766005
1 4 4.592510
2 22 13.263907
1 19 7.460117
1 0 9.111732
2 6 10.068751
1 2 11.126754
1 2 11.241157
3 1 7.673309
0 2 8.145265
4 2 7.728657
6 2 3.221094
4 23 11.515250
0 10 7.336724
3 20 5.199278
3 20 7.515923
5 20 8.909780
6 15 10.600961
0 20 7.553866
4 21 7.999424
6 11 4.028487
3 20 5.177011
0 7 11.494356
2 21 11.345131
3 22 3.576137
4 4 5.459979
6 7 5.822892
3 6 4.846785
5 1 5.177011
0 6 4.389022
5 22 4.612263
0 2 5.803501
5 1 3.569762
4 3 9.655570
1 4 10.623311
1 19 22.593359
