6 7 9.419935
4 22 10.329859
6 14 6.811656
6 17 3.379080
4 16 7.416797
5 14 15.400792
6 0 7.907054
6 12 8.202722
0 16 8.920073
5 11 8.275892
6 20 8.205020
5 0 5.714151
6 22 6.275428
2 18 14.186728
2 19 9.343693
5 3 6.812214
5 16 4.221045
0 1 6.963598
3 9 7.339476
3 9 9.947018
0 11 6.798591
0 21 6.347517
1 0 7.568550
1 1 3.377569
1 23 9.247366
3 16 4.352833
4 18 2.327811
6 23 12.056966
5 10 6.982269
6 4 3.490155
1 20 1.587144
4 1 6.373679
5 0 6.982269
0 9 7.830723
0 13 4.407137
6 18 7.457019
5 23 13.677608
5 23 9.359047
1 23 16.701542
6 21 6.646822
1 9 5.055240
2 8 7.001077
2 22 14.109393
3 15 10.342732
4 18 5.277805
6 19 7.621412
1 9 8.572979
5 22 16.482700
0 13 7.712669
2 18 3.864721
2 19 7.733550
5 13 13.645549
2 19 4.353123
4 20 8.072653
4 21 12.531216
4 22 8.223134
5 11 9.586898
0 12 8.341750
1 11 5.069005
1 11 12.078009
6 17 6.667792
2 15 5.819527
4 5 11.522990
4 21 8.496459
5 0 10.975353
5 1 25.892965
5 19 3.432939
6 1 25.494715
6 10 9.484858
6 12 6.886305
6 16 7.501154
6 16 3.605905
6 20 8.376370
4 18 7.305344
6 21 9.262086
6 23 10.132180
1 19 9.093152
4 8 4.723582
4 9 11.748838
5 19 2.838334
6 23 6.309107
0 8 7.100612
0 18 23.106194
1 0 11.477472
0 22 9.843266
4 22 7.001077
6 1 5.152103
6 17 4.801585
6 17 8.465079
6 20 5.015135
0 0 5.223748
0 3 7.549106
3 23 8.227291
6 20 10.257264
5 18 5.223748
5 23 8.674105
6 1 8.924810
6 9 5.061295
0 0 9.393304
0 22 6.036712
4 14 3.490155
6 21 8.485574
1 18 9.947018
3 23 8.796389
6 2 10.459088
6 22 6.087893
0 16 5.819969
2 9 5.246804
3 16 9.804112
6 19 9.328421
2 0 12.841538
6 19 3.485708
0 12 8.652841
1 19 9.393304
2 14 6.982269
3 9 12.172481
5 3 9.253353
6 18 6.763597
0 0 10.048008
0 7 5.930403
0 12 13.767354
0 17 11.957193
0 21 8.240942
0 22 8.378291
1 2 1.717237
2 10 8.745374
6 20 8.211474
0 17 9.419935
3 20 17.345518
5 16 2.788567
2 0 5.377685
2 1 2.791028
6 10 7.933233
0 20 8.398466
0 23 8.745374
1 4 8.439709
3 16 1.717237
3 2 17.372332
3 3 11.520486
0 19 9.510250
1 3 9.264808
5 18 1.717237
6 1 8.182856
6 4 11.292352
6 23 9.235780
0 21 9.131840
4 13 3.807441
5 12 6.445171
2 21 10.802803
6 7 11.326748
6 10 6.910652
6 12 7.249643
6 14 10.086066
1 2 4.058464
1 9 3.373266
0 0 3.262187
0 5 9.481840
2 23 7.674925
4 14 8.465079
1 19 7.925634
1 22 9.513174
2 21 13.917063
2 23 10.680024
6 19 43.961201
2 20 9.634441
4 16 3.432939
6 0 13.647133
6 16 8.602007
0 16 4.186780
2 17 7.119740
2 17 14.172841
0 3 7.118839
1 13 15.693986
4 18 3.485708
5 11 7.830896
5 13 6.867805
5 20 11.151280
6 10 9.820050
0 10 3.485708
4 8 4.985935
5 20 10.944015
1 18 1.689540
1 20 7.243672
3 1 12.443518
3 11 8.273591
6 4 2.412034
0 23 12.387920
0 23 8.883494
2 16 5.237972
4 8 6.445171
0 10 20.159409
0 0 15.542022
1 16 3.034917
4 0 6.462533
6 1 13.455365
0 20 16.611536
6 3 6.268919
6 23 7.596653
0 1 8.745374
1 1 38.669033
4 19 19.070692
4 22 3.491716
5 0 5.714151
1 8 10.288674
1 1 13.042953
2 0 18.593714
2 2 9.328421
6 17 6.528373
1 20 12.443518
2 10 11.852340
3 10 9.754635
4 22 3.485708
0 0 9.490333
0 21 8.726615
1 9 8.072653
1 20 9.027534
3 8 5.326751
3 10 6.449220
3 15 12.804177
5 16 11.406017
6 0 8.078868
1 0 4.122155
1 10 11.255884
6 23 7.424208
3 21 8.211293
4 9 18.869902
6 14 14.798470
1 1 9.860702
1 3 5.711428
6 5 3.544788
6 11 9.626055
1 21 9.440111
2 15 10.459928
3 20 6.775236
4 18 5.237972
4 18 13.431024
0 13 10.116166
4 15 17.113253
6 19 6.515963
6 22 11.807576
1 9 8.428069
5 2 8.745374
0 23 12.984772
0 2 7.207347
2 1 11.219244
4 15 8.602007
6 22 8.807527
1 19 6.579281
3 9 7.660010
0 2 9.442000
4 1 3.640679
5 23 3.432939
3 9 5.018015
4 18 7.358596
6 12 5.697975
1 2 5.223748
6 6 8.485574
0 4 8.770147
5 0 8.364413
3 22 13.375883
3 23 11.661655
4 6 10.478967
6 14 7.490501
2 22 3.490155
6 0 8.745374
0 18 3.987184
4 13 9.068741
1 8 8.515192
1 9 3.428565
1 10 11.841634
2 23 10.290018
3 12 6.798591
5 11 10.800455
5 12 6.465781
6 13 6.545882
6 16 8.401293
0 12 12.526315
2 20 11.326748
6 2 5.237972
4 23 8.341750
5 14 4.426610
4 14 6.307376
4 20 10.634278
6 15 7.830723
0 18 7.830723
2 12 6.982269
0 18 9.069728
1 8 12.027109
2 7 9.046938
2 19 8.595657
5 6 6.176141
1 10 14.003052
1 14 9.947018
3 8 7.203722
5 1 8.364413
5 19 6.712049
3 10 17.577259
4 7 14.215104
5 22 8.406469
6 22 8.198788
6 14 6.468440
6 19 7.702351
1 7 9.328421
2 2 5.888580
3 7 8.726615
3 10 9.429735
0 6 13.915813
1 11 11.165992
5 12 5.069005
1 0 11.326748
1 10 21.526148
3 1 9.950013
0 10 10.199235
1 12 7.169497
0 1 7.678895
0 11 13.572349
6 21 3.549310
2 14 6.176141
2 15 2.650734
4 12 5.644109
4 21 18.947392
5 1 10.147386
5 7 8.602007
1 0 8.526015
1 23 11.326748
2 22 5.335733
6 5 5.652500
0 22 8.911601
2 22 9.931260
3 6 7.012588
3 10 13.081169
6 17 7.001077
6 9 7.883617
6 9 13.894162
6 22 10.144592
4 0 8.990582
4 1 11.453850
5 0 6.991083
6 14 13.174570
2 14 1.957823
2 14 6.852379
2 23 11.165992
2 23 3.807441
4 19 9.068741
4 22 5.230005
5 21 5.834757
1 1 4.924338
1 2 11.032523
2 1 8.485574
2 21 7.001077
3 15 5.223748
4 13 3.490155
5 22 4.269220
6 11 11.685367
2 17 3.669166
3 8 8.043200
3 10 7.369555
4 22 7.001077
4 23 9.634444
5 0 7.001077
0 3 9.381456
0 11 4.552375
6 13 9.419221
0 9 7.459795
0 23 9.586898
2 11 8.965723
2 12 8.988069
4 14 7.414050
4 15 7.537617
4 15 7.414050
4 23 8.957683
5 20 7.339476
0 20 10.010789
6 15 7.911961
0 17 7.242213
3 15 6.027401
0 16 10.460010
1 23 4.572938
1 23 6.250571
2 1 17.297815
2 22 11.019053
3 8 3.441190
0 19 3.544788
1 6 6.423233
2 1 11.774026
2 11 3.485708
2 22 19.642723
2 22 25.075481
5 18 10.329363
0 1 11.856016
1 9 8.907777
1 9 7.641039
2 5 10.703669
2 10 5.230005
2 14 6.536042
3 9 9.016409
3 11 7.584125
3 13 8.202722
4 7 6.963598
4 9 6.127540
4 10 5.901189
4 14 8.202722
5 14 14.682515
6 20 8.202722
2 5 10.204929
2 6 10.478967
2 17 9.253353
4 6 11.072055
4 7 10.703669
5 7 8.055337
5 8 8.182856
5 12 10.115611
6 10 10.307180
6 14 6.545882
0 8 11.410896
2 14 9.175496
3 6 9.540407
4 5 13.408613
4 8 8.863588
4 8 10.853092
4 14 9.760600
5 9 13.566985
1 9 9.101659
1 9 17.336100
0 2 11.528000
4 23 10.649069
6 23 8.646308
1 15 3.485708
5 22 5.372272
6 0 8.893600
6 9 7.081625
1 1 7.830723
6 8 27.562687
6 11 10.001797
4 20 8.227291
5 21 10.312254
5 22 9.411418
6 11 8.091524
6 15 13.685058
6 17 9.284798
0 21 6.687138
1 3 8.277799
1 3 7.665325
2 22 6.963598
4 20 8.977261
6 0 8.738918
0 15 12.652804
1 2 11.668763
6 10 7.416644
2 21 9.783952
2 22 4.145555
4 14 26.935022
4 20 8.726615
6 14 10.204929
2 10 15.616586
3 10 9.442000
4 16 3.669166
4 22 6.034159
4 23 11.506450
5 6 10.307180
5 21 6.066803
2 8 11.457619
2 9 8.715693
4 21 8.072681
5 6 9.175496
1 1 11.440157
0 15 15.875204
1 17 5.829473
4 20 5.138113
5 21 9.665810
0 18 8.124599
1 23 8.954996
2 20 6.130997
4 14 9.979968
1 20 12.421300
2 11 22.515621
3 8 6.963598
3 11 4.403339
3 16 5.237972
3 22 17.606127
3 22 9.208654
1 8 10.478967
1 10 7.552363
1 15 4.352833
1 21 8.657111
2 7 9.547294
5 23 18.666430
0 19 6.535703
1 19 9.286909
2 20 5.237972
4 9 8.726615
4 23 20.525051
6 1 8.683160
1 7 11.820642
2 2 6.097130
2 2 11.155714
1 21 14.964498
2 23 6.271159
4 13 7.242494
5 1 5.556808
6 21 11.520486
6 8 14.293393
1 17 5.262296
1 19 7.544863
2 20 7.939577
2 20 9.175496
4 20 10.086066
6 16 6.515963
6 20 4.801585
6 22 3.485708
1 12 9.328421
5 21 11.034335
6 13 9.867014
0 22 7.805008
3 14 11.034335
6 2 7.001077
2 9 6.423172
3 15 3.485708
4 21 5.200573
6 20 9.021224
6 21 8.061980
0 0 9.016409
2 6 9.947018
5 1 9.401396
5 15 9.947018
2 22 9.781437
0 17 16.003384
3 22 2.529805
4 18 5.230005
5 0 7.181343
0 0 13.453884
0 20 10.838408
0 3 8.436600
0 21 10.420063
1 7 9.328421
3 5 9.585979
4 15 9.794527
4 0 8.445111
4 15 5.834231
6 12 15.325301
6 23 8.396554
1 7 10.808592
4 15 8.252730
5 10 13.950583
5 18 7.001077
6 11 5.223748
3 14 4.535325
4 14 9.442000
4 23 10.290705
5 11 5.326751
6 1 8.202722
6 21 9.137869
0 0 31.951561
0 2 10.973515
3 0 7.584125
6 16 3.485708
0 8 7.457019
4 9 13.954219
4 22 6.631998
5 1 8.364413
0 3 8.364413
1 4 3.879684
5 15 5.230005
5 15 6.127540
5 23 5.088873
0 5 4.827697
2 15 7.674925
0 13 5.231951
0 22 7.933287
1 23 6.267772
5 17 3.490155
2 14 11.423088
2 17 7.584125
5 14 6.886305
5 22 3.490155
1 0 12.220716
5 16 4.609189
6 13 21.375820
0 5 15.281463
0 10 15.368956
5 3 9.280260
2 14 10.566477
2 20 19.109043
5 10 9.112144
5 18 4.186780
5 21 9.429735
0 11 7.374605
0 14 3.490155
2 23 4.352833
3 13 6.536042
4 3 10.502024
5 20 11.152814
6 2 1.775449
0 0 10.470545
2 13 8.076682
0 15 15.521322
2 14 18.291389
4 10 5.061295
4 13 4.028903
4 22 5.834231
5 1 21.133917
5 13 11.165992
6 6 9.863760
0 20 11.852519
1 10 4.264827
1 17 11.185622
3 15 9.900423
4 19 6.775236
5 16 5.152103
6 21 7.385606
1 9 12.314965
6 5 10.634591
6 7 8.745374
5 8 6.268919
6 10 8.068251
0 2 7.107933
3 19 9.224896
4 0 8.610850
5 12 3.490155
6 2 6.867805
6 20 6.982269
6 22 4.122434
2 19 7.637539
5 23 9.005353
6 19 10.494449
0 0 9.935120
2 20 4.827697
3 9 11.972932
6 2 6.428894
2 22 11.407009
4 22 8.957775
6 23 8.090974
0 3 17.133497
1 10 17.921165
6 6 9.947018
6 6 5.138113
0 5 12.239526
0 7 9.955590
3 15 9.288389
5 2 1.745858
6 13 9.860702
3 5 6.963598
4 15 3.490155
2 15 6.325202
4 2 7.584125
4 16 3.428565
4 21 8.745374
5 13 17.403307
0 22 14.109393
6 23 6.931877
2 17 9.068741
3 20 5.647761
0 23 34.234459
6 23 6.165236
0 18 7.058648
3 23 21.110619
1 15 3.485708
2 7 7.001077
2 23 8.131848
4 21 3.485708
5 1 13.322383
0 18 6.427937
1 10 11.846669
1 10 14.136247
0 19 8.595657
6 21 12.414380
6 21 13.961438
6 23 8.057025
5 21 7.459795
6 4 11.278704
6 8 8.202722
4 10 8.275892
5 3 10.204929
5 13 11.473564
0 3 10.147386
2 8 7.001077
2 10 14.006347
4 22 6.982269
1 17 5.652500
6 7 8.572979
6 10 11.165992
1 15 9.603726
1 23 4.485837
6 19 8.015366
0 21 24.482784
2 22 11.497557
4 8 8.745374
4 15 4.352833
6 7 13.289375
0 15 6.074247
0 21 11.209432
1 11 7.733550
1 17 6.202286
1 19 7.390457
2 13 9.073558
4 13 4.521411
5 13 7.830723
0 3 23.725832
0 3 13.595962
1 2 5.403877
2 20 11.552751
5 17 14.888981
5 20 7.966107
1 3 7.853373
1 22 8.168090
5 14 5.806790
0 8 7.805008
5 16 1.717237
0 14 5.230005
3 6 8.465079
4 3 2.745274
6 3 14.050827
6 4 10.802803
0 3 12.654426
1 2 8.480383
3 22 8.849444
6 9 5.600862
3 0 28.892797
3 3 5.326751
6 14 14.856909
1 15 2.992899
3 7 11.345498
3 21 8.583556
3 23 6.963598
4 15 5.566282
3 8 11.664977
5 8 10.931717
0 16 4.535325
3 12 6.798591
6 20 7.001077
0 22 8.602007
2 16 10.471294
3 9 8.602007
5 23 13.117011
6 22 5.932444
0 2 10.204929
0 18 4.769822
0 18 6.180537
3 7 7.079097
3 9 8.390060
0 19 12.185374
0 19 16.637722
0 23 8.688594
2 11 6.982269
3 18 5.237972
4 23 14.637327
5 0 8.110797
6 12 16.069880
6 12 6.268919
0 20 2.618787
1 7 9.917480
3 18 5.230005
1 20 6.563510
0 0 5.969306
3 23 5.695879
3 23 8.108024
3 23 9.640559
5 14 1.587144
5 14 1.636742
5 15 1.611561
5 16 14.643276
5 22 4.827697
5 23 11.856016
6 14 8.729260
6 23 8.854175
6 5 19.561085
1 14 11.490912
3 8 7.001077
5 16 1.745858
6 14 6.574810
1 7 7.540410
2 1 11.668763
3 14 7.494772
4 7 6.529250
6 23 17.664587
0 15 12.693192
2 14 10.271523
3 23 5.904477
6 16 18.593714
0 1 10.851292
0 19 1.775449
0 20 1.611561
0 20 1.745858
0 21 8.976740
0 21 5.938043
0 23 6.986655
1 22 11.022608
3 9 8.595657
0 10 6.259503
0 21 15.320845
0 2 9.137869
1 5 5.231951
1 5 9.955590
3 13 7.203324
3 13 16.048723
2 0 9.720077
6 16 8.948423
1 0 1.572213
3 15 12.434151
4 12 8.165428
4 20 5.698634
4 23 6.114981
6 12 10.144469
6 14 8.079011
6 15 7.462737
0 0 9.979968
1 9 7.540410
1 9 6.963598
1 10 5.505268
6 13 8.515192
0 2 16.280298
1 6 8.585802
3 0 8.172727
6 22 9.759886
0 16 11.029731
2 14 22.475151
3 15 5.997177
5 8 7.001077
6 0 14.250556
6 10 17.068398
6 15 8.538441
1 9 13.185594
3 19 9.277468
0 13 9.833824
0 13 6.127540
0 15 16.747122
0 22 9.328421
4 14 4.821921
0 14 1.806060
1 3 9.328421
1 10 7.720996
4 1 7.566507
4 5 5.246804
5 18 4.352833
6 8 8.745374
6 19 9.540407
6 12 7.584125
6 15 11.002397
0 17 11.608329
5 18 3.544788
1 12 11.668495
1 13 11.054306
5 6 8.745374
6 2 6.886305
6 2 12.050171
1 6 7.360939
1 16 5.223748
2 15 10.124501
3 19 9.893172
5 19 9.531465
0 12 6.849441
0 19 9.540407
1 8 10.470545
1 8 7.983289
4 7 7.001077
4 22 8.619828
4 22 8.745374
5 13 18.371862
0 16 7.126624
1 20 8.055337
2 21 6.894601
3 18 5.926630
3 23 6.798591
5 11 6.536042
0 0 5.152103
0 0 11.496036
6 0 5.387846
0 21 9.540407
1 9 5.470736
1 19 8.434957
6 15 7.001077
6 22 8.583556
6 23 12.023607
0 18 7.758076
0 19 10.295967
2 11 3.490155
3 0 9.405566
0 23 8.672443
0 23 26.997288
1 9 7.641039
3 0 4.761431
3 14 15.834932
4 22 8.412139
4 23 14.770443
0 2 6.793756
2 23 9.429735
3 21 5.845202
4 14 9.175496
0 20 7.111957
1 22 3.490155
0 12 8.583556
0 12 9.274970
1 22 6.574602
4 0 8.715862
0 2 11.067731
1 7 5.829473
2 22 11.410896
3 1 7.001077
3 12 8.267137
0 3 10.528198
1 4 8.714271
2 8 8.205020
2 11 5.230005
3 9 5.069005
4 3 8.586103
4 23 3.490155
0 20 5.553202
0 23 9.819390
0 17 17.993082
1 10 9.328421
2 12 8.125848
2 12 10.122587
2 15 9.068741
4 13 9.984443
4 14 6.210527
4 16 6.033270
6 18 7.422554
1 14 15.188809
5 22 13.295507
4 14 8.745374
4 15 7.486373
4 21 4.903130
5 0 9.029324
5 2 10.890546
0 1 8.821678
2 5 14.856863
2 13 5.741446
2 21 15.025235
5 6 7.690051
3 0 4.118145
6 20 8.372645
6 22 10.103755
0 15 12.904744
0 17 6.082026
2 17 3.551726
4 2 8.948423
5 13 7.852909
0 3 10.147386
0 12 9.134665
0 18 4.118145
0 23 16.927227
6 6 10.307180
6 16 3.217577
6 21 1.939842
1 12 5.152103
2 14 5.485074
4 13 10.470912
5 11 15.222692
0 13 3.075625
2 5 11.993975
6 4 4.186780
0 18 6.624563
2 0 1.745858
0 4 7.084546
0 22 8.072681
1 9 6.729393
6 20 7.242494
0 23 8.538441
1 0 21.486149
3 8 10.329859
4 15 8.131222
3 20 8.480383
5 19 4.186780
0 0 7.001077
6 23 7.001077
0 15 3.544761
4 1 7.881638
5 15 8.202722
6 7 9.270822
6 16 10.649697
1 0 13.958867
4 0 8.444337
4 23 7.939577
4 23 18.021477
6 1 16.042006
6 22 8.776896
0 19 12.567802
1 2 5.767389
6 8 3.941103
2 6 8.745374
2 13 8.609487
2 14 6.330544
3 10 1.518137
4 16 6.536042
6 18 5.767389
3 15 3.373266
4 1 7.853780
1 0 13.017472
0 18 5.963302
3 20 6.177421
3 20 6.492572
0 11 14.183367
2 18 1.587144
6 2 5.741202
6 13 3.877949
0 16 12.078606
1 11 4.996956
5 0 8.910610
5 20 7.637539
6 19 2.992899
5 15 5.223748
5 22 11.331625
6 10 6.986655
6 14 9.294011
6 23 1.976443
4 10 13.553885
0 0 8.874747
0 0 4.124996
4 19 23.886530
0 13 4.258967
0 16 6.791753
1 10 6.886305
2 1 11.276870
2 1 5.644410
2 22 8.572532
4 16 4.106064
5 1 13.375883
0 14 9.759886
3 11 19.831829
3 23 11.676729
3 9 18.705267
6 14 9.125379
6 22 12.426193
3 10 12.955480
4 16 3.490155
6 17 8.202722
6 19 7.000731
0 20 8.229558
2 20 14.702875
3 0 8.715862
4 2 11.848051
1 1 7.851366
5 16 3.490155
1 7 9.090294
1 8 11.873890
4 17 1.717237
5 22 8.300789
6 2 12.614752
3 14 5.326751
3 22 5.470736
6 0 8.837875
6 10 11.811349
6 16 11.272953
6 18 1.745858
6 18 8.378291
6 18 6.373679
6 19 10.092023
6 21 2.494083
6 21 7.030850
0 0 9.312178
0 16 6.523903
