0 1 6.938990
0 1 9.142276
4 21 6.485296
6 21 6.752903
0 22 7.323778
4 1 5.866458
4 9 7.642550
5 3 9.235943
5 22 6.121264
5 22 6.407973
0 4 7.225876
1 23 10.419218
3 8 1.628303
4 10 7.126306
5 21 3.427290
6 11 8.754679
2 20 10.213557
4 22 8.797334
5 19 11.308127
5 11 5.832226
4 11 8.607004
1 0 11.343702
0 11 6.751962
1 22 6.670485
1 23 8.781716
2 22 3.727686
0 2 18.696833
5 19 13.977652
0 0 9.037294
2 22 10.622467
0 2 7.455373
4 23 9.397977
6 1 5.100513
2 14 3.010586
2 14 3.988138
2 23 13.163047
5 21 6.276918
0 1 9.046502
2 23 6.707808
4 0 9.150434
0 2 6.479762
2 20 4.816161
3 11 8.676276
5 1 6.382793
6 22 6.356202
3 2 11.756211
4 1 10.769208
5 3 6.883314
5 3 8.183477
4 2 11.373014
6 23 4.238907
1 2 9.433084
6 18 9.868911
0 1 5.964233
6 0 8.723683
0 0 6.437390
1 5 11.931511
2 6 11.892552
2 20 14.096966
3 11 10.605628
4 0 10.268385
4 1 9.046502
5 11 6.961091
0 0 6.045809
1 5 8.116435
1 6 8.078876
4 23 7.826899
5 21 6.687041
5 0 12.773069
0 22 10.792570
1 19 9.642611
1 22 9.982291
2 0 5.932456
4 20 4.199430
5 4 4.522463
0 0 6.545075
2 0 10.050044
5 0 9.047215
2 20 7.455373
2 20 3.440600
0 1 7.685156
1 2 7.035999
1 3 9.573809
2 23 8.095830
5 19 7.084334
4 22 11.001841
0 1 16.783249
0 23 12.171237
0 23 18.863089
1 10 5.013343
0 22 9.314094
3 6 8.898198
2 23 8.781716
4 1 6.468469
2 18 2.255158
4 0 7.266687
5 5 12.004379
6 12 3.993173
0 15 7.157080
4 5 8.898198
6 22 6.255053
3 20 5.835202
4 23 6.653105
6 18 8.723683
1 23 10.528255
2 0 5.932456
4 3 12.498688
3 0 6.495801
3 1 6.320569
3 4 14.658354
5 0 6.148501
0 23 4.430308
1 0 9.447503
1 8 8.101345
6 18 6.751962
0 23 10.528255
6 1 5.876648
1 2 8.183477
1 2 7.544855
3 23 10.304486
0 6 10.153134
3 5 7.860695
0 21 2.737463
1 23 5.738158
5 11 3.909773
2 21 9.361312
1 23 7.157080
3 22 4.592149
2 20 8.601500
2 0 7.056358
4 13 1.550765
6 0 8.244214
1 16 12.378447
1 2 7.394793
4 15 10.537731
6 22 5.932456
2 21 9.282279
6 2 9.199832
1 2 8.412322
2 14 6.278140
2 16 7.312861
2 23 4.592149
6 17 4.024770
0 0 7.862466
4 15 8.827219
6 0 10.268385
0 12 7.737985
4 12 7.455373
6 19 2.828093
6 21 5.835202
6 4 9.150434
6 13 4.389002
0 20 8.158491
1 21 8.640076
2 0 8.374489
2 3 5.525670
5 21 2.430502
0 20 5.719873
5 3 12.011976
0 23 8.099162
1 2 8.879674
1 2 8.244982
5 1 7.129832
6 11 5.964233
0 0 5.996929
6 3 9.733372
0 14 5.964233
6 17 7.556623
6 19 6.278140
6 23 3.781838
6 23 6.691216
0 0 6.464313
0 16 5.932456
1 18 8.230623
4 2 7.266687
4 3 5.964233
6 0 3.763232
0 23 6.169896
1 1 8.974339
6 16 8.370073
0 16 4.705998
4 2 14.302775
4 3 6.054397
2 21 11.201875
3 20 5.965755
4 1 10.603287
4 12 4.504834
3 3 6.974261
5 2 13.271893
0 11 7.910277
5 13 5.835202
5 14 5.687234
5 23 8.182119
6 17 7.312861
2 0 12.511994
2 13 7.774277
5 2 8.079347
5 23 5.490662
0 16 1.601610
1 20 15.510355
5 8 5.879202
2 0 11.698060
5 18 3.655777
5 21 5.964233
6 18 6.201591
0 19 1.458182
1 0 10.528255
1 1 9.417210
1 20 9.940388
1 20 5.866458
5 2 10.100051
5 2 12.158982
5 3 7.860695
6 14 6.065321
1 23 13.598463
6 15 5.835202
2 11 5.133446
0 21 4.920159
0 15 6.152008
0 19 5.489484
4 10 7.432744
5 11 3.979691
5 23 6.863848
0 3 8.620770
4 0 8.814045
5 0 8.898684
4 20 12.157163
3 0 4.444015
6 0 7.405054
1 0 3.904995
2 0 8.990908
5 0 3.390694
1 0 2.218189
1 3 7.266687
0 1 5.866458
1 2 13.382431
1 2 8.809390
2 3 12.509878
3 19 3.360109
6 15 5.178402
1 0 6.390250
3 19 6.169896
6 22 8.883847
3 20 11.160098
5 0 9.046502
0 0 4.290763
5 15 5.591468
6 1 8.768371
6 19 5.946381
0 15 10.100051
0 23 7.269736
1 7 10.650533
2 23 11.748029
3 3 4.463392
0 14 7.333153
1 16 8.781716
2 11 6.703540
3 20 5.964233
4 22 11.185665
5 0 7.500991
2 23 7.100355
4 0 10.858497
4 1 9.653925
3 21 7.243710
4 23 9.046502
4 23 5.680222
5 3 6.861773
6 8 8.898198
1 1 11.815059
2 7 7.817196
1 3 11.691951
2 3 10.346437
3 18 9.672489
4 14 12.364291
5 2 17.829020
5 5 12.804803
2 1 8.781716
5 0 8.728146
2 23 7.900956
4 16 4.719350
6 22 4.112372
1 20 10.808826
2 0 8.215869
2 1 8.127159
1 1 7.828032
2 2 7.860695
6 12 8.928079
4 18 14.865691
5 18 1.655902
5 21 2.550542
0 0 9.989416
5 18 11.715364
5 21 5.097278
6 9 13.213947
0 14 5.771838
0 23 5.866458
0 6 13.493091
0 10 5.964233
0 11 3.717739
6 21 5.964233
0 20 7.556623
2 22 4.771386
3 8 6.169896
6 1 5.118805
1 16 9.582135
1 23 8.684845
4 13 10.213557
1 14 7.269736
5 22 7.987899
6 0 5.422030
6 17 5.866458
6 18 10.595815
6 21 6.065321
6 22 7.611149
1 18 7.776630
1 22 5.964233
6 18 5.932456
4 21 4.877660
4 21 9.235943
5 21 8.104775
6 19 5.932456
1 23 6.065321
2 1 14.313788
3 21 5.720541
1 17 4.444015
1 21 5.964233
3 0 9.046502
4 22 8.640076
2 18 4.955317
2 18 7.575515
2 21 5.505446
2 23 8.284006
1 13 7.684702
2 2 9.937146
1 21 5.771838
5 17 3.919468
3 4 7.995294
6 18 6.065321
2 14 1.776331
5 23 4.410425
6 23 6.750854
1 7 6.545075
1 21 6.390250
6 21 3.985900
5 18 7.513015
6 3 10.477917
3 16 5.964233
6 7 8.502932
0 22 4.874083
5 11 4.911773
5 15 8.064439
6 8 9.200591
6 9 2.220414
1 18 4.874083
2 1 5.771838
2 20 4.212424
2 22 8.240034
5 1 10.355659
5 21 9.528425
6 1 9.198794
6 17 3.893301
6 23 4.386932
6 23 3.701540
2 15 12.212276
3 20 5.262558
4 7 5.561927
0 21 7.214877
3 20 10.301629
5 0 11.898417
3 19 4.874083
3 20 5.866458
3 22 2.529805
6 4 11.566746
1 2 8.974339
6 19 5.879762
3 23 1.628303
5 15 5.866458
5 20 6.451780
3 11 6.356202
5 14 15.436985
6 20 7.556623
6 20 4.516868
0 17 1.961007
6 2 7.352847
4 0 7.387799
0 22 7.754144
2 22 4.771386
0 19 9.692680
6 23 3.256607
5 0 13.271893
4 23 11.852432
0 4 6.661271
0 20 2.410402
2 1 8.382399
5 21 5.086448
2 22 9.357268
3 23 10.774074
4 1 10.083114
4 2 6.464313
4 19 6.923558
5 0 2.293936
5 1 11.952148
2 0 10.351644
2 3 10.011291
2 4 11.566746
3 22 6.169896
4 3 10.289616
4 22 6.010487
6 21 12.358271
0 2 9.467681
0 23 10.248411
1 0 8.241302
6 5 20.763346
1 21 11.039472
5 0 3.655777
5 0 27.916740
0 1 5.582469
3 22 9.882376
5 2 6.910148
6 20 7.311553
1 15 4.816161
1 23 3.763232
2 21 13.432682
3 23 8.174667
5 20 1.503049
0 22 7.556623
1 2 11.637994
3 3 5.422030
2 22 9.046502
4 1 11.039472
4 23 6.703540
6 2 4.390087
0 2 11.984266
0 7 9.329131
2 22 10.034822
6 21 9.957180
1 13 7.354627
1 16 6.463458
1 20 8.241302
2 1 12.011976
2 20 6.106138
4 3 10.854946
5 0 3.537848
1 0 10.598803
3 17 5.476113
0 21 5.047975
1 1 8.718225
1 1 14.376517
1 3 9.484621
0 4 13.060812
2 19 8.031808
3 1 5.964233
5 20 7.606211
6 3 11.624493
0 13 11.245749
5 15 6.122865
6 0 7.817196
6 18 6.278140
5 1 5.505446
6 1 4.592149
0 1 10.525117
3 23 5.505446
4 23 8.552629
0 2 12.546029
4 21 6.870761
2 23 13.608699
0 1 7.333153
0 17 1.993841
1 0 5.964233
2 18 5.964233
5 23 6.033006
0 18 7.203096
6 22 4.861004
0 2 5.741086
0 10 13.382431
6 4 6.513214
1 22 8.701092
3 1 7.453552
4 1 5.505446
5 2 10.533693
0 12 5.771838
0 22 8.928079
1 14 9.868911
1 23 5.771838
2 0 10.355659
5 2 15.476119
0 14 8.396248
1 3 4.181035
3 2 11.938186
1 0 8.283748
2 1 7.266687
0 19 10.010023
6 1 9.126448
2 13 10.100051
3 6 5.680222
1 13 11.979519
3 2 11.696357
3 8 8.481957
4 2 8.701266
2 1 14.772675
2 22 7.106878
2 23 8.074046
3 12 5.473998
3 20 7.341816
0 0 42.352478
0 0 7.387799
1 3 8.898198
1 9 13.271893
2 0 8.781716
4 3 11.938186
5 22 7.758036
1 1 13.493091
3 0 9.313342
6 3 17.112232
1 1 12.546029
2 16 4.440827
6 9 8.718225
0 0 9.937146
0 22 7.817291
1 16 10.442425
3 13 8.568898
4 0 8.133045
6 21 4.390087
1 19 3.827016
3 1 8.014419
3 2 13.163047
0 21 10.706699
0 21 2.965584
0 22 6.715987
6 20 8.099162
0 1 8.026979
3 3 5.489720
6 1 13.103974
0 2 10.808826
1 0 5.771838
6 11 5.932456
1 0 4.592149
0 12 5.964233
1 2 9.397977
5 23 9.195568
6 1 4.705998
1 2 7.095901
0 3 16.347906
1 1 8.581527
2 0 7.387799
2 13 6.289543
6 0 7.556623
6 22 3.655777
0 20 7.432744
0 23 6.703540
2 12 4.417950
2 22 8.781716
0 17 4.471871
5 8 6.975800
0 0 9.024218
5 1 6.955245
5 3 7.726624
5 13 8.116435
5 13 4.398576
1 8 10.681540
1 0 1.572213
1 5 8.418451
3 21 7.398263
3 23 7.387799
0 7 7.556623
3 17 5.964233
6 23 8.615716
6 22 5.505446
2 13 9.565798
0 0 8.325717
1 0 4.052388
1 21 5.349704
2 1 9.000426
2 23 9.724399
3 0 7.703610
4 15 4.750499
5 2 7.455373
5 11 8.116435
6 0 12.011976
5 1 9.752849
6 1 5.866458
0 8 8.412322
3 3 4.783146
3 22 5.954529
4 18 1.628303
6 16 7.987899
0 4 11.671019
0 21 8.096382
3 0 9.206191
3 2 8.898198
6 22 1.932993
2 1 5.964233
0 23 9.199832
2 10 7.016745
3 21 8.801473
6 20 16.283033
1 11 2.867167
3 10 5.914889
1 2 7.455373
1 11 8.350616
3 8 5.638529
5 10 4.340821
6 20 6.978443
0 4 9.232302
2 2 4.862865
3 21 12.011976
0 12 4.816161
6 3 16.079906
3 18 7.224242
5 17 6.626925
0 4 3.368904
2 21 6.817160
3 16 8.349361
4 2 8.928079
6 21 9.358450
0 20 1.714004
5 23 5.186289
0 1 9.868911
3 12 10.808826
1 9 7.333153
4 0 3.127005
5 21 6.278140
0 18 5.234519
4 18 6.065321
5 16 6.106138
1 19 7.828032
2 13 9.692680
5 19 5.960887
6 20 6.471770
0 3 12.954211
1 20 6.506436
3 19 5.771838
4 20 2.774678
5 3 11.952148
6 12 9.769820
6 6 12.455161
1 0 5.964233
3 1 7.420615
3 1 8.446589
0 20 5.866458
0 21 5.771838
5 1 10.528255
2 22 8.974339
2 22 5.112200
3 1 11.301821
4 2 4.592149
5 5 13.493091
4 3 11.196841
5 6 7.738685
0 0 8.195903
0 1 7.016745
0 1 12.487384
0 1 8.748103
2 10 5.510579
6 23 12.835481
0 3 6.785393
6 21 8.099162
0 1 4.862865
5 21 2.982116
6 9 5.771838
1 16 13.721787
2 1 8.928079
6 1 9.046502
0 22 12.297183
2 22 6.356202
3 18 5.964233
4 18 3.855215
6 12 1.480276
1 15 4.902109
0 1 9.733372
1 22 13.463267
3 1 14.000630
3 1 9.861646
6 3 7.924099
6 20 2.182411
3 2 12.950740
3 2 14.144693
3 16 7.150560
5 3 13.383693
0 12 9.199832
0 14 3.993173
1 20 9.868911
4 22 6.110018
2 7 7.991706
3 6 9.195441
3 14 12.618484
6 5 10.268385
6 6 8.781716
2 6 6.703540
3 23 5.680222
4 9 3.325990
4 9 5.866458
5 6 7.186936
1 19 5.740186
1 22 11.366420
3 7 9.138933
5 5 10.095055
5 19 5.964233
0 1 11.373014
0 15 7.455721
1 1 5.112200
3 11 7.303143
2 18 11.433817
2 22 14.911442
2 1 2.023363
5 21 3.816524
6 19 7.118947
0 11 5.393141
3 19 13.450508
3 22 16.976486
5 1 7.828032
5 22 5.964233
0 23 11.815059
1 0 15.012159
4 1 19.226236
4 23 7.269736
5 23 9.060340
1 0 7.179472
2 14 4.390087
4 23 1.575778
5 18 8.781716
5 23 7.789003
6 11 13.163047
6 19 8.224092
0 20 9.940388
2 0 9.129027
2 1 6.989412
2 13 3.655777
3 7 3.655777
6 4 14.338319
