5 12 12.256848
6 11 11.896773
2 21 15.076928
6 2 14.824680
6 20 16.932348
2 19 11.045268
6 6 19.902407
1 2 15.544451
0 18 8.492752
5 2 8.008624
6 4 16.443518
0 0 11.327540
5 9 8.992245
6 1 4.114280
4 9 10.520656
5 6 34.364723
5 8 7.804151
1 4 20.826103
0 1 17.328932
2 0 13.611598
1 2 12.840961
6 18 12.371954
6 22 15.218370
6 22 23.884464
3 15 6.841130
6 10 15.084809
1 19 12.893699
2 19 6.583467
0 2 13.213812
0 22 10.524205
4 22 14.319222
1 23 35.877293
6 8 1.129503
1 18 12.643872
6 18 12.127814
1 2 16.651115
0 3 8.682455
4 19 3.864106
6 3 8.536113
1 22 11.465722
2 3 12.925462
0 1 4.007083
4 22 25.644077
4 22 6.344549
0 2 22.105688
0 21 17.413807
6 2 18.035187
2 4 17.769836
4 18 11.532440
3 10 7.559547
2 17 11.556866
1 19 3.903612
6 15 17.098074
1 7 8.141306
5 0 3.864106
3 13 15.325240
0 2 18.993151
3 2 17.292994
5 8 11.824026
0 21 13.339845
5 8 10.339205
2 2 18.358894
2 3 13.565024
2 3 10.261283
0 0 16.145887
0 17 12.916167
0 19 18.756031
0 19 19.789768
2 20 7.142466
2 4 24.170219
2 4 27.101149
1 18 6.968958
6 8 11.370274
6 20 13.376003
0 7 12.826062
5 20 9.315194
4 21 17.328928
4 21 23.228350
4 18 4.709273
4 20 35.483265
3 19 8.582068
2 23 10.082845
0 0 7.764751
0 1 7.433555
1 23 13.483010
0 0 15.073895
1 3 15.717882
0 15 8.675162
6 13 8.369669
6 17 16.484516
1 21 4.846038
5 18 7.433555
4 15 7.079576
3 22 12.290092
4 17 2.058058
4 19 13.695784
5 2 21.711222
5 21 18.592382
0 3 16.448475
1 0 12.737492
1 0 18.877234
1 2 15.557651
0 2 14.452958
3 21 10.576057
6 20 15.557651
2 11 12.476367
6 13 14.512013
0 0 5.878857
5 3 11.905806
0 23 10.865321
3 3 21.613871
4 15 8.415345
4 22 5.666727
6 3 3.918362
4 23 14.608647
1 3 16.594744
6 4 13.724004
6 20 3.262442
2 14 17.070480
6 5 10.446632
4 17 7.321513
5 1 6.181884
1 17 13.483010
1 20 8.540476
3 9 6.860758
5 21 13.023626
2 19 8.698716
4 22 13.483010
0 14 6.165629
6 7 4.596153
6 12 6.333008
1 5 11.308187
0 2 20.865236
1 10 9.625119
2 2 15.803525
4 1 8.607593
6 11 19.534678
4 17 5.666727
4 9 16.668911
5 2 13.048074
1 9 13.483010
1 6 6.994384
5 5 3.438480
5 13 12.600089
5 10 16.403570
6 11 13.261977
0 22 2.202509
4 0 9.599955
0 21 15.260770
4 11 16.348475
4 12 12.797191
1 8 3.630247
6 1 20.088577
5 17 8.920266
5 22 7.873552
0 14 12.031399
2 7 14.192642
2 9 13.644991
6 15 6.633244
5 1 18.047098
0 5 10.131704
0 19 13.612888
3 17 14.714518
5 0 14.562600
0 2 16.179611
6 23 15.248894
6 23 8.129184
0 1 14.816811
6 0 16.554686
2 14 10.099593
4 14 5.757008
0 23 26.743462
6 22 17.770912
6 4 14.838292
2 22 16.437225
6 14 5.666727
1 0 15.978345
0 2 17.098074
0 2 18.972967
5 21 16.769936
4 20 7.561500
0 3 17.303991
4 3 12.918633
5 23 5.216309
4 4 14.819507
6 2 18.964230
0 21 10.480230
6 15 31.879662
0 2 25.112068
0 19 17.960537
5 9 6.444613
4 23 5.401072
3 1 8.095238
3 1 13.572688
3 21 15.761124
3 23 16.023809
4 3 13.261977
0 11 14.396795
1 19 15.072636
0 20 16.668911
2 11 8.492752
