3 20 3.768743
5 17 11.174168
0 21 10.869795
0 22 5.488987
2 10 4.884865
2 11 3.323190
6 8 2.694594
0 12 5.692790
1 8 10.528902
5 12 3.446574
1 9 5.935380
0 3 12.354875
2 17 3.478840
5 6 6.799700
6 8 6.540883
6 21 2.352423
1 2 4.468567
4 13 7.218107
0 8 2.511910
0 8 4.966279
1 11 2.470044
3 11 7.651972
2 6 14.230535
4 7 9.983528
5 23 5.255949
2 14 11.003584
5 6 9.008627
1 0 8.967680
6 8 9.942555
6 8 7.245582
0 9 4.884865
5 3 3.647171
3 8 4.116741
4 5 10.020921
6 8 5.653115
6 8 2.429552
2 13 3.768743
4 10 3.368243
2 7 2.470044
4 18 2.694594
0 19 8.707684
1 8 5.636815
6 20 10.501908
6 22 10.985306
1 0 14.359962
2 12 16.700718
3 4 2.470044
3 11 3.132018
4 22 11.186494
5 19 8.036009
0 3 10.463710
4 7 2.694594
5 0 7.403873
0 3 19.802937
6 20 14.212549
6 21 15.519677
0 2 5.833334
0 4 12.475218
5 14 4.394091
6 16 5.254320
0 9 9.566551
5 1 12.094849
5 6 3.935007
6 5 14.975835
6 6 4.806077
6 7 2.429552
6 15 4.111356
0 20 7.393177
1 16 4.966279
3 6 3.706961
6 14 5.110437
0 18 4.950682
3 14 3.097597
4 7 3.368243
4 19 9.708025
5 9 8.132498
6 12 3.768743
1 10 2.470044
1 10 8.431520
1 21 14.276613
3 20 8.987381
4 7 4.348550
6 9 2.470044
2 7 4.707954
5 19 4.187493
3 10 8.945748
0 17 6.482337
6 0 2.996205
1 22 6.369631
6 9 5.305598
2 11 3.478840
6 20 4.323638
6 23 8.026183
0 21 3.153248
5 18 7.165128
0 3 4.969860
2 16 7.632397
6 13 6.175025
6 13 3.405584
0 22 12.866697
3 7 7.366342
4 11 1.852533
6 8 9.159154
0 23 13.095402
1 1 4.434194
1 20 6.108630
1 11 6.443594
2 1 10.162759
2 2 8.036236
5 0 8.595513
6 10 6.250590
2 7 9.219785
3 21 11.487969
4 1 14.195611
6 9 5.602674
6 10 4.792153
0 7 8.001623
5 6 12.833336
5 19 4.269592
0 9 7.342789
5 7 5.692790
6 18 2.470044
2 19 3.230351
6 21 5.886795
6 21 21.071356
6 3 2.470044
6 15 12.367672
4 19 7.448126
4 23 14.774425
5 20 4.951891
5 21 2.511910
2 6 5.083180
2 15 3.478840
3 5 4.966279
1 14 7.129707
3 18 3.768743
6 0 8.025368
6 2 3.713922
1 10 5.596496
5 11 7.366342
5 15 7.614206
2 10 9.169653
4 17 6.069585
5 19 2.117181
5 22 7.774886
0 16 2.245495
6 0 7.128718
0 21 4.501719
4 20 9.127680
5 6 3.935007
0 21 8.848949
3 1 6.755338
0 16 11.744863
2 13 8.124333
4 0 3.024544
6 4 1.910790
0 22 13.921236
3 18 2.390366
1 20 6.229349
0 19 7.268295
1 5 13.758127
2 4 4.394091
2 4 4.966279
2 6 4.793553
3 7 5.653115
5 5 3.768743
5 7 4.811162
6 1 11.119763
6 12 2.470044
4 11 3.706961
3 11 5.859929
5 0 4.312555
0 19 10.831367
6 13 7.246671
6 21 4.542345
1 13 5.407422
2 5 5.969596
5 23 16.847557
0 9 5.679432
3 14 8.406384
4 12 3.706961
6 17 12.823639
2 10 2.470044
2 12 15.407648
4 10 5.951417
5 20 4.655903
6 9 5.579453
2 12 4.508657
2 12 3.768743
5 10 10.924777
3 7 3.533197
3 8 10.184102
4 6 8.431520
5 5 10.828801
6 9 5.951417
6 0 9.262717
6 5 2.429552
6 5 8.464295
6 6 10.726198
0 17 5.089530
3 18 4.394091
4 6 13.106400
6 18 4.792153
6 10 10.010793
0 19 11.326757
3 12 5.416282
4 7 7.128718
4 17 12.633101
2 6 6.148122
3 12 3.706961
2 10 9.765643
2 14 4.590633
6 1 13.576692
0 9 5.972110
3 21 7.601134
6 1 8.011118
5 7 4.433816
6 23 13.638872
0 10 7.194481
2 9 7.410133
1 0 7.448126
1 17 2.646476
3 17 2.147865
2 7 4.584258
2 7 10.805128
3 0 12.445300
2 9 6.234089
3 7 5.325066
4 14 6.650723
5 7 4.885949
5 20 6.430377
0 11 6.148122
2 0 13.782582
2 6 6.148122
3 4 8.386639
4 6 4.521410
6 13 6.874881
1 6 8.420934
1 15 2.315667
2 7 6.823914
4 8 7.491195
6 13 3.768743
6 14 3.661742
5 16 2.337822
6 2 6.250590
6 13 2.346274
2 10 9.500413
2 12 11.203707
4 11 7.034805
4 20 2.607385
6 7 7.366342
6 23 4.364110
4 23 6.763840
0 1 10.888670
1 11 5.815533
4 13 3.967098
4 22 1.743561
5 20 4.266502
5 21 3.605541
1 20 10.960497
1 20 4.111356
2 11 7.366342
3 23 3.745597
1 20 7.473066
1 21 7.880985
6 22 5.685329
0 1 4.071624
0 22 5.117635
2 23 8.156654
3 8 6.243570
5 5 5.951417
5 5 11.722220
6 5 6.360301
6 12 10.239201
0 16 5.139195
1 6 7.366342
3 14 9.194774
6 6 11.940619
0 7 2.455483
0 9 3.506733
2 8 4.447414
4 6 7.989256
4 6 6.797464
6 4 7.491195
6 7 3.374994
6 18 15.773905
6 19 6.678604
2 10 5.983696
4 11 7.366342
6 9 2.694594
6 10 6.210316
1 14 4.394091
5 10 21.171810
5 12 7.492284
1 9 6.210316
5 1 10.127262
0 1 10.508639
1 9 2.390366
0 0 4.777880
0 8 7.245582
0 7 7.245582
6 8 3.184854
6 8 4.858922
6 11 1.950035
6 10 4.793553
4 4 8.306685
6 14 3.800068
1 11 1.807350
1 7 6.890326
6 15 4.441772
2 6 7.986823
0 20 2.012561
3 21 6.755338
1 0 6.736485
5 22 6.697061
3 18 3.055738
1 20 9.781134
0 1 14.779134
0 2 6.890326
0 4 13.229612
3 13 7.229397
5 21 3.768743
0 10 4.625359
4 14 3.898700
5 12 2.470044
4 11 4.655887
6 23 1.923602
6 23 7.361528
6 20 13.264420
0 10 4.322056
3 13 4.139095
6 17 13.638300
1 11 2.470044
3 7 6.250590
6 17 6.052289
0 21 7.245582
2 18 3.832620
4 9 4.322056
4 21 3.589279
5 11 3.832620
5 16 4.951891
6 20 2.776107
2 14 3.589279
2 20 2.429552
2 20 2.470044
6 18 7.703793
6 9 2.899033
1 20 10.241979
3 19 2.504006
1 1 5.609478
1 4 3.533197
4 19 5.196367
6 9 5.426905
1 6 7.703793
1 12 5.605915
0 21 2.646476
0 19 8.406384
4 20 3.768743
0 8 17.855106
0 13 3.230351
1 4 9.624803
1 7 8.085613
4 7 12.026920
1 7 3.374994
1 6 14.195611
1 7 11.109930
2 7 7.366342
4 7 6.405515
5 5 10.497788
5 18 2.245495
5 18 8.799096
6 7 8.666285
0 15 4.610085
5 9 2.470044
0 1 3.967098
5 21 6.755338
1 2 8.339254
3 1 2.744494
5 23 2.776107
6 20 10.691602
0 14 5.622203
2 18 4.780731
4 21 7.651054
0 22 2.352423
6 7 3.967098
6 11 8.571141
6 12 4.951891
1 20 5.445561
4 7 4.966279
6 15 3.564359
0 4 3.768743
3 20 10.858977
0 1 5.881946
6 18 4.792153
1 18 10.553195
1 13 15.784166
4 17 5.110437
5 7 3.533197
1 7 7.245582
6 9 3.768743
6 9 11.301494
6 12 4.951891
6 13 5.272909
0 9 2.470044
2 17 2.470044
5 17 5.506779
6 9 5.139195
0 12 4.280452
1 8 4.884865
0 15 2.470044
1 1 4.884865
6 20 2.511910
4 1 6.325322
5 7 4.882323
0 21 8.978992
0 21 13.470439
1 7 7.218107
3 22 3.437441
4 3 3.768743
4 7 4.974442
6 0 7.294955
0 3 7.709929
0 13 4.625359
6 8 6.984333
2 23 16.888866
4 1 7.491195
1 16 2.245495
6 4 15.591251
6 9 8.184824
0 5 11.028648
1 8 3.562776
3 7 6.148122
3 5 4.184848
1 5 6.570015
1 7 9.907837
3 7 8.173580
6 6 9.247666
4 18 2.694594
1 21 8.563643
0 2 2.470044
3 17 2.087362
4 17 3.853161
2 7 4.256811
3 11 5.730322
3 11 13.078999
3 12 5.378423
1 9 5.502102
1 16 7.754044
3 19 4.119018
2 19 18.382055
1 16 6.270116
1 20 6.678604
4 22 4.071624
4 22 6.852968
4 23 9.656878
0 2 7.704958
0 1 8.456097
2 12 10.195944
2 23 12.579701
6 5 8.220373
6 6 11.565697
1 17 4.966279
3 7 6.905945
5 7 4.884865
1 7 3.768743
6 13 3.652731
0 6 11.210925
4 7 3.241169
1 9 6.678604
6 21 5.428832
1 7 9.020010
0 19 10.924777
0 7 6.148122
5 7 3.140620
0 8 22.986935
4 19 4.333142
4 23 11.983884
5 22 4.322056
6 7 9.506560
3 7 9.890020
4 18 10.745683
4 19 5.518088
5 5 6.696674
3 0 4.362454
3 7 9.727652
0 18 3.061331
1 18 9.030581
5 20 4.071624
6 14 3.744100
0 2 6.376518
0 2 6.160037
0 13 4.353186
0 20 2.470044
3 19 7.631113
6 4 12.445300
2 13 5.502102
5 18 3.533197
0 3 6.446037
5 18 2.470044
0 16 3.768743
2 5 7.366342
2 18 4.884865
4 11 3.967098
1 22 8.744303
3 8 7.703793
2 7 4.974663
2 12 4.570977
2 17 3.706961
0 1 12.406838
0 8 5.004140
1 13 7.892509
2 18 8.290370
3 15 2.484886
2 18 13.781565
1 14 5.488987
3 11 5.802616
3 11 2.470044
6 21 13.103641
0 12 5.951417
4 18 2.694594
5 1 12.789504
5 7 2.179451
6 12 5.272909
