6 20 9.337643
6 20 6.999643
0 2 9.095890
0 17 11.513206
1 10 8.884652
4 9 11.223961
4 9 8.261608
5 10 11.411027
5 12 8.867918
2 11 16.668158
2 22 7.899379
3 21 15.866583
4 19 7.459262
4 22 8.087090
5 9 5.740996
5 9 21.102098
1 11 16.103134
1 20 15.213456
2 11 22.561316
2 11 15.834749
2 11 7.568780
3 21 6.893588
5 0 11.411027
2 18 9.478314
3 3 11.790220
6 2 21.391077
2 18 9.156176
3 0 21.472906
3 18 4.689009
5 19 7.655798
2 8 7.193251
2 11 13.815847
4 16 11.411027
5 12 6.896408
5 13 2.430714
6 16 4.711260
0 14 11.249614
0 23 9.395817
1 7 9.478314
1 11 10.512313
6 4 2.979411
6 4 7.109013
6 16 8.891709
3 10 10.442707
3 19 13.693233
6 10 13.177203
6 10 23.984608
3 10 12.266999
0 20 9.644869
1 7 9.078885
6 12 14.126356
6 14 7.899379
1 8 9.478314
1 12 9.018785
4 22 5.441472
5 3 9.550892
5 10 3.759077
0 13 7.674649
0 18 9.770679
2 21 12.424322
2 22 11.574521
2 23 16.860020
3 22 19.375996
5 8 5.157910
5 19 5.598210
5 19 7.711471
0 8 22.002613
2 11 10.793631
3 13 12.061116
3 23 7.901272
4 14 8.449215
5 2 11.960339
5 9 7.582947
5 12 5.626811
5 13 7.674649
6 8 8.912675
6 14 6.124639
6 18 8.431781
0 16 5.381814
0 20 6.424176
0 20 12.016569
6 17 11.563543
1 13 7.416184
5 1 11.223961
5 10 7.939869
5 17 30.911848
6 13 8.446163
0 1 2.121037
0 10 5.245332
1 13 22.326727
4 10 10.071850
5 13 17.698586
5 14 11.513206
0 10 8.144068
0 13 7.405447
0 16 6.902362
1 10 12.678919
1 12 16.603277
1 16 19.361725
3 12 10.813433
4 8 8.143341
4 12 4.015358
4 13 8.437456
5 22 11.064410
6 9 6.275802
6 20 10.533256
6 23 8.717638
0 10 8.883483
1 10 6.368581
1 11 6.189492
2 12 6.789209
4 2 5.260089
0 6 9.970142
2 10 2.432470
3 14 9.212502
4 10 5.157910
4 23 8.001558
6 3 10.884709
6 19 6.782563
0 6 13.476271
1 22 9.247488
2 1 11.411027
2 9 7.288838
2 21 7.913596
3 0 7.491416
3 16 7.582947
3 17 7.944784
4 8 29.769073
4 22 10.071850
5 3 15.367781
5 11 6.893588
6 22 11.128695
0 1 7.582947
6 12 18.538935
6 14 8.404480
0 1 8.393208
0 8 10.863276
0 15 9.067942
1 10 8.903078
2 15 10.952166
2 21 9.540368
4 5 16.704178
4 17 3.945375
4 18 12.744795
4 23 7.811494
6 22 8.356979
0 2 13.457224
0 2 7.212867
0 10 5.635810
4 23 20.088593
5 14 20.133348
6 20 14.019723
0 21 12.509023
1 10 11.910213
1 11 7.221854
2 13 4.855467
4 19 8.007811
6 16 7.205457
6 20 7.989354
0 17 6.997763
6 21 12.792451
0 1 4.508648
1 10 8.393208
3 23 10.744696
5 2 8.291251
0 23 9.628098
2 19 7.890267
2 23 12.144881
5 17 11.324465
5 23 9.232529
6 11 11.746685
1 11 30.986366
1 11 8.907015
2 23 5.454679
3 21 9.360153
4 23 3.653803
6 22 9.303053
0 3 9.232529
1 12 13.284034
4 0 12.267586
4 0 34.719803
1 17 6.171206
2 0 18.670063
3 1 10.310333
3 13 5.720185
3 23 12.335578
0 4 12.424322
4 10 8.621978
6 15 4.621685
6 16 8.726238
6 20 9.225220
1 9 11.513206
1 16 11.704423
0 2 11.019642
0 11 7.109013
0 13 9.478314
1 10 6.070038
1 14 8.001558
3 8 8.240558
3 13 14.697710
3 16 6.188340
4 0 12.424322
6 14 8.189240
6 17 6.800183
0 10 10.527544
0 11 11.849069
0 21 11.535897
1 2 10.890563
2 15 4.082281
6 23 8.727633
0 6 12.183284
0 16 11.844596
2 22 5.626811
3 12 13.284469
3 12 7.106787
4 12 7.195518
5 11 5.260089
5 11 9.224126
6 13 6.317020
6 13 5.738279
2 9 6.987268
2 18 7.571250
3 12 25.439877
3 15 12.678919
4 9 17.663059
4 16 8.393208
5 1 7.916373
5 12 20.521772
0 23 6.069334
6 14 6.443435
5 15 7.582947
6 21 2.708854
6 23 7.140375
0 16 9.232529
0 18 8.522334
5 15 9.899247
6 4 13.837124
0 9 9.973460
1 7 8.727633
6 18 10.574573
0 14 14.824354
1 8 9.099536
4 14 8.902956
5 23 11.571751
6 12 8.655496
1 18 18.588959
1 23 15.824776
2 21 26.473227
4 22 7.103581
5 22 6.973881
5 23 7.714007
6 11 13.797194
6 13 5.360028
0 4 15.387897
2 15 10.335399
2 16 5.260089
3 12 8.871675
5 9 8.291251
5 19 10.729763
6 22 14.986197
1 12 3.757859
2 12 3.661595
6 1 7.939869
6 3 9.410215
6 3 8.155329
6 19 7.206853
0 22 8.377382
0 23 6.193043
3 5 9.855559
3 18 9.550892
4 9 10.964958
4 22 6.950161
0 3 16.060352
0 8 6.136604
0 10 14.616850
0 11 9.190155
0 14 12.413835
0 22 10.168268
1 10 22.704220
1 23 17.343258
3 0 13.389739
4 18 9.177403
5 12 3.080657
5 14 5.626811
6 2 5.955587
0 4 4.710527
0 4 10.246893
6 13 4.704334
0 3 8.915668
0 3 8.291251
0 11 7.172849
0 2 12.379083
3 14 5.056975
6 9 6.070038
6 9 15.575163
2 12 5.260089
2 19 12.792451
3 10 9.768984
4 11 14.282605
5 9 11.513206
0 12 8.417410
0 13 14.697710
0 15 7.188857
1 8 8.457923
6 17 9.095890
6 21 5.917700
3 17 8.033902
3 19 10.324593
1 13 13.766312
2 8 6.432034
4 9 8.240558
4 17 3.327707
6 1 5.260089
0 1 9.378926
2 14 8.482529
2 19 10.119144
3 21 17.374987
6 12 10.107888
6 7 15.897985
0 5 31.968061
0 23 5.403525
2 23 16.357870
3 21 6.150331
4 12 42.678253
6 12 15.834749
0 15 5.177481
2 19 8.185688
0 22 10.165966
1 9 11.513206
0 2 7.582947
2 18 10.165966
0 5 16.793142
0 23 14.813117
2 3 4.621685
4 20 9.744009
0 17 24.860939
3 19 6.303523
3 21 12.589812
4 0 11.079035
6 3 10.310333
1 19 5.627096
0 8 5.260089
0 20 7.334489
1 9 6.824366
4 8 5.073354
6 9 9.333744
0 15 9.095890
1 11 6.171206
0 0 5.770330
0 11 27.890715
0 12 8.934705
1 16 9.232529
2 15 14.616394
3 12 10.362446
6 16 12.424322
6 16 16.972349
6 20 9.081176
6 22 8.667056
0 21 6.443435
6 23 18.758745
0 19 10.897021
0 22 10.654743
5 1 24.042255
5 2 6.496006
0 20 6.021214
1 15 15.473729
5 1 9.226825
6 11 11.513206
6 21 14.305935
0 21 8.272305
1 14 5.175751
3 20 9.232529
6 1 9.924587
6 2 9.891995
1 2 9.333744
1 2 12.448393
1 11 5.260089
6 4 12.424322
0 2 10.476403
2 10 11.324465
2 10 8.868471
3 22 6.413558
4 22 6.402332
6 5 7.064293
6 9 10.730793
0 20 11.411027
1 7 15.834749
1 9 14.759121
1 11 15.080713
1 13 15.834749
1 13 15.268056
1 22 5.839143
4 1 19.710245
4 3 11.411027
4 14 13.873765
5 13 5.621805
5 23 5.157910
6 12 15.834749
4 1 10.527544
4 23 6.609663
5 6 15.575163
5 18 8.317196
6 9 7.120287
0 0 14.731946
0 22 9.171444
6 11 12.818170
0 3 9.718451
1 19 6.371412
2 6 19.532553
3 7 11.471681
3 11 2.593933
5 1 11.411027
0 18 7.967968
2 11 8.291251
3 6 9.576776
3 22 7.653462
4 9 8.921114
5 0 9.767905
6 2 11.336807
1 10 10.267861
6 21 9.550892
0 3 10.071850
6 16 4.123386
6 18 4.641255
0 13 8.895034
0 15 10.373661
1 1 11.513206
2 12 3.521143
4 10 8.909377
6 9 8.584468
6 22 9.799613
0 17 5.157910
0 21 17.338243
1 21 3.241634
2 18 10.009070
3 22 9.723213
4 11 6.732224
0 2 9.761144
0 19 7.884231
0 21 10.165482
2 10 14.020134
4 10 7.813939
4 21 8.522725
5 7 8.971489
5 8 5.985360
5 9 5.360028
5 19 4.786170
6 10 24.207930
6 19 20.680763
0 10 10.200020
0 10 7.650015
0 14 5.994103
6 5 13.669579
0 6 10.860511
0 8 4.833098
2 9 9.781840
4 9 8.272305
5 0 12.007163
5 2 11.411027
0 4 13.318582
5 8 8.425496
5 9 2.723548
6 7 14.319602
6 7 11.127258
6 19 16.218756
6 19 9.270230
0 18 7.769881
0 8 3.724264
2 22 8.081797
3 22 17.180122
5 23 5.626811
6 2 7.582947
6 14 15.080949
6 15 7.556578
0 2 4.180118
2 23 12.621616
5 23 10.889761
6 19 6.600878
2 13 15.211260
3 20 11.265270
4 0 12.011607
1 7 7.769881
1 10 5.626811
1 10 5.073354
1 18 19.199934
2 12 16.668158
2 12 16.896555
2 12 20.870071
4 11 6.124639
6 0 9.807224
6 2 11.380495
1 10 25.585573
2 13 8.871675
2 22 9.239120
4 15 5.972135
5 5 11.672322
2 5 20.881586
2 12 17.453072
2 17 9.180017
3 5 15.410570
3 23 14.212462
0 20 13.014714
2 10 9.270230
2 13 3.082150
3 10 14.419761
4 0 1.048929
0 1 7.870385
2 10 12.077113
5 20 5.260089
0 17 13.836063
0 20 6.823750
0 18 9.022043
1 19 12.335578
3 9 6.496006
4 0 8.195994
6 1 11.984144
6 2 12.213909
2 12 9.293387
3 10 9.799613
4 23 6.909376
5 0 9.045001
0 1 11.859483
2 3 9.225791
2 13 7.358321
4 9 6.999643
5 14 5.009609
6 2 24.023434
6 7 11.261045
1 9 13.789304
0 0 6.171206
0 1 2.569495
0 2 9.177416
1 6 11.513206
2 6 5.173858
2 18 13.836063
2 18 8.124586
4 2 12.488911
5 20 15.897985
6 2 13.609243
6 5 9.428762
6 19 7.769881
0 17 8.603919
0 19 11.235950
0 19 7.726237
1 22 11.468605
3 8 9.934246
3 16 12.448393
4 21 5.025026
2 23 8.119438
2 23 6.593867
3 9 3.383169
3 16 6.171206
4 21 10.549873
5 14 6.120012
5 18 8.522334
6 23 9.255581
0 7 18.217798
0 7 1.734036
1 8 9.213322
1 8 11.483776
3 20 3.637023
5 10 6.277092
5 11 14.845078
5 13 19.001699
3 18 4.195020
3 23 6.583285
4 7 7.582947
4 23 7.582947
5 18 8.105467
5 22 8.060364
6 6 10.838992
2 16 4.376901
3 12 9.214592
4 16 19.263212
5 23 11.167420
6 18 15.623911
0 3 9.478314
0 22 13.729912
2 5 22.639591
5 1 7.221854
5 9 5.635333
5 14 8.585492
6 22 6.681424
6 23 10.913440
6 23 8.002473
2 18 4.984733
2 20 11.599624
3 8 9.478314
4 21 9.232529
4 23 8.871675
5 8 4.401605
0 16 9.843237
1 1 18.592344
1 8 13.792921
1 16 11.513206
1 18 9.515398
2 4 23.869659
2 22 9.247488
3 14 11.411027
4 1 12.342989
4 19 9.780880
5 3 8.726238
6 13 10.283855
6 13 7.985450
1 19 9.550892
2 11 6.766338
4 21 11.643840
5 1 10.233044
5 21 6.171206
6 2 8.763322
3 15 9.781840
5 21 9.799613
6 19 10.744696
2 10 13.218114
6 8 4.361543
0 11 7.816770
0 23 21.256762
1 0 8.871675
1 10 5.157910
6 8 10.447391
6 8 20.729959
2 21 12.633522
3 7 27.759975
6 2 5.032318
6 17 9.638195
1 2 9.185590
2 22 21.472906
2 22 11.829685
3 12 7.653362
4 12 12.288244
5 10 4.540588
1 6 16.056955
3 12 7.425001
4 11 6.171206
4 12 5.851809
4 12 30.455761
5 21 8.217696
6 16 17.743956
0 10 12.257729
0 15 10.867644
0 16 10.250244
0 18 7.747284
0 18 8.291251
6 5 9.807236
6 22 7.801177
1 5 12.784363
1 20 9.890735
3 19 10.071850
4 9 4.739892
4 22 8.400163
5 14 10.180818
0 0 4.641255
3 16 9.232529
4 19 7.818687
0 11 15.834749
2 8 13.430105
2 12 7.582947
3 9 8.001558
3 11 7.334489
4 8 3.603770
5 13 23.022511
5 14 40.022850
6 16 5.731011
6 10 9.270230
6 12 12.408449
6 14 9.118259
6 14 10.662376
0 1 9.780596
2 17 6.711885
4 18 10.149508
6 0 11.329900
0 2 11.411027
0 13 8.291251
0 18 6.334466
5 16 9.890800
6 13 9.156176
6 17 5.260089
6 19 8.612740
1 19 7.501461
2 19 11.000864
3 15 9.726344
4 16 13.756130
5 19 5.832989
5 20 7.945911
6 9 10.879398
6 9 9.395817
6 11 5.041838
0 8 10.652918
0 17 11.329900
4 20 10.861798
0 5 6.070038
0 15 9.674696
0 19 10.791589
1 14 5.280813
2 23 8.291251
4 10 6.894246
4 21 5.157910
6 0 7.896430
0 13 15.834749
1 12 21.960716
2 7 12.634004
2 22 9.395817
3 10 9.657694
4 8 10.401219
1 5 8.195994
1 6 14.544368
1 6 10.360340
1 8 6.100181
6 3 13.837124
6 12 7.650015
6 12 7.518418
6 13 8.861188
6 20 10.627575
0 16 6.408124
0 20 13.927766
3 18 8.317196
3 18 9.232529
3 19 4.761147
3 22 11.186266
4 23 7.674649
6 14 12.990273
6 20 5.720881
6 22 6.496006
0 19 11.006500
1 16 5.815521
2 18 11.411027
3 20 7.548835
4 9 7.167943
5 19 5.441472
6 7 8.171771
6 17 13.142141
4 22 10.165966
5 21 10.397370
5 23 8.451873
6 18 7.141117
6 22 7.964422
0 12 11.306252
0 18 9.636287
0 21 10.324416
6 21 7.271863
6 23 16.117802
2 12 17.743351
3 11 9.718451
5 9 13.972686
5 22 7.216190
2 0 13.402798
2 19 11.573843
3 15 11.042930
4 23 9.042065
6 21 7.582947
6 22 17.215584
1 11 3.799466
2 10 22.732821
0 17 4.072034
0 23 9.489458
6 21 8.523795
1 11 24.547167
3 10 15.278596
3 14 10.215178
4 18 7.497190
6 0 9.081176
6 0 20.180973
6 14 5.245332
4 18 7.412528
0 9 12.476845
0 19 5.173858
1 12 7.425001
1 22 7.582947
3 2 10.574573
3 19 7.711471
4 8 8.225661
6 12 7.784027
0 1 9.232529
0 14 20.029371
2 20 21.966686
3 15 5.635810
3 21 18.357479
6 23 16.786415
2 16 12.226100
4 12 9.232529
5 1 9.478314
6 9 8.792885
1 18 16.572979
3 16 5.720881
4 16 4.991526
4 18 16.853878
6 19 8.625170
1 4 3.740798
2 16 5.720881
2 18 8.155329
3 16 5.627924
3 16 9.770679
4 16 8.164562
5 2 10.574573
6 10 8.934705
6 10 7.674649
6 11 11.324465
0 1 13.609243
0 23 4.443463
2 16 8.431781
3 15 13.782123
3 16 8.596516
3 22 10.335399
4 16 11.042930
5 13 5.260089
6 12 9.843237
6 16 6.424176
0 3 3.505190
3 9 5.207930
3 14 11.223961
5 11 8.677558
6 10 10.222938
6 16 10.094997
1 19 12.466717
2 1 9.232529
2 13 15.129303
2 13 6.933553
2 13 4.264936
2 19 4.453397
4 10 12.448393
5 3 10.744696
6 12 4.641255
6 21 9.001472
2 12 7.813478
5 15 6.089446
5 18 9.899247
0 4 23.202993
0 22 7.442640
0 23 8.262923
1 13 8.171771
1 13 6.424176
6 3 9.081176
0 19 7.497190
1 2 8.902956
3 8 8.208664
5 21 9.863441
6 2 9.933523
0 0 9.089374
4 9 10.909003
4 22 33.385971
5 10 19.563122
6 1 5.815521
6 1 8.883483
0 5 14.365786
3 13 28.790453
3 16 8.431781
4 19 9.478314
6 3 5.985485
6 17 6.443435
6 23 7.582947
0 5 10.574573
0 23 8.727633
2 1 9.636287
5 2 12.716206
5 15 6.963852
6 3 16.942120
6 15 15.808155
0 20 6.915441
1 2 10.527544
2 0 14.577871
4 0 10.512313
5 10 6.151729
5 18 14.391507
6 23 11.411027
2 14 6.196971
2 16 9.636287
5 4 9.428762
6 15 5.157910
6 21 9.256808
0 13 10.189926
0 13 12.105493
0 13 9.890800
1 7 9.270230
3 10 7.974733
4 6 9.311080
4 7 5.073354
5 11 37.736923
2 6 13.218114
2 8 9.968573
2 13 8.291251
3 9 6.171206
5 21 5.738279
5 22 17.872362
0 0 13.544949
0 8 24.221092
0 19 2.412454
2 17 10.907113
2 22 4.264936
6 20 14.747971
6 23 39.945374
1 8 7.582947
6 14 8.921114
0 16 6.727708
6 13 7.453086
2 19 5.367806
3 2 7.582947
4 2 13.836063
1 17 3.967672
3 13 3.570762
3 13 24.971025
5 2 8.895034
5 20 8.944457
6 2 7.456730
0 21 15.026750
0 21 7.353005
0 16 8.143341
1 1 11.102531
1 12 17.956902
3 16 8.469194
4 15 8.224159
4 15 9.247488
6 22 7.107407
0 13 5.352668
0 14 8.469194
1 12 11.186266
1 12 4.668694
1 22 7.260242
3 10 23.141016
4 9 4.668694
4 17 11.513206
5 1 5.289605
6 23 7.333294
0 4 9.428762
0 20 11.960339
1 0 44.294563
6 10 9.486756
0 14 7.458636
1 20 7.537501
2 0 9.247488
4 20 6.841790
5 2 22.072203
5 9 11.723278
6 1 13.424738
6 23 7.911438
6 23 7.005730
4 11 22.305656
5 1 9.952580
5 21 9.761144
5 22 13.836063
5 23 5.384403
6 7 9.789424
0 13 2.720410
2 1 8.896516
2 14 17.205965
4 8 10.130787
4 13 5.157910
4 23 16.117802
5 21 7.547108
0 8 9.992437
0 9 8.228179
0 10 9.232529
0 12 13.903132
0 12 6.240961
1 11 4.264936
1 11 10.324593
0 7 18.907469
5 15 6.392524
5 22 9.751045
0 8 15.834749
0 23 8.948862
1 0 5.090409
1 1 14.099430
1 19 10.512313
1 21 4.585662
4 20 10.335399
5 12 14.657924
5 13 16.103134
6 12 13.318582
0 23 5.917700
2 16 11.057537
3 4 8.424297
4 10 9.929132
5 12 10.748876
5 22 9.611965
6 8 13.284469
0 7 15.455166
0 13 6.770896
0 16 3.772201
0 17 7.348263
0 3 11.513206
0 13 10.838992
1 2 9.717733
1 3 10.574573
1 15 9.687081
3 20 9.303053
3 20 11.324465
5 1 12.874022
5 23 10.484097
6 2 6.790699
6 3 11.141812
1 1 9.931371
1 18 12.183352
5 1 9.717733
5 2 8.272305
5 2 10.939213
0 4 6.440926
2 22 11.790220
4 2 12.466882
4 23 10.574573
5 11 13.142141
5 22 5.041838
0 11 13.150223
0 11 14.871784
1 21 13.929030
0 0 8.868471
0 23 3.327707
1 10 9.338606
1 12 11.223961
1 12 9.232529
1 14 4.704334
1 14 10.627575
2 10 7.458636
2 19 8.763322
5 23 18.577595
6 2 8.291251
2 8 15.211260
3 0 10.838992
3 0 8.948862
6 0 4.770967
1 9 4.689009
1 15 8.935540
3 10 10.324416
3 12 9.968573
4 8 7.458636
4 9 9.034019
5 11 5.157910
6 10 24.968016
1 17 7.449618
6 5 7.582947
0 0 7.172849
1 19 7.982049
1 22 11.513206
2 22 11.185154
3 9 4.297138
5 0 8.104001
6 11 10.328038
0 14 13.177203
2 22 11.804511
6 19 6.585191
0 10 22.609390
2 13 15.813344
2 14 14.869848
2 19 11.910213
2 23 8.655496
3 11 4.641255
3 15 5.720881
4 10 10.793631
4 12 5.756603
4 12 15.575163
6 1 9.968573
6 23 8.912133
0 7 16.826014
0 7 15.834749
0 8 14.517168
0 10 2.080182
1 19 13.815847
2 10 10.043406
2 10 7.899379
3 7 6.835144
3 7 16.103134
3 7 14.548282
3 11 4.668694
4 16 5.173858
3 16 7.548835
5 20 8.209607
2 12 18.175411
2 15 11.437107
4 1 10.574573
6 2 9.478314
6 22 7.077438
0 3 8.726238
0 14 6.424176
0 12 5.260089
1 9 5.720881
1 9 18.298859
4 22 9.520829
4 22 10.335399
5 14 16.925978
5 18 9.232529
6 18 11.708345
2 9 7.458636
2 15 9.478314
4 15 10.335399
0 1 11.096986
0 2 17.520384
1 7 9.929132
4 21 13.284469
6 23 27.050102
0 1 18.175684
0 11 7.650015
0 11 5.627096
0 13 11.860097
1 9 5.173858
5 11 21.250801
6 3 9.636287
6 18 5.107562
1 18 14.226604
3 13 22.002613
3 23 11.625228
4 0 10.170990
6 3 7.582947
0 16 6.171206
2 9 17.983360
2 16 9.081176
3 14 3.904084
3 17 6.545614
5 11 15.575163
5 20 11.513206
6 22 8.473969
1 9 14.921461
6 6 9.232529
6 13 8.267936
0 7 9.081176
0 14 3.648259
0 20 6.902362
2 23 9.636287
3 22 7.084291
4 9 5.073354
5 19 7.050249
0 1 9.478314
2 16 4.128628
2 16 10.533256
4 18 6.573678
4 20 6.732224
6 12 11.953134
6 13 11.329900
0 2 9.266544
0 3 14.701386
0 23 8.291251
1 23 4.062293
2 14 8.749554
3 6 9.808341
3 9 4.616264
5 7 5.547844
5 11 19.389488
6 23 6.366401
0 3 19.252239
0 3 9.628111
6 17 7.899379
6 17 6.067956
0 6 6.545614
4 8 10.964958
5 22 9.790091
6 8 20.506849
6 15 13.991564
6 22 10.326698
0 1 5.009609
0 18 8.106190
5 13 14.544368
0 15 5.090409
2 8 7.497190
2 14 6.275802
3 8 13.033818
4 18 11.223961
0 3 8.655496
3 22 8.871675
3 23 10.705977
4 0 9.263747
6 20 4.781899
0 0 6.051670
1 4 14.313169
5 12 11.096995
6 23 11.513206
0 3 9.762395
0 8 14.544368
0 15 10.674071
3 0 9.753893
3 2 13.352324
4 13 16.603277
4 14 13.309826
5 1 1.571457
6 11 4.587367
6 19 21.233335
6 23 9.232529
0 10 9.908023
0 19 8.760261
6 10 6.997763
6 10 7.899379
6 13 12.947262
6 21 11.411027
0 3 6.732224
0 3 14.577677
0 13 6.778846
2 22 11.262075
4 10 10.676986
4 23 10.335399
5 22 11.647802
6 21 27.521854
0 3 11.708345
0 12 13.476271
3 0 12.021428
3 19 5.157910
3 23 11.411027
4 21 19.845545
5 3 11.448729
6 11 11.042930
1 19 9.985976
2 8 12.871711
2 20 23.747622
6 8 18.729612
6 9 12.620968
6 19 4.689009
0 15 14.654098
1 12 6.443435
1 12 8.291251
4 16 3.980199
4 21 10.408888
6 2 9.929132
6 3 10.094617
6 15 8.576217
6 22 9.274193
0 5 11.986724
0 12 9.636287
0 20 17.417648
1 0 16.352667
4 10 6.124639
6 12 23.004972
1 16 8.777713
1 19 10.152493
1 22 10.627575
2 17 18.493336
3 8 10.373099
3 8 32.843655
4 13 10.939213
4 15 14.126356
4 21 4.383408
6 17 5.157910
6 18 8.001558
0 13 7.647716
0 15 9.636287
2 10 3.830003
2 23 5.681109
4 20 7.674649
4 22 7.825472
5 23 14.750951
6 15 7.879142
6 19 9.226825
2 21 26.608917
4 10 9.797827
4 11 10.401219
5 11 12.715680
5 21 6.171206
5 21 39.524662
6 3 8.871675
6 4 13.894776
6 19 7.106787
1 23 20.205681
3 11 4.264936
3 15 12.035694
4 6 23.446775
4 8 8.871675
4 11 16.103134
6 12 5.260089
6 22 12.213909
6 22 10.793631
0 14 9.389012
1 20 14.790882
1 22 10.260831
3 6 14.751890
5 9 10.793631
5 15 6.275802
1 18 8.240558
2 7 13.598690
1 12 10.789385
1 22 12.360307
1 23 10.670179
2 2 10.867644
5 23 10.143459
6 8 5.112196
6 8 7.899379
6 12 7.189942
6 12 8.573098
0 6 22.451365
6 4 7.813939
0 1 9.118259
0 7 8.380349
0 19 11.513206
1 0 10.071850
2 14 10.043406
6 3 15.410570
6 11 11.513206
0 20 13.661174
5 23 11.411027
0 21 5.073354
3 18 7.260242
4 18 5.947786
5 13 5.417111
0 8 8.524973
5 22 9.232529
0 10 9.232529
0 10 9.807236
0 11 5.627096
0 11 6.397266
0 12 14.539752
0 14 8.449215
0 14 3.440511
0 23 20.911518
6 15 7.444091
6 22 4.264936
0 15 13.284469
0 15 6.138898
1 9 13.625000
4 23 10.533256
1 2 10.472913
1 18 8.117649
0 1 11.180775
0 15 6.837976
2 0 16.652842
2 10 15.080713
2 12 11.513206
3 13 2.778431
4 23 10.218830
6 8 8.749554
6 9 5.335769
6 9 8.431781
6 20 8.971843
6 23 7.288838
0 1 17.323666
6 8 8.001558
6 15 15.575163
6 18 7.827949
0 8 3.250267
0 13 13.836063
0 15 10.838992
2 15 8.425496
3 10 5.173858
5 1 12.424322
6 19 9.378292
2 19 18.284222
3 15 15.056581
4 1 1.834906
4 16 9.636287
5 9 7.456730
5 23 8.868471
6 19 6.070038
6 21 12.882598
6 23 21.252110
1 7 7.743443
1 18 13.837124
1 21 8.726238
2 17 10.335399
3 11 9.968573
4 17 17.446455
5 7 9.636287
5 13 8.092444
5 14 7.221854
6 0 9.718451
6 2 11.513206
6 13 6.828817
6 20 11.169599
0 3 10.086373
0 13 15.367781
0 15 6.024234
0 16 10.141346
0 8 10.909003
3 2 12.153604
3 9 8.621978
6 11 16.118723
0 11 10.683692
0 22 11.411027
2 11 22.983404
4 14 3.724264
6 3 15.030429
6 19 13.204814
0 2 13.178213
1 2 15.834749
1 17 7.802137
1 17 19.233204
2 19 7.425001
4 23 6.070038
5 17 5.844543
6 9 10.793631
6 21 8.291251
6 22 12.032282
0 8 4.510892
0 10 11.513206
0 11 6.709757
0 11 6.531245
0 11 6.823750
0 15 8.949183
6 9 6.485909
0 0 21.513027
2 2 5.260089
2 7 5.833036
2 13 16.668158
2 13 6.711885
4 9 12.016467
6 10 11.351302
2 15 5.626811
2 17 9.286132
3 7 25.357838
3 20 25.940050
4 5 13.704682
4 10 5.602433
5 2 18.239840
5 6 11.700451
5 18 8.907015
6 14 6.545724
6 18 9.232529
1 23 7.458636
2 22 6.193622
3 7 3.355299
3 12 8.527388
5 7 15.654461
5 9 17.353992
6 15 9.545761
6 15 15.575163
0 9 10.152493
0 16 11.363038
1 12 15.623911
6 7 21.102098
6 10 12.852747
0 7 14.824354
0 15 9.752025
1 11 15.367783
1 18 12.480205
2 0 9.807236
2 11 9.807236
3 14 12.849771
3 19 5.360028
4 1 9.884164
4 19 9.799613
6 0 8.485121
6 23 12.262055
0 17 9.799613
0 21 11.118792
1 1 12.119164
1 21 9.799613
2 14 8.953914
2 19 10.574573
4 8 7.497190
4 12 13.836063
4 19 10.401219
6 15 14.664991
6 15 20.361273
6 18 5.906750
1 0 7.144927
2 2 8.871675
2 21 11.786207
3 21 12.792451
4 12 16.767313
6 8 15.834749
6 8 21.102098
6 8 14.548282
6 21 9.389012
0 4 13.048773
0 13 6.571311
1 20 6.548069
3 17 5.260089
4 12 14.335756
6 10 10.788147
1 1 11.660134
1 10 7.453086
1 18 5.157910
4 23 13.255348
4 23 4.739892
5 23 5.170191
5 23 16.098797
6 0 7.653462
6 10 6.999643
0 6 12.634904
0 11 18.491489
1 7 7.870385
2 10 6.976167
3 4 8.959935
3 20 18.262154
5 10 9.285241
5 17 4.182089
6 10 6.171206
6 22 9.177416
0 9 24.848644
0 20 10.187946
0 21 10.335399
0 23 5.820689
1 14 6.605608
2 15 9.478314
3 17 6.578270
3 19 6.790699
4 0 15.500606
5 0 11.036079
5 3 6.340393
5 3 9.644869
6 1 9.636287
6 20 8.301682
0 0 8.523795
0 16 7.601547
1 9 10.335399
2 16 5.173858
2 22 11.513206
3 10 6.408124
3 14 7.094813
3 14 13.381671
4 23 10.084313
5 2 13.618217
5 10 3.768259
5 13 6.688704
5 17 6.612006
0 1 8.224040
0 17 6.189492
0 22 8.502605
4 0 9.410215
4 2 7.711471
4 12 20.748547
4 19 8.727633
5 9 10.155164
1 8 7.674649
1 17 9.415078
3 9 10.451920
4 2 7.453086
6 9 11.324465
6 10 10.335399
6 11 5.538592
6 21 15.637363
0 16 7.458636
0 22 21.290276
2 16 9.325438
3 13 8.259674
4 20 24.404900
6 19 8.637197
1 16 3.122925
1 21 7.750303
3 9 7.245399
5 15 9.314873
6 0 12.610314
0 0 10.401219
1 16 9.232529
1 17 26.754829
2 14 10.527544
2 16 6.171206
3 15 7.309190
4 16 6.711885
5 16 8.612832
0 0 6.778846
1 16 5.720881
2 16 4.903337
3 13 12.634904
3 16 4.151472
3 17 7.896430
4 13 7.458636
4 16 5.815521
5 16 11.223961
6 16 8.155329
0 9 7.330904
0 23 9.596271
1 16 7.537501
2 9 9.052833
2 12 5.157910
5 8 7.941895
5 12 7.285450
5 16 5.157910
6 12 11.262075
6 23 16.497461
0 1 9.636287
0 3 6.902362
0 14 11.032720
1 8 5.691838
6 22 5.325772
0 1 13.284469
0 13 8.992990
0 19 12.784363
1 20 6.415459
2 19 9.255584
3 21 11.042930
3 23 16.261635
4 13 8.391091
5 8 16.965803
6 0 6.171206
6 17 10.691792
0 1 13.892719
1 12 11.099012
1 22 11.279511
2 15 9.466872
3 10 11.411027
3 22 12.417475
5 1 11.256969
5 18 8.137178
5 21 10.538479
5 22 7.844428
5 22 10.112978
6 0 9.589893
6 2 11.042930
0 1 6.070038
1 22 7.952610
1 23 5.073354
2 20 7.752572
4 21 10.805387
5 12 4.885196
5 12 8.667056
5 15 8.868471
6 7 9.828628
6 17 5.844543
6 20 5.678624
1 8 7.548835
6 6 10.504892
6 7 11.603742
6 20 9.325438
6 22 5.951434
0 0 8.792885
0 1 13.476271
0 21 8.612740
4 7 13.661174
5 0 6.856895
6 18 11.804511
6 22 10.068553
1 21 13.836063
4 2 14.544368
5 13 4.264936
5 20 9.064810
6 5 14.991581
0 17 1.669426
1 17 10.677081
2 19 11.513206
3 19 8.291251
6 23 6.070038
0 8 8.267031
6 8 11.261045
6 9 7.833997
3 21 23.060514
4 8 4.126328
4 18 11.645851
4 22 6.443435
5 10 12.023047
0 13 12.023538
0 13 20.902483
2 18 11.411027
3 19 10.364064
5 9 2.899859
6 15 7.003122
1 17 12.448393
2 18 10.094617
5 13 6.171206
6 0 7.146704
6 2 14.947693
6 14 5.610187
0 14 5.215103
1 12 7.548835
1 15 6.531245
6 23 5.204140
0 2 8.291251
0 3 9.933523
0 8 7.944784
2 15 10.277440
2 21 9.701095
3 18 6.612006
4 8 11.537925
5 20 8.667056
0 10 16.060352
0 21 10.601204
1 4 10.863276
6 12 4.082281
6 14 13.815847
6 14 17.222895
1 8 9.636287
1 15 5.696497
2 22 10.324416
3 11 33.235714
4 23 10.086373
6 8 13.455417
1 10 17.664808
1 10 5.429379
1 18 8.523795
6 19 8.240558
1 8 14.824354
5 15 33.644749
6 0 10.434179
6 0 13.693233
1 12 9.678191
4 21 10.324593
5 1 11.380495
5 23 9.812071
6 11 1.946138
6 19 7.133351
0 3 11.093923
2 8 5.360028
3 21 12.069830
6 3 12.226100
6 12 4.264936
6 19 4.571263
0 14 7.061552
0 21 15.471754
0 23 4.978426
4 6 9.232529
4 10 9.807236
4 18 7.674649
4 21 9.177416
4 21 43.995312
5 12 8.445415
5 15 8.871675
5 22 9.177595
6 18 9.232529
1 0 7.346243
1 0 7.346582
1 22 11.219715
1 22 8.912675
4 15 9.913662
5 10 5.552903
1 14 8.927422
2 5 7.458636
2 12 11.804511
3 9 10.071850
4 5 20.045385
4 12 6.192758
4 13 9.913662
5 9 2.979411
0 7 6.340393
0 18 5.349494
0 19 11.790220
1 11 3.274035
6 14 6.097485
6 15 7.814779
6 17 8.921114
6 23 6.070038
0 21 12.935205
1 18 10.909003
2 1 9.419779
2 12 14.394133
4 12 9.036197
4 19 6.697268
5 0 11.402372
1 16 10.871741
1 21 7.693774
2 3 19.783216
2 19 10.258366
6 13 11.324465
0 1 4.456898
0 22 15.860415
2 16 8.895034
2 17 6.937863
4 8 5.245332
5 10 11.462284
6 13 7.537501
6 18 9.780880
0 11 8.648643
1 10 6.531245
0 5 9.045001
0 11 10.533256
1 10 4.126328
2 13 14.871784
6 10 18.588959
0 21 8.533644
2 9 10.627575
4 0 7.989354
0 7 7.935486
1 3 8.813286
3 0 8.431781
3 23 7.334489
5 1 8.868471
5 1 6.915441
5 10 6.738191
5 10 9.286138
5 23 14.726565
6 19 14.544368
6 22 8.726238
0 16 5.815521
1 10 6.189492
0 14 5.249690
4 20 20.199070
0 23 5.626811
2 8 5.847303
2 10 4.943058
6 16 14.759121
0 0 14.697710
1 9 5.832989
1 17 10.697838
2 16 5.090409
3 10 11.513206
3 17 8.871675
3 21 11.550907
4 18 4.592158
5 15 7.854737
6 1 18.676479
1 10 6.320560
1 10 10.332521
1 12 3.327707
