2 19 19.588440
2 19 9.224768
3 9 5.356036
4 19 14.109031
5 15 8.861804
1 17 4.093082
3 12 6.623837
4 15 9.073543
6 22 7.866371
2 18 18.034502
6 3 8.399413
0 7 10.830743
2 5 9.224768
2 6 8.861804
2 12 6.584506
4 18 3.455123
2 12 8.403435
2 15 7.732793
6 12 19.296562
2 21 22.722452
0 3 12.123852
0 22 8.930625
6 23 33.224487
0 11 4.605072
3 18 2.471869
4 10 17.496159
4 10 6.286355
2 22 4.605072
2 22 3.242500
6 3 11.937671
0 10 9.784236
2 0 9.073543
0 1 17.372065
4 3 9.201751
5 23 8.123321
2 10 5.903296
4 18 5.614088
6 0 7.146913
0 3 10.210722
4 21 5.633981
5 17 9.747985
0 2 10.030574
0 9 13.567878
1 11 8.123321
6 20 12.067992
5 11 22.120110
1 1 7.146913
2 2 9.086756
3 8 3.680653
5 16 5.172921
4 19 19.588440
2 17 6.016125
0 0 9.779146
3 14 9.191811
5 1 5.253748
0 12 15.098264
4 7 4.474999
5 4 6.825105
5 18 3.832046
4 18 7.795578
1 8 9.161432
4 22 9.156550
6 10 11.333254
6 10 16.396782
3 15 4.538514
4 17 5.181800
6 17 8.345000
4 19 2.620426
5 14 24.924559
6 18 5.070977
2 9 2.801979
3 8 4.153708
1 9 4.614156
4 15 10.142958
6 13 3.512709
6 19 12.903398
5 14 17.527109
6 12 11.463779
3 14 2.044205
4 14 10.688660
4 15 2.008660
6 8 11.333254
4 17 5.404167
2 22 3.512709
0 19 7.562239
2 12 8.119432
0 1 7.116343
2 15 2.088473
5 23 11.539748
6 23 9.199205
1 20 6.806583
6 21 8.703558
3 22 9.730379
5 19 7.736495
2 9 6.495546
3 12 7.698836
2 7 7.384837
5 4 13.144656
4 20 8.210698
6 12 6.726530
2 18 4.026165
5 1 9.237037
3 0 10.899987
5 15 7.990151
2 9 7.990151
3 18 5.423223
6 10 9.896826
6 8 16.707142
6 8 4.763868
2 23 4.123946
3 22 7.115592
1 20 4.614156
3 17 22.180172
4 11 8.119432
4 18 18.221199
3 17 3.954991
0 16 6.010466
6 17 10.229218
1 8 7.930792
3 21 11.873200
2 17 11.062326
5 16 20.721144
5 19 21.089344
5 19 2.054235
5 20 5.530040
0 12 8.123321
5 22 11.583797
6 2 7.698836
0 18 10.764096
4 11 9.327757
0 15 9.073543
4 1 12.903398
6 6 21.181128
0 17 11.564779
0 21 8.261003
3 6 13.621198
4 6 11.539748
4 7 11.081654
5 6 10.249743
5 12 7.736495
6 8 24.225451
1 6 11.539748
2 12 7.498450
1 10 9.815765
1 14 8.539612
2 9 6.068556
2 10 9.542864
4 19 10.899987
1 9 9.073543
4 9 1.927806
3 6 5.502048
3 19 6.992161
3 22 6.931844
5 20 6.225429
3 7 21.389208
6 11 9.789026
6 15 8.123321
2 8 7.736495
2 22 7.973493
2 10 2.602006
5 11 12.509842
0 17 6.195095
1 10 9.224768
2 14 8.123321
4 11 4.605072
4 14 3.399396
5 12 9.729528
6 8 6.601331
5 7 12.730044
5 8 8.106251
2 7 11.081654
5 7 11.269479
1 9 9.073543
5 14 2.755279
4 23 3.976100
5 14 12.183102
1 9 7.990151
6 11 7.229047
0 22 10.154151
1 12 6.586329
4 16 1.051935
0 7 11.956806
0 15 25.267406
1 16 2.088473
3 5 5.485319
3 7 5.707456
5 5 10.481363
6 23 3.600958
1 7 1.480538
1 20 13.566376
0 20 10.063383
2 10 1.850672
2 16 8.123321
6 5 11.788977
5 22 7.986327
2 18 2.278334
4 12 3.345437
5 14 8.123321
5 21 5.713730
6 20 12.854321
6 2 6.916367
2 12 6.243049
2 19 6.806583
1 22 6.491086
2 19 12.912248
2 0 12.730044
5 21 20.318119
0 16 9.073543
4 5 11.730362
3 0 11.956806
3 0 21.668179
5 7 7.861278
0 19 7.657406
3 8 6.326935
3 20 30.024019
4 19 13.499660
4 23 11.022680
1 14 9.224768
3 21 11.084445
6 18 4.613095
0 0 7.091280
4 21 5.401411
3 16 2.208453
1 18 30.231565
1 18 5.391322
0 11 5.593749
3 9 2.278334
1 12 16.765865
2 18 9.897356
2 20 10.660940
3 17 8.861804
4 17 1.003754
5 19 8.703558
6 22 6.233160
0 5 9.224768
0 12 8.119432
4 8 3.512709
4 9 4.937961
4 9 8.106251
6 11 12.389595
0 4 17.712103
0 9 7.732793
5 11 10.197750
6 17 8.369015
2 12 8.123321
3 17 5.018156
2 12 42.874950
0 13 11.400040
3 9 8.239578
4 1 5.187745
1 2 9.073543
1 6 6.864778
1 10 4.614156
1 11 7.861278
6 12 7.494861
1 11 7.115592
2 21 3.512709
1 9 4.194687
5 11 7.381302
0 4 13.854361
6 21 10.176591
0 13 2.755279
5 12 6.587722
5 6 10.229218
5 7 4.403452
1 12 8.861804
2 9 7.498450
2 19 8.260986
0 17 11.269479
1 6 12.281408
3 8 4.942602
3 21 11.330833
5 2 5.593749
0 1 12.584062
0 16 3.399396
0 22 8.576295
2 23 10.087922
4 17 8.861804
6 4 35.403145
6 18 11.463779
5 22 11.539748
1 9 7.861278
5 9 9.196212
1 7 2.460013
2 5 12.730044
2 7 1.076755
2 12 9.743320
0 20 18.882853
4 20 11.081654
0 7 14.925316
0 12 9.935937
0 16 8.916153
1 16 6.597150
1 17 8.123321
1 20 3.512709
3 15 6.815544
5 18 8.260986
2 15 8.123321
2 16 7.990151
3 14 11.269479
4 14 8.257051
4 15 9.224768
4 20 12.486098
5 15 39.366356
1 22 11.245940
1 22 11.333254
2 9 37.770771
2 21 14.407037
4 15 8.119432
5 19 6.215277
0 3 12.183102
6 7 13.855673
6 21 17.023289
1 0 20.721144
4 10 1.741809
6 18 12.100743
1 8 1.128904
0 19 12.350229
1 9 3.512709
4 1 8.648220
6 18 6.616259
4 20 11.081654
2 6 8.123321
2 15 20.419840
2 16 22.028534
5 2 7.445390
2 9 7.986327
5 19 4.071314
3 8 8.550863
0 4 10.049874
1 10 13.576175
2 9 6.815544
3 8 5.049016
4 19 21.766714
2 9 6.929136
4 11 13.169012
4 18 15.682475
0 18 5.603998
0 18 4.416118
4 8 7.990151
3 11 3.512709
0 16 6.597150
5 23 4.250836
4 15 4.449279
6 11 5.301467
6 12 12.521356
0 0 7.615613
2 22 1.107006
4 22 20.053749
2 19 13.847650
2 20 3.455123
2 22 7.029750
3 16 1.716553
4 0 6.406219
4 10 10.553956
5 9 7.736495
6 6 12.730044
1 9 4.215250
2 15 20.272343
3 22 8.257051
5 16 3.832046
2 9 3.992573
3 8 8.411148
4 14 11.054155
6 21 2.088473
2 17 2.088473
2 12 8.123321
4 15 9.123718
4 19 11.017106
2 5 10.221441
2 23 11.502924
2 23 4.529580
1 7 10.979678
0 7 8.261003
0 14 10.389050
1 7 13.037240
2 7 10.899987
3 7 9.556848
0 7 8.119432
1 7 4.325771
2 6 7.990151
3 7 17.514011
4 7 6.498656
0 7 7.611968
0 16 11.081654
1 7 3.417893
1 19 7.325547
2 7 11.539748
3 7 6.962846
4 7 8.703558
5 22 4.772167
6 12 11.420289
0 7 7.990151
1 7 10.553956
4 17 7.990151
4 17 1.974051
5 17 10.724181
6 0 3.369565
1 19 13.847650
1 14 13.639334
5 5 9.882376
6 10 8.119432
1 12 10.030574
3 2 4.613095
5 14 6.346338
5 17 4.893661
5 22 7.416151
0 2 4.053125
4 13 34.037884
6 16 2.189869
0 16 8.123321
2 13 4.259221
3 17 12.730044
4 0 10.594001
4 1 10.505059
4 1 12.314357
4 3 13.277212
0 22 8.261003
4 2 11.307448
5 19 9.946923
6 14 10.535548
0 12 11.934417
0 18 5.018506
6 13 8.508809
6 16 10.693887
6 21 8.119432
3 16 15.777835
0 22 6.219788
0 16 7.063757
0 16 7.384837
1 14 10.852669
2 11 8.648220
4 13 4.935126
5 11 12.430553
2 15 22.970373
1 9 4.692362
3 17 1.021061
5 10 8.131927
1 18 11.081654
3 20 3.193372
4 6 9.264728
4 8 7.917460
4 9 3.193372
0 15 5.869469
5 13 4.780582
