0 0 9.368809
6 7 13.009143
0 20 14.689109
1 0 5.332551
1 0 11.682414
2 23 11.352329
3 0 9.137582
4 0 12.155406
4 1 6.537666
4 7 6.788107
6 10 10.312304
1 19 6.920214
1 20 8.485133
4 8 4.396062
5 2 11.352329
5 8 9.594851
6 21 7.691371
0 11 5.026188
2 19 3.428624
2 20 6.244979
3 15 6.537666
4 7 7.627975
5 2 10.911562
0 16 9.835508
1 7 11.894117
0 7 15.302668
5 0 10.491209
5 2 4.940102
6 17 5.189243
1 1 11.537334
3 9 13.139678
3 16 12.009118
3 23 12.613737
0 0 7.130488
0 21 10.475986
2 1 12.788321
2 20 10.168323
2 23 9.134562
3 1 11.796758
3 23 16.079388
4 0 14.271923
4 2 11.544742
4 8 6.175944
6 13 11.345046
0 2 13.951707
1 14 10.549299
0 2 8.247257
2 20 20.906675
3 3 11.445722
4 23 11.345046
3 2 11.345046
4 8 7.660031
5 8 9.632260
6 1 10.153377
6 20 7.578296
0 7 9.134562
3 5 9.515294
3 14 8.222273
6 7 12.509879
3 13 5.619013
4 9 9.721442
4 10 7.877642
5 1 13.701129
2 7 6.537666
2 11 9.375921
2 21 7.500887
3 1 13.001459
3 9 9.921771
5 8 3.283536
6 10 14.671351
6 16 6.239537
6 19 6.537666
5 2 7.425124
3 12 13.482107
4 21 12.818999
0 16 5.026188
5 0 3.976888
6 11 8.298744
6 17 5.932496
6 21 8.485133
0 1 5.009648
1 19 6.544941
1 22 5.552108
4 1 4.940102
0 16 13.265557
0 19 8.836108
1 18 9.466309
1 20 4.254253
5 1 13.009143
6 21 8.022120
6 20 2.583229
1 12 9.792798
4 12 11.123279
4 14 12.632812
5 2 13.347113
5 14 8.353682
2 13 11.682414
0 17 9.268069
6 21 3.952081
0 3 14.448831
3 19 10.491209
0 2 8.036755
3 11 4.538104
0 4 5.861415
6 1 7.718479
6 13 4.396062
4 19 7.556488
6 1 9.262362
3 21 7.594256
6 0 8.170700
1 20 6.285878
5 15 7.667597
3 0 8.186794
3 2 17.097971
1 0 13.619460
2 23 9.154089
5 1 22.228970
5 10 12.843449
2 23 10.755162
0 8 13.244425
1 2 8.572434
2 7 10.226853
6 10 7.594256
5 2 13.431389
5 20 7.098480
6 11 5.635099
6 1 8.706379
6 2 9.835508
6 18 8.777724
0 22 7.499692
1 0 11.159061
1 5 9.740345
1 23 13.051597
1 2 9.097257
1 3 11.656898
6 22 6.437221
2 23 9.593848
0 17 13.297697
6 13 11.537334
0 8 16.858862
0 8 5.579357
0 10 4.601738
1 18 8.353682
2 13 8.022120
3 5 11.207427
4 7 6.343529
5 6 6.756117
6 20 9.134562
0 9 4.859117
0 9 7.451693
0 19 5.089432
1 1 6.714166
6 9 7.748507
6 9 6.045190
6 19 10.319221
0 8 11.608814
2 8 7.907129
3 23 11.159061
4 23 6.537666
6 8 10.110306
6 23 6.756117
0 4 7.651194
0 4 6.322639
0 16 10.491209
6 0 7.352466
6 1 6.045190
0 15 8.497032
6 18 4.940102
6 8 4.703910
6 21 5.374513
0 2 8.594387
0 4 14.125539
2 1 6.451046
3 5 9.446301
3 6 10.538193
4 17 14.189397
1 9 10.138563
2 3 13.299798
4 23 10.002810
6 12 11.345046
1 3 9.113107
4 18 12.825105
4 19 9.374822
6 3 5.083536
0 11 7.480250
3 10 6.756117
0 2 5.408798
4 17 6.277033
4 18 14.177029
5 1 10.105162
6 0 8.369640
6 22 7.498255
6 23 7.651194
1 22 10.824018
0 1 9.724325
0 14 11.345046
3 19 2.798497
4 23 9.865257
5 22 8.316541
1 21 6.430491
2 21 4.859117
5 17 14.211964
6 10 13.642004
6 22 4.940102
5 22 6.045190
3 9 11.159061
6 0 9.840701
6 18 8.178770
0 2 10.928107
5 12 10.463218
0 2 6.763103
0 15 10.491209
3 1 10.491209
3 2 15.817763
3 2 9.607038
3 18 8.346033
2 20 10.159742
4 4 10.312304
2 4 10.507266
4 15 9.816700
4 22 9.790009
0 19 9.175868
2 0 7.700129
5 1 11.345046
0 19 10.609785
4 1 8.999930
5 13 6.756117
5 18 6.430491
2 1 7.165658
2 14 11.345046
6 4 9.537462
2 9 9.844821
1 10 9.262526
2 15 9.113107
0 3 8.017615
2 6 10.472350
6 21 6.756117
1 17 6.756117
2 22 13.047144
3 1 6.537666
3 1 8.987230
3 2 8.186794
5 23 13.244425
4 22 9.286804
6 1 8.169407
2 1 6.537666
3 2 15.562035
4 2 10.463218
0 8 12.244722
0 2 11.942154
5 8 8.178770
5 16 11.798849
1 2 9.134562
0 11 8.757443
0 12 12.219805
3 23 7.922674
6 17 10.491209
6 22 11.121336
3 8 7.660031
5 23 8.931562
6 14 6.045190
6 3 13.085229
0 2 7.764311
2 19 4.704859
3 1 12.632812
3 21 11.537334
6 0 13.789426
2 23 9.338428
4 1 11.345046
0 1 7.778357
4 2 6.756117
6 23 6.361790
6 19 5.111378
0 19 7.514494
0 20 7.514494
0 23 5.733994
2 0 12.671582
2 5 6.217607
2 16 15.858823
2 18 6.537666
2 20 5.292966
2 21 12.632812
5 21 6.567483
0 6 5.382933
0 8 7.480277
0 22 7.764311
4 5 11.166225
4 9 10.301149
4 20 6.756117
5 5 14.878985
5 20 9.427140
0 9 8.485133
0 10 4.409074
3 0 6.465180
5 4 11.345046
0 1 9.671248
0 14 8.987230
1 2 5.332551
6 22 6.619376
1 19 8.081079
3 18 9.097257
0 20 7.104957
2 6 6.239537
6 19 8.738860
5 12 11.944693
6 0 28.837765
6 17 7.958099
5 21 4.323995
6 12 9.004398
6 23 9.465013
0 21 12.122212
1 16 5.676165
6 13 9.615188
6 22 2.853307
0 0 8.949992
1 1 9.759275
0 0 10.322630
4 21 6.239537
4 23 5.592568
5 2 7.907129
0 1 4.396062
5 0 6.557651
6 19 6.315585
2 1 5.855566
3 17 2.819798
5 17 8.247257
6 20 6.430491
1 12 12.974939
1 12 7.160298
1 13 6.646092
0 1 5.700117
2 2 10.635981
5 23 7.907129
6 22 9.427926
0 0 8.956615
0 6 7.352466
2 7 5.700117
4 0 11.159061
4 1 4.859117
0 6 12.828708
0 8 15.338509
0 9 8.046526
0 21 4.491002
3 4 4.470571
5 19 4.057903
6 1 11.345046
6 18 7.862319
0 2 5.799014
6 5 6.756117
0 21 2.508749
2 3 12.792324
2 4 9.440095
1 3 13.347113
1 4 8.052585
1 5 21.008028
3 20 7.764311
5 21 4.976674
6 1 17.211613
6 2 12.725487
6 22 5.023832
4 21 9.418619
4 23 8.353682
5 0 4.940102
5 18 10.491209
3 21 9.065590
6 12 6.645361
5 2 6.594092
1 5 12.029903
0 23 7.058079
6 3 8.197707
3 19 13.057064
5 12 8.083193
5 14 10.714132
6 2 9.587363
0 18 7.231934
4 2 12.376413
6 21 6.756117
0 5 3.372417
1 8 4.940102
1 19 12.984719
0 14 4.831051
1 4 5.245133
1 14 9.134562
4 6 7.391306
4 8 6.129062
5 0 4.060358
6 20 6.763103
5 23 9.724325
4 20 8.046507
0 1 8.186794
0 9 7.643579
3 1 6.129062
3 19 6.904817
5 0 9.388938
6 4 1.787460
6 20 9.427926
6 21 13.347113
0 5 9.969587
4 1 10.166265
4 3 5.026188
5 1 12.277799
5 22 8.150902
6 1 5.887826
6 21 12.376413
4 2 14.906619
6 22 13.819481
0 18 15.250488
6 20 8.107341
3 9 10.928107
6 10 19.665445
1 9 9.258535
5 3 11.352329
3 22 5.199505
4 1 12.128321
5 18 14.653539
0 21 12.930360
1 3 12.130320
3 23 5.270237
4 1 8.620556
4 23 9.286804
1 3 12.792324
2 1 4.940102
2 2 6.326773
4 10 6.537666
5 3 13.879102
0 19 4.121308
1 1 5.416447
0 8 8.083193
5 0 12.646816
1 2 7.502626
3 2 11.345046
0 0 11.603369
0 22 11.159061
1 0 4.053913
2 2 8.052585
3 21 8.187744
5 19 5.002249
1 10 6.843612
3 22 7.253206
0 2 4.496158
1 2 10.797382
0 1 5.537792
5 21 7.845199
0 0 11.345046
3 2 9.286804
5 5 10.428320
1 1 6.851815
2 20 8.289641
6 21 6.558166
6 1 8.623423
6 2 11.743789
3 0 13.299798
5 17 13.221823
5 19 6.862341
6 19 7.319457
6 2 7.624766
6 11 10.672226
6 23 5.321525
0 0 4.859117
1 22 13.928827
4 0 9.356732
6 3 11.305525
0 13 8.036755
6 13 15.309321
0 2 12.912862
5 20 9.268069
6 11 10.986125
6 20 10.804806
6 22 4.940102
1 5 15.723306
2 2 15.089879
3 1 9.304723
0 23 10.301149
0 0 5.239537
6 7 6.430491
0 2 10.548534
0 22 5.554230
6 7 6.648474
0 2 11.736255
0 19 6.645361
1 19 7.773615
2 0 11.345046
2 20 8.186794
6 12 6.645361
1 20 8.716887
3 21 2.449637
3 21 4.423972
4 0 9.093315
0 18 13.001459
3 1 6.333860
3 19 10.537404
3 23 6.716394
4 0 12.196352
4 1 10.804806
5 2 9.685319
3 20 16.243073
0 2 6.172612
1 23 8.353682
6 3 17.112232
2 2 12.416648
2 16 2.945787
2 20 7.809028
4 22 13.001459
1 20 8.051244
2 22 6.424555
4 0 10.642809
5 22 10.301149
6 18 6.239537
6 23 10.673064
0 0 4.832994
0 2 12.090381
0 2 15.125891
1 14 8.485133
2 5 4.560094
3 2 11.159061
3 2 10.301149
3 3 8.515476
6 19 5.008049
2 8 5.714204
4 17 9.803809
4 22 12.632812
5 15 8.346033
6 23 4.786846
1 1 11.537334
1 21 7.650843
6 1 1.879334
6 8 10.312304
6 18 6.881753
0 6 6.701584
4 11 10.578849
6 14 5.476926
6 17 6.518886
1 18 13.090438
1 22 12.388110
1 23 4.940102
3 5 8.186794
2 1 9.671248
4 10 7.763341
0 1 12.412936
1 9 15.844750
2 0 4.940102
0 10 6.756117
1 1 11.345046
1 1 6.045190
1 15 5.728896
0 18 7.368171
0 22 10.530280
3 18 7.131999
4 20 6.933877
0 22 6.629571
1 13 8.485133
5 1 2.845930
5 2 4.254253
6 0 6.378435
0 8 4.859117
4 22 11.166225
6 21 6.859334
6 23 4.940102
5 20 8.223299
6 20 8.346033
0 0 11.345046
6 1 12.851694
6 18 6.226348
0 0 8.485133
0 0 6.605874
0 19 6.430491
1 0 6.716878
1 23 6.236416
2 1 11.352329
2 1 8.346033
2 23 6.258110
0 6 11.788720
0 11 8.186794
2 20 8.591319
2 21 11.484375
4 1 14.777553
6 10 11.345046
6 23 11.736255
4 0 6.315575
4 7 6.045190
6 23 5.498171
0 1 9.714340
0 5 8.186794
1 0 8.052585
1 1 9.286804
6 9 9.122324
6 21 11.751357
0 1 6.756117
0 21 7.047575
4 20 8.425815
6 20 5.360729
0 9 5.385201
0 13 6.343529
0 17 6.430491
3 10 8.170700
6 16 11.345046
6 20 9.654591
4 11 8.572434
0 1 6.066149
6 23 8.579245
3 22 6.675317
4 10 6.424555
3 1 10.002810
3 8 11.345046
1 8 10.560991
4 22 2.224545
5 1 12.479643
0 12 5.946089
3 13 8.010380
2 12 6.537666
5 4 11.352329
1 9 11.345046
3 17 6.537666
4 22 7.955887
5 20 8.036755
5 21 9.286804
5 22 6.537666
0 1 5.895011
4 11 15.470517
0 2 5.552108
6 11 11.159061
1 0 7.446621
1 0 12.788321
3 11 11.345046
0 17 7.525764
2 9 3.709374
6 4 4.323995
0 6 7.845199
0 5 15.001683
3 19 10.363184
4 4 6.343529
5 23 8.771565
0 22 9.754765
6 0 6.756117
6 2 7.895508
0 2 7.368171
4 0 13.483811
6 19 7.495318
6 21 9.113107
2 18 5.641738
2 22 9.455478
4 11 9.624195
0 20 6.074960
2 19 6.476990
4 20 7.747455
5 2 10.453461
5 3 10.472350
5 23 8.635213
0 4 4.983677
4 21 4.396062
0 6 8.325554
2 1 13.299798
2 23 6.709123
4 2 7.238697
4 7 4.311456
5 6 6.430491
6 6 12.509879
1 15 4.976674
1 16 14.878985
3 23 11.352329
5 4 11.345046
6 2 6.756117
6 15 12.843657
0 6 11.352329
4 8 4.033675
5 1 6.343529
0 22 15.830297
2 19 8.345957
0 1 6.051418
5 17 5.719042
2 23 6.191171
3 20 6.236416
4 23 9.986245
5 4 6.343529
5 19 11.441381
5 22 6.191994
0 23 6.816507
2 20 8.820775
3 1 4.121478
4 1 11.608814
5 9 8.052585
0 22 7.520737
3 1 13.486650
3 2 15.830345
3 18 8.346033
6 20 12.632812
4 20 6.236416
5 0 10.726295
5 2 15.270976
6 17 8.766236
6 19 5.813868
6 20 6.537666
