5 17 4.221017
5 14 11.361981
0 7 1.780649
3 23 15.372242
5 13 1.320481
3 13 14.256709
6 12 8.425673
6 14 3.837289
6 21 13.940266
6 9 10.865008
4 0 18.682037
6 12 9.150462
4 10 22.628273
0 21 14.694489
6 8 8.909302
0 3 12.132748
5 0 8.950421
3 23 8.817578
3 10 7.634045
4 12 7.052475
4 12 12.518690
5 22 11.218534
6 17 18.473101
6 23 10.699839
6 3 10.755709
0 10 11.426171
0 3 9.860354
6 23 5.880323
0 21 16.380259
1 6 17.054974
2 1 10.109460
5 12 10.260142
1 4 7.634045
4 9 11.044043
4 9 5.206098
4 23 22.919241
5 5 7.629891
6 12 4.313901
5 13 8.532907
2 14 2.500485
6 2 4.273761
0 2 3.220346
0 18 3.119916
2 9 15.048666
2 12 14.201672
0 3 9.092129
2 13 7.008615
4 13 6.833448
6 5 11.120871
6 7 13.448517
1 9 3.753017
2 14 4.821811
0 18 4.500357
0 19 4.151821
0 19 7.822704
0 20 14.607105
3 9 5.264924
3 19 7.454671
5 1 4.292560
0 1 4.604746
0 5 4.248116
6 13 14.624328
0 18 13.722690
0 21 3.273139
1 8 2.559285
5 15 9.418406
6 2 12.346374
4 11 21.054083
2 15 3.632641
0 23 6.968251
4 7 11.784871
1 1 5.104783
2 1 10.089654
3 15 5.011731
1 14 17.404259
6 15 6.833448
1 3 10.677681
0 11 16.094109
0 22 2.585927
4 21 3.119710
0 7 10.710021
0 14 18.981333
2 23 7.526784
0 8 6.877283
0 10 9.817675
6 10 11.965118
0 21 11.978685
1 1 5.400428
6 22 9.527777
4 10 12.549501
5 11 14.172604
4 6 13.091305
6 2 6.731553
0 2 7.246315
1 3 15.710386
2 23 14.967046
3 1 9.110243
6 0 5.168474
0 0 10.994130
1 3 5.177102
5 0 30.435589
6 3 10.755709
4 22 17.898764
5 18 20.105108
0 11 10.081254
6 3 8.901540
1 6 13.871451
1 10 17.126204
0 17 2.212263
3 1 2.267659
4 20 7.676430
5 7 14.840638
6 11 9.722737
6 12 7.240256
0 10 6.307798
4 20 10.865008
2 22 7.210560
3 2 10.916345
3 22 3.481889
5 1 10.972387
5 23 7.572756
0 3 10.245332
0 22 17.172745
6 10 10.377249
6 13 15.897462
6 22 7.381350
6 23 5.228069
0 2 5.872396
0 2 3.678263
4 5 17.504915
5 8 10.450291
1 4 14.351114
2 22 14.552512
3 12 4.619271
3 21 16.116060
4 21 2.026255
4 22 6.891484
5 21 10.856806
1 22 7.814738
0 13 3.887131
3 5 5.686987
4 22 7.274859
6 22 10.197738
1 5 14.230862
6 8 10.340528
0 19 4.604746
3 2 6.013730
5 2 4.221017
5 16 9.174906
2 0 4.701137
5 11 15.636847
5 0 5.209889
3 5 23.430182
6 10 12.671964
0 6 17.746918
0 16 6.408072
5 21 6.029513
0 21 18.364191
0 12 9.047338
5 1 12.530577
5 11 12.338387
5 20 14.674581
0 17 21.229473
0 0 5.147582
1 18 21.398750
3 4 11.308612
4 13 3.320464
4 22 9.496094
5 14 20.490046
2 8 13.724369
1 21 17.073738
4 2 10.496703
0 0 9.695985
0 2 13.720224
6 22 6.678444
6 23 13.809893
0 14 9.979519
4 21 9.211716
0 17 4.426581
1 2 12.054377
1 4 16.975368
6 10 14.021402
4 2 11.503480
4 2 16.781549
5 19 13.655417
6 21 14.186463
3 20 15.712002
4 0 18.755463
5 15 11.804691
0 14 9.263536
2 22 6.474229
5 8 4.591667
6 3 6.762661
6 6 8.829004
6 22 5.011731
2 23 11.202894
3 16 3.174005
5 20 11.133142
6 20 9.014874
3 8 14.745018
0 8 8.041974
5 1 16.518637
2 13 5.540129
3 12 7.428034
3 13 9.363593
5 16 3.873875
0 0 3.327691
4 15 17.522572
4 23 5.799275
5 15 8.943172
6 0 6.508046
0 16 11.767647
1 2 2.624692
2 21 4.500357
1 22 4.084916
2 3 10.321758
2 21 6.128352
4 13 3.161797
1 1 7.579175
1 1 6.420817
6 11 4.474880
6 9 16.944386
3 19 19.798059
6 20 3.273139
6 20 16.571457
6 22 11.963775
0 21 15.981097
0 4 7.312087
5 5 17.545069
6 8 3.502832
0 22 15.186797
1 1 4.897223
4 8 16.498407
1 1 19.673119
4 18 13.506460
3 5 16.380259
4 21 16.167719
5 8 16.380259
6 21 18.618948
6 22 17.967640
3 11 3.896324
4 22 6.529241
6 5 7.107135
1 6 17.545069
0 1 10.309005
0 18 4.821811
0 21 4.426581
1 22 8.949624
2 5 12.241534
3 11 12.723237
4 18 5.622675
5 12 4.085192
5 0 8.813987
1 23 7.135836
3 1 11.058946
4 2 10.152549
6 0 18.697275
6 16 4.443176
1 23 7.609182
3 20 13.204918
4 23 12.810202
0 23 7.522428
2 2 10.899845
1 21 9.484465
1 23 16.380259
6 3 12.467528
6 4 10.865759
0 22 5.065221
2 11 8.114594
2 18 17.515394
1 2 8.587193
3 18 13.344169
0 20 2.348958
1 3 6.651798
1 1 7.210560
5 9 5.461013
5 10 3.277535
2 2 41.040390
4 0 6.508046
6 0 4.624070
3 14 14.801967
0 6 5.689286
4 10 6.739524
0 0 9.695985
0 2 13.720224
3 5 14.954719
6 14 21.587929
6 15 18.657698
0 1 8.888471
5 22 5.869334
5 23 15.620121
5 9 15.065337
1 14 7.178287
6 9 16.935520
6 18 12.584525
2 22 16.998209
0 11 17.634737
6 22 5.549333
6 22 11.705919
1 9 16.653263
5 5 18.572508
3 10 12.378222
4 18 21.018475
6 0 8.134733
6 2 10.755709
0 14 10.779667
1 22 9.148459
2 22 2.265145
1 4 15.618294
6 2 1.958714
0 23 9.424389
5 2 9.240470
6 23 19.384090
3 21 18.197155
5 3 20.446672
5 4 11.746014
0 12 7.822704
0 16 3.630208
1 0 8.925791
1 16 4.221017
4 7 9.382302
1 22 19.346275
4 2 12.377562
2 11 15.551490
3 3 10.321758
1 19 5.456144
1 13 12.593447
6 17 17.218126
1 13 4.267864
1 13 1.655251
4 6 16.195448
3 14 2.462332
6 6 10.152549
0 9 17.255758
5 1 5.928847
5 11 18.702896
0 11 9.585231
3 0 3.327691
6 21 11.195052
2 17 15.636847
0 0 10.805622
0 1 7.381993
1 14 4.432104
4 21 5.500935
1 0 3.166527
0 13 1.958714
0 13 15.917373
5 21 4.737218
4 2 8.901540
6 10 6.944183
0 13 17.515394
3 3 11.202894
2 19 6.651798
6 3 9.646353
0 22 12.324376
1 2 5.562717
1 4 3.327691
5 8 4.425218
2 12 5.373456
1 11 6.137601
5 0 8.314662
5 21 9.889173
4 21 7.112753
0 1 2.098622
1 23 18.764605
2 2 10.727984
0 0 2.456631
0 23 18.096043
4 20 9.549654
4 23 15.987105
0 21 16.653263
3 23 13.590464
4 18 21.054083
0 17 15.083691
5 9 6.009413
1 4 5.092401
4 1 13.511832
4 5 10.321758
4 12 6.514874
0 9 9.865687
1 0 9.707040
4 9 8.888497
5 10 5.507004
6 1 5.248170
4 13 17.199932
5 15 10.129766
5 22 3.119710
0 1 10.945149
1 18 18.473101
4 14 16.653263
5 12 5.072018
5 23 6.833448
1 9 18.780985
5 22 1.678897
6 8 3.502832
1 1 10.152549
1 10 6.721425
3 10 9.065605
6 22 15.636847
6 20 9.964713
0 11 8.953408
0 5 10.964254
0 7 18.780985
1 6 17.446018
6 22 1.958714
6 10 7.634045
3 22 10.132887
2 2 10.152549
2 22 9.239135
4 13 5.673657
4 20 9.710016
1 8 3.726702
6 6 9.038659
1 1 5.502501
3 3 11.695205
3 4 13.050486
0 10 5.483239
0 12 11.189609
4 6 20.293018
3 14 19.494520
4 16 15.897462
6 7 11.260099
6 5 9.683204
6 21 16.653263
4 6 3.108207
4 12 10.474219
2 8 1.006159
0 2 10.916345
6 1 10.083477
6 13 12.234192
0 23 14.029297
2 0 16.613417
5 23 2.456631
2 20 14.351114
6 5 13.165767
3 0 8.793101
5 16 9.145084
2 2 5.400428
5 3 9.656576
5 12 10.768894
5 14 2.456631
6 21 16.128555
0 5 17.522572
2 1 12.584525
4 11 13.571432
4 18 3.976401
4 20 5.942405
6 9 11.126595
1 6 6.833448
4 12 23.537714
4 12 9.389112
5 7 7.306263
6 12 9.393646
3 11 10.926202
4 11 5.911667
5 22 18.981333
6 21 9.211716
0 23 1.584615
6 17 9.569250
0 1 4.407718
1 16 17.895315
6 1 4.355722
4 16 13.241628
0 10 7.285576
6 5 6.541537
6 6 10.321758
6 15 4.366570
0 0 8.960895
2 19 15.139329
4 23 8.305645
5 13 11.116243
0 0 3.220346
0 23 3.930227
2 10 3.630208
2 12 9.212168
2 21 9.754058
4 14 2.852306
1 0 21.697557
6 15 15.612433
0 3 8.291838
6 1 15.636847
0 3 12.758405
0 6 11.503480
2 13 11.428666
2 23 18.770288
1 21 8.305645
0 2 17.228258
0 8 12.364224
1 16 8.635239
4 1 16.506443
4 20 13.371703
4 20 13.938812
6 9 9.537364
6 23 3.220346
0 4 9.988798
3 15 16.653263
6 19 8.127581
3 23 6.473761
3 6 9.383416
5 20 8.913641
6 12 17.054974
3 17 5.501902
3 18 8.206895
2 0 5.797398
2 21 3.609225
4 9 6.307798
4 21 3.565277
5 2 11.238856
0 1 7.614594
1 7 12.505628
1 8 9.211716
5 10 15.987105
6 8 13.108962
0 10 8.735248
0 12 4.740729
1 21 17.842781
3 16 19.200916
5 20 12.252527
0 14 11.950861
2 0 15.284672
2 1 8.179334
6 14 10.599938
0 0 5.474818
0 23 10.930616
5 22 4.965903
3 1 17.022823
1 19 5.191305
1 21 9.295004
2 0 4.159614
2 1 9.869823
5 1 11.472512
5 11 10.039408
6 3 9.227491
6 6 5.711609
2 1 9.038659
2 11 6.495487
2 18 19.107704
4 1 11.309643
5 1 11.111276
5 17 2.026255
5 18 7.363724
5 21 6.940333
5 23 9.212168
0 19 3.056404
3 0 10.737388
6 5 10.539644
0 21 3.169230
1 13 4.849906
2 23 6.541537
5 16 7.812576
5 21 7.668617
