0 12 3.677035
0 20 7.002568
3 13 12.969489
5 20 8.935600
2 14 6.120718
3 12 8.397472
4 9 2.584844
4 9 4.557095
1 12 9.286015
2 13 7.836308
2 13 17.886147
3 9 40.835781
5 9 6.472071
6 7 7.416214
3 12 7.119278
1 14 7.578918
2 0 11.797505
4 7 2.962891
5 8 2.914319
5 23 13.794111
5 23 3.041227
0 8 31.620888
2 16 1.702567
3 23 5.272282
5 14 1.262050
2 15 2.231241
5 1 11.396991
6 17 6.788507
3 16 8.028516
2 11 7.444493
4 16 6.472071
6 2 7.119278
1 18 9.718705
2 14 11.983029
4 0 15.342730
6 2 10.839632
5 14 2.850323
4 7 6.688950
3 21 9.077435
4 20 7.002568
2 8 7.875029
5 15 5.177181
3 4 7.457651
4 18 7.149208
0 20 4.279828
4 20 12.874424
2 0 10.837164
3 11 9.018641
4 9 8.079122
2 8 6.270890
6 17 8.134378
0 21 8.865986
4 20 8.494205
2 23 5.083987
6 18 13.328591
3 21 7.119278
4 0 2.206706
5 16 1.646924
6 2 9.531307
1 16 1.716119
6 19 8.935600
0 8 15.759334
0 23 8.571817
4 15 8.533336
4 14 4.016454
6 0 16.605978
6 13 6.788507
2 0 4.745054
0 23 11.735523
6 21 9.375056
0 13 7.002568
0 7 4.448488
1 12 13.550735
2 10 16.128229
4 17 2.914319
2 3 9.535991
3 0 14.028354
5 18 5.476367
2 10 7.347986
4 17 8.798129
0 5 8.432521
5 23 7.382221
2 10 2.539621
4 12 3.543723
6 23 12.150527
0 10 2.914319
3 7 13.338724
6 11 2.734977
6 23 10.962167
6 18 7.239944
6 17 8.445523
2 12 10.397789
3 16 7.322452
5 11 11.275865
0 22 11.185421
0 20 12.440374
6 8 8.627371
6 1 15.857953
0 3 1.584592
5 11 7.119278
0 1 12.392009
4 15 11.931116
6 17 5.407046
1 10 8.216056
3 19 7.453515
5 9 7.119278
1 22 9.077435
3 21 11.657964
4 2 15.393595
5 3 8.882763
0 7 7.322452
4 0 9.375056
0 1 9.531307
4 0 44.626934
6 15 9.375056
4 8 9.018641
6 20 9.732514
4 10 12.473741
4 10 10.330531
1 14 6.965483
0 1 6.963418
4 13 7.493977
5 7 5.031137
2 12 7.161767
5 16 7.946677
5 14 2.700405
1 17 14.395330
5 14 9.047584
1 2 3.955598
4 23 7.119278
6 13 11.914134
2 23 4.351158
0 18 11.948018
2 22 9.798201
6 17 3.776098
0 19 6.102238
1 21 9.531307
6 22 13.351621
1 15 7.416214
1 15 11.300630
2 7 11.061257
6 11 10.042058
4 16 7.002568
1 22 10.051771
2 23 8.376698
3 20 6.470528
5 22 21.111809
4 16 6.690430
0 1 4.745054
2 21 4.908677
1 11 4.351158
0 5 9.375056
1 18 14.727119
1 13 11.139940
2 9 7.373625
4 8 9.075399
4 10 9.262280
4 13 10.455868
4 15 7.444493
4 5 2.962891
5 8 6.472071
1 9 4.817555
3 15 5.272282
6 15 11.437651
5 18 9.576256
2 10 2.503852
6 0 8.614183
4 9 13.590728
1 10 7.324665
4 14 3.628030
0 21 19.588751
4 16 6.367548
0 3 9.283280
4 14 32.948021
5 18 5.957879
1 10 5.063892
0 3 8.248766
0 3 15.116606
0 3 14.969506
1 10 13.328591
2 12 21.701101
3 11 7.730264
4 7 16.090105
2 8 8.079122
2 14 34.829437
5 11 7.627798
1 21 11.797505
3 10 4.825479
6 17 4.996582
3 16 7.282560
4 13 8.079122
1 1 7.002568
5 4 12.550467
0 15 7.283153
2 20 4.380050
2 8 10.495833
4 7 6.175701
4 16 6.874954
6 1 11.948018
2 9 9.375056
6 19 5.379603
6 19 13.522780
6 23 6.197471
6 22 12.184920
2 12 6.965799
5 15 6.473177
2 9 9.183976
3 9 6.889624
6 20 9.874140
0 0 10.590341
3 5 10.212114
4 9 9.180518
2 14 4.757134
0 13 6.682132
4 14 6.930742
6 21 10.374884
1 16 11.271369
3 7 11.271369
4 19 8.935600
5 13 8.059560
0 15 7.508285
4 8 7.002568
3 10 8.939991
4 5 4.745054
6 18 5.729413
2 2 10.402899
1 13 3.745152
3 21 7.493977
4 18 4.938152
5 0 8.943544
6 23 8.336307
2 14 9.088440
3 13 2.962891
3 20 7.325006
3 22 13.187616
5 14 14.012909
5 22 20.235304
1 14 5.434021
1 20 7.002568
2 10 6.889624
4 9 10.782615
5 16 2.962891
2 17 14.056492
5 19 7.946677
0 16 14.671646
1 7 8.984425
3 11 19.620173
4 22 10.397789
1 0 9.694945
6 14 7.137264
4 18 8.798129
5 13 11.735523
6 20 11.546241
5 8 11.325606
1 22 6.919603
2 18 15.994812
4 13 7.519063
4 8 13.737079
0 1 3.701027
0 1 6.817221
0 3 12.341292
1 5 10.502707
0 12 10.160464
1 0 8.901546
2 12 4.380050
3 13 2.714086
3 13 5.394113
0 22 7.436968
0 13 7.836308
3 17 9.286015
1 4 14.097681
2 19 7.239944
0 1 2.914319
0 8 13.084949
4 4 7.119278
2 14 3.303157
3 10 7.493977
5 13 5.640419
1 13 8.901546
1 16 3.133438
4 17 5.550036
4 18 6.120718
1 14 7.119278
2 23 5.640419
3 7 4.746718
6 19 22.464813
2 14 3.620314
4 17 12.960949
5 20 9.531307
4 9 5.125920
6 22 7.833951
0 14 4.265111
6 22 7.671946
2 2 10.402899
0 18 9.375056
3 20 6.467496
0 11 37.151402
0 14 4.460872
6 19 13.393673
3 8 10.032955
5 9 7.694401
5 15 4.351158
2 8 8.373625
2 19 10.575786
3 17 2.319313
3 12 9.838517
6 4 11.931116
6 23 9.171046
4 13 15.176102
4 19 7.627798
0 5 13.550735
4 20 7.161767
0 14 10.370712
2 12 8.361187
6 15 9.859973
4 15 2.821631
3 19 8.079122
5 14 7.627798
6 12 10.590341
2 2 22.402361
2 8 2.962891
3 21 14.772530
3 11 10.241158
0 0 7.541913
2 23 39.202583
4 14 7.925621
1 11 2.914319
3 9 4.279828
3 7 8.944135
0 5 7.239944
6 19 5.244596
0 4 12.333015
0 8 13.037102
1 20 21.487724
4 19 6.138657
5 9 21.261835
6 5 2.856933
6 5 2.926333
1 23 7.766485
4 0 4.351158
6 14 40.162437
0 9 11.914134
1 13 8.566740
