0 0 2.141798
2 22 6.728429
4 6 8.472027
0 0 5.927505
0 11 9.777423
1 18 7.250396
2 2 5.185780
4 1 5.738185
5 22 4.065786
0 19 5.090326
1 9 6.489651
1 14 3.361188
1 21 4.590563
5 1 5.886512
5 21 2.648380
6 2 1.539544
3 0 3.378611
6 2 3.197057
1 16 4.641179
2 19 2.193254
0 23 8.907469
6 22 3.509297
0 14 9.014814
6 1 6.723094
0 2 6.174967
0 12 5.050441
6 0 3.998023
0 18 6.450922
4 23 1.634285
2 2 3.197057
3 2 3.743382
5 23 4.553676
2 1 5.260003
6 2 3.425418
6 1 8.477118
0 16 2.036325
4 13 16.310083
5 0 3.932482
0 0 3.769344
1 6 10.839751
2 7 7.574055
4 0 2.094979
6 19 4.442248
2 11 3.690483
2 14 7.137472
3 11 3.042085
4 10 3.932482
5 3 7.377415
2 0 2.005260
2 14 3.807896
3 11 4.152403
3 12 6.056046
4 11 8.985639
4 14 3.405231
5 15 8.885031
2 14 3.998023
3 12 4.861145
5 12 7.573079
0 1 2.561797
0 19 6.292284
1 20 4.939661
1 20 4.820337
1 22 8.471383
6 17 1.890541
5 2 5.886512
0 1 3.690483
0 2 5.578637
1 2 9.030686
2 17 3.581363
0 23 10.830327
1 2 7.340104
0 3 9.348377
1 1 7.996047
1 23 2.532518
3 23 7.470169
4 0 7.768991
5 0 2.857666
5 2 3.197057
5 14 3.748147
0 12 1.974066
4 19 6.728429
5 3 3.807896
4 21 9.990289
2 0 2.143911
0 1 6.834183
2 21 3.932482
3 0 1.685158
3 0 5.886512
3 3 8.668027
4 0 5.018304
4 2 9.406989
5 14 3.944782
6 0 7.270960
6 23 6.328386
2 21 5.817593
3 0 11.623035
3 2 7.139909
3 2 3.392485
0 21 5.260003
5 2 7.404350
0 3 3.867628
6 1 2.780050
1 3 4.077575
3 21 4.703557
3 22 7.184177
6 0 9.635651
3 5 6.623026
6 22 2.880116
6 23 1.986395
0 0 8.134304
1 4 1.954672
0 19 4.283597
1 0 5.790011
1 2 3.245990
6 15 2.339471
0 0 9.266036
1 20 6.379459
6 9 3.998023
6 15 6.117589
0 0 2.476357
0 8 8.098174
2 0 4.613104
2 1 6.618126
4 6 2.339471
4 7 17.355862
5 5 9.573757
0 9 7.354937
1 6 18.401934
5 7 5.466449
6 12 8.256955
3 23 3.619310
6 1 11.281047
0 1 3.676012
0 20 6.210857
5 2 6.061807
1 23 5.882693
2 0 1.248085
5 2 6.663372
4 2 6.988630
2 1 7.234365
6 18 4.809583
1 0 5.519483
1 10 4.945692
4 1 4.324071
1 9 5.185780
2 3 9.249569
1 2 5.466449
3 3 7.915798
5 2 8.912042
4 0 10.524882
0 2 2.053393
5 1 7.130151
2 0 5.100767
6 21 3.195678
6 23 5.496917
0 1 3.197057
5 0 3.998023
6 2 7.693170
1 17 8.882859
0 8 3.612336
0 23 2.132617
1 15 6.595310
5 22 7.339539
6 1 4.855609
6 2 14.615314
0 17 5.760390
1 22 7.283414
1 23 6.187852
3 1 3.363418
3 2 3.998023
4 2 3.998023
0 13 5.383461
0 6 2.998518
1 19 4.961753
4 1 2.159511
4 2 3.816657
1 23 8.158736
6 21 4.838140
0 1 2.193254
0 1 7.055335
0 2 3.807641
5 0 4.678941
6 1 3.634567
5 23 5.984252
6 2 4.710451
4 14 3.527668
4 23 7.459096
5 0 5.848677
5 0 6.210293
0 2 4.237912
0 2 5.103859
0 2 2.462601
1 2 2.915148
1 3 14.296212
1 19 9.298429
1 1 6.618126
1 2 6.288944
2 1 11.673363
3 1 5.886512
3 20 2.216927
4 12 7.751571
0 11 9.030686
0 12 5.893020
3 15 4.471109
0 15 1.938743
0 18 2.699460
6 4 10.878898
0 23 3.822618
0 23 4.128478
3 0 7.814020
6 0 3.776710
6 2 1.224150
0 13 3.807896
6 9 5.466449
2 5 7.354937
2 21 3.932482
6 21 6.058463
0 2 9.237325
0 9 2.748128
1 1 5.376835
1 23 7.479597
2 2 1.008041
2 2 8.547412
2 5 7.046002
2 6 2.252340
3 21 9.497791
5 12 3.603392
6 19 10.949857
0 9 2.275407
2 3 10.495030
5 6 3.644194
5 17 3.387635
6 3 4.065786
0 1 1.931568
0 8 7.634508
1 7 5.728260
0 20 5.466449
5 22 6.355607
2 13 2.339471
0 21 1.156817
2 18 4.112363
3 18 3.998023
6 14 2.952292
6 16 5.314930
1 19 1.657633
1 19 1.859549
5 23 3.998023
0 6 8.233042
1 20 5.528864
2 10 9.742553
3 11 3.870352
0 2 21.329859
1 23 7.172731
2 1 5.635718
4 23 6.244991
5 2 2.044539
6 23 5.999696
0 22 3.197057
1 13 5.441382
0 0 6.857867
4 1 7.139256
0 1 8.418727
2 20 4.769229
1 1 5.260003
1 4 10.588084
6 0 6.483281
0 4 6.895254
6 17 3.644194
0 0 6.631318
5 1 5.401935
2 2 5.260003
2 17 4.208446
5 23 9.237325
2 1 10.775009
2 15 11.772660
6 1 4.737680
6 10 8.384746
6 16 7.395404
3 14 6.601734
6 15 2.121171
1 10 2.354393
6 7 5.790011
2 13 5.418505
6 13 3.998023
0 18 3.394586
4 0 3.197057
6 20 4.632131
1 17 7.573079
2 22 4.000944
4 0 3.230174
4 2 5.716663
5 1 7.546330
5 2 6.975010
5 3 11.243929
3 2 5.764060
0 3 6.693611
0 3 6.836873
0 21 15.620275
4 14 3.461984
2 22 4.528086
3 0 6.603039
3 3 5.886512
3 21 3.932482
4 1 7.388233
4 23 7.269133
5 2 7.979277
1 23 3.656029
6 2 5.376835
0 22 11.334612
1 9 11.392530
0 9 2.301119
0 10 3.416289
0 10 16.087528
1 23 5.986283
2 19 5.548748
2 23 1.185930
0 7 13.566848
1 8 8.860356
1 10 1.567780
2 18 3.197057
2 18 1.863658
1 1 10.260782
0 7 6.728429
3 1 8.809290
2 2 8.642839
2 20 8.314184
0 18 5.401935
0 20 5.835519
2 11 4.637056
5 19 3.612336
5 20 2.979433
0 20 3.989732
2 17 5.260003
3 20 5.018497
3 22 3.331686
4 2 7.821390
4 20 2.062618
5 3 12.004301
5 3 6.151306
0 3 9.083369
0 21 5.606202
1 3 5.401935
0 0 4.855609
2 22 8.905749
4 20 6.238970
5 1 10.165665
6 18 2.568428
0 22 3.580319
2 17 2.906415
2 23 3.748147
6 1 3.998023
3 22 2.648457
3 23 7.207973
4 0 5.924716
6 1 3.998023
0 2 10.077456
3 1 2.476357
4 23 4.781821
1 15 5.376835
1 16 3.685061
2 0 6.559739
5 2 9.229597
1 2 5.466449
1 4 4.094037
3 1 3.307300
3 2 3.998023
4 2 5.886512
0 2 1.390025
2 19 5.124796
0 1 5.144701
0 11 9.181198
0 21 5.556193
1 0 5.185780
1 1 5.349156
2 22 2.619847
3 6 8.334772
4 3 2.019828
2 21 7.956537
3 2 5.536845
3 19 3.104997
4 0 5.850766
1 2 6.997984
1 21 5.696624
2 23 10.166965
3 23 1.866091
4 1 9.083369
4 2 9.223105
0 0 8.617441
0 2 7.388233
3 22 6.201420
3 22 4.127261
1 2 19.972855
2 0 3.461984
5 20 3.197057
6 0 8.328554
0 8 6.257112
1 23 5.313344
3 23 14.490109
6 19 3.197057
3 1 5.738185
5 2 7.379692
3 18 3.580319
4 0 4.875021
2 13 5.738185
5 23 15.596471
6 11 5.290112
2 0 5.206142
5 9 5.654947
6 0 6.546501
6 23 10.495317
0 16 2.839002
1 19 4.283597
2 12 3.807896
3 1 9.083369
3 2 7.634508
6 19 10.506488
5 1 5.376835
5 2 11.108109
6 15 2.579370
0 2 5.564299
6 23 17.546030
6 23 7.195579
4 1 3.509421
0 13 6.728429
1 0 3.612336
0 22 8.924870
1 21 6.847596
2 0 6.663976
2 1 6.307902
2 2 7.354937
2 22 6.069234
3 0 4.500875
4 10 4.371056
5 2 8.547024
6 8 6.162837
0 12 4.280338
0 13 2.473743
0 14 4.643982
1 8 7.509352
4 2 12.616447
4 2 3.807896
4 4 9.181198
6 22 2.822134
0 1 7.168254
6 7 3.675303
1 9 8.361397
4 13 6.276054
6 11 2.443757
0 8 5.886512
0 10 5.260003
0 13 6.748177
0 10 8.828382
1 16 4.038248
1 18 2.358539
1 21 2.264004
4 6 9.909130
6 23 1.968815
0 2 2.285969
0 3 5.963399
2 1 5.738185
5 19 5.260003
5 3 6.546501
6 23 10.107560
0 4 5.270626
1 13 1.967195
0 21 5.260003
0 20 3.644194
0 23 4.493138
5 18 3.376402
6 2 6.993202
5 19 3.644194
3 1 9.412268
0 0 5.519058
6 2 3.619310
3 0 5.984464
5 1 6.586511
1 0 5.872698
3 21 8.395117
3 22 5.856910
5 1 3.637222
1 23 5.794709
1 23 6.842470
3 1 6.491210
3 2 3.682015
4 2 6.929312
5 1 11.499722
5 22 6.764718
3 23 6.067302
5 5 5.654947
6 20 2.064239
4 21 1.864270
3 20 3.489661
0 7 2.699389
1 15 2.301119
0 3 7.203241
1 6 5.696624
1 20 4.230996
1 0 1.004661
2 22 7.823928
0 3 5.401935
4 3 6.009496
4 20 11.653463
4 20 3.119294
4 20 3.932482
0 21 13.289501
3 2 6.764718
5 0 2.019828
6 2 5.885981
6 2 8.505219
6 6 5.173774
5 1 5.376835
6 2 6.482322
6 3 7.742039
0 8 10.669948
1 21 6.603039
6 19 8.957899
0 2 5.118706
0 9 3.998023
3 0 1.693022
3 1 5.592057
4 22 3.998023
5 22 5.963399
0 22 6.589692
0 22 6.455107
1 10 13.465755
2 0 8.523560
4 1 7.877661
5 0 7.742039
5 3 7.699236
5 4 10.971518
5 4 5.466449
5 4 9.709878
1 3 6.417985
3 20 3.944782
4 1 4.255310
0 9 9.447183
1 0 4.079889
5 0 9.612041
6 3 3.580319
0 2 9.127815
