1 11 7.724822
1 17 5.349463
2 20 7.434440
3 21 15.239120
3 22 8.186223
6 12 10.790661
0 2 8.522449
0 2 10.034769
0 2 6.904639
3 22 4.172423
4 17 8.095510
5 23 13.660764
6 21 10.222979
0 2 12.746373
1 18 8.186223
3 21 11.334971
4 21 8.486006
0 17 6.492046
0 18 3.466538
1 18 9.918543
5 10 6.962965
6 12 3.851467
6 22 15.338427
0 11 12.641331
0 17 5.260305
2 12 11.936467
2 15 7.671821
2 21 6.441189
5 9 2.273751
6 0 3.628194
0 12 6.918831
2 12 12.134184
3 18 4.341133
4 12 6.995420
4 23 5.109089
5 19 6.066631
6 3 17.141649
6 13 8.961023
0 8 13.738198
0 19 13.128164
6 12 9.504861
4 1 9.944882
1 20 5.156092
3 9 6.629125
4 9 2.696593
1 8 4.134666
6 13 4.933628
0 1 3.413544
0 11 10.180117
1 9 4.050130
1 11 13.145764
1 14 7.070914
5 0 14.579658
5 12 6.791448
6 9 6.741306
6 21 12.017942
6 22 8.900874
0 0 14.113938
1 12 16.108465
2 10 13.748263
3 18 11.134524
3 19 12.313273
4 0 10.113440
5 18 10.786926
2 19 9.683659
3 14 6.223287
4 22 5.868845
5 10 5.539033
6 1 11.907350
6 2 9.854359
6 11 10.380795
1 11 13.554562
6 22 7.673613
6 23 7.404363
0 18 10.132655
0 19 12.946351
1 13 8.807953
3 11 10.326276
4 8 5.198136
4 14 14.689649
4 21 13.185256
5 8 8.121664
6 19 14.481738
6 22 9.989056
0 14 6.392848
0 19 9.488668
1 10 6.904639
1 14 10.627543
3 9 7.034145
4 9 6.401942
5 18 8.755083
0 0 12.134184
0 2 8.755083
2 12 11.795227
2 18 8.454659
3 8 3.142628
3 9 4.878251
3 10 18.756292
4 18 10.722934
4 19 5.703361
6 0 10.498381
6 11 3.709804
6 14 7.034145
6 20 9.159046
0 0 11.924773
0 1 8.770137
6 3 10.782161
6 3 10.697284
1 7 7.820917
2 13 4.753672
2 20 7.233890
4 13 1.732194
4 20 8.930425
4 21 12.611807
5 20 10.242744
6 0 12.205883
6 2 10.661285
6 3 9.529977
6 20 14.586849
0 4 13.128164
1 13 13.776768
2 14 9.567422
3 15 9.482845
4 10 10.825294
5 21 1.649709
5 23 11.860377
6 3 10.531145
6 18 8.523046
6 23 4.820554
0 21 13.146845
1 8 2.651650
1 13 13.542343
1 22 7.230943
2 12 11.156845
4 20 7.153368
6 4 6.694869
0 14 8.275465
0 22 7.682255
6 19 5.374344
0 0 10.788466
0 12 10.920765
1 20 1.484738
2 16 11.816041
4 8 5.033116
4 18 8.910379
5 11 7.422367
6 15 5.486764
6 22 10.109659
4 14 5.374344
5 6 13.654108
5 10 2.651650
5 23 9.476934
0 1 11.122156
0 11 8.052023
1 16 7.020763
2 19 9.543983
3 3 3.492653
3 23 7.416206
6 17 8.468507
0 4 10.102019
0 10 8.186223
6 17 8.347857
0 0 9.864190
0 18 5.073274
1 9 7.746699
1 18 7.682255
3 12 4.904929
3 18 7.354555
4 11 14.648903
4 20 7.261614
5 0 16.759359
5 11 4.172188
5 12 10.119389
5 15 6.045543
5 18 16.201761
5 23 8.468507
0 10 13.550434
0 20 9.396575
2 11 14.689649
4 15 12.683453
5 21 12.342441
0 0 14.864156
0 16 8.587238
2 13 13.999013
3 23 5.623980
4 21 6.422368
4 22 10.991454
5 1 10.496405
5 22 3.817695
5 23 7.909724
6 9 11.058025
6 14 3.299760
6 19 6.730739
0 2 13.476707
6 16 4.642432
0 1 12.234372
0 16 12.021768
1 17 12.952399
1 20 6.376208
2 20 7.556513
3 21 5.531784
4 1 13.999013
4 9 2.410591
5 19 6.762645
6 19 10.697284
0 21 9.579758
1 5 18.223753
1 13 13.878706
1 17 11.440069
1 21 10.034769
2 7 7.682653
2 13 11.724707
3 8 6.235491
3 20 10.194232
4 19 7.922151
4 21 13.520421
2 12 10.072032
2 14 11.765758
2 15 9.128029
3 17 5.319224
5 20 36.235542
6 0 10.414471
6 20 11.336046
6 21 11.158361
0 20 14.154272
1 7 9.497741
1 17 5.531784
2 1 14.647123
6 22 10.854379
0 2 7.034145
2 20 11.913562
2 21 8.288178
3 7 11.198435
4 22 7.850611
5 1 14.966993
5 15 10.491075
5 19 13.884741
0 12 5.623980
0 13 7.355601
1 20 11.137103
2 2 14.116153
2 15 12.234372
2 17 9.842435
0 19 12.894640
0 22 3.290983
2 22 14.670997
3 8 8.564938
3 15 10.180117
3 16 7.673613
4 20 8.186223
5 13 7.674584
5 16 9.524172
5 19 3.613089
6 9 14.998942
1 9 9.321410
2 23 3.851467
3 15 10.713128
3 21 8.172502
3 22 12.695947
4 21 19.963776
4 21 12.598057
6 22 11.076175
0 1 14.609164
0 22 7.585118
1 8 12.991458
6 19 6.852954
6 22 5.006813
0 1 4.975495
0 2 9.644321
1 11 8.070701
3 1 6.605804
3 23 5.156092
4 12 5.095001
4 13 13.336525
5 2 4.466004
6 3 6.786044
2 6 4.954473
2 12 3.299760
4 2 4.090781
4 5 7.144491
5 12 4.066515
0 1 3.059596
2 0 5.047231
2 0 7.215394
2 22 10.256448
3 3 6.239794
3 3 12.234372
3 22 7.570846
4 17 2.575270
5 2 10.590987
5 2 3.524313
5 5 12.341093
6 21 7.684649
0 4 15.502930
1 3 10.072032
6 11 8.389690
0 0 12.858720
0 0 4.623024
0 1 11.772125
1 14 8.123528
1 14 6.853661
1 23 6.135251
3 4 15.502930
3 23 12.234372
4 20 5.844783
5 22 27.465460
6 1 6.276944
0 21 14.864156
2 5 4.703078
3 20 11.792169
3 22 10.796235
4 1 3.915904
4 21 10.204849
5 2 9.162106
5 22 12.642559
6 16 10.045687
0 0 8.121739
1 9 6.893180
1 13 9.567422
3 19 7.390277
3 21 10.201474
4 11 8.347110
4 14 1.732194
4 22 3.109688
5 0 9.122517
5 6 6.629621
5 22 5.191366
6 7 12.135408
6 22 7.268041
0 0 11.507731
1 7 6.462831
6 23 5.865170
2 13 10.783426
3 22 10.525606
4 2 8.523046
5 11 1.365418
5 13 3.356489
5 14 10.886134
5 22 11.932680
6 21 9.807244
1 2 10.520547
3 1 15.502930
6 18 10.190134
0 2 12.325759
2 22 12.598794
4 11 12.878286
6 4 8.523046
6 6 7.954950
6 21 11.201916
6 23 12.896078
0 1 9.863315
1 2 15.735004
4 19 8.626364
5 20 15.894285
6 11 11.150209
0 20 11.452779
1 2 12.922166
1 19 8.961292
1 22 16.700476
3 17 17.197571
3 23 7.539809
5 17 10.072032
6 0 12.878286
6 15 15.271651
0 14 12.916199
0 21 8.755083
2 21 12.270389
6 7 14.331800
6 22 15.714561
0 8 10.491075
2 20 13.999013
3 14 10.517476
6 0 16.409422
0 0 5.531784
2 20 10.317807
5 10 11.756565
5 20 11.053805
5 21 10.947021
6 23 6.116372
2 8 5.284772
4 8 10.498381
5 7 11.592648
6 9 12.524257
6 22 8.770137
1 9 7.673613
0 7 9.162106
1 1 9.991500
1 19 13.322557
2 20 15.650714
5 10 4.106104
5 14 3.524313
6 11 10.963761
6 13 10.263807
0 12 7.034145
0 20 11.821405
1 20 12.241076
2 12 9.121155
3 23 17.331244
4 12 13.128164
5 14 6.791448
6 13 11.674791
0 9 10.920765
2 16 11.528183
3 19 10.279483
0 18 8.926689
1 0 7.321021
3 12 14.897104
6 2 12.027228
0 20 10.478271
1 18 10.498381
1 23 14.809941
3 9 3.299760
5 21 8.052023
6 1 5.114295
0 0 8.665097
0 1 7.947160
6 16 5.967664
6 23 8.018746
0 0 6.506329
0 13 12.270389
2 12 5.962923
2 13 12.706720
3 10 3.304044
3 11 8.052023
3 18 9.472754
4 23 10.034237
6 10 11.672767
0 15 3.466538
1 11 3.466538
1 12 10.306496
1 23 12.946351
2 12 7.034145
3 13 11.043237
4 13 3.299760
4 14 6.879632
5 6 11.198435
5 8 5.869833
6 9 7.682255
6 11 3.524313
6 22 4.694352
0 12 5.284772
0 15 9.167182
0 21 6.736643
2 10 5.774186
2 12 6.811250
3 10 11.046720
3 15 12.329858
5 7 5.090260
6 10 4.954473
6 21 9.944882
6 21 3.299760
0 12 10.498381
0 13 7.715581
0 14 5.090260
6 21 8.344377
6 23 6.736643
0 1 17.581524
0 3 10.867530
0 11 13.350676
0 16 21.503944
1 9 5.871969
1 9 5.608609
2 0 18.454998
2 11 1.732194
2 13 5.967664
3 13 10.602141
3 14 2.978293
3 18 11.152341
4 13 4.338010
5 8 5.260305
5 14 3.524313
5 21 15.385078
6 20 14.295874
1 22 9.290086
2 9 1.574722
4 9 7.020763
5 9 6.392848
0 6 4.160179
0 7 3.844706
0 14 3.299760
2 11 6.650679
3 11 8.272319
3 21 4.241883
6 1 10.033064
6 2 8.439141
6 22 8.218812
0 0 13.273528
0 23 10.988408
0 7 14.348850
0 9 14.156339
0 9 13.128164
0 12 6.730739
0 19 8.755083
1 9 6.810418
1 12 5.011476
1 21 10.636891
3 8 3.528727
3 9 8.755083
4 2 7.790636
4 23 5.716506
4 23 2.575270
5 6 7.715581
5 11 10.498381
5 17 8.866553
6 10 11.932680
6 17 8.770137
6 19 12.499133
0 20 7.001474
1 16 13.339410
5 9 3.509189
5 21 12.693505
6 18 12.135408
6 20 8.909372
6 21 8.186692
0 0 7.416206
0 1 13.999013
1 9 2.566113
1 14 13.810748
2 22 5.683490
3 0 7.438910
5 13 12.206895
5 19 11.727414
6 18 9.998458
6 22 10.498381
6 23 11.552572
0 1 12.611595
0 2 9.592411
0 9 5.678975
0 0 10.092505
1 22 5.442562
3 20 8.560199
0 19 13.878706
1 14 13.128164
4 10 5.767610
4 18 10.484054
5 1 15.699821
6 0 6.277548
6 2 18.422741
6 10 7.106657
6 18 7.669064
0 0 11.004488
0 1 5.623980
1 11 10.414471
2 7 7.253984
3 12 8.770137
4 17 7.034145
5 2 19.818874
5 16 8.053790
5 20 11.563331
5 23 3.239816
6 16 5.895666
0 10 10.069363
0 22 14.681247
1 11 12.600883
6 21 14.660630
4 7 9.415417
4 18 14.246152
4 21 4.146251
5 15 8.770137
0 9 7.534867
0 11 12.267574
0 12 13.999013
0 19 11.854263
0 22 11.653768
1 1 9.990042
3 19 3.193316
3 21 16.548285
4 16 6.394677
6 3 14.321634
6 16 9.980413
6 22 10.657090
0 12 5.174070
0 22 6.116500
1 18 10.498381
2 12 13.311185
3 10 6.631396
3 21 10.400729
4 17 7.276702
5 14 5.092192
5 15 4.900345
0 13 10.745402
1 4 13.316612
0 0 13.128164
0 21 6.217379
1 19 3.299760
4 9 12.361000
4 19 12.234372
4 23 15.383833
5 7 6.611320
5 20 12.325759
6 0 15.252882
6 18 7.684649
0 0 12.234372
0 3 6.506329
1 12 11.821405
2 18 14.429385
4 22 4.172423
4 23 6.015847
5 0 13.128164
6 20 7.539325
1 14 11.452779
1 20 13.128164
3 23 8.770137
4 21 12.355954
5 7 9.162106
5 19 11.294724
0 1 10.414471
0 3 10.326276
0 16 16.732347
6 16 9.079036
6 21 9.462479
6 22 4.243142
0 7 10.741736
0 9 11.839715
0 10 13.198120
0 12 14.681247
0 19 6.853661
1 12 7.020763
3 15 6.774466
4 12 12.234372
5 17 7.684649
5 17 5.762158
5 19 9.838930
5 20 10.751538
5 22 12.897470
5 22 4.890418
6 13 12.640531
6 23 12.867520
0 20 13.128164
0 22 9.086331
1 15 11.225413
1 19 10.417562
2 14 7.323562
4 12 11.565588
4 15 7.978574
4 18 6.976689
5 1 9.038339
5 19 14.357741
5 20 13.523167
5 23 16.001699
6 14 18.780857
0 1 13.999013
0 15 8.755083
0 19 8.961292
0 20 13.513548
3 2 14.470600
4 20 8.296935
6 22 14.773465
0 13 11.816041
0 16 10.887902
1 9 6.811250
6 20 5.590240
0 3 10.006475
1 7 4.466004
2 15 7.230943
2 23 11.122646
2 6 7.815717
2 15 12.833260
2 19 13.711306
2 23 14.397315
3 2 7.438910
3 9 3.093525
4 21 12.385799
6 0 12.805656
6 14 8.486006
0 18 15.761312
1 6 7.328963
2 15 10.401779
3 8 5.951082
3 15 18.676130
4 22 11.201916
0 5 33.031460
0 19 6.755113
0 22 16.051210
0 21 5.656731
0 21 14.964174
5 19 9.304976
6 13 14.466451
6 13 5.095001
5 11 6.299778
5 23 23.167349
6 20 9.369718
1 23 5.058420
2 9 2.651650
5 21 9.025493
6 23 13.316612
6 23 5.623980
0 0 12.110133
0 16 7.738356
1 7 13.598420
2 0 5.013702
2 1 6.580337
2 9 6.217379
3 2 9.476767
3 10 5.174070
3 11 3.584048
3 23 10.627543
4 19 6.697957
5 0 14.681247
5 22 11.620670
6 21 11.795227
1 12 17.071217
1 23 11.469724
2 9 6.331474
2 10 3.524313
3 2 13.900449
4 11 6.592090
4 21 17.348383
5 17 10.113440
5 21 8.916348
6 18 10.668889
0 18 12.023588
1 8 4.703078
2 5 12.711941
3 13 7.016762
4 2 7.682255
4 17 6.492046
4 22 10.987714
5 20 9.472754
6 2 8.485672
6 4 14.199422
6 6 16.768621
6 11 10.751538
0 21 8.984033
0 22 9.394992
3 0 5.260305
3 19 9.525880
5 22 9.672250
6 14 4.172423
6 19 7.355601
0 19 6.134212
5 5 13.128164
5 9 4.215350
6 1 7.682255
6 10 8.938989
0 0 6.702195
4 1 15.193376
5 22 5.284772
6 15 13.541165
1 6 15.420784
1 11 7.466691
0 1 8.257102
0 11 5.006813
0 14 8.558500
3 19 10.034769
3 23 13.128164
4 21 9.380446
5 14 9.525701
6 19 11.412768
6 21 5.966659
0 11 10.613761
6 19 13.563216
1 15 6.137463
2 5 11.267903
2 18 8.245477
2 22 16.215443
3 18 12.552393
3 19 7.972851
4 2 11.867312
4 12 7.153368
4 13 11.297363
4 15 7.241064
6 23 14.647123
0 19 12.878286
1 0 2.037876
2 17 7.366557
4 6 13.619936
5 5 13.720759
5 17 5.562076
5 21 5.095001
6 15 9.908523
6 18 7.016762
1 5 15.571516
1 23 8.186223
2 7 11.872176
2 8 6.045543
2 12 4.975495
3 1 15.933782
3 2 11.601863
5 9 7.303833
5 12 3.709804
1 8 5.400380
1 10 17.621525
6 20 6.245138
6 21 8.324972
1 22 12.169186
2 23 5.620466
3 8 7.815717
3 15 7.481719
3 15 6.741306
4 20 15.118238
5 22 7.356498
6 9 5.573856
1 19 7.605409
1 22 11.131004
2 7 3.776050
3 14 8.961023
3 21 11.920495
4 13 13.487250
4 20 7.728122
4 21 12.846214
5 2 6.245138
6 14 13.302124
6 18 10.133223
0 1 14.043142
0 5 10.243741
0 15 5.817911
2 21 3.524313
3 23 9.467700
6 1 9.763566
6 21 1.676317
0 1 12.426522
0 18 6.686441
0 19 14.261468
6 23 10.690492
0 0 10.033998
1 13 8.626364
4 19 9.073314
5 12 13.302124
6 9 10.055388
0 1 8.432616
0 2 11.043237
0 23 10.380795
1 13 13.486042
2 10 9.171771
6 0 11.814748
6 1 7.824073
6 20 5.058420
0 2 13.786086
0 3 14.751019
0 12 3.645841
1 8 6.469791
2 1 10.638448
2 23 11.839715
3 4 12.135408
4 21 5.881179
5 18 7.956820
5 19 10.243741
5 21 9.747128
6 9 10.822645
6 10 11.469724
6 20 8.245996
0 12 13.009499
1 7 5.198136
1 20 8.744081
2 23 7.263036
3 17 8.758288
4 11 3.466538
4 14 3.524313
5 7 7.728122
6 0 12.075922
6 2 8.086584
6 14 9.328969
6 22 12.021926
0 16 10.571660
1 3 14.407006
2 9 7.404363
2 11 3.466538
4 10 5.812844
5 13 10.242661
5 21 7.034145
6 1 7.815717
1 9 5.198136
1 11 12.267574
2 13 16.215508
2 21 10.072032
3 18 10.860394
4 7 7.539708
5 17 4.782095
6 6 9.811680
6 10 17.595348
6 12 5.916938
6 20 9.047479
6 8 5.531784
6 19 6.478906
6 20 10.151808
1 5 14.467868
1 6 7.034145
1 17 11.150209
3 10 4.954473
3 20 10.963761
4 11 12.206895
4 21 8.854877
4 23 3.524313
4 23 9.357237
5 9 7.946361
5 17 7.404363
5 20 5.765205
5 21 11.293266
6 21 15.265538
6 22 9.056983
6 23 11.743612
2 18 11.212758
2 22 10.176077
4 10 13.002223
4 22 7.591770
5 18 8.963894
6 9 9.403193
6 10 9.640893
6 23 1.732194
0 10 9.640893
1 16 9.179892
1 18 7.955906
1 20 10.963761
2 6 14.620481
2 10 10.638448
3 10 8.755083
3 17 6.419687
3 21 8.186223
3 21 11.150209
4 7 6.622179
5 5 10.414471
5 11 4.975495
5 23 2.374441
6 22 10.033064
6 22 12.773744
6 18 10.306496
0 18 8.611557
1 13 12.941731
2 19 8.910379
2 21 8.696893
3 19 11.014853
3 21 10.606855
3 21 12.105086
5 14 8.877771
6 1 8.926689
0 3 13.320337
1 19 16.081280
2 10 6.510574
3 13 3.576362
6 19 6.904639
6 20 13.104918
6 21 13.319419
0 2 13.322557
4 18 7.129275
4 23 11.124060
5 0 6.091560
5 21 3.175139
6 16 9.564191
6 21 2.566113
0 7 12.918499
0 17 7.034145
0 19 10.931548
1 12 10.741736
1 19 11.727414
1 23 24.529200
2 22 6.137463
3 23 6.373513
4 9 4.703078
5 10 6.962965
6 2 5.350962
0 18 10.306496
0 20 13.547432
0 22 13.769522
1 2 7.394420
1 10 7.673613
2 7 6.031975
2 8 3.524313
2 13 8.603368
2 21 11.377926
3 13 4.387641
4 6 5.284772
4 20 8.186223
5 10 5.372622
5 20 8.770137
5 21 11.936467
6 0 8.052023
6 2 10.498381
6 15 7.019598
6 15 5.589944
0 10 10.751538
1 1 13.010209
1 6 5.198136
1 13 9.906917
1 23 9.442530
2 6 12.234372
2 7 9.152137
2 7 9.998458
2 10 8.611557
2 19 10.113440
3 15 5.284772
4 23 5.090260
5 19 12.627822
6 0 9.113179
6 8 15.227424
6 16 6.730330
6 18 6.090603
6 21 13.563216
0 10 9.476040
0 18 8.472661
0 20 12.006782
1 6 15.735004
6 12 11.444809
6 17 7.397827
6 21 5.070033
0 12 12.894640
1 6 10.506100
1 8 4.200295
1 17 4.933506
3 23 9.975544
4 16 9.944882
6 15 5.393528
1 1 14.593752
2 22 12.611777
3 22 15.292965
4 0 9.348888
4 12 20.984617
4 20 11.776631
5 9 10.561227
5 11 10.034769
5 17 11.821405
5 18 11.097178
5 20 11.936467
6 17 7.539809
2 13 6.720666
3 0 10.152653
3 22 9.906917
4 9 9.754391
5 0 12.627822
5 12 10.908256
5 23 10.123531
6 6 6.720666
6 16 8.611557
0 0 13.774170
0 15 5.058420
6 20 7.233890
6 20 15.365754
0 14 11.240438
2 9 5.661112
2 9 7.153368
4 19 6.730535
5 9 7.002409
5 14 7.673613
6 22 8.747785
0 16 9.008898
1 17 10.072032
3 15 9.809544
3 15 5.330875
3 20 8.633170
4 21 2.571241
4 23 5.531784
5 0 3.007707
5 6 2.608180
5 12 7.296798
6 22 9.711066
1 6 5.284772
0 23 10.234884
1 5 14.704414
6 12 6.663385
6 19 13.108255
6 23 10.962601
2 10 7.321594
4 6 10.723464
4 8 3.949532
5 7 8.019239
5 13 13.720759
0 1 12.636509
1 21 10.204849
1 23 6.472234
2 17 14.968958
2 22 11.497054
3 7 12.303332
4 14 15.383833
4 15 4.878251
4 20 7.863906
6 2 19.818064
0 1 13.127269
1 7 6.904639
5 11 6.797805
5 14 10.478271
5 19 8.910379
6 13 8.770137
6 16 7.897215
6 6 13.999013
6 18 6.791448
6 22 11.601863
0 0 10.490618
0 12 10.072032
0 21 16.685871
1 3 15.369705
0 22 12.234372
1 2 15.587111
1 18 10.962601
6 2 13.769522
6 17 14.870042
1 9 4.562390
1 18 10.414471
0 4 7.034145
6 14 10.326276
0 5 6.848920
2 19 10.753918
3 11 13.274247
3 14 5.174070
3 18 10.243741
4 21 5.284772
4 22 13.128164
5 8 4.178706
5 19 5.835621
5 20 10.920765
5 23 12.135408
6 7 9.995154
6 13 10.242744
6 17 9.159046
0 0 12.656247
0 0 13.999013
0 2 16.964029
1 3 12.270389
2 7 7.438910
2 13 12.135408
2 23 8.186223
2 23 5.090260
4 6 11.936467
5 5 5.966659
5 20 7.963183
5 23 8.052023
6 3 5.090618
6 3 8.186223
6 5 10.414471
6 10 14.864156
6 15 4.462008
6 15 9.976312
6 16 11.743944
0 3 8.770137
0 4 6.791448
0 16 20.613188
0 18 7.085652
0 19 1.703798
1 19 11.150209
4 14 3.466538
4 20 8.186223
5 6 8.052023
5 10 14.006380
5 18 8.770137
5 23 9.584043
6 0 7.198945
6 9 12.135408
0 18 6.471149
1 5 9.135098
6 8 13.026444
6 18 8.052023
0 9 10.920765
0 10 5.033116
0 22 9.166410
1 9 4.562390
2 12 5.966659
2 13 8.472661
3 6 11.874570
3 22 9.380446
4 9 9.056983
5 1 10.671491
5 3 5.623980
0 20 8.581369
0 21 8.829244
1 22 12.734116
2 7 9.322127
2 14 10.119389
2 18 8.151797
2 21 6.373513
2 22 8.626364
4 20 6.686441
4 22 6.780572
5 7 8.325047
5 15 7.947160
6 20 9.537340
3 21 12.033809
4 19 9.529977
4 20 12.432513
5 20 11.134874
5 23 6.390141
6 0 15.370555
6 23 14.263559
1 1 12.069235
2 1 14.121091
6 18 13.119276
6 23 11.336046
0 3 7.276702
0 20 12.547018
3 22 14.306011
4 13 11.787239
4 22 10.034769
5 18 3.299760
5 21 8.770137
6 6 10.037962
0 12 9.522264
2 23 10.498381
3 0 16.076506
3 19 4.416070
3 20 9.411560
3 22 5.476506
4 1 5.090260
4 15 7.506456
5 10 3.466538
5 14 8.665097
5 16 8.175318
5 19 8.575342
5 20 13.346587
5 23 7.540310
5 23 8.534564
6 18 6.905669
6 19 12.810343
6 22 3.299760
6 22 5.374344
6 23 8.732581
0 2 5.932881
0 9 7.093522
1 19 9.062178
2 10 5.112709
4 1 11.021525
4 2 9.495174
4 22 10.517476
5 10 7.173143
5 11 10.860394
5 15 13.611397
6 3 10.721224
6 15 12.251391
0 14 3.584048
0 16 13.598192
0 9 12.061400
0 22 8.235351
1 20 6.216257
3 6 10.306496
3 9 4.387641
3 10 4.804338
3 11 7.676439
3 20 5.058420
5 4 11.665945
5 5 15.212569
5 14 13.315215
5 15 7.382640
6 6 13.884741
6 7 12.135408
6 8 15.562645
6 15 13.253741
6 19 7.659014
0 1 8.611557
0 2 11.405497
0 17 13.584092
1 0 15.118238
3 5 12.206895
3 14 7.015759
4 8 7.153368
4 13 13.105808
5 5 6.741306
5 8 7.195959
5 9 5.242027
6 6 10.414471
0 10 9.427029
1 18 10.801174
2 4 7.790636
2 6 10.491075
2 9 4.308515
3 5 11.867312
3 8 11.946214
4 16 6.493057
4 23 9.727870
5 19 8.049743
6 9 14.006380
0 10 13.643930
0 23 14.864156
1 0 5.401769
1 10 5.486172
1 8 6.617699
1 12 9.097232
1 22 12.711941
2 14 5.284772
2 18 10.498381
2 23 11.345929
3 10 9.058886
3 23 12.069235
4 0 10.201474
5 20 14.968958
6 0 10.912066
6 20 10.517476
1 14 10.326276
2 9 10.655869
4 23 6.014060
6 17 10.491075
6 20 10.072032
0 1 8.186223
1 14 12.206895
1 14 13.350676
1 21 13.137433
3 13 3.299760
6 4 8.175318
6 11 6.905669
6 11 11.265308
6 19 8.523046
1 12 10.159723
2 11 10.414471
2 14 8.186223
4 23 11.571633
5 9 5.260305
5 16 8.665097
5 18 6.448735
5 22 12.033809
6 10 5.623980
6 19 8.811963
6 20 10.852836
0 1 3.299760
0 3 6.244081
0 22 9.263277
0 23 7.522246
2 12 11.360184
2 20 11.201916
3 11 5.871969
3 22 3.299760
5 1 16.581650
5 19 6.661779
5 21 8.325570
6 11 9.835382
6 20 6.070104
6 22 10.031710
0 15 9.635969
0 18 12.858720
0 21 11.030174
1 10 8.748652
1 12 6.705057
2 10 10.575414
2 18 4.911969
2 22 10.575897
3 8 9.477496
3 21 5.919979
4 1 12.111093
4 12 9.044518
5 9 5.102425
5 14 11.201916
6 12 9.906917
6 19 8.812373
6 22 18.874506
0 18 8.877771
1 8 9.998458
6 3 10.229375
0 15 7.681108
1 16 4.495589
2 21 9.060215
3 14 15.363483
5 15 7.684649
1 2 12.105086
2 0 8.706263
2 13 9.784172
4 23 7.115302
5 1 11.936467
1 3 7.438910
3 22 6.616447
5 0 6.390141
5 16 10.676319
6 11 10.380795
6 23 2.746218
0 1 10.215627
0 12 13.427520
1 1 7.153006
1 11 12.576756
1 21 12.234372
1 22 9.556923
2 12 14.862073
2 23 10.920765
3 9 4.930646
4 6 9.543983
5 14 8.186223
5 21 13.594402
6 2 11.158361
6 11 12.276530
2 8 6.720107
3 7 3.253212
4 21 5.114295
6 11 11.148282
6 19 6.508476
6 22 14.562757
1 4 16.766951
1 23 8.106553
2 2 8.186223
2 3 15.571516
2 12 12.497364
2 17 7.682255
2 20 15.227424
2 23 2.936928
3 9 3.776050
4 1 9.906917
4 4 6.045543
4 13 8.361427
5 10 14.845172
6 7 10.211234
6 9 10.947021
0 1 12.575836
0 4 13.107677
0 20 10.319090
0 21 8.247338
1 21 11.297641
1 22 12.912949
2 19 9.900466
2 22 11.987305
4 0 10.201474
4 23 5.442562
5 22 4.268042
0 7 5.198136
0 21 14.389479
1 2 11.986597
1 2 7.070914
1 7 5.284772
2 19 8.476225
3 8 3.989789
4 21 10.912066
5 10 7.795765
1 15 3.203921
2 19 10.917706
3 20 12.057891
4 21 11.795227
0 21 8.871871
6 14 25.785934
0 0 16.081280
0 8 12.734116
0 12 10.430652
2 11 5.623980
2 15 10.306496
2 23 11.328406
3 22 11.433011
4 2 10.407554
4 21 9.011907
5 14 4.663034
6 1 13.304936
6 2 7.188616
6 16 11.444809
0 1 6.029267
0 4 11.587612
2 1 12.033809
2 3 10.625608
3 8 4.485061
6 12 8.603368
6 21 5.009447
6 23 13.819126
0 2 21.009571
6 2 9.058886
6 5 14.743558
6 23 10.267519
0 15 7.411383
6 15 13.823815
6 19 10.319090
6 22 13.786604
6 23 13.011287
0 1 7.504357
1 0 12.774224
5 21 11.495543
6 0 17.833853
6 0 22.495222
6 13 9.472754
6 21 11.942668
0 0 9.156392
0 23 12.333100
2 20 9.403193
3 18 5.692511
5 2 15.699821
6 3 15.242720
6 5 16.249849
6 5 7.721727
6 16 4.804338
0 20 14.232452
1 23 5.636041
3 0 8.053790
3 11 4.688352
4 7 5.095001
4 10 10.238092
4 23 7.990804
6 11 12.598057
6 13 9.870264
6 15 9.941749
6 16 5.374344
6 19 12.855160
1 9 3.346471
6 22 9.321410
2 15 8.236629
2 18 7.404363
3 20 10.521918
6 12 4.338010
4 10 6.146302
5 19 12.758124
5 21 5.762158
0 11 11.694427
1 20 12.441734
3 0 8.052023
3 10 8.011576
5 15 2.651650
5 22 12.270389
6 20 1.194617
0 11 7.556316
1 10 9.510853
6 12 10.753551
2 17 8.257102
1 15 8.347857
2 6 7.034145
5 16 4.508832
5 20 8.263063
6 18 4.113414
6 20 14.264622
0 1 12.234372
1 8 10.837194
2 9 5.090260
3 23 4.752659
4 7 3.466538
4 23 15.140407
6 16 9.256830
0 1 10.867530
6 21 9.394992
0 1 14.006380
0 1 6.145804
0 9 14.647123
0 17 6.322080
0 23 10.498381
3 13 12.270389
3 15 13.498783
5 12 7.034145
5 19 8.134498
5 20 17.789747
3 13 6.884606
4 15 6.918831
5 20 10.746732
5 21 13.514081
6 16 11.805611
6 17 11.821405
0 2 7.628176
2 13 5.174070
2 20 10.414471
3 0 6.183259
3 13 8.626364
3 14 10.572831
4 19 14.185686
5 17 5.422786
6 13 10.498381
6 18 8.311573
6 20 6.746517
6 23 11.376945
0 20 9.476040
1 6 11.447481
1 17 5.593742
4 16 8.186223
5 0 14.366296
5 18 11.115599
5 23 12.413792
6 14 7.586223
6 16 6.904639
6 18 11.452779
6 20 10.146664
3 1 13.776275
5 19 11.050927
6 16 8.866553
6 22 12.925353
2 13 5.623980
2 14 9.486366
4 18 13.350676
5 18 10.498381
6 19 11.795227
6 20 13.296384
6 9 12.767540
6 14 5.764543
0 10 10.006475
1 6 5.738514
1 12 8.186223
2 19 8.287877
5 1 43.760548
6 1 10.916156
6 3 7.434440
0 0 9.536063
2 16 10.414471
4 9 1.732194
4 20 10.334799
4 22 11.795227
5 0 14.006380
5 21 14.927950
0 2 12.950477
0 9 12.624731
0 14 4.387641
3 15 6.810418
5 21 10.828149
0 20 10.731598
0 22 10.840652
1 20 11.671737
6 15 7.522246
6 20 9.998458
6 23 7.276702
0 20 8.770137
4 14 16.732347
2 0 16.807655
4 6 5.270690
4 22 11.201916
6 1 10.414471
6 2 12.726376
6 21 10.034769
6 22 10.204921
0 14 5.198136
1 21 13.339410
3 19 10.326276
3 23 9.611764
6 3 13.163931
6 19 11.094224
0 13 14.862073
6 17 3.911646
1 8 2.651650
3 9 7.153368
3 23 13.346560
4 19 11.714284
5 21 5.531784
2 6 4.387641
4 13 8.222003
5 11 11.665945
5 15 11.328086
5 19 12.618669
5 21 5.623980
6 0 14.952210
6 21 8.143442
0 1 13.233038
1 19 6.686441
3 14 7.020763
6 18 12.135408
6 15 11.248265
1 3 6.193984
1 22 10.034769
2 3 13.999013
3 0 13.999013
3 20 10.006475
4 2 16.461657
4 20 12.941731
4 21 8.052023
5 23 17.095051
6 1 10.985342
6 22 8.368587
0 9 10.399507
0 15 9.842232
0 16 13.512869
0 21 3.524313
1 0 5.824474
1 2 7.576377
1 13 10.464047
2 3 12.120201
2 10 7.085090
3 0 7.889740
3 23 8.910379
4 1 10.414471
5 7 11.198435
5 21 8.052023
5 23 12.027529
6 3 11.527442
6 4 18.140049
6 4 15.529384
6 10 4.631819
6 14 7.715581
6 22 8.851231
6 22 5.006907
6 23 16.327888
0 14 11.726945
1 13 11.088150
1 22 9.208883
6 11 4.338010
6 17 8.241302
0 2 13.240134
0 8 4.079462
0 17 3.045932
0 18 12.118306
1 9 6.287251
1 11 11.612608
3 5 13.196812
5 7 9.279962
5 18 10.602139
6 0 4.307203
6 16 22.632370
6 22 17.836987
0 3 18.309389
0 15 24.187418
0 16 10.987671
2 6 4.315713
2 18 8.596853
2 18 11.114377
2 19 10.006475
4 5 11.795227
5 12 21.860964
5 12 12.923932
6 19 7.909724
6 21 18.625591
6 23 7.189718
1 6 15.231793
1 16 10.494087
1 18 8.770137
2 16 10.860394
3 23 4.243142
5 15 6.155246
5 23 8.275465
0 2 6.794287
0 14 12.270389
0 1 11.601863
0 10 11.530025
0 19 6.705057
0 20 10.034769
1 22 5.884196
2 6 14.713740
3 0 8.800961
3 3 9.046790
3 22 12.006782
5 9 13.712369
5 18 9.467700
6 20 17.165461
0 3 8.081615
0 19 11.137383
0 20 8.352511
1 17 13.729908
2 7 12.729572
2 10 6.937867
2 11 8.338730
2 20 13.776768
3 7 4.246105
3 23 5.962923
4 17 8.603368
4 21 10.987714
4 21 7.351548
5 14 16.732347
6 23 12.206895
1 7 5.822814
1 9 6.635738
1 11 8.347857
3 22 9.906917
5 16 10.338241
5 22 13.128164
6 1 3.524313
6 16 12.027034
6 20 10.034769
6 21 10.940137
0 1 12.941731
0 13 10.326276
0 16 10.478271
1 11 13.128164
0 6 15.242720
0 8 14.009770
0 9 9.478040
0 9 11.088619
0 17 14.743558
1 9 7.020763
1 13 11.444809
1 20 3.524313
2 22 11.149743
6 14 8.854208
1 22 12.912949
2 9 8.630835
3 7 3.776050
3 10 5.467005
3 11 10.498381
4 13 10.330753
6 0 11.951118
6 21 13.999013
2 12 3.524313
4 8 10.477959
6 7 12.234372
6 20 11.839715
6 23 7.034145
1 5 3.466538
6 15 11.293266
6 17 13.711040
6 17 7.231030
0 1 8.766664
0 11 6.401879
0 23 8.626364
1 6 7.796653
2 19 11.795227
3 20 11.867312
4 11 5.531784
5 0 9.911415
5 7 5.095001
5 14 7.514721
5 17 9.317464
6 8 9.472754
0 20 10.243741
0 20 2.447677
2 5 13.128164
2 21 5.869833
6 17 5.719302
6 19 12.098325
0 2 10.284871
0 22 5.966659
1 16 6.509082
2 7 11.837143
2 20 5.393528
2 21 8.902544
3 19 10.964498
3 22 8.186223
4 10 7.539809
4 14 5.432283
1 9 5.006813
6 16 9.564191
1 20 7.702650
2 12 7.673613
5 7 8.338749
6 21 14.481738
0 0 8.017958
0 20 13.339410
1 5 7.233890
6 10 11.218904
6 14 11.452779
6 19 9.383526
6 21 9.880972
6 23 10.987714
0 1 13.520421
0 1 4.383587
0 2 10.243741
0 8 8.767175
1 9 4.421917
2 16 4.918284
4 9 9.082129
5 5 19.308949
0 1 12.195627
3 18 7.362614
3 19 8.748651
3 22 9.176267
6 20 14.997686
0 0 12.494243
0 6 9.787674
0 11 8.953408
1 23 11.924773
1 23 13.447593
2 13 9.122517
3 18 9.452833
4 0 11.537318
6 19 3.524313
6 22 6.584790
1 5 14.864156
1 9 3.466538
6 18 10.852836
6 20 13.650956
0 1 6.904639
0 2 10.741736
0 4 12.912949
0 15 5.242027
0 19 9.476040
0 21 5.284772
1 21 13.707125
2 17 12.841328
3 22 3.915904
3 22 7.907023
5 2 10.399507
6 19 10.572831
0 19 4.104023
3 13 7.091312
5 19 6.290432
5 22 5.962923
5 23 3.676477
6 20 11.726945
6 22 13.431005
0 15 11.150209
1 9 8.735600
1 9 3.524313
2 22 11.943501
4 18 10.414471
5 17 9.918543
5 21 11.150209
5 22 8.853826
5 23 11.366134
6 13 9.339437
6 19 12.493909
0 13 12.912949
0 14 9.842232
6 20 10.145858
6 20 43.599785
1 4 12.234372
1 19 11.477784
2 19 9.918543
3 2 7.034145
3 12 5.531784
3 20 7.519809
4 4 10.987714
4 22 9.711066
4 23 14.761250
5 0 14.798191
5 0 18.500759
6 22 7.915783
0 17 6.793334
4 3 8.052023
4 7 9.543983
4 15 10.930378
5 9 7.238370
5 16 9.556923
6 3 7.758770
0 0 10.414471
0 4 15.735004
0 16 6.962411
1 17 3.576362
1 17 7.655591
1 20 10.088874
2 12 5.441695
5 11 5.442562
5 16 7.998551
5 18 7.834142
5 20 9.225428
6 2 13.196812
6 8 15.465015
6 10 8.696893
6 12 15.931744
6 21 5.442562
0 0 13.128164
0 0 11.480732
0 1 15.394145
0 19 11.795227
1 14 10.326276
1 21 2.751048
5 11 7.364714
5 11 17.969902
5 11 9.502476
5 11 6.324849
5 11 5.669801
5 21 10.860394
5 22 12.043526
6 22 15.152197
0 0 11.168965
0 2 9.727870
0 22 20.818058
1 9 7.556316
1 15 5.962923
5 10 1.623932
6 22 11.414736
0 17 5.090260
6 1 10.425989
6 16 6.146302
6 18 11.336046
6 20 8.161180
6 21 12.065148
0 23 14.218280
6 10 8.903475
6 12 14.443135
6 21 11.821405
2 13 10.414471
5 0 7.536584
5 18 3.299760
0 17 11.936467
1 21 13.651186
4 12 4.172423
2 8 4.387641
2 21 8.487310
4 12 10.243741
4 13 11.530852
0 13 7.997887
0 20 11.701272
6 20 14.947218
6 22 13.080053
1 1 14.006380
1 9 8.106553
1 20 3.492653
2 5 8.611557
2 11 21.375166
2 11 12.706720
2 16 7.382640
4 9 6.959971
4 17 9.613358
5 18 10.006475
6 10 8.475545
6 13 4.104023
0 2 10.491075
0 16 5.553178
1 15 7.972851
3 11 9.284033
5 5 10.398116
1 5 14.340647
1 12 7.723382
1 13 5.623980
1 14 5.869833
1 16 8.770137
1 19 6.390141
2 6 16.798817
2 10 12.216395
2 21 20.517580
3 5 6.146302
3 8 4.732631
4 5 11.795227
4 12 9.816542
5 0 14.998942
5 15 10.009662
5 17 10.326276
6 0 11.795227
6 16 8.961292
6 17 9.477496
6 23 14.579658
0 1 9.561342
0 1 13.217815
0 22 5.821088
4 8 4.410310
4 15 7.034145
5 15 8.186223
0 19 8.699602
2 20 15.761312
3 7 12.926722
5 16 5.738514
5 19 9.476040
5 20 10.990856
6 17 9.795079
6 21 8.601231
1 16 13.402188
1 16 5.623980
2 10 12.234372
3 12 4.071056
3 16 10.258029
4 11 11.692906
5 5 16.304806
5 6 7.470729
5 23 5.242027
0 16 10.242744
6 22 6.581965
6 23 8.938989
6 23 7.316960
0 2 3.915904
0 8 11.743944
0 20 8.052023
1 14 4.387641
1 19 10.201474
1 21 10.832458
2 14 11.404644
2 23 6.594511
4 23 3.709804
0 10 11.860377
0 11 3.776050
0 13 6.411891
1 17 15.285641
1 20 6.841888
2 14 4.852629
3 11 3.584048
4 10 5.095001
4 13 10.491075
5 1 8.898184
5 19 11.874570
6 0 7.203068
6 0 14.912742
0 16 12.270389
1 11 7.481719
4 23 7.478145
5 21 8.472661
5 23 10.741736
0 3 10.668889
0 8 14.704414
1 9 17.311930
3 18 4.904103
5 17 12.120201
5 20 7.815717
0 18 9.684069
2 20 13.442405
0 2 11.936467
0 11 10.987671
0 12 12.341618
0 18 8.626364
0 21 9.906917
1 6 14.236284
1 17 4.174539
1 20 9.170559
2 6 4.338010
3 21 8.186223
4 23 9.124090
5 14 5.616457
6 19 10.369343
6 20 8.665097
0 11 8.487229
1 16 6.807237
2 13 11.336046
2 19 13.999013
2 20 12.033809
2 22 10.072032
3 0 8.186223
3 21 12.033809
5 7 11.146490
6 12 7.715581
6 17 7.790636
6 18 7.589097
0 1 12.206895
0 4 8.770137
0 15 12.234372
1 8 4.050130
1 18 8.075657
2 8 3.988765
2 13 12.015245
3 0 11.041389
5 3 13.128164
6 12 5.090260
0 9 8.923410
0 16 8.271962
0 17 8.961292
1 6 15.442447
6 16 5.623980
6 19 5.260305
0 0 13.078816
0 2 11.231595
0 13 2.887579
2 13 4.187672
2 13 11.827075
2 19 8.222003
2 21 4.172423
3 9 4.904929
4 18 8.347857
4 21 3.466538
6 2 13.769522
6 2 9.353220
6 5 6.067788
6 17 1.761554
6 18 10.242744
0 14 6.694869
0 16 5.374344
1 2 7.681996
2 11 5.616457
2 21 5.951082
2 21 7.070914
3 9 3.299760
3 13 10.498381
3 19 8.186223
4 8 5.260305
5 6 8.254245
6 16 6.680222
0 1 6.879632
1 16 10.186460
1 18 7.034145
1 19 12.342464
2 22 6.492046
3 6 12.086438
3 17 8.052023
4 19 5.955062
4 21 4.554043
5 19 6.556088
6 3 9.058886
6 6 15.116091
0 2 9.660153
0 19 13.769522
0 21 3.466538
6 21 10.790661
0 8 3.299760
4 22 10.340529
4 23 13.776768
4 23 6.947728
5 22 3.524313
5 23 12.325459
6 1 13.316612
6 11 5.678975
0 2 13.593746
0 20 9.235081
1 1 11.173946
1 10 8.800961
1 22 15.581797
2 23 9.162106
3 13 7.051647
4 23 10.279217
6 22 10.638448
0 15 9.759537
0 22 10.491075
0 23 12.027034
4 20 12.751912
5 12 7.614450
5 19 6.245138
5 22 12.631083
6 1 3.584048
6 15 13.385879
6 21 11.083254
0 1 10.511995
0 2 6.904639
0 15 12.441734
6 15 9.596280
4 21 12.307654
5 0 15.009194
5 12 7.020763
5 14 10.703262
5 20 11.149743
6 10 9.567422
6 22 13.295069
0 0 11.293266
0 2 10.874484
0 4 6.580337
0 8 13.107677
1 7 8.766664
1 18 13.346587
3 20 5.486172
6 14 9.162106
0 12 6.786044
0 15 12.270389
0 21 12.007536
1 0 7.702650
1 13 12.206895
3 20 8.770137
3 21 12.746373
4 14 8.706263
4 19 4.172423
4 21 7.203068
4 21 7.556513
4 23 10.498130
4 23 7.723382
5 20 12.118306
6 15 6.048492
0 0 15.915980
0 1 9.238976
1 8 14.213164
1 15 10.350239
6 23 2.737429
0 14 9.289929
2 15 8.095510
2 22 6.735356
5 12 11.052196
6 15 5.933039
2 15 5.006813
2 21 10.464043
4 18 14.025919
5 18 7.898860
0 18 15.477054
2 18 8.770953
3 19 5.725523
5 0 15.650714
5 10 4.138442
5 11 6.480704
5 21 10.319090
5 23 6.882813
1 13 7.502342
1 14 14.889266
2 0 8.910379
6 15 5.662255
6 20 5.791826
6 23 8.926689
0 1 6.462694
0 17 11.862193
1 12 6.918831
2 20 6.606756
3 8 7.591207
4 13 6.904639
5 1 6.257103
6 1 9.699451
6 15 11.452779
6 17 13.402188
6 19 11.326512
6 23 9.687798
2 19 13.774170
2 22 10.380795
3 0 10.622521
3 1 10.741736
3 14 4.975495
4 0 15.880086
4 15 11.821405
5 11 10.826814
0 0 35.020332
1 23 8.416998
2 19 8.456850
2 20 4.607939
3 1 12.135408
3 20 5.156092
3 22 7.582580
4 3 7.021667
4 21 6.821852
5 15 10.414471
6 8 13.343490
1 1 18.009262
3 7 4.410310
3 19 11.627611
4 13 6.904639
4 21 12.484608
5 19 8.563537
5 23 10.491075
6 2 12.234372
1 1 13.458838
1 17 6.853661
1 18 15.027450
2 8 4.172423
2 22 5.058420
3 16 8.490065
3 17 13.447593
3 19 10.477296
3 21 5.242027
3 23 10.831371
4 10 6.828651
4 11 7.416387
4 23 13.418089
5 0 9.763566
5 7 5.933091
6 20 5.932881
0 2 8.432398
0 15 9.822684
1 1 10.741736
1 19 10.006475
1 21 11.168965
3 12 11.043237
5 7 8.162121
6 22 14.346286
0 2 10.498381
0 23 18.747112
6 17 8.383253
6 20 10.034769
0 18 8.604216
2 18 8.970239
4 18 14.667319
0 9 10.430652
0 15 11.193693
1 0 9.407596
1 1 5.932881
1 22 3.466538
2 17 4.786518
2 21 7.290686
2 22 4.071056
3 8 6.031975
4 0 4.669311
6 15 11.878119
6 16 5.955062
6 20 7.074705
0 18 5.531784
2 8 12.783445
2 8 8.866902
5 0 13.563216
5 1 12.938593
5 19 11.495543
0 4 9.197570
3 0 16.266062
3 16 7.941571
6 11 6.736643
6 12 8.063418
3 12 2.885285
3 19 5.623980
4 14 7.114401
4 20 19.223330
5 0 18.665352
6 23 15.696733
0 5 5.692511
0 10 11.200570
0 15 12.234372
2 17 10.326276
3 10 7.488518
3 22 10.912066
3 23 10.078520
4 15 8.770137
6 19 10.159723
6 20 9.159046
0 15 9.028242
0 18 9.496480
0 19 10.521918
0 20 11.805611
1 2 5.285098
1 3 12.270389
3 0 14.864156
6 0 7.759789
0 22 13.999013
3 22 8.348785
4 17 6.496644
5 5 5.284772
5 12 9.238007
5 20 7.522554
5 22 10.055388
5 22 6.848920
5 23 8.755083
6 11 6.472234
0 0 10.790661
0 1 4.817543
0 16 11.415795
1 22 5.159027
3 19 12.413792
3 20 5.260305
4 13 14.609164
4 19 6.031975
4 23 13.651186
6 22 5.594685
6 22 14.065890
