6 0 3.298663
3 20 13.766818
3 20 8.112023
3 21 8.270407
0 19 5.696537
0 21 3.906051
6 8 2.860507
0 0 15.857770
4 23 6.045381
5 0 8.397919
0 15 10.753528
0 18 5.402832
4 12 4.892821
6 19 12.332678
6 2 11.124195
6 18 9.557784
0 22 9.657102
0 22 11.377238
1 6 15.981090
1 7 8.312283
5 12 3.343891
6 10 26.008158
5 22 21.633572
0 19 17.999809
3 18 3.267171
4 18 13.766818
0 16 5.624131
0 16 5.312799
6 15 1.614802
4 10 3.121188
6 11 4.629275
1 13 2.481095
2 8 11.527274
1 16 3.983109
5 12 2.447663
4 5 6.769468
1 7 7.974758
0 3 11.653754
0 23 5.590816
2 15 4.762107
5 1 1.424392
5 1 1.130278
6 18 3.983109
3 11 5.685576
5 22 10.613915
5 0 6.671009
5 15 5.184987
5 16 4.180711
5 19 3.647537
2 9 2.043219
2 21 10.474717
2 0 6.797283
2 20 2.468947
5 10 3.648341
1 12 4.584009
6 8 7.352170
2 11 5.294698
0 13 3.648341
0 9 10.216915
4 9 4.273991
0 10 1.668629
2 20 8.535589
0 18 3.648341
0 2 4.459425
5 16 2.702621
3 18 6.231040
0 15 5.381603
0 16 6.115431
1 11 5.401964
3 0 7.405606
5 20 10.130098
0 8 5.856463
6 19 3.708797
6 19 8.993528
6 22 4.481729
4 18 9.899896
4 0 6.004110
6 21 37.131565
3 14 6.964033
3 15 12.823190
2 20 7.914834
2 15 1.836701
2 21 7.312598
4 9 3.738232
1 22 11.765595
0 1 4.841046
4 17 5.211916
6 17 2.697194
0 19 2.886481
6 11 6.483838
0 11 7.888695
5 6 5.337623
6 1 8.872276
0 9 8.946775
0 9 9.099284
6 21 15.813696
6 22 4.222738
5 9 11.830112
2 23 9.792761
2 23 4.604754
0 12 6.246894
5 13 2.786245
6 10 6.015628
6 10 23.067715
6 10 8.637115
6 12 5.766364
0 13 4.920408
5 20 6.633348
0 20 7.668756
6 12 6.940993
6 19 4.794285
0 18 2.872031
6 0 13.988600
0 20 6.246894
1 22 5.693287
3 8 4.812611
5 13 2.565200
4 19 6.285015
5 14 3.223670
0 13 2.113871
5 21 3.373110
1 13 3.570729
6 19 1.641711
1 16 3.293267
3 10 1.224468
6 18 8.100902
0 21 4.345919
0 23 4.870409
5 22 6.579707
5 22 9.836840
2 21 5.278956
2 21 6.016279
4 14 6.246894
1 20 4.247801
1 20 8.325257
3 14 5.558239
3 18 4.892821
4 19 7.977662
1 16 5.147981
2 0 3.588532
1 22 4.139847
5 21 6.144486
6 11 9.586300
5 0 12.925637
6 20 5.359730
6 21 2.962484
0 20 3.151985
6 7 8.238432
6 7 7.385472
0 2 2.554083
4 13 3.316674
5 8 1.250800
3 1 7.941435
3 1 12.103994
0 13 9.092395
6 16 13.632541
6 20 4.960782
2 6 7.354198
4 5 3.530653
5 6 10.869769
2 12 10.860843
4 12 5.002414
5 7 6.127978
6 8 5.269309
1 23 7.256028
6 7 3.840359
6 8 37.459381
4 15 3.228793
6 18 2.541812
6 19 3.417972
0 11 8.455946
0 23 1.727895
2 22 3.616818
5 1 5.002414
6 20 16.460608
4 14 8.644043
0 15 5.141115
1 20 6.180615
2 9 4.006311
6 20 14.567537
2 8 6.938107
1 10 4.077351
4 6 8.563949
6 17 1.641275
6 23 2.634678
2 15 6.410667
1 13 5.410467
5 12 3.054921
0 14 12.957866
6 11 4.889260
1 18 13.761559
2 15 3.275588
0 8 3.127150
0 10 5.434642
0 5 6.506763
6 7 11.283438
2 21 6.109718
6 7 7.021298
6 10 7.325217
0 22 13.985117
1 22 5.002414
4 22 7.983342
6 9 3.086134
3 17 5.432082
4 20 5.856463
5 19 2.140527
0 10 5.002414
0 16 5.244275
0 23 3.376699
3 21 13.496138
3 23 21.633572
1 21 12.227949
2 14 5.674906
2 18 5.610398
5 12 14.842397
5 16 5.002414
1 20 6.240926
4 23 8.267969
5 12 7.296682
3 10 4.830610
5 19 3.086134
4 3 11.868224
5 21 10.873244
3 23 10.177562
4 14 7.796840
6 20 3.340040
0 13 6.246894
1 17 4.767512
3 1 4.920408
4 1 6.109718
5 19 7.630258
6 19 6.109718
6 0 8.666050
6 1 8.098087
1 19 3.083105
1 10 6.693100
1 10 8.903328
6 14 3.197368
1 11 11.634203
5 21 8.044154
0 11 6.144486
6 21 11.240849
2 1 12.908312
2 20 7.987451
2 21 2.655206
3 3 9.972873
5 4 4.892821
5 4 3.474611
0 15 16.388479
2 20 8.231274
3 19 7.601838
5 2 12.304213
6 8 6.109718
0 23 5.778822
1 2 2.608754
0 12 2.518556
4 10 2.328412
0 13 4.780511
4 17 11.301119
3 21 5.404666
6 11 2.288115
3 18 5.293385
5 20 9.094767
0 1 2.204265
1 23 8.481803
6 12 3.390816
6 18 2.543071
2 15 3.231152
2 18 10.669371
4 11 5.703904
6 10 11.430095
1 16 2.383756
5 20 7.268241
6 19 2.887028
4 19 3.304433
6 10 5.610398
0 19 4.878164
1 21 29.135075
3 17 4.812611
6 18 8.923263
0 17 2.910515
6 7 7.850286
4 5 7.323776
6 17 4.443035
6 9 7.797995
6 21 6.246894
0 1 9.974091
0 21 3.648341
4 1 4.702142
5 15 1.206238
1 11 30.410801
5 19 8.395169
3 7 7.354198
2 7 6.788545
2 21 5.457180
0 18 4.657457
1 9 5.647420
1 9 13.153278
0 23 3.164973
2 21 5.408803
5 19 8.455946
5 23 3.457686
6 21 3.908937
0 20 8.024794
0 22 7.196369
6 19 6.144486
2 14 3.047265
5 1 6.109718
2 22 17.231199
4 1 9.632366
1 14 6.246894
1 5 7.467728
1 22 4.112171
3 8 5.604970
0 20 3.738232
3 7 9.372537
6 20 7.361591
4 8 6.341613
6 17 12.619583
0 18 9.094767
2 0 7.721593
0 8 3.817235
0 17 4.758706
1 20 11.523039
3 23 4.617613
5 17 5.229318
6 7 5.698142
6 8 2.776893
0 17 4.020024
6 11 5.000737
0 0 4.166658
1 12 3.083724
1 19 3.783669
4 21 1.875149
5 19 5.671965
2 11 44.093735
3 10 2.802718
6 10 6.693100
6 15 5.145490
4 1 4.772473
4 9 5.354480
5 10 5.515974
0 23 10.947656
1 1 5.264581
5 20 7.351278
6 7 5.070048
0 8 7.212359
0 9 6.246894
6 23 1.614802
0 19 8.935316
5 20 4.704189
3 21 3.982810
0 13 3.166942
2 23 5.002414
4 22 5.324587
5 12 3.641933
5 16 7.115808
