6 19 3.778364
1 22 4.386915
1 23 4.960172
6 10 3.092655
6 14 11.178833
6 16 3.667450
6 17 1.513489
6 19 2.150761
6 23 2.161263
1 20 2.291794
1 21 2.329991
1 22 10.199807
1 22 12.023078
1 22 2.329991
2 23 5.704384
4 23 4.677106
4 23 2.161263
0 17 1.969006
0 18 2.588879
2 22 2.541808
2 22 5.464171
2 23 10.808750
4 17 5.464171
2 14 3.251150
3 21 4.650161
4 8 25.863796
4 16 6.838253
6 19 1.145897
0 18 4.251575
3 15 9.887479
0 14 2.459368
0 17 5.260895
0 20 2.741166
4 22 8.339198
5 12 2.582780
1 0 8.766686
1 10 3.884548
5 20 3.512809
5 20 6.667497
6 10 2.219039
0 19 3.138773
0 22 8.223497
0 23 5.131212
6 10 8.659581
0 12 3.961595
0 20 4.800166
3 14 2.329991
6 19 24.470169
2 13 3.660949
2 14 2.291794
3 9 11.141327
6 13 2.338415
6 17 4.000854
0 13 4.878857
1 12 4.825607
4 17 1.141755
4 19 6.643583
4 23 5.716463
5 23 3.580970
3 17 2.329991
3 18 4.235567
6 20 3.243399
0 15 8.737466
6 8 5.615289
0 11 4.992837
0 17 2.760903
2 16 3.607327
2 21 2.291794
3 19 5.044242
4 22 6.575528
5 22 1.162143
0 20 2.329991
3 20 10.776560
3 21 21.094973
3 23 5.131212
5 20 12.709042
2 12 19.398563
3 23 4.753914
5 21 6.354521
6 6 4.578620
6 20 4.172195
1 14 2.184366
1 15 4.960172
1 15 2.329991
3 21 1.204467
4 17 2.456441
5 13 4.820671
6 15 5.221233
0 17 5.096790
0 20 7.295008
5 1 7.295008
6 15 2.588879
0 11 3.667450
6 12 5.371498
0 16 3.202648
2 19 9.351472
1 16 4.604141
2 17 3.433240
6 22 1.215647
2 19 3.621235
5 2 7.295008
0 16 2.219039
2 12 4.960172
5 18 2.065449
0 14 1.746405
1 14 2.452622
1 14 3.667450
2 18 4.870902
3 11 5.044242
5 22 3.896651
5 22 5.878123
1 16 4.960172
1 16 1.020265
6 22 4.878857
6 21 2.641720
1 19 10.195904
1 19 12.683676
1 21 2.956788
4 13 1.155367
5 15 7.197839
1 14 4.675736
6 15 3.929410
2 15 1.174437
4 14 3.994270
0 19 1.084667
4 16 1.016875
0 16 2.911089
0 16 4.878857
6 22 2.254830
1 11 5.622553
6 15 2.760550
0 6 7.295008
0 18 7.563676
1 13 10.812314
3 17 9.281042
5 20 2.541808
5 21 12.069772
0 13 3.667450
0 12 2.377389
5 23 8.099677
6 20 1.323408
0 19 16.093029
2 19 6.061815
4 20 2.291794
6 15 16.911568
1 8 7.894404
4 12 2.743141
0 19 2.184366
0 20 2.291794
0 20 4.441945
0 22 2.329991
0 8 4.335225
4 19 2.974457
6 20 5.374770
0 0 10.447831
0 1 2.541808
6 18 4.960172
1 17 7.460695
4 0 2.369482
5 21 5.591978
5 23 3.607327
4 20 2.291794
0 1 2.329991
3 17 5.006336
0 13 2.254830
6 13 11.371572
6 13 13.460228
0 12 5.106633
3 0 7.202743
3 22 2.194513
4 18 2.588879
4 22 4.133878
1 12 4.878857
3 0 11.018394
1 9 2.037762
3 0 2.593515
6 22 6.964811
0 8 7.582378
1 13 1.370583
1 19 3.106655
1 21 8.389376
6 11 2.419596
1 20 3.711187
4 7 4.651406
4 17 1.118396
5 16 3.815516
6 9 5.723275
6 20 9.558712
0 11 4.313193
0 18 2.301199
0 18 4.509247
6 9 10.305487
2 18 5.423939
4 18 2.459368
5 12 2.853050
6 11 3.025186
0 12 5.131212
0 13 1.205168
0 13 3.704799
6 20 4.878857
0 18 2.377389
0 19 5.001068
0 19 5.173213
0 20 2.685076
1 19 12.326941
0 19 10.992519
6 11 3.128679
3 15 12.069772
6 11 2.338415
0 18 2.184366
1 14 2.031589
2 19 27.481298
4 14 2.338415
0 13 3.351105
1 11 4.087599
3 15 4.825607
0 20 8.043521
0 22 2.184366
5 12 2.291794
1 6 6.611381
3 10 4.951994
3 13 4.251575
3 13 4.133476
5 20 5.952206
5 21 2.637726
5 15 1.889182
0 17 10.812314
0 18 4.878857
2 22 9.660577
3 17 2.705548
1 11 4.960172
4 15 8.267756
6 21 9.405017
3 11 2.956122
5 14 17.474932
6 21 2.329991
6 13 2.479153
0 15 4.028741
2 9 4.611433
3 13 9.405017
0 11 10.345518
5 9 9.366487
5 9 27.793098
5 15 6.876468
1 20 5.163621
2 14 3.256011
6 21 4.098202
5 12 2.714108
5 20 2.974457
0 12 2.582780
6 18 2.452622
2 14 2.377389
2 17 6.465936
2 17 6.061815
2 22 3.532885
2 22 4.960172
4 21 5.615289
5 11 8.082419
0 0 4.820671
0 16 1.037269
2 22 4.028741
2 23 7.418653
2 23 4.650161
5 18 2.329991
5 20 3.555892
1 19 1.969006
6 12 8.803545
0 19 2.377389
3 20 2.496419
5 18 11.315411
3 19 2.329991
4 22 6.828147
4 23 9.128894
3 20 8.059954
4 12 5.193548
6 12 12.683676
0 18 4.960172
0 20 5.131212
6 12 2.668178
6 14 4.445782
1 20 3.961595
1 23 2.452622
5 11 2.668873
6 10 3.720129
6 15 2.291794
1 13 5.173213
1 18 21.275843
1 19 10.620514
1 20 4.960172
1 20 4.723973
1 21 4.878857
1 22 4.084916
2 20 6.002286
0 20 8.776430
0 20 9.723379
0 20 2.291794
0 20 10.050213
0 21 4.496359
0 21 2.329991
0 22 5.115713
0 23 10.812314
1 14 9.786301
1 15 5.376902
4 21 4.800166
5 14 2.338415
5 15 4.067501
6 8 2.329991
6 8 2.377389
6 12 2.502515
0 11 4.244566
0 15 6.839565
1 1 3.401921
6 23 8.518626
0 16 2.329991
2 18 13.191023
6 23 1.997135
0 11 1.992019
0 12 3.713995
2 17 8.905037
4 16 10.753804
6 19 2.541808
0 20 2.291794
2 13 5.411096
2 17 3.344450
5 17 5.411096
6 20 2.547203
2 6 5.173213
2 15 4.688291
2 18 4.910837
3 16 6.927788
3 19 4.155691
3 20 2.329991
4 12 4.960172
6 19 1.761029
4 15 3.547697
4 17 5.221233
4 22 10.695639
5 14 8.689874
5 20 7.759123
3 21 3.918749
5 18 5.835496
1 17 2.338415
0 14 2.025782
3 9 6.904397
6 14 3.494986
1 20 10.992519
0 8 3.961595
6 18 1.020265
6 23 6.613562
0 8 11.371572
0 10 6.688899
0 12 2.291794
6 11 4.878857
6 13 4.498700
6 15 11.178833
0 18 8.866003
0 19 2.150761
1 15 3.547697
6 11 5.796235
0 13 2.291794
0 13 7.715376
6 15 4.651406
6 15 5.968556
6 16 5.131212
3 18 2.254830
1 20 1.456244
0 20 3.601450
1 19 5.371498
6 12 12.931898
6 14 14.338068
0 18 2.369482
3 20 8.567116
6 8 12.069772
2 18 2.453868
2 20 4.272195
5 19 4.832144
5 19 20.542725
6 15 8.456345
6 21 12.581391
5 14 10.808750
5 15 30.174429
2 16 2.329991
4 18 5.283441
6 10 2.329991
6 10 6.265096
6 10 3.494986
6 17 4.519878
6 20 4.244566
0 17 2.118174
0 18 3.014342
0 19 6.200078
1 18 11.571073
4 12 2.329991
6 20 8.522254
0 19 5.044242
0 20 16.086613
5 19 6.896241
6 10 5.351600
6 14 2.264180
0 15 4.960172
0 19 6.260439
0 20 1.020265
1 17 2.329991
4 9 5.903888
4 21 4.992837
0 16 4.960172
0 19 2.637726
0 20 3.232968
0 20 2.736790
5 22 2.219039
5 12 25.367352
5 19 8.278153
0 16 2.377389
5 1 2.357288
5 13 1.863993
5 15 5.142215
0 15 10.637921
1 20 3.709326
5 21 10.094110
6 13 4.139507
0 0 5.254776
0 0 5.044242
6 21 2.329991
0 21 2.941569
5 13 2.637726
5 14 6.431020
5 14 6.265096
0 15 10.812314
5 13 6.482476
5 18 6.541800
4 10 8.258500
4 11 10.673491
2 18 2.329991
3 21 3.961595
5 15 2.291794
5 18 2.074538
5 20 4.878857
6 22 2.338415
0 20 1.184741
5 16 7.858821
5 18 2.741166
1 11 2.933960
1 19 5.131212
6 12 3.584601
6 20 11.178833
3 19 7.134776
6 18 2.086559
0 22 3.189087
1 0 1.997135
5 14 2.329991
2 21 2.291794
5 21 4.333668
6 16 3.905668
2 21 2.410335
0 11 4.960172
0 12 4.825607
1 20 2.254830
1 23 3.667450
2 20 5.723275
2 21 10.992519
2 23 2.369482
3 20 7.573036
3 21 4.251575
4 23 8.099677
0 9 4.960172
0 18 1.003809
0 20 2.463575
1 8 4.960172
2 13 7.161997
4 14 5.391373
6 15 6.331507
1 1 4.564655
4 13 4.578620
4 14 4.078775
6 14 5.325431
0 14 4.026590
0 19 7.587827
0 21 3.347827
4 20 6.991050
6 11 4.849888
1 11 2.194513
1 11 2.853050
1 12 2.329991
1 12 6.523077
2 10 17.474932
6 18 3.004466
1 22 4.992592
4 9 5.314469
4 22 8.737466
6 18 6.604830
6 21 10.981417
6 12 2.668873
3 20 2.625121
4 0 2.641720
6 2 14.779312
4 12 2.329991
5 0 3.144538
5 20 11.022603
1 16 5.173213
2 14 3.446852
2 18 2.329991
5 22 4.251575
1 0 5.170293
2 12 9.359724
2 13 15.703599
0 19 4.172195
0 19 11.848140
0 20 2.496419
6 21 2.219039
5 21 4.820671
4 15 4.960172
2 16 3.896651
2 19 4.960172
2 20 3.347827
4 10 5.968556
3 19 10.812314
0 11 1.959363
1 13 4.496359
3 20 5.511302
5 18 2.118174
1 14 1.020265
5 12 1.020265
2 14 10.992519
2 15 6.465936
3 19 4.800166
6 17 3.667450
6 19 4.905119
0 1 6.493184
0 17 2.990595
0 17 3.667450
6 14 7.175418
6 17 2.861637
6 19 4.878857
0 14 2.329991
1 19 12.931898
0 19 2.625121
3 19 4.960172
4 12 2.329991
6 19 4.723973
0 17 6.657117
0 4 1.802727
1 15 3.896651
4 21 8.503151
5 23 4.422648
6 19 4.850933
2 11 6.086134
3 22 11.122804
4 21 4.090659
5 23 2.329991
5 23 2.254830
3 21 3.994270
4 13 2.150761
6 15 3.929410
2 12 2.329991
5 18 12.946913
5 21 4.262082
6 18 1.470550
3 14 4.688291
2 13 11.871906
0 11 4.519878
0 16 4.509247
2 14 2.329991
6 7 3.601450
6 16 11.542532
6 20 3.667450
0 23 6.002286
0 23 8.822863
1 0 4.376622
1 0 5.035779
6 13 12.069772
6 21 2.184366
6 18 4.878857
6 19 4.723973
4 13 26.239737
6 12 2.369482
6 13 1.084667
4 19 4.509247
6 15 4.849888
6 16 5.824977
2 17 4.519878
0 17 2.329991
4 16 4.133476
6 16 6.362802
3 21 6.684589
3 23 2.291794
0 16 6.657117
0 19 2.291794
4 17 21.299597
5 15 3.489242
5 21 3.883318
0 15 5.615289
0 9 3.317287
0 19 4.878857
2 17 4.791050
3 14 5.282127
6 11 3.833802
0 15 2.329991
0 17 3.667450
0 18 6.169312
0 18 10.812314
1 12 3.607327
3 16 2.329991
5 18 2.329991
5 18 8.658900
5 19 2.541808
0 15 2.338415
0 20 17.474932
1 11 4.960172
3 15 1.920066
4 11 3.929410
0 17 3.385338
0 18 14.779312
1 21 6.465936
2 13 7.759123
2 20 6.901056
2 20 4.991298
3 21 2.329991
0 11 10.972519
0 16 7.523899
6 14 3.494986
0 19 2.410335
0 19 11.571073
0 20 4.509247
1 21 19.734007
6 16 4.756917
6 20 1.037269
0 9 4.543824
0 16 3.860473
6 12 12.931898
5 12 5.613196
1 1 5.826822
6 21 3.766444
5 0 9.217141
1 8 11.492615
6 19 2.329991
0 12 3.961595
0 20 5.173213
1 11 5.173213
1 21 2.291794
3 17 4.960172
5 18 2.329991
5 21 13.460228
0 14 1.897161
0 18 3.492809
1 19 8.748151
6 21 3.492809
0 11 3.041283
0 17 4.960172
6 10 2.563367
3 17 3.702041
4 1 4.219423
5 12 3.667450
0 15 1.037269
2 17 5.088407
3 22 2.118174
6 11 5.622859
0 13 4.451850
2 18 4.870902
5 16 4.733010
6 9 7.797995
6 17 2.459368
6 21 2.685749
1 11 3.385580
6 11 1.810926
1 16 3.103649
1 18 2.291794
5 12 5.425566
6 12 3.496093
1 9 5.332021
3 14 4.059506
3 16 5.283441
0 23 7.284563
1 12 3.601450
2 12 5.591978
5 6 4.960172
5 14 6.465936
2 14 2.291794
3 12 5.332021
2 15 8.456345
4 10 5.044242
1 16 10.812314
0 22 4.650161
0 22 14.588420
2 15 10.088872
2 20 7.798615
6 21 4.960172
0 23 14.483726
1 0 4.650161
5 18 2.329991
6 18 3.711187
6 21 10.305487
0 19 4.958306
1 14 5.221233
1 15 3.143528
5 19 11.871906
6 1 7.175418
6 20 2.129005
2 12 5.314469
0 19 17.356609
1 21 2.452622
1 22 4.960172
1 23 8.930918
1 23 8.566725
4 23 2.410335
6 11 2.410335
0 20 7.869127
0 21 4.960172
0 21 2.329991
0 21 2.452622
0 22 2.990595
0 22 4.909473
1 11 2.161263
1 22 3.475351
1 22 11.492615
2 22 5.654209
6 15 2.329991
3 19 2.184366
6 19 2.827104
6 22 2.055874
3 19 3.834600
5 19 4.131922
5 20 2.486935
0 14 6.063867
0 9 2.990595
1 14 10.992519
1 18 6.265096
4 15 5.313622
4 16 2.329991
6 11 2.291794
6 11 9.380475
0 15 2.329991
0 17 11.991839
0 21 2.228802
6 18 2.541808
6 18 10.050508
0 13 3.961595
0 14 2.668873
6 18 4.578620
6 18 5.131212
1 10 1.318863
5 18 3.656857
5 21 9.075088
6 17 1.141755
6 18 5.044242
6 22 4.098202
0 17 12.400429
1 11 5.194170
6 20 12.931898
0 21 5.371498
6 13 4.219423
1 14 8.737466
4 22 4.251575
6 10 5.462541
6 13 3.994270
6 20 5.723275
1 17 2.129005
1 18 4.650161
3 13 4.191694
3 21 5.221233
3 23 3.896651
5 15 3.169276
2 12 21.067322
2 19 3.711187
3 12 2.219039
3 21 7.393989
6 18 2.463575
0 17 43.970078
0 14 2.911498
0 17 5.782532
3 12 5.371498
3 18 2.496419
6 15 3.494986
1 19 2.963243
0 11 2.593515
2 8 6.465936
4 19 4.878857
6 16 4.930776
0 15 2.291794
0 19 3.341225
1 19 1.084667
3 20 4.441945
4 15 4.878857
4 20 3.667450
6 14 2.859507
0 16 4.960172
0 21 4.910828
6 10 5.509067
6 12 2.559652
0 13 2.184366
6 11 16.086613
6 11 10.857821
6 13 2.150761
6 13 2.795989
6 15 2.496419
0 13 4.449574
2 13 5.107600
5 10 2.329991
5 15 12.709042
1 18 4.723973
2 18 4.011910
3 18 8.503151
4 23 11.113444
6 22 4.401772
2 20 4.878857
3 14 1.964427
3 19 2.496419
4 11 3.463894
4 22 5.221233
5 13 4.650161
6 20 10.992519
0 0 4.650161
0 22 4.960172
0 23 4.958306
3 16 6.002286
5 20 3.961595
6 18 3.968137
6 18 14.199731
6 21 2.291794
2 9 3.961595
3 18 5.088407
3 20 4.878857
3 21 4.723973
5 13 6.896346
0 13 8.048117
0 13 1.863993
4 12 6.465936
0 8 10.262424
1 11 4.960172
0 11 5.693166
0 11 9.380475
6 14 5.069791
6 14 3.678933
0 18 10.992519
0 16 2.906264
0 19 4.688291
2 14 9.437152
5 23 4.251575
0 13 2.161263
6 18 6.469789
1 16 2.417684
2 13 13.191023
6 17 4.578620
0 21 3.409743
1 19 1.997135
1 19 8.040407
