6 10 3.647289
2 23 9.641101
1 17 8.350618
3 20 6.125251
6 22 9.187877
0 14 6.024837
1 21 4.979712
3 19 3.310616
2 17 3.931473
0 18 4.168100
0 22 6.682092
1 22 10.258206
2 17 11.038181
2 19 4.193571
3 20 6.234434
4 18 4.583854
4 19 5.911235
6 18 14.590146
3 19 1.680942
6 21 2.987927
0 1 11.428315
5 8 6.515519
6 23 6.636487
3 12 8.941442
3 17 6.125251
6 0 5.172825
6 4 9.939539
6 7 4.138270
0 19 1.736973
0 19 5.148346
5 13 4.193571
6 22 7.204991
1 10 11.855325
2 10 1.142339
2 16 9.385850
4 20 9.939539
1 7 4.264649
2 21 3.710174
3 13 11.490438
4 21 13.812856
0 15 1.736973
3 11 10.144201
6 21 6.636487
0 11 10.314595
1 16 13.801737
4 11 1.828393
5 0 7.788963
5 7 9.513521
4 7 17.260925
4 11 9.474400
5 6 6.636487
0 7 6.203052
0 10 18.018389
1 12 8.185948
2 9 21.299011
0 13 17.693611
6 23 5.353495
0 2 7.912215
3 23 14.526057
5 20 7.362621
6 3 9.318317
6 5 9.776595
0 14 7.303583
3 22 3.065341
4 22 18.019394
0 10 4.642145
0 10 4.659818
4 18 18.258057
6 1 6.677719
6 19 5.157056
0 1 35.080723
5 19 4.099771
0 19 3.586501
3 22 27.078693
4 20 8.141434
6 18 5.888328
1 22 8.014224
2 21 6.552529
4 8 4.124824
6 21 4.303801
6 22 5.042239
0 11 12.397371
2 19 5.436653
6 23 6.835574
0 2 11.651735
6 8 8.408366
0 1 4.058295
1 8 4.497078
1 8 4.718246
5 13 5.825818
3 0 4.264649
0 11 12.281653
1 1 10.861908
6 22 4.168100
0 11 40.854458
1 10 18.996679
1 10 1.966385
2 13 13.285162
2 18 33.131794
2 23 21.731503
3 14 5.093740
3 16 7.702403
5 9 4.802132
5 17 7.996291
1 12 4.796883
1 12 6.636487
1 15 9.939539
3 16 35.322266
5 19 8.284002
2 6 4.932902
2 8 12.973964
4 13 1.708498
4 20 6.024837
5 5 4.124824
5 9 10.809267
5 18 13.541543
1 6 7.750915
1 7 2.123610
1 9 3.586501
1 12 8.213722
1 12 13.665554
1 21 3.527706
0 19 4.891360
0 19 4.623041
3 15 6.903465
2 13 2.596187
2 15 4.937556
5 6 3.809013
5 7 7.006224
0 13 11.038181
3 18 28.398682
5 15 4.193571
1 14 19.879078
4 12 10.282281
5 15 23.180237
5 19 4.264649
6 14 9.939539
6 16 3.089089
6 16 6.514095
4 8 10.369383
5 18 10.407866
5 18 12.688772
1 12 9.859964
6 23 5.974435
2 11 4.718246
4 18 6.336467
4 19 17.735126
1 8 15.690068
6 9 12.561476
6 12 8.548506
6 22 19.342899
0 15 4.438854
5 12 9.466228
2 23 9.111416
3 13 7.989458
0 6 4.796883
0 6 11.618787
0 6 6.636487
0 9 8.582279
0 9 11.963993
0 10 5.869293
0 13 10.108006
2 20 6.222950
0 23 6.527692
3 20 6.478665
4 20 9.974328
5 1 18.145100
1 21 11.531341
5 10 4.026027
6 13 9.201602
5 23 9.182001
6 23 9.684021
4 11 5.042239
4 15 9.776595
4 18 4.099771
1 8 12.220809
1 11 11.987700
2 10 5.702425
2 15 1.966385
3 14 3.710174
4 12 1.796869
4 15 5.008845
6 23 40.407997
0 8 2.951009
0 10 6.174170
0 11 2.428691
2 22 9.316072
3 1 5.196374
3 18 13.869123
3 21 7.400420
3 21 33.196533
4 18 12.947343
4 20 4.230193
6 20 1.202266
6 23 9.942561
0 20 9.143134
0 13 9.471339
1 14 7.493910
2 13 4.193571
0 9 6.636487
0 10 4.168100
1 10 20.516413
3 12 18.091892
3 18 6.605018
4 0 6.143881
5 7 8.548506
5 21 16.823603
6 8 12.160124
0 13 3.586501
0 18 16.478531
1 12 9.195532
6 12 4.227772
6 19 5.096462
6 20 3.906043
0 12 16.388872
0 21 5.731413
0 21 12.059426
1 14 9.396303
1 20 4.264649
2 6 11.618787
5 20 4.676147
2 12 8.693580
2 19 10.500431
2 21 4.360803
3 8 3.512770
3 13 2.842408
4 19 5.003798
1 22 6.024837
4 20 11.332465
5 18 8.327162
6 23 11.104722
0 10 11.638865
1 21 11.379059
2 9 6.636487
3 14 5.241964
4 22 9.409801
5 15 17.172108
6 12 8.325456
6 13 6.024837
1 2 9.174958
5 14 6.693326
0 4 10.282281
0 6 9.195532
0 6 6.009756
4 6 6.527692
5 14 10.626790
0 6 7.327291
0 9 8.693396
0 10 1.736973
6 7 5.266726
0 12 2.786674
0 17 8.548506
0 20 12.448700
6 18 7.350302
1 9 4.796883
6 17 14.644063
6 21 6.636487
0 11 5.706054
0 20 5.810238
2 10 4.878186
2 11 8.164153
2 23 5.996104
2 23 7.964854
3 22 25.080364
4 14 16.118170
4 22 7.152856
6 18 5.320979
2 9 15.291597
3 18 7.996769
4 14 6.075049
6 17 4.861594
6 20 1.736973
2 15 4.586815
0 21 8.676354
2 10 4.230193
4 17 4.877509
0 20 8.046321
2 5 4.193571
2 5 6.640450
3 7 3.065341
3 9 12.160124
4 23 9.182796
5 5 8.963782
6 8 2.159003
0 17 13.014296
1 7 7.124973
1 13 4.368396
1 17 8.548507
2 9 5.888328
2 11 6.406108
3 3 13.794201
5 8 7.912215
5 11 10.282281
6 0 2.058762
1 11 4.937556
2 22 4.959579
4 8 4.574805
4 8 2.988515
4 13 4.796883
4 13 4.882233
6 8 4.151923
6 9 5.504179
6 13 14.303714
6 13 2.930437
1 8 6.009756
1 7 3.619902
1 13 9.618237
2 9 5.042239
3 6 6.640450
3 7 13.989375
3 10 10.713573
0 13 5.943183
5 4 6.268860
5 4 7.155387
5 4 12.706000
5 4 6.453433
5 5 1.736973
6 19 7.206178
0 1 8.548506
1 4 5.139518
1 10 9.776595
1 10 6.636487
4 10 2.989441
4 12 4.193571
5 8 12.362793
6 10 10.241153
6 12 3.594490
0 9 10.679306
0 2 7.537706
3 6 8.548506
3 8 4.538431
3 11 11.774089
3 12 4.586815
4 7 7.101775
4 8 10.282281
4 20 16.298109
1 6 9.776595
1 8 17.828917
1 11 6.704173
6 17 4.193571
6 20 15.313128
5 7 15.217319
6 21 1.708498
2 16 10.179328
2 17 4.193571
4 5 3.878984
5 6 4.718246
5 7 4.796883
5 7 3.593738
6 9 18.655186
4 14 3.448254
5 11 5.756260
5 11 6.447633
5 11 7.811059
5 11 6.773967
5 21 6.048489
1 13 10.462672
1 13 8.721605
1 13 9.939539
3 10 11.243987
3 10 1.708498
3 11 11.428315
3 11 6.320464
3 12 4.193571
3 14 5.888328
4 13 1.966385
4 20 3.527706
5 1 39.758156
1 9 12.362793
2 14 4.586815
3 14 1.736973
3 23 3.321543
4 9 6.125251
4 12 5.042239
4 22 6.329862
5 9 9.776595
5 10 6.620984
5 16 7.371059
0 12 28.398682
0 14 5.148346
1 11 9.641101
6 20 4.124824
0 2 12.949502
0 13 6.704173
3 21 6.527692
6 20 4.124824
6 20 42.742527
1 18 5.602488
1 19 5.062541
3 6 9.195532
3 8 5.180387
3 9 5.648600
5 7 9.776595
1 15 3.580539
6 8 8.408366
6 11 4.959579
0 8 8.408366
1 22 6.160921
2 23 9.402202
3 13 4.193571
4 9 1.736973
5 20 6.336467
2 17 4.553220
3 8 7.381824
4 15 39.040398
5 16 18.071888
3 7 8.199966
3 8 4.490811
3 8 4.904041
4 14 8.114942
4 14 7.530134
4 14 4.058295
4 17 7.313643
0 20 6.557910
0 20 9.318317
6 6 9.090466
1 9 4.493112
1 11 11.618787
2 7 6.009756
3 9 7.875762
4 9 7.854492
5 19 4.914869
4 5 7.802363
4 5 10.995580
4 21 10.892392
5 15 11.147034
6 23 20.417503
0 9 10.640883
2 9 4.193571
2 15 6.125251
3 7 9.118486
3 12 9.443588
3 23 14.313452
4 10 4.124824
4 20 5.952076
5 5 38.754574
5 7 5.030823
5 8 5.852875
5 8 4.879586
5 12 4.160228
6 10 3.755437
6 15 19.917919
1 11 4.193571
3 20 5.042239
3 20 20.494911
3 21 4.168100
3 22 4.533618
4 16 12.789096
5 18 9.939539
5 20 4.608598
5 20 6.229069
5 22 3.969620
6 10 4.493112
6 10 10.057065
6 15 4.727099
0 8 9.195532
0 8 11.618787
1 16 6.624111
2 17 10.862972
2 19 18.375753
2 19 10.421839
2 20 6.229069
4 17 6.125251
1 18 2.988515
1 21 12.170863
2 17 13.553916
2 20 13.553916
2 20 7.695353
4 16 4.145464
5 17 6.125251
5 19 12.170863
5 21 7.358244
6 8 9.195532
6 8 12.448700
6 18 2.989441
0 7 10.143777
0 12 15.313128
0 14 5.927662
4 11 8.350618
5 9 8.070315
6 16 4.796883
0 20 39.758156
1 11 12.362793
1 13 1.510412
2 13 6.336467
3 20 11.756628
5 14 4.985775
6 22 15.978916
0 10 5.044974
4 9 6.682092
5 9 1.766413
6 8 7.807631
6 13 2.720461
0 17 37.273270
6 21 9.115816
0 1 11.158621
3 6 7.009380
4 6 7.954936
4 14 11.043932
5 22 15.138114
2 18 13.151547
4 6 6.266171
4 19 5.266726
5 10 4.092028
5 21 12.160124
6 11 3.090012
6 18 8.963782
2 9 9.913406
5 6 10.690928
6 11 8.408367
6 12 16.557819
6 17 42.598022
2 8 13.245564
5 23 12.830976
5 23 3.889365
6 0 5.211550
6 8 10.798666
0 11 1.188415
3 11 3.870989
3 14 6.125251
4 7 4.092028
1 8 6.748970
1 14 4.718246
1 14 4.586815
2 7 4.124824
2 10 9.466228
2 14 4.900201
4 8 12.362793
5 7 7.118133
5 8 2.831448
6 14 4.959579
6 15 6.952033
4 7 22.700195
5 7 12.572331
5 10 9.939539
5 13 9.939539
1 11 3.529708
0 0 12.153227
1 1 8.548506
5 15 11.484846
6 0 4.627971
0 0 10.421839
2 19 11.590118
4 18 7.418641
0 15 3.746571
2 16 4.796883
3 23 11.158621
0 16 5.756927
1 21 13.349226
1 22 11.867173
3 19 7.010070
0 18 12.540368
0 8 19.255064
0 13 11.742492
0 23 4.033646
6 11 5.888328
2 12 10.649506
4 22 10.685632
5 20 37.273270
6 16 10.176475
6 23 5.520308
0 20 4.787933
0 20 7.657485
4 14 5.504624
5 23 4.962293
6 8 9.939539
6 20 11.429889
6 21 33.131794
6 23 4.718246
6 23 7.912215
3 0 11.386791
4 14 8.643163
0 15 6.455820
1 15 5.030823
4 8 9.939539
0 15 9.776595
4 9 2.521350
1 18 6.024837
2 21 5.301945
5 8 5.888328
5 19 11.038181
5 12 8.352682
5 20 4.514883
6 10 3.362345
6 11 9.618693
0 5 4.718246
0 5 7.400420
0 5 4.193571
5 19 8.494280
6 22 6.198240
0 22 2.928394
1 11 6.812645
2 20 3.527706
2 20 5.405329
5 12 6.305296
6 12 5.042239
1 11 4.745391
1 20 37.273270
4 14 10.618453
5 12 4.962780
5 17 8.898902
5 17 4.933613
0 13 5.464269
2 14 1.654260
2 20 1.766413
4 13 6.929533
5 1 11.851917
6 0 15.291597
6 12 9.044785
6 12 2.901825
4 23 22.854248
3 11 10.690928
3 12 15.694008
3 21 5.325080
3 22 12.362793
0 21 12.672934
1 10 7.206178
1 13 11.428315
0 7 8.014224
2 18 8.643077
3 18 7.206178
0 8 8.164455
0 21 6.024837
1 10 13.028423
2 12 1.736973
2 15 4.124824
3 14 21.125067
5 14 7.280965
5 15 4.796883
5 21 6.091374
6 10 9.053189
0 8 4.979548
0 9 10.971761
1 10 9.939539
0 14 6.965478
0 21 10.346083
2 20 18.636635
5 9 5.616525
1 17 9.939539
6 9 1.603360
6 18 3.746955
6 20 6.416524
2 19 6.336467
4 2 6.370607
5 9 14.961493
6 11 13.314302
0 21 8.488184
4 12 4.394237
6 23 19.124182
0 8 14.796136
1 21 6.952033
1 13 3.089089
3 20 5.818213
1 23 12.584327
2 19 7.279748
3 19 8.352615
6 22 4.193571
5 21 10.208121
5 20 4.654374
2 23 11.867173
6 22 14.832494
0 1 6.125251
0 6 16.217455
6 19 4.230740
6 21 1.736973
2 9 2.851467
0 8 9.618908
0 17 3.503776
3 14 27.107832
5 11 10.886765
5 23 16.372025
2 22 5.608299
3 0 6.682092
3 6 7.485795
1 19 8.199966
4 9 3.565954
4 10 12.572331
5 15 3.386983
5 18 12.160124
5 18 5.180387
0 12 24.501005
5 15 4.642145
6 21 8.693396
6 21 7.086876
1 9 9.939539
1 12 8.465088
6 5 9.939539
3 12 5.232964
3 12 13.074104
3 18 4.623260
1 7 14.264761
4 10 5.232964
5 21 11.429267
6 6 9.953388
6 6 3.870989
6 10 7.876024
6 13 9.512620
6 20 8.141434
6 21 9.618908
1 7 5.927662
1 10 14.146973
3 4 4.796883
1 10 4.124824
1 10 3.038448
1 11 4.959579
2 18 5.399056
5 7 2.171216
1 20 17.693611
1 23 20.564562
3 16 35.080723
3 14 14.135195
6 14 5.258990
4 10 5.325080
2 14 11.928147
6 21 9.939539
6 14 27.885088
0 1 9.776595
0 1 9.939539
5 7 7.220138
5 8 7.220138
5 23 11.646033
0 1 5.698382
2 21 9.790218
4 13 4.948482
5 10 1.628412
5 14 6.125251
6 9 5.431416
6 13 6.636487
6 22 17.185341
1 7 8.936088
1 9 13.406292
2 2 21.785225
2 21 6.125251
6 17 5.402399
5 11 9.641101
5 19 4.654374
6 13 16.543209
0 21 25.066143
0 23 5.654078
1 18 5.789911
2 20 10.688261
4 18 11.563897
0 1 7.313643
3 22 13.480198
5 11 21.248325
5 16 8.275688
5 21 8.081244
0 20 7.542284
1 21 8.548506
1 22 6.805835
3 10 4.168100
6 8 6.636487
6 22 4.618614
3 10 8.336633
3 23 10.073265
1 9 12.160124
2 12 38.305435
2 19 5.815893
2 22 34.938103
5 5 7.854492
5 13 12.688772
5 13 9.083080
5 17 6.125251
6 19 7.576134
6 14 3.038448
0 15 5.791798
0 19 30.309877
0 14 5.973163
5 21 4.380892
6 20 6.636487
5 18 7.912215
0 11 17.507174
0 19 25.819527
1 0 12.190845
1 8 11.618787
2 7 9.939539
2 21 10.198633
3 8 14.310992
3 9 7.145315
3 11 8.265770
4 18 6.024837
5 6 11.428315
5 10 5.990816
5 21 6.636487
6 10 5.447098
1 7 1.708498
1 10 9.939539
1 11 2.159003
2 5 8.839765
3 11 13.768411
4 8 11.618787
4 9 3.782558
5 13 9.939539
6 11 10.302327
1 0 9.600982
1 10 14.078805
1 11 11.428315
1 15 3.883182
1 21 4.099771
1 22 14.900480
2 9 12.362793
4 6 23.854893
4 6 11.243987
4 8 12.602583
4 14 13.773741
5 10 9.953388
5 10 8.201496
5 11 4.796883
0 9 3.527706
1 0 8.264417
5 19 4.563244
5 20 4.802132
6 23 2.941989
1 7 20.711870
1 8 15.951595
6 16 16.705231
6 16 8.198908
4 18 9.085022
0 0 8.435699
2 9 5.927662
4 18 8.308126
4 20 1.736973
5 5 3.700182
5 7 7.079666
5 8 9.618908
6 10 5.869293
6 13 2.605460
6 14 6.797674
6 14 5.019491
6 15 9.939539
0 18 6.447633
6 22 2.481390
1 21 10.936817
5 14 13.430486
6 13 6.125251
5 15 15.297083
5 21 14.875213
6 14 6.889694
6 9 13.434414
6 9 6.322015
6 9 5.159185
6 11 10.108006
6 16 6.024837
1 8 23.995108
1 9 4.539935
2 10 28.781300
2 10 4.160228
5 16 8.046321
6 13 9.912873
0 20 8.464213
2 16 6.024837
3 17 1.708498
4 19 5.791798
6 17 7.059501
6 17 3.277726
1 7 1.708498
2 18 4.033646
2 20 12.525927
5 16 6.125251
1 8 2.903129
1 14 23.854893
1 19 9.195532
1 19 10.715168
2 2 12.263227
4 10 5.654078
6 0 8.408366
6 1 3.903067
1 8 9.939539
1 23 13.159847
2 0 9.159113
3 8 12.973964
4 10 8.548506
4 18 5.062541
6 12 6.125251
6 12 2.217412
6 15 4.193571
6 20 10.782822
0 9 8.199966
3 12 6.125251
6 17 1.966385
6 21 18.375753
2 21 6.462818
5 5 9.939539
0 9 8.548506
0 19 6.125251
5 8 13.599305
5 22 10.108006
0 6 6.125251
2 21 8.258005
4 11 6.527692
6 16 17.988312
0 22 12.770833
6 18 6.704173
6 19 6.130494
1 16 6.218966
2 8 9.466228
6 0 6.125251
1 11 6.024837
1 22 8.936088
5 23 16.139952
0 18 5.833573
1 0 6.590283
1 12 9.079462
4 14 4.234634
5 22 10.478663
0 11 8.308126
0 12 1.708498
0 20 13.942544
1 20 9.776595
3 19 6.711024
5 16 31.388016
1 11 10.523710
1 22 7.067597
3 20 6.384927
5 16 19.019682
6 16 6.400351
6 23 7.994805
2 18 8.399611
6 18 1.736973
1 19 6.024837
1 19 4.338177
2 21 9.641101
2 18 8.408366
3 14 9.939539
3 20 4.168100
0 0 7.493910
0 18 3.441560
6 7 15.291597
6 9 6.229069
6 11 9.483050
6 14 4.087560
0 7 9.913406
6 8 7.418641
0 11 8.486367
2 10 4.539935
6 9 5.521939
6 10 9.478224
0 8 5.044974
2 13 3.589729
2 17 9.498340
0 6 1.962730
0 9 14.764648
6 10 18.283398
6 13 13.661004
1 11 31.388016
2 9 5.530406
3 23 9.671450
6 9 6.125251
6 14 37.273270
2 8 4.175807
3 7 6.744819
4 10 5.873734
5 7 40.591591
2 8 4.193571
2 18 4.008399
3 14 15.795904
4 14 8.424788
5 20 4.515978
5 21 2.084368
6 10 12.789096
6 10 7.710168
6 19 6.025335
6 20 9.512496
0 7 2.532418
6 12 9.466228
6 12 11.300585
5 18 12.220809
6 16 12.996381
1 7 8.898902
1 10 7.876513
1 11 13.773741
1 12 5.833573
2 19 15.668035
5 21 6.682092
6 8 15.619308
3 17 11.439182
4 21 11.867173
6 8 5.605773
6 10 2.468506
6 11 11.646033
0 0 9.790218
1 21 11.306376
2 9 24.507883
5 10 9.939539
0 20 5.791798
2 5 5.927662
2 6 7.964313
2 6 3.065341
3 4 5.224998
3 5 1.736973
3 5 6.009756
3 23 8.693396
4 5 6.942802
4 7 2.123610
5 4 4.124824
5 5 4.193571
5 13 6.504531
6 5 7.504311
1 17 1.894880
3 0 9.939539
3 5 4.228202
3 9 4.904041
3 10 10.284934
3 10 5.779855
4 5 4.642145
6 15 3.323855
1 17 13.372650
1 18 2.159003
6 22 6.595095
6 22 3.819523
0 2 9.600526
6 19 28.398682
1 13 4.147327
2 13 12.135569
2 14 10.649506
2 14 7.530134
2 21 13.942544
3 13 3.065825
3 17 4.300139
4 19 4.746132
5 23 8.624606
2 18 16.896996
4 19 4.008531
5 13 9.776595
0 22 7.010070
1 22 4.570901
2 18 6.632405
4 8 1.708498
4 18 7.989458
4 18 8.325456
4 20 10.143777
3 20 17.735126
4 19 7.750915
5 14 8.927094
6 0 15.978916
0 16 1.736973
1 18 9.498340
4 23 8.408366
3 22 1.555498
4 13 8.548506
0 16 7.418641
0 18 14.911674
0 18 6.746315
1 12 4.099771
2 11 17.910021
2 11 9.701414
4 19 5.034453
6 11 10.020741
6 12 7.465494
6 13 6.229069
6 14 4.904041
6 17 6.805835
0 21 11.167607
0 21 7.284308
3 13 1.736973
3 21 12.427941
3 22 8.199966
1 13 5.042239
0 16 6.125251
6 12 16.613726
2 23 4.160228
5 22 8.252575
5 23 15.369046
3 8 11.845931
1 8 16.212261
1 11 10.108006
1 13 5.810238
3 15 18.071888
1 10 23.701624
