0 18 8.435775
6 2 7.789697
0 9 7.954512
0 18 7.268209
0 18 10.321810
0 23 8.708095
6 18 5.149912
6 17 5.117752
4 12 7.911815
4 16 3.034059
4 23 8.927233
4 23 4.828043
5 23 13.925336
6 8 16.835400
0 11 6.541727
6 16 6.486855
0 0 7.342402
1 9 4.093649
5 22 6.435592
0 21 7.460047
0 17 7.337751
4 20 30.003265
0 11 5.258347
6 12 6.933617
0 12 4.234809
1 19 3.678384
6 12 5.739567
6 20 3.797041
1 4 3.637160
0 19 8.970493
5 10 6.452393
1 4 5.074387
6 19 6.841661
6 21 4.849005
6 22 11.097627
6 22 9.546836
5 1 5.007988
1 13 4.781324
1 20 6.365106
1 21 8.144789
5 18 7.523645
2 21 8.738051
6 4 9.147861
2 18 5.638208
6 21 10.062998
0 18 5.487806
0 16 7.705426
1 23 6.628235
0 13 6.890100
6 20 5.897500
0 10 8.727558
4 19 8.825205
6 20 7.530040
3 17 5.960972
6 9 6.409436
3 8 10.690004
4 20 17.661694
5 2 10.619656
2 11 25.800146
6 21 3.053151
6 12 8.339678
6 20 6.561906
6 14 6.890100
1 10 7.633068
3 23 10.038497
4 19 4.026540
4 20 5.091455
5 9 6.360092
6 20 8.306095
6 20 6.058721
2 11 5.335746
0 20 9.163937
3 13 8.964657
3 21 7.691323
5 19 6.360950
3 8 7.605131
3 8 5.788293
6 0 12.404317
6 1 9.151913
6 14 7.975791
0 3 9.450582
1 13 7.764215
4 23 8.587508
2 14 5.695709
1 14 5.645984
5 10 8.815183
6 20 9.080503
4 14 7.019753
5 11 7.515561
0 3 8.555532
5 20 20.095516
6 10 6.890100
1 13 6.758937
2 2 16.791702
6 13 5.808291
5 14 7.057480
5 18 7.149058
0 1 8.754542
1 1 10.290323
6 19 8.776917
6 23 6.365106
6 21 9.551813
1 16 7.452789
1 18 4.288697
4 18 4.983786
6 9 4.177939
5 14 6.782243
6 15 13.649610
2 21 7.057480
2 0 10.038497
0 11 7.127690
3 22 18.414070
6 19 4.841061
4 7 6.890100
5 12 6.706094
5 11 33.509045
0 20 5.885396
1 19 7.852682
6 21 5.502488
5 20 4.551257
5 23 6.943128
6 10 5.618086
6 14 5.545784
6 20 9.978025
2 14 4.872423
0 18 5.197915
4 19 6.156414
4 14 4.671617
2 10 4.849005
2 11 5.517764
6 15 8.150086
0 15 5.861135
4 0 6.259021
5 22 11.794269
6 16 3.923609
6 21 6.814575
5 12 9.987864
6 17 7.052649
6 18 5.074387
6 11 5.402203
6 19 6.554672
2 14 5.289313
6 0 10.116185
0 0 10.874147
5 23 8.209679
5 17 4.286395
2 0 8.820985
0 4 6.429799
0 12 4.026540
2 19 3.501403
4 22 5.869320
4 7 7.170192
0 8 8.245437
0 20 7.738482
0 20 6.287391
6 21 6.867754
6 18 5.007515
6 21 6.913278
0 13 6.599177
4 0 9.324404
6 8 13.620093
2 21 6.812531
5 10 8.117812
6 4 10.775569
6 23 6.458165
2 19 6.778181
0 22 6.259021
1 22 7.843186
6 8 5.241590
1 9 3.521765
2 22 6.746775
1 9 7.320436
1 11 3.923609
1 1 10.587125
4 8 6.550604
4 8 5.197915
6 15 4.108994
1 11 9.143950
5 23 8.779003
5 18 7.242575
6 20 5.606481
1 13 3.444003
0 22 7.310397
1 0 8.177489
0 23 6.494079
1 1 8.620226
6 23 7.950089
0 5 9.163428
1 4 9.802333
3 20 7.422860
4 0 6.627859
5 1 8.138233
0 3 20.933361
1 2 14.089601
4 16 8.017923
1 12 4.288697
4 22 5.679987
5 18 7.159848
6 0 8.361063
6 16 4.628595
0 3 5.314471
0 17 8.163940
3 14 4.640377
6 12 7.372192
6 10 4.288697
6 21 8.726664
0 12 7.099918
3 9 4.471405
4 23 8.057946
6 20 17.489723
0 14 3.923609
1 20 5.517764
2 19 5.439553
5 12 8.297483
6 16 2.183422
6 19 4.783734
0 16 3.501403
4 13 5.081875
5 12 3.388454
3 23 6.335247
6 22 14.076901
5 14 8.614537
6 16 3.501403
6 9 9.180675
2 16 4.087665
4 18 5.610776
6 22 7.177098
5 19 7.881740
6 15 7.121189
6 18 4.849005
1 19 6.474849
1 19 6.754820
1 20 3.940700
6 0 6.956348
1 9 8.162779
6 7 7.495062
6 0 9.753839
0 15 5.564917
0 19 5.773102
1 0 6.490071
5 19 5.091455
1 14 5.255054
1 16 5.149912
2 9 6.828023
3 19 4.753530
5 20 5.869320
0 17 7.219401
0 10 8.841474
0 10 5.159513
4 17 5.091455
0 1 9.482101
0 18 6.493741
6 13 9.501406
6 12 6.182001
1 10 6.849626
1 14 7.992908
5 10 5.645185
1 5 8.000031
1 8 7.049560
6 20 6.828755
4 23 15.355001
6 21 7.170192
1 0 5.479012
1 14 5.857807
1 18 6.890100
2 20 9.180675
1 6 8.298825
5 18 7.510825
6 10 9.332656
4 20 7.579420
0 1 9.047288
1 11 5.065488
5 19 5.905800
5 22 16.327026
2 21 8.828326
6 13 7.925848
6 14 6.702860
4 6 5.869320
3 22 5.696177
