4 11 7.269887
2 21 9.801025
4 9 9.801025
0 21 6.964125
2 19 6.384751
6 22 4.827662
3 18 4.946190
4 20 5.416542
5 10 9.833026
0 1 8.198169
6 18 6.499850
4 22 7.864996
5 17 10.537160
0 7 27.840086
5 11 9.880559
0 10 10.970670
6 1 3.732752
6 23 14.973217
0 18 10.656370
0 18 16.874771
3 10 10.027284
0 17 5.119252
5 14 10.853710
3 16 5.415568
6 19 5.508061
2 9 7.340421
0 17 5.048336
2 2 4.800057
6 15 5.117133
6 19 10.692028
6 22 7.948930
6 22 10.411730
5 4 1.623394
2 2 4.095103
3 3 12.913827
4 20 5.661129
2 11 5.525548
3 22 3.950251
5 2 12.029527
6 13 7.926624
1 12 4.127699
5 8 4.897513
5 8 11.633615
2 10 6.393295
0 16 5.560913
3 18 9.228656
5 8 13.928242
0 15 5.465278
6 22 8.451444
0 13 4.880058
6 18 10.681900
3 3 12.634974
1 1 10.176781
3 10 9.698277
0 10 10.449875
5 21 6.368151
6 13 7.193418
6 19 10.004956
0 6 8.803448
4 21 5.746276
1 4 10.400957
0 12 2.336103
4 15 9.880541
0 0 5.741244
0 1 6.229861
3 19 10.336997
4 23 6.697667
0 16 6.765967
0 12 12.551344
1 14 8.439365
3 15 7.460408
3 18 9.136889
3 11 5.603285
4 10 8.007997
6 0 6.332371
6 1 8.777038
1 6 12.986300
2 2 16.114735
0 4 5.936124
2 10 6.530018
2 15 6.499850
4 21 5.761780
6 0 23.945061
6 0 7.660604
6 21 9.071782
5 19 12.203588
6 21 4.155824
0 20 12.720843
6 20 6.352024
2 22 7.629205
6 0 3.985137
6 16 4.057738
6 19 3.617181
6 8 3.089685
2 13 11.714587
6 10 7.912970
6 21 11.567851
2 17 10.906196
1 21 8.781173
2 17 8.781173
4 16 7.219749
2 4 9.640353
1 9 8.007997
3 22 8.071614
5 21 8.605705
2 14 13.063593
1 10 11.064122
6 21 4.847094
0 20 5.794130
4 16 8.106706
5 7 6.059784
0 20 6.409332
6 2 12.055569
4 21 11.409149
6 22 10.027284
6 6 14.010375
4 0 12.354220
2 8 9.682246
5 8 3.566562
0 18 7.340421
0 20 6.652671
1 21 13.610415
5 1 12.870425
5 21 3.382747
2 5 5.442111
3 6 8.927526
3 16 7.340663
5 17 8.985513
2 18 5.908955
6 20 7.432029
3 10 8.317687
2 9 8.776168
5 1 8.348937
5 2 2.140178
4 21 6.588467
5 14 5.226377
0 9 8.993363
4 13 6.366426
6 12 6.655375
1 10 9.565207
6 11 10.760965
0 1 6.673330
3 2 11.404145
3 11 11.384375
4 9 3.167946
2 17 32.859745
4 2 5.286164
6 23 3.323387
6 16 6.081662
2 9 11.676825
0 0 7.184666
5 20 8.923204
6 16 7.864736
2 12 1.596337
0 19 4.748520
2 20 5.746276
0 2 8.310184
6 19 4.354707
3 8 5.675786
4 20 6.718570
3 21 5.643744
0 3 16.784262
0 13 7.983755
6 2 10.747460
0 14 12.616920
0 20 6.055274
4 2 12.616920
2 16 11.761230
0 13 10.568336
6 13 11.513408
4 21 7.544388
6 21 7.340663
1 19 6.573728
5 23 3.510793
6 2 9.768339
0 0 7.487824
6 7 5.876391
6 20 12.396388
2 10 4.827662
5 10 6.516600
6 11 4.373493
6 22 6.458242
5 11 7.837775
4 0 3.241113
4 19 5.811305
3 11 15.535236
1 9 4.700982
1 9 11.625713
4 5 4.497484
6 21 12.371720
1 3 8.781173
1 3 9.779904
5 3 8.222112
3 9 5.781455
1 7 13.090151
1 9 11.261672
4 18 7.892887
4 9 6.723983
6 0 7.645916
2 12 5.315285
0 16 8.300702
4 20 6.990877
2 9 5.877016
1 23 7.567785
4 18 5.612109
6 17 6.499850
5 1 6.135905
0 14 5.159806
1 20 6.294739
4 6 8.390658
0 2 3.241113
3 8 6.893919
3 8 6.763023
3 8 5.746276
6 22 8.381510
6 12 5.155277
6 17 4.807718
1 0 14.178708
3 19 5.422287
2 15 3.627372
2 13 14.758474
6 15 6.912694
5 11 11.522545
0 9 7.844714
5 19 9.801025
5 23 7.484408
3 19 4.380994
4 5 3.241113
4 16 8.149473
6 3 2.280482
0 0 12.118539
0 2 14.085714
5 10 3.978899
5 23 14.646519
0 13 5.652075
4 6 7.579761
5 7 10.692028
6 12 7.464834
0 2 7.933712
0 15 10.844573
