4 1 12.943722
6 17 9.519495
6 19 13.145666
0 1 6.014420
5 22 14.191958
0 3 9.089137
0 4 11.619656
0 8 8.579638
3 2 14.923626
4 16 6.102427
5 8 25.401501
5 17 12.675987
5 22 18.083126
6 11 13.388109
6 18 16.723486
0 3 15.914333
0 16 8.322165
2 18 8.914436
3 1 14.399990
4 2 13.390057
5 3 6.881782
5 21 6.989988
6 9 12.153472
0 15 12.371181
0 1 16.317854
3 18 8.905289
1 0 12.943722
0 4 14.084237
1 4 26.002960
1 15 6.615372
4 8 6.173011
5 3 8.845629
5 14 4.408256
6 5 10.489326
0 3 22.854496
2 1 11.826632
2 9 11.826632
3 2 16.737490
4 0 11.826632
5 2 8.986418
6 16 23.458836
2 2 13.722433
4 3 10.865971
0 2 16.459887
6 21 14.663677
1 13 13.003565
2 1 18.435511
5 9 5.021060
6 15 22.163765
3 13 13.455729
1 2 10.708164
0 2 17.500454
3 3 20.210672
4 17 10.385489
6 2 15.330781
0 3 18.764715
1 14 13.390057
2 6 12.331244
2 15 13.425421
2 15 14.120423
2 20 11.842996
3 3 5.021060
6 17 11.826632
1 7 17.478880
6 20 12.100542
0 3 12.488054
1 15 10.751483
3 17 15.079449
4 9 12.771946
4 15 10.554144
6 1 7.532733
1 0 7.214448
2 15 14.399507
2 20 9.769739
3 0 20.666632
3 15 11.826632
4 0 16.432083
5 15 10.031328
6 1 16.523899
6 16 14.812733
1 3 16.723486
1 11 10.043644
2 1 12.731529
2 15 8.556870
6 2 17.226625
6 7 11.202833
6 17 9.864140
0 22 8.862215
1 14 15.620700
2 0 9.506146
3 0 12.436356
5 2 14.211217
5 4 5.709157
0 1 10.786434
0 19 17.513735
0 20 9.486465
3 11 8.006373
3 16 11.146980
4 2 11.632752
6 7 17.513735
0 0 26.167833
0 9 14.758609
2 0 18.593016
4 10 11.842996
0 0 8.879727
0 0 23.013710
0 5 8.631870
1 3 14.084237
1 9 7.587800
1 15 12.943722
2 15 13.455729
4 15 8.993056
4 22 10.376603
5 5 11.681634
5 15 11.628189
6 3 24.468084
6 18 14.879425
2 3 11.088748
2 19 25.300949
4 22 9.932337
6 16 3.070748
0 17 13.946321
1 11 10.569637
1 12 11.235056
4 19 12.910728
2 4 14.816796
6 8 18.383703
6 19 23.153389
2 17 9.864140
6 18 12.671391
1 1 16.179573
1 16 19.580359
2 1 7.923542
3 5 10.137113
3 15 11.303645
3 22 14.191958
5 3 16.419127
6 3 11.279043
0 17 7.530270
2 3 10.155142
5 3 11.865103
5 23 27.790722
6 3 14.151714
6 23 16.286074
1 15 10.632446
3 17 17.918020
6 16 9.313197
1 3 13.656055
2 0 13.843942
2 1 14.084237
0 5 10.284027
1 16 7.760997
2 17 7.119084
3 4 30.075838
4 3 21.654293
5 2 6.369703
5 16 9.247631
0 2 7.268552
2 10 10.353532
4 0 8.681265
4 16 7.317512
6 23 7.973193
0 19 2.628583
1 16 11.948050
1 18 10.181254
2 7 18.004930
0 12 10.708164
0 13 6.164990
1 16 9.485456
2 1 12.288747
3 0 6.803079
3 23 13.926447
4 17 13.092315
6 23 13.683864
1 16 14.318974
4 16 13.528726
5 3 17.228622
2 0 10.708164
6 11 12.617027
6 15 22.189529
3 2 12.943722
6 6 13.262715
1 3 13.455729
4 1 1.329188
2 23 13.056466
5 12 14.542162
0 2 12.015689
1 16 7.648689
3 0 12.847367
4 16 9.295724
5 2 5.856506
0 3 11.877059
0 16 6.881782
2 23 15.914333
3 6 14.391424
0 22 14.318974
1 10 15.117163
3 22 13.145666
5 7 14.793222
6 1 9.864140
6 6 14.816796
1 1 16.179573
2 3 12.579163
2 18 14.769319
6 1 12.229572
6 4 12.943722
0 4 17.226625
1 3 12.027083
2 1 15.771911
2 4 16.723486
2 15 18.668737
3 2 21.692358
4 15 10.708164
6 4 15.620700
3 0 15.861370
3 12 11.243828
4 2 15.654095
5 3 8.397144
0 4 9.720519
2 3 11.619656
2 18 9.562009
2 20 7.899749
3 2 28.383917
4 3 18.032930
0 3 14.084237
6 5 13.679991
6 17 13.637119
1 1 6.502586
4 5 21.786777
5 21 10.499776
6 15 7.619352
0 1 19.462648
0 16 18.075918
1 3 9.889593
2 14 14.230620
4 1 13.405985
5 15 9.374002
6 19 10.770659
0 16 14.318974
6 4 15.063743
2 9 10.964190
2 14 9.771929
2 22 7.432183
3 3 13.679991
5 20 3.264117
1 15 16.694920
2 20 14.581005
4 17 7.442294
0 3 18.117657
2 2 12.278717
2 22 15.175560
3 5 10.991813
4 17 13.163107
5 17 8.756867
2 18 15.203170
3 3 13.679991
6 11 11.094619
1 1 13.624970
3 16 7.507398
0 20 20.845409
0 20 21.780121
5 1 13.528726
6 23 22.166023
0 15 15.397958
1 1 14.318974
0 16 13.279775
1 16 13.117496
2 0 15.063743
3 1 14.084237
4 3 8.993056
5 3 14.318974
0 23 7.194445
1 23 14.069194
4 8 10.786457
4 20 8.537097
2 18 10.284027
3 2 8.301283
2 21 15.569325
4 7 8.947007
2 12 12.426143
4 1 13.883657
4 2 13.679991
0 12 9.702433
0 14 8.631870
0 23 12.027083
4 19 11.826632
5 3 13.154326
0 23 23.090088
2 13 9.599087
2 3 9.240623
3 1 16.723486
0 1 25.151472
0 16 8.315348
1 23 12.715925
2 3 20.265648
6 4 10.196023
4 17 7.573661
5 1 14.923626
1 3 8.397144
1 16 10.259912
2 5 11.797479
3 2 18.932249
4 16 10.765492
5 2 12.488054
5 19 4.194772
6 14 8.258138
0 1 11.632752
0 15 13.529130
3 7 8.999181
5 2 13.637119
5 14 14.240764
6 17 10.227883
1 0 11.619656
1 7 16.166525
2 0 10.038904
4 3 15.773926
4 16 9.119856
1 17 7.880397
6 5 12.924821
6 7 12.058002
0 3 3.037671
0 23 11.826632
2 14 14.495063
4 8 8.929522
6 2 15.201900
1 8 9.028464
3 2 16.798435
5 3 14.318974
6 2 11.826632
6 15 11.958372
0 5 13.360854
1 15 13.204893
2 2 9.891919
3 7 11.965025
5 2 13.799949
5 3 8.537097
0 17 10.122339
0 17 12.519682
1 1 6.487521
1 3 15.911223
1 8 9.296958
1 9 9.450588
2 4 7.169028
2 22 6.881782
6 23 12.513553
1 15 8.537097
2 5 7.505248
2 5 14.430032
4 0 11.826632
4 16 8.868381
5 18 14.084237
6 4 9.435126
0 4 10.242157
0 6 21.158007
1 3 18.434217
3 2 16.228081
3 22 18.117657
1 5 12.153472
2 23 10.591014
0 6 9.864140
1 3 30.292645
1 5 11.826632
3 10 37.808502
5 1 8.724837
6 2 25.833931
6 2 7.613458
2 3 16.917194
2 18 14.318974
3 5 12.656415
1 0 11.535542
0 2 13.911855
4 17 15.274271
6 23 10.514791
2 23 15.168349
0 1 25.731274
3 18 9.461306
6 4 12.048266
1 0 9.240623
6 8 9.702433
0 3 7.423563
2 12 26.234337
4 1 12.943722
6 16 7.256004
0 0 13.670183
0 4 16.659117
2 21 3.288685
3 23 11.897961
5 2 17.923241
0 11 14.468417
6 16 12.627684
0 2 16.449331
1 1 19.700993
3 6 25.088789
5 0 10.781218
6 2 11.826632
0 2 9.612163
0 3 18.342804
0 4 18.510130
2 6 20.224377
1 4 11.826632
1 14 16.449331
6 2 11.619656
6 14 11.632752
6 19 12.298642
6 14 11.106078
0 5 6.946141
0 18 10.592889
1 3 17.287043
1 14 10.751483
2 0 14.318974
3 0 8.258138
3 14 8.692286
4 1 12.731529
5 1 11.632752
6 2 8.335893
0 16 8.537097
0 20 11.619656
0 23 15.123368
3 0 13.140702
4 1 8.475074
5 14 9.172081
6 2 8.450374
2 0 19.490747
3 1 11.244828
4 1 8.537097
5 2 12.114992
5 21 10.708164
6 13 8.174488
1 2 17.373121
6 5 14.050241
0 1 31.584103
0 3 15.617922
1 8 8.255770
1 21 11.610877
1 22 13.009258
2 5 10.708164
2 15 8.993056
4 0 8.507071
2 0 11.087467
3 0 15.306670
3 1 12.134739
5 14 10.370341
2 0 9.207358
2 16 11.244828
6 19 22.479998
0 3 14.084237
2 4 16.287382
2 23 8.942538
5 1 17.013544
6 3 16.917194
0 3 15.153728
0 3 16.917194
0 21 9.332155
1 5 11.826632
1 20 14.372882
2 23 10.127044
6 4 8.537097
1 22 17.195766
3 0 17.182770
4 20 10.242157
4 1 15.773926
5 0 12.457679
1 2 14.812733
2 15 8.833558
1 3 16.449331
5 6 5.827298
5 15 12.449086
5 23 15.169339
2 3 17.513735
2 10 10.198252
3 7 16.061880
4 1 6.768965
5 9 7.511393
6 23 26.017509
1 16 12.327353
2 1 10.074253
2 2 17.353481
3 2 11.632752
5 2 15.199989
6 1 17.513735
0 9 12.062342
2 2 11.094619
6 1 5.429402
3 3 12.731529
1 2 14.085178
1 16 9.875407
4 16 8.537097
6 3 12.943722
3 11 12.526182
3 15 8.641952
4 12 39.255295
5 16 13.800997
1 15 9.864140
5 16 7.496963
5 16 11.648848
6 2 12.731529
6 3 1.034982
0 16 14.318974
3 17 12.027083
1 12 12.486192
2 10 11.826632
0 18 18.200525
5 3 9.240623
2 17 14.100988
3 23 13.263803
5 11 18.073460
2 15 7.189673
4 8 9.268910
4 13 4.196171
0 9 21.316387
2 4 18.911291
2 9 2.849994
0 4 11.688704
2 4 18.042103
3 4 13.679991
4 4 12.347179
5 0 14.550974
0 6 26.238043
0 12 11.923980
0 15 15.569325
2 16 9.215557
4 3 14.318974
6 20 19.984570
0 17 11.632752
6 4 8.261707
0 10 8.275329
0 16 6.946141
1 18 10.889659
2 3 11.632752
3 3 15.914333
4 3 15.620700
4 5 12.795637
5 4 10.074253
0 1 12.234447
2 7 30.714113
6 2 10.708164
0 4 11.843667
2 4 28.040758
6 5 10.591014
0 2 16.751009
0 7 13.857073
3 0 11.767019
3 9 13.635766
4 0 17.006935
4 7 14.318974
5 8 7.750629
0 2 9.940672
1 2 9.635417
4 14 12.731529
4 16 8.430990
5 5 8.397144
6 12 11.826632
1 6 11.399992
2 2 15.362441
2 22 9.311051
3 7 6.832269
4 1 9.734695
5 9 10.627546
0 21 8.968353
6 4 36.161366
1 4 13.455729
2 4 11.826632
3 3 11.632752
6 5 16.723486
3 4 13.679991
4 15 10.487826
5 4 13.455729
6 3 26.621733
0 16 10.751483
2 1 15.611487
3 3 26.251854
3 17 23.639095
0 7 13.658504
0 4 14.266397
1 23 11.087467
2 16 11.402377
2 1 16.917194
2 15 10.883961
4 3 11.948050
5 2 15.210698
6 8 15.216242
2 3 15.063743
3 16 11.110804
4 7 16.917194
4 11 14.151714
6 18 14.318974
0 3 18.243803
1 4 17.226625
2 1 10.916891
5 2 14.918612
3 0 16.179573
6 0 11.826632
3 0 17.063622
3 23 2.105984
4 23 15.640619
0 22 14.275809
5 1 13.127931
6 1 18.560362
2 1 13.528726
6 20 11.629267
1 8 8.368435
6 15 6.185816
0 22 17.284147
1 16 15.790660
1 18 7.369063
2 3 23.335096
3 17 13.158883
4 4 17.667551
2 0 10.080680
2 9 14.657133
3 3 14.318974
5 3 18.342804
5 15 11.473033
6 12 13.258333
0 14 13.799920
5 16 13.151879
0 20 14.658041
0 21 12.741070
1 2 8.397144
1 23 5.856506
1 2 16.449331
1 2 15.921577
2 2 6.937769
2 3 15.063743
2 23 10.038957
3 3 16.852566
3 15 13.407294
4 4 15.314091
4 14 19.964504
6 0 14.334416
0 4 13.163107
0 23 16.138388
2 9 13.092315
3 3 6.452083
4 4 15.722404
5 17 11.202833
0 16 19.317976
1 3 22.271854
3 4 18.620392
4 3 8.397144
5 3 1.123728
4 15 15.914333
5 15 9.702433
3 14 10.591014
2 14 15.515071
6 15 14.460734
1 1 8.220117
4 17 9.589161
1 1 12.428520
1 17 13.656055
2 2 9.996374
2 22 8.148126
3 16 12.027083
3 23 12.592519
5 0 13.511925
6 16 11.749837
0 17 18.257370
1 23 31.625843
2 22 8.096213
0 1 10.833238
1 10 10.651875
0 3 36.768028
2 2 10.881412
2 22 10.046914
3 4 12.627684
3 16 9.506146
0 5 12.234447
1 1 12.849797
4 0 10.883706
5 5 6.344354
5 21 12.830162
1 5 13.883657
2 1 8.537097
2 10 12.807807
3 23 16.723486
4 5 11.619656
5 0 15.620700
6 15 14.191958
6 16 20.890310
0 22 13.729982
1 7 11.619656
1 0 16.423990
1 14 11.681634
1 20 22.362459
1 23 15.868307
2 23 10.285492
4 14 16.723486
5 14 11.429170
1 13 7.922493
2 15 6.554078
3 14 10.074253
4 14 8.831480
0 3 7.693061
1 2 11.632752
1 14 8.434739
2 3 22.051046
2 14 10.244516
2 23 13.790001
4 13 6.502586
0 18 18.032930
1 3 13.679991
6 8 5.710811
1 2 14.120423
2 1 12.901780
3 13 8.029234
3 14 13.646113
4 0 13.424039
6 6 11.591393
1 23 15.488863
2 23 15.203170
4 6 9.884459
0 2 16.845852
3 11 8.382924
4 23 17.513735
6 12 14.286810
6 16 12.627684
1 13 26.207958
1 14 23.355402
2 9 8.130569
2 13 16.688080
3 3 15.515337
5 17 10.532620
2 16 4.634011
4 14 14.758609
4 21 6.943223
5 3 12.976789
6 2 9.314142
0 2 8.299298
0 4 2.438787
2 1 10.345012
4 2 12.633245
5 5 11.826632
0 2 21.016481
1 3 8.396484
0 9 16.076252
1 0 23.095655
0 3 14.318974
0 15 17.945234
1 13 9.010680
2 5 15.072605
2 14 12.327353
3 5 15.067089
4 20 14.758609
5 5 15.072605
6 2 14.318974
6 6 24.820055
6 20 14.228149
1 0 21.031664
2 7 10.111623
2 21 15.914333
3 20 23.095655
4 20 6.236159
5 20 12.020333
6 4 6.610962
6 23 13.624970
1 21 11.087467
2 22 12.327353
3 21 10.362740
4 20 10.074253
5 4 8.528447
0 16 5.895030
1 4 14.240764
6 19 13.256012
0 5 21.445389
5 8 6.451670
0 16 15.097828
2 16 18.576843
3 2 16.679747
4 6 15.063743
4 6 12.671391
5 8 4.724813
5 9 14.816796
5 19 10.086983
5 3 17.353481
5 16 19.861889
6 16 7.294538
1 3 18.576843
4 6 17.527193
5 23 12.255926
1 4 6.397706
2 11 15.072605
4 0 16.723486
4 12 10.005166
5 0 13.388639
6 1 10.077992
6 2 21.583311
6 16 17.513735
1 2 12.901780
1 11 16.453802
2 12 9.722079
2 23 12.572557
3 12 18.697649
4 11 9.664861
6 16 11.445127
1 9 12.911863
2 12 5.689505
3 0 13.760625
3 10 7.930685
5 11 4.559268
1 12 22.904985
2 2 6.937769
2 15 6.502586
4 15 13.529130
6 3 17.226625
0 0 8.275497
1 17 9.146890
2 6 12.867355
3 1 16.917194
5 17 10.242157
0 4 13.659720
3 0 6.091531
4 3 17.810577
6 0 22.063053
1 16 9.850496
3 3 11.619656
4 20 18.117657
4 21 25.629871
1 13 11.380175
2 0 8.397144
5 2 13.217515
5 6 17.410110
5 13 22.050207
5 19 18.117657
5 20 16.416672
5 22 11.861871
6 16 12.984812
6 18 12.297012
6 19 14.318974
1 7 13.388639
3 1 11.445127
4 5 6.344548
1 1 17.226625
1 8 7.290537
2 10 8.689604
6 23 12.362637
0 3 18.156782
6 20 24.684788
0 5 14.783290
2 14 23.985962
0 17 9.014151
6 15 13.388639
1 3 8.845629
3 3 8.993056
3 21 13.849866
3 21 15.508657
0 3 11.826632
4 5 16.018599
5 1 12.153472
1 16 7.497443
5 3 12.984812
0 3 12.901780
0 18 8.537097
1 2 13.573721
6 16 15.761216
0 20 18.455120
4 2 18.511221
1 8 13.217515
2 21 13.679991
3 23 15.766160
5 8 20.993647
5 8 7.847155
0 2 16.046116
0 7 13.722433
2 9 11.818254
2 9 5.085044
5 14 24.240795
6 16 13.435791
0 16 16.184019
1 15 7.878150
0 16 11.473033
3 1 6.768965
4 0 10.700273
6 16 15.275423
1 16 12.901780
3 16 10.889659
4 16 6.953838
4 22 16.179573
6 17 8.577513
0 3 8.912012
1 3 11.826632
1 14 5.030600
3 3 9.695236
5 19 9.672592
6 16 16.179573
1 15 10.736496
2 1 12.153472
0 4 13.868273
1 8 12.943722
2 1 13.530230
4 4 16.723486
5 5 10.916891
6 3 8.529977
0 1 9.146890
2 22 22.763399
3 3 13.868273
3 16 10.532620
4 1 12.671391
5 5 8.845629
6 15 1.033605
0 1 10.303090
0 8 15.555241
1 0 17.203926
3 16 9.220329
4 5 19.689987
4 7 19.919701
2 6 13.424039
2 21 13.229120
1 14 11.826632
3 1 16.449331
4 2 12.367047
6 15 11.568757
0 20 13.528726
0 15 12.449631
0 15 3.661659
0 21 15.915258
2 3 9.864140
5 1 12.562456
6 5 8.301283
0 22 22.556257
6 16 9.105360
6 20 15.612654
2 3 11.619656
2 16 6.768965
4 16 8.831480
0 12 6.489463
2 1 11.173263
2 19 9.173412
6 3 12.943722
0 9 16.723486
1 5 14.318974
3 2 16.907419
6 1 9.864140
0 12 16.352440
0 17 14.318974
2 0 13.679991
2 15 13.943586
2 15 13.126651
3 1 9.466375
4 2 16.723486
5 8 8.564816
5 8 11.826632
5 14 7.924727
6 0 11.619656
0 1 32.642849
1 1 10.242157
2 2 11.619656
2 15 8.631870
3 0 12.671391
6 2 10.563323
1 16 10.786434
