6 14 11.105158
3 15 5.656481
3 17 7.464516
5 22 9.040027
6 0 15.581841
6 0 8.543785
1 12 11.915291
2 7 26.840092
2 20 7.075054
2 20 9.514576
3 19 6.792666
4 17 1.507744
0 22 10.508807
6 20 5.470383
6 20 3.903466
6 23 9.840934
0 8 2.891971
0 15 2.091364
0 16 4.852916
0 16 1.318287
0 19 10.906852
0 20 4.625865
2 1 9.403132
2 1 7.577417
2 1 8.296882
3 21 4.244042
4 21 14.143801
4 21 13.417999
5 20 3.507834
6 2 10.085218
6 12 4.189321
6 16 6.929082
6 18 14.395925
6 21 2.005990
6 21 10.502901
6 23 6.153115
0 2 9.662173
0 17 2.536036
1 15 32.628284
3 0 9.313070
3 9 6.478211
3 19 1.571903
3 22 6.100427
4 2 4.128661
5 0 5.578057
6 12 21.360905
6 13 10.980199
6 13 2.702334
6 22 3.840211
0 1 24.411776
2 5 6.497159
3 0 8.825777
3 9 5.301702
3 16 3.335751
4 8 7.767469
6 7 4.502572
0 18 6.138996
6 20 2.661833
6 23 20.097836
1 0 11.602870
1 12 8.195969
2 9 1.154366
2 21 23.360676
2 21 7.916700
5 22 2.560118
5 22 2.504872
6 1 4.351600
6 10 5.395170
6 18 12.329319
1 21 4.467379
6 4 3.669513
6 15 5.239357
0 15 5.021589
0 23 3.291769
2 12 17.609560
2 13 31.091805
3 13 2.560118
4 18 4.078845
4 20 8.245866
4 21 5.826744
4 23 5.507241
4 23 5.656481
5 3 9.226581
5 6 10.582369
5 7 11.979728
5 7 5.734951
5 21 2.994681
5 21 7.734398
6 8 3.294151
6 10 5.710683
6 11 5.456885
6 12 2.747373
6 15 22.733089
0 0 5.285156
0 8 3.119916
0 8 6.276983
0 21 21.616047
2 12 17.204166
3 12 17.795296
3 17 1.318287
3 21 5.839309
3 22 16.464399
4 22 19.585512
4 22 17.014713
4 23 4.351438
6 2 19.333920
6 13 1.318287
1 1 8.041774
2 11 6.149550
2 17 3.997148
2 21 6.172301
3 10 3.158194
3 22 9.468288
4 14 14.315957
5 12 7.591033
5 12 22.480217
5 13 2.474781
5 20 13.276525
5 23 4.020489
6 8 6.749402
0 7 6.153115
6 11 2.645728
6 18 21.380899
6 18 4.011979
1 16 13.055637
1 17 23.702082
1 17 19.768517
2 23 13.814254
4 1 17.162020
4 9 5.954190
5 0 4.112977
5 18 8.437398
5 21 3.439008
5 23 33.420712
5 23 4.315975
0 0 3.855969
0 12 5.555027
0 14 5.087507
0 14 8.004435
0 17 3.730672
1 9 9.966225
1 21 7.203428
1 22 3.746292
1 23 16.701542
1 23 5.440436
1 23 18.437105
1 23 3.099859
3 11 7.270622
4 19 4.574041
4 19 5.897079
5 12 1.231324
5 13 18.326971
1 13 12.735970
2 10 7.612251
2 18 4.472696
4 0 3.840211
4 21 4.675377
5 10 5.214667
5 14 7.097660
5 17 6.728669
5 19 2.474781
6 12 8.000503
0 10 5.413898
0 16 4.245798
0 18 3.946372
1 10 18.026529
6 3 7.406761
6 22 26.353739
4 11 3.801700
5 5 5.854111
5 18 3.108893
5 18 13.105389
5 22 2.198992
6 2 3.042200
6 21 3.267097
3 5 9.068580
5 0 7.500746
5 1 5.236392
5 20 4.197453
5 20 17.041092
6 14 7.230733
1 20 11.852769
1 20 17.717459
1 21 15.933594
1 21 5.789232
1 22 6.172301
3 19 7.492835
3 19 8.730180
3 19 4.652259
4 7 16.722906
4 20 4.809585
5 3 5.635799
5 22 4.424866
6 5 27.936172
6 22 6.215746
0 15 7.070802
0 15 9.398164
1 1 7.768837
1 10 29.900934
1 10 8.791399
6 7 4.839696
6 7 11.183295
6 12 5.736267
6 14 6.197771
6 17 13.182865
6 17 1.122255
6 18 3.669513
0 15 11.234525
0 18 9.562832
0 19 8.112881
1 1 23.843531
1 3 20.243685
1 8 18.812220
1 8 2.471268
2 14 8.384970
2 21 4.523470
4 12 2.434210
4 12 11.424344
5 0 15.148266
6 8 13.382294
6 8 7.370615
6 14 12.856332
6 18 5.980187
6 18 6.530231
6 20 6.939483
4 11 2.010273
4 22 13.396936
4 22 7.784302
4 23 11.960476
5 0 4.709366
5 22 16.795231
6 0 6.250247
6 7 17.255804
6 9 8.578632
6 10 3.400174
6 11 13.895608
6 11 3.758449
6 12 6.145380
6 13 23.668453
6 13 8.044390
0 15 11.786501
0 19 33.439297
1 9 11.165900
2 10 5.117179
2 12 3.961325
2 13 5.323666
2 13 9.585682
2 19 5.115784
3 8 2.939698
3 8 11.058986
3 18 3.438995
4 8 8.056601
4 14 5.120625
4 17 35.856876
5 14 9.094997
5 18 16.580498
5 23 2.983819
6 7 4.133855
6 12 19.011425
0 0 15.020063
0 12 11.293472
0 13 23.096279
0 13 2.798129
6 21 7.081887
3 20 7.586683
3 23 6.411034
5 0 8.416266
5 9 16.590940
6 7 4.630191
6 12 3.548008
6 17 15.583660
6 19 4.300964
6 20 2.749756
6 23 7.434942
0 0 1.982768
0 0 5.087280
0 1 3.742398
0 17 4.348417
0 19 22.586432
1 23 4.624312
2 23 22.587482
3 20 1.979092
5 19 4.223402
5 22 10.929604
6 8 6.153115
6 15 21.587296
6 22 3.307160
0 0 6.151305
0 8 4.787235
0 22 7.612251
2 13 8.634850
2 21 8.270626
2 21 6.208909
2 22 22.925896
3 20 16.722757
4 20 3.438995
4 21 5.507241
5 17 2.284413
6 1 12.451614
6 18 31.573519
6 20 5.656481
6 20 4.934722
6 22 6.172301
6 22 11.662081
6 22 15.929487
6 23 6.073129
6 23 12.155397
1 9 10.764494
1 9 6.542745
0 21 12.192778
1 9 5.157090
1 13 4.914153
2 0 6.256929
2 20 6.871545
3 10 6.443774
4 12 3.158194
5 2 17.242319
6 0 5.656481
1 6 7.124930
1 7 8.555656
1 7 6.582628
1 8 7.162161
1 9 15.042736
1 9 4.630191
1 10 5.814658
1 10 5.800406
1 10 5.664762
1 11 14.143691
1 11 1.677905
1 12 5.349695
1 13 15.516404
1 14 4.154531
1 14 1.925212
2 2 7.763764
2 11 19.860308
2 13 3.116452
2 13 4.630191
2 13 15.642755
2 20 8.309860
3 13 2.831335
3 21 7.618659
4 5 5.935568
4 15 2.044887
5 5 5.142255
5 13 2.925766
6 1 5.407855
6 5 14.106709
6 17 4.640839
0 8 3.603737
0 16 2.474781
0 17 3.048194
0 17 3.721807
0 19 4.163010
0 21 5.930717
0 22 5.820340
0 22 5.328290
0 23 4.078845
3 12 8.307591
4 4 17.634001
4 6 8.637398
4 6 8.464688
4 8 2.882777
4 10 13.798316
4 11 4.351438
4 11 5.804863
4 13 4.219495
4 22 10.252767
4 23 14.663477
4 23 4.834930
6 16 3.708041
0 1 5.526964
1 16 16.959660
1 23 9.192154
0 4 6.172301
0 4 7.216731
2 14 19.571791
2 17 4.124634
3 8 18.932661
5 10 11.524625
5 10 21.494133
5 13 24.764393
5 13 17.408356
6 16 6.401683
6 18 2.351149
6 18 4.351438
6 21 15.980354
6 21 4.501487
6 21 8.524068
6 23 12.610569
0 7 8.475228
0 13 4.690748
0 14 4.400556
0 15 6.143481
0 15 9.987169
0 17 3.042356
0 23 4.330834
1 11 12.849526
2 2 7.112981
2 19 5.117179
6 18 6.276916
6 21 3.471666
6 21 4.812232
6 23 6.250614
0 0 7.036825
0 3 6.105009
2 21 13.613567
3 13 11.877617
4 13 16.555473
4 13 24.419691
5 22 3.559036
0 17 17.026039
1 10 28.135872
2 21 4.223402
3 12 11.957685
4 14 30.913441
4 15 8.847189
5 7 5.356249
6 10 16.024771
6 10 7.933233
6 10 6.100427
6 10 12.704700
6 10 18.629456
6 11 12.540025
6 11 10.880640
6 11 4.024362
6 14 5.023335
6 14 3.962783
0 0 12.128476
0 0 9.657083
0 1 9.016182
0 13 7.495633
0 21 1.216880
1 10 2.605032
6 11 3.589927
6 22 9.323048
1 1 11.046418
1 15 5.078482
2 1 6.565173
2 1 7.857385
2 1 10.970221
2 3 1.946648
3 1 6.517037
5 5 14.211460
5 20 4.478305
2 1 3.793903
2 12 18.199556
2 19 1.982768
2 19 6.495666
3 2 5.486274
3 3 5.742171
5 2 5.843194
6 15 12.137442
0 11 6.684143
4 20 10.924144
4 20 24.808657
5 10 6.131162
0 9 15.416439
0 11 2.595390
6 10 5.578932
6 16 12.088848
6 19 4.237802
6 19 7.975301
6 19 1.581944
6 20 7.583237
0 23 18.861046
2 11 3.600198
2 11 2.440005
2 12 7.896614
2 14 2.394949
4 20 5.890798
4 21 17.174156
4 22 10.408457
4 23 11.761933
5 8 2.749756
6 14 11.481696
6 23 9.148496
0 11 3.307160
0 23 25.892178
1 0 10.314180
2 15 4.866094
2 17 3.586111
2 17 5.858569
2 19 5.139615
2 20 19.933882
2 21 5.662667
3 9 3.370149
3 12 17.318724
3 12 18.194767
4 0 6.151305
4 20 7.733098
4 23 3.800635
4 23 20.900137
5 19 6.138812
6 10 11.974490
0 20 2.497612
1 18 3.917081
2 16 18.666721
3 14 4.042327
3 17 7.097219
4 11 5.691412
5 6 5.025801
6 9 15.638255
6 17 4.629865
6 22 3.938835
1 6 5.485090
1 7 18.344044
1 17 13.661811
1 17 1.878188
6 23 19.273472
0 1 22.455393
0 1 6.560074
2 9 5.957427
2 10 8.811258
2 21 5.908017
2 23 19.117834
2 23 18.312317
3 0 8.169234
3 1 11.163202
3 1 5.557748
3 4 21.907042
4 0 5.145769
4 1 26.653450
4 12 4.617560
4 20 5.774679
5 8 5.765934
5 20 15.670968
6 19 2.915699
6 22 7.052158
1 21 11.796251
4 6 4.091089
4 9 12.328677
4 9 13.563123
4 14 3.747611
6 3 3.391520
6 10 4.933630
6 15 5.000844
6 17 2.256861
6 19 3.131422
6 21 4.433302
6 21 9.841455
0 20 4.824803
0 20 7.896096
1 8 2.596183
1 9 13.577062
1 10 21.044964
1 14 6.950741
2 1 2.788002
2 12 8.431977
2 12 14.735712
2 12 11.837213
2 15 2.379250
3 1 6.627732
3 19 5.393105
4 20 5.726070
4 22 3.480262
6 18 11.196774
6 23 2.197144
0 13 2.656683
1 2 10.814138
3 0 10.311318
4 23 8.620189
6 15 2.702334
0 18 18.690048
1 2 2.167311
3 0 4.547241
3 0 14.515634
3 1 24.750660
3 1 22.652023
3 1 13.277559
3 1 20.584404
3 1 11.201292
3 2 4.367846
3 12 9.244096
3 12 2.394949
3 12 12.329319
3 20 17.858892
3 22 6.654684
4 13 13.210118
4 23 7.415319
4 23 3.544810
5 1 5.447670
5 3 5.323666
5 23 4.072156
6 3 28.480921
6 16 2.474781
0 0 5.722172
0 1 6.489969
0 7 8.284484
0 9 17.242319
0 9 10.940289
0 9 3.846620
0 9 8.312535
0 11 2.828082
2 20 5.681436
2 23 3.546308
3 10 8.870605
4 1 15.949163
4 21 20.014681
4 23 17.745552
4 23 10.338353
5 0 16.098349
5 11 7.618311
6 11 5.800577
6 12 4.831574
6 19 18.560743
0 22 20.419130
1 10 9.543062
1 12 3.397795
6 15 1.412450
6 17 16.915379
6 21 7.767469
6 21 12.424373
6 21 3.084498
0 18 6.495666
1 0 12.110563
2 23 4.706360
3 19 13.844338
3 20 3.975566
4 9 4.532050
4 10 13.379484
5 11 7.805742
5 11 3.840211
5 23 4.167172
6 0 7.472241
6 23 24.130577
0 2 4.433302
0 2 8.036513
1 13 11.716702
2 20 7.998794
3 19 7.289471
5 0 2.458089
6 1 8.224446
6 1 17.778072
6 18 2.137762
4 17 3.807355
0 10 17.887720
0 10 37.000111
1 1 26.761221
1 1 8.400102
1 8 4.960626
3 7 5.052490
3 9 4.449649
3 13 20.246681
3 13 11.996188
3 15 3.909279
4 8 2.702334
4 13 3.905299
5 11 13.661811
5 11 4.425190
6 17 40.397705
1 10 15.220962
2 12 5.456675
2 22 5.563322
2 23 13.354479
3 1 5.639369
4 11 19.291550
4 13 9.723745
4 14 7.206943
6 10 12.034686
0 23 14.344901
0 23 7.222420
0 23 21.418999
1 17 5.877978
1 17 6.183479
1 17 4.367205
1 19 3.500245
1 19 43.992275
1 22 18.314014
2 7 6.170706
2 13 12.965151
2 13 17.004219
2 23 5.143382
3 8 3.972632
3 12 15.102079
3 12 16.739437
3 22 14.621472
5 10 19.501331
5 13 18.997906
6 3 10.593997
0 9 5.236392
0 9 6.890965
0 22 9.412199
0 23 1.571903
1 9 2.684886
1 12 4.477642
6 15 2.284413
0 0 3.730672
2 12 2.828082
3 14 4.802743
0 0 1.325775
0 2 6.301778
0 19 6.365676
0 19 10.931624
2 15 7.194985
2 15 6.162900
3 13 24.464645
1 17 4.128661
1 17 9.014228
1 19 9.777893
1 19 3.846620
2 23 6.301778
3 12 9.066483
3 12 13.269998
3 12 17.632902
3 23 9.899966
4 0 3.299046
4 19 22.170643
4 21 12.400273
4 22 12.274109
4 22 11.481696
4 22 15.822604
4 22 8.696273
4 22 12.288188
5 15 15.097278
5 15 5.440436
5 20 7.767469
6 18 3.036082
6 18 13.425399
6 18 6.579557
6 20 4.812939
0 16 7.112196
0 21 14.004407
0 21 6.131162
0 21 1.797663
1 8 9.866963
2 0 8.540103
2 10 5.070158
2 15 4.248538
3 21 2.747373
4 22 5.456404
4 23 13.201756
5 12 8.328849
6 12 22.541620
6 14 4.690748
6 15 4.802743
6 15 33.250141
0 12 4.078845
1 9 6.406808
1 21 7.464516
2 6 17.663774
2 21 3.657344
2 22 6.077478
3 21 2.747373
3 22 4.078845
5 8 4.242481
5 23 10.139530
6 2 16.955856
6 3 13.719585
6 6 21.212147
6 16 3.730672
0 18 6.785923
1 13 3.093476
2 10 19.771688
2 10 7.216731
2 10 8.312535
2 13 2.835389
2 21 6.801017
4 20 4.078845
4 21 24.002985
6 1 7.568985
6 10 3.840211
0 7 6.276983
0 15 4.894614
6 23 5.656481
0 3 5.833063
0 8 6.528523
0 13 3.732620
0 15 5.786532
0 16 4.546006
0 20 24.555983
0 20 6.663193
0 23 5.114173
1 0 3.123009
1 1 3.250288
1 1 7.508856
1 2 4.802743
1 13 8.133597
1 23 1.560556
1 23 3.975906
2 0 4.351438
2 1 4.348417
2 3 21.862324
2 18 5.334736
2 19 9.550100
2 19 14.810011
3 15 12.804177
4 9 9.779586
4 18 2.055926
5 11 11.836645
5 19 21.385649
5 20 9.573305
5 22 6.396474
5 22 2.575939
5 23 4.133855
0 0 5.656481
0 3 44.759468
0 12 6.155465
0 14 11.392316
1 20 4.219495
2 13 10.715178
2 20 6.783040
2 21 4.078845
2 22 6.001842
3 0 8.983163
5 1 2.977511
5 11 4.167172
5 20 12.215608
6 2 10.869327
6 19 5.301702
6 21 7.190654
6 23 7.513441
6 23 1.265185
6 23 5.488347
0 0 4.731111
0 1 19.914019
0 2 12.568006
0 10 12.120727
0 11 4.072156
0 19 14.408231
0 19 15.262522
0 19 14.851632
0 19 26.749039
0 20 3.746417
0 20 6.075528
0 20 8.510036
0 21 7.464516
1 0 4.277131
1 11 9.639572
1 12 14.055537
1 14 4.237802
1 23 6.255667
2 11 3.385291
2 21 9.246722
2 22 2.922351
3 1 32.772427
3 13 2.699761
3 14 5.484374
4 8 11.814437
4 9 4.472696
4 21 6.733419
4 21 18.633039
4 21 11.357231
4 22 8.261236
5 2 10.639431
5 20 2.660283
5 23 3.754808
5 23 7.626265
6 19 4.280102
6 20 17.940914
6 23 3.892623
0 20 3.130313
1 0 2.617031
1 2 2.747373
1 2 5.907546
6 9 10.868683
0 10 4.575992
0 13 22.036240
1 11 16.950008
1 13 10.483243
1 17 5.009745
2 10 18.776203
2 13 2.552843
2 20 2.081505
2 20 8.170109
3 14 5.635799
4 19 11.327854
4 21 3.193120
4 23 3.950932
6 5 13.354247
6 5 26.989222
6 17 3.697737
0 13 10.265038
2 12 2.474781
4 14 2.913495
5 8 1.719504
6 21 4.701921
6 23 4.323830
0 8 4.652259
0 8 2.733107
0 8 6.200137
0 8 6.301778
0 9 4.293015
0 10 4.050796
0 14 6.194853
1 6 7.333794
1 17 4.348417
1 20 5.114667
1 21 17.839476
1 23 15.364785
2 1 4.244042
2 17 4.929481
3 8 26.452309
3 17 4.968355
3 19 13.225451
4 22 6.579557
4 23 3.905820
5 11 3.317424
5 21 8.527484
6 23 18.940443
0 18 5.323666
0 20 4.547241
0 22 6.541047
1 12 12.530885
6 8 25.903334
6 23 18.396055
0 12 4.425190
0 13 5.628897
0 14 6.301778
0 23 3.025042
1 14 8.652115
2 0 4.982373
3 9 7.473687
4 2 6.482909
5 1 11.111588
5 2 20.437599
5 15 35.252216
5 15 7.270622
5 20 1.036702
0 18 13.579535
0 20 25.447031
1 2 13.362192
4 20 8.918899
5 20 9.155085
0 2 9.633344
0 19 3.955852
2 0 17.203663
2 1 2.922351
2 1 7.333794
2 7 5.563752
2 12 2.689583
2 15 6.411034
4 1 7.540446
4 1 4.519710
5 21 6.019519
0 8 3.434216
0 21 5.415649
1 0 8.599025
1 21 3.543304
6 19 19.886467
0 22 4.376295
1 20 2.984620
2 21 8.513592
2 21 7.418987
2 21 6.833278
2 21 7.364369
2 22 2.595390
3 0 6.208909
3 1 7.314548
3 17 4.532050
3 17 6.875021
3 19 2.359446
3 20 14.627521
4 17 3.866135
4 18 5.639529
5 18 3.905299
6 10 2.552843
6 12 3.213842
6 15 5.182321
6 18 1.226169
6 18 2.287674
6 22 2.821873
6 23 3.959360
0 11 4.371653
0 15 1.340630
0 16 3.506821
1 0 9.669656
1 15 6.250614
1 16 4.444318
1 18 7.318297
1 19 5.236392
1 20 6.042181
2 7 5.445443
2 10 5.670641
2 12 7.380395
2 16 4.280102
2 17 7.223725
3 8 14.406006
3 9 17.813080
3 9 22.612354
3 15 2.183630
3 19 4.802743
3 20 1.530792
4 0 2.806599
4 0 6.104464
4 18 2.929526
4 18 2.617031
4 19 6.276160
5 0 5.888595
5 9 5.670617
5 21 7.979071
6 10 3.968735
6 13 5.804988
6 13 6.927113
6 13 3.267097
6 21 4.310154
0 2 3.787600
0 9 7.811673
1 15 4.547241
1 16 9.850792
1 20 3.788338
1 20 3.164941
1 21 1.180555
1 21 1.550925
1 22 6.885312
2 14 4.261890
2 16 1.878188
2 20 4.809585
2 23 7.914637
3 9 2.474781
4 18 14.541715
4 18 2.747373
4 18 1.001230
4 21 6.798075
5 7 3.897263
5 7 5.851532
5 16 1.043501
5 19 3.307160
5 19 10.888847
5 19 3.093476
6 9 1.231324
6 9 26.053080
6 9 7.515311
6 10 11.522828
6 10 1.477589
6 13 7.083966
6 17 2.658748
6 20 10.178885
6 20 24.108425
0 0 8.535374
0 0 3.178029
0 10 5.136159
0 10 19.252836
0 10 7.156776
0 15 4.436388
0 15 4.310867
0 16 6.167130
0 16 5.486015
0 17 4.990937
1 0 6.992952
1 11 2.883767
6 6 12.501861
0 4 6.459973
0 5 15.824254
0 5 1.318287
2 21 4.802743
4 20 11.955290
5 22 1.101473
6 2 15.638255
0 5 5.625590
0 5 2.454380
0 5 11.248321
0 5 8.018590
0 5 4.430723
0 9 5.323666
0 9 28.967285
0 10 5.395170
0 10 1.318287
0 13 3.765088
0 13 7.220913
0 20 6.231390
2 19 4.547241
3 23 8.185328
5 0 26.947332
5 14 5.656481
5 22 19.045273
6 1 5.329531
6 22 2.958723
0 4 4.839696
0 4 17.679724
0 4 18.717485
0 5 6.759779
0 10 6.389179
1 16 2.852981
1 16 11.061948
2 21 3.076159
4 20 4.351438
5 9 5.236392
5 13 22.999582
5 17 19.959909
5 21 5.323666
6 5 10.737268
6 5 6.702500
6 7 4.937629
6 20 1.979092
6 23 43.863712
6 23 18.215847
0 3 4.613850
0 16 21.598042
0 17 3.209874
3 7 6.968615
3 7 1.114045
3 8 5.379448
3 14 6.685273
3 16 2.749783
3 16 2.806599
3 16 6.068087
4 1 5.736267
4 8 5.147820
4 11 28.934340
4 11 4.744260
4 13 14.373239
4 13 3.367290
4 13 14.466285
4 14 39.948677
5 17 8.114517
5 19 4.884146
5 19 7.126199
6 15 4.280102
0 1 5.323666
0 1 18.429596
0 8 5.752354
0 22 4.458593
1 8 2.349630
1 8 7.436244
1 9 1.318287
1 10 3.086683
1 11 7.541975
1 11 23.541945
1 11 2.747373
1 11 1.704286
1 11 5.330685
1 11 3.798127
1 14 21.301699
1 14 4.167172
1 14 6.405285
1 14 11.712244
1 14 1.412450
1 14 18.399937
3 0 4.547241
3 7 3.138999
3 7 4.098857
3 7 3.810243
3 8 15.099896
3 8 4.351438
3 10 1.081446
3 15 5.239357
4 2 4.348417
4 8 9.905104
4 8 1.719504
4 9 8.352899
4 10 1.550925
4 10 3.811072
4 11 4.621825
4 11 8.143108
4 11 8.312535
4 16 1.340630
4 16 1.318287
4 22 6.286462
4 22 16.744745
5 7 2.969737
5 7 3.840211
5 7 17.717459
5 7 9.740290
5 9 13.439296
5 9 6.328949
5 10 16.448761
5 10 1.216880
5 10 4.154531
5 11 3.030344
5 12 21.684875
5 14 5.981415
5 14 1.216880
5 14 1.614228
6 3 2.320107
6 11 6.582628
6 11 6.591433
0 12 6.218064
0 23 5.635799
1 17 6.172301
1 20 8.178904
2 8 32.165890
2 8 4.078845
2 14 3.123009
2 15 15.638255
3 2 4.069824
3 7 12.697839
4 10 8.489636
4 11 2.874444
4 12 23.597845
4 16 3.840211
4 16 11.805156
6 17 4.011979
6 22 9.522052
1 12 13.285393
2 12 14.153433
3 19 6.031635
4 6 13.061683
4 13 19.529421
4 22 15.727798
6 1 3.086683
6 14 10.593997
6 14 9.201429
6 14 3.679727
1 0 12.487706
1 10 12.737640
2 0 4.078845
2 5 12.624384
2 18 4.176195
2 23 7.877332
3 10 21.387726
3 18 2.434210
4 8 18.248697
4 12 19.507776
4 13 2.034019
5 18 6.122914
5 23 1.971182
6 0 19.910618
6 0 3.443697
0 18 9.143806
0 21 20.690784
1 22 3.777256
1 22 5.237266
3 11 2.245923
4 6 4.547241
4 21 5.555824
6 0 2.739278
0 20 29.118727
1 3 12.516076
1 5 23.484993
1 7 1.488591
1 13 2.699761
1 18 6.138874
2 22 3.730672
5 20 13.931728
5 21 16.532896
6 11 14.407447
3 0 6.151305
4 0 2.891971
6 6 7.532155
6 6 7.194985
6 7 12.002091
6 23 4.617560
0 1 11.000082
1 11 5.639369
4 12 12.744184
5 15 29.611549
5 15 7.454173
6 21 6.461505
6 22 4.351438
0 21 15.223804
1 14 9.212848
1 22 17.069374
2 10 8.983163
2 18 18.103107
3 5 36.387646
4 0 2.497612
4 11 29.126976
4 11 19.038170
4 18 20.493387
5 22 18.345308
6 2 6.763655
6 2 4.992991
1 7 5.608067
3 9 3.538165
4 22 24.214806
5 10 2.871085
6 2 19.550859
2 8 4.231232
3 2 7.873568
4 1 11.052382
5 9 5.622522
6 0 16.291098
6 7 7.396126
6 18 5.323666
0 18 3.110233
1 1 5.697508
1 7 5.656481
1 8 11.805156
1 9 4.448943
1 9 6.495666
6 20 25.079247
0 3 5.371621
1 6 11.248321
1 7 6.255667
1 23 3.840211
2 2 11.415728
2 12 18.689455
2 21 11.477819
3 0 21.036291
3 0 17.146124
3 6 7.143805
4 13 2.474781
5 21 2.183630
6 0 6.121225
0 1 9.662173
0 4 5.221367
0 20 7.917469
0 20 16.934906
0 23 6.151305
1 10 10.763047
4 16 3.429648
5 4 6.318258
5 5 6.533190
5 14 21.315363
5 14 20.602367
6 13 4.802743
0 12 2.959653
0 17 7.857636
0 18 15.833305
1 3 5.563752
2 2 11.796251
2 2 23.625648
2 18 22.329603
2 18 10.698757
2 23 2.249800
3 7 3.544810
4 20 8.457361
4 20 7.479024
5 8 2.019999
5 21 4.223402
5 21 3.810243
6 4 3.840211
6 6 2.896086
6 9 3.708041
6 16 5.478805
6 19 7.767469
0 11 24.267826
1 4 4.078845
1 8 3.893085
6 20 12.308508
0 8 3.759266
0 11 7.077035
0 11 12.987100
0 11 14.781427
0 11 8.201077
0 12 6.162900
0 12 7.077035
0 13 2.922351
0 23 4.652259
1 13 2.801638
3 10 4.799142
3 20 5.236392
4 10 4.960626
4 16 3.159294
5 7 6.400351
5 7 16.354576
5 9 9.458314
5 9 19.755869
5 9 14.263177
5 10 6.098030
5 10 8.176265
6 8 5.930717
6 12 8.298322
6 12 10.190274
6 20 4.266901
6 20 9.899966
6 20 3.250288
6 22 3.036082
0 1 17.906576
0 11 15.863510
0 11 17.548101
1 8 4.780125
1 9 12.416759
0 14 8.965532
2 2 16.783743
3 9 3.842195
3 13 11.118045
3 14 2.471509
3 14 4.726559
3 14 2.684886
4 1 20.334948
4 7 5.441550
4 10 16.227997
6 1 3.927023
6 5 24.582481
6 22 10.593997
6 23 5.828453
0 0 2.622655
0 22 13.373220
0 22 10.783892
4 23 17.449018
5 17 3.730672
5 18 1.189591
6 19 4.329921
6 20 10.023453
0 15 5.087507
0 22 8.863851
2 9 2.747373
3 14 14.567224
6 10 7.500746
0 14 13.459994
0 14 4.280102
0 16 7.458095
6 11 2.682172
6 13 4.580100
6 19 3.106420
0 1 10.103582
0 20 3.840211
0 21 5.570119
2 5 5.504516
2 21 4.878010
3 0 14.393611
3 22 9.375819
3 22 4.812682
4 1 7.183664
6 13 4.802743
6 14 2.891971
6 14 2.747373
6 15 11.398619
1 7 6.363419
1 13 4.016711
1 18 10.317103
1 18 2.998224
1 19 5.055520
1 19 11.213664
1 20 3.972632
1 20 9.671740
1 22 5.010423
1 22 7.633652
1 23 4.315975
3 20 5.246492
3 20 6.207452
4 12 3.158194
4 21 3.756429
4 22 1.318287
5 21 7.194985
5 21 6.515398
5 23 1.691784
6 10 5.997662
6 11 4.613850
6 18 3.868641
6 18 2.651551
0 8 18.487141
0 8 6.207452
0 11 6.974103
0 19 4.397576
1 1 1.802410
1 17 10.251899
1 18 3.535401
1 21 7.053574
2 1 14.684990
2 4 17.896231
2 4 26.728769
2 10 17.513287
2 12 2.560118
2 18 5.603859
2 18 2.729726
2 19 8.291917
3 18 3.232203
4 22 12.427118
4 22 4.192251
5 1 5.858569
5 10 15.822837
5 10 5.369772
5 12 12.329443
5 16 7.342146
5 18 5.392967
6 12 6.782920
6 13 3.246840
6 13 9.360430
6 13 2.922351
6 13 2.595390
6 13 16.152445
6 14 3.232203
6 15 2.702334
6 17 5.479964
6 17 14.810011
0 2 6.131147
0 8 2.939698
0 8 7.767469
1 11 5.596007
6 23 4.201865
6 23 11.533870
0 13 4.078845
0 20 3.328099
1 23 7.914091
2 13 9.217277
2 17 4.519505
3 20 5.547344
3 22 5.829963
4 22 3.307160
4 23 11.992297
4 23 7.342146
5 1 5.478805
5 11 3.293591
6 1 13.063690
6 19 12.722019
0 22 20.359762
1 18 20.301081
1 18 4.211069
1 19 5.386980
2 7 14.235174
2 8 34.463684
3 0 5.722653
3 23 9.015347
4 12 9.068580
4 12 2.511668
4 12 10.904184
4 13 4.897115
4 15 2.320107
5 1 7.906243
6 22 11.841215
0 8 7.604603
1 23 3.884614
2 5 10.724173
2 17 1.528652
2 17 4.578526
3 3 2.793938
3 10 5.323771
3 13 3.553021
3 22 10.149735
5 3 3.086683
5 21 24.632397
5 22 7.290895
6 8 7.776292
6 15 9.398164
0 6 20.419130
0 6 18.667397
0 10 6.328719
0 11 5.285156
1 7 14.245955
2 0 8.337389
2 0 17.226877
2 19 3.042200
3 8 4.532050
3 8 6.084449
3 18 16.918911
3 18 3.265923
4 19 1.982768
5 23 5.700605
6 20 11.867127
0 3 5.831872
0 22 5.826843
1 3 20.818319
1 21 21.934559
1 23 11.464473
2 22 23.265663
2 22 6.768795
2 23 8.330481
3 8 5.687533
3 12 32.538601
3 12 5.672762
3 21 2.259920
4 11 5.070158
4 19 4.433302
1 12 2.595390
1 21 5.473246
2 14 11.931720
2 16 2.831335
2 17 7.473687
2 22 8.591605
3 8 2.743925
4 6 5.387125
4 10 15.342247
4 13 4.758501
5 8 2.479933
6 14 3.657344
6 16 6.112988
0 1 4.547241
0 9 7.480068
0 10 6.118268
0 11 14.922687
0 15 9.905104
0 15 6.809615
0 17 5.334736
6 7 5.236392
6 23 8.437982
1 8 5.656481
1 11 7.244969
1 20 5.656481
3 16 5.008971
5 15 6.871180
5 15 10.576860
5 21 3.138999
2 13 2.469593
2 19 6.151305
3 21 5.596007
4 20 5.738632
4 22 7.036552
5 16 15.577723
6 14 4.866094
6 14 9.136442
1 19 6.391636
3 12 9.557455
4 23 4.886881
5 5 2.977511
5 13 14.260374
6 21 3.492516
1 10 3.708041
6 12 1.929200
6 13 3.188019
6 21 2.474781
0 13 2.844738
0 15 4.889920
1 15 3.193120
1 16 3.353594
1 19 5.055644
1 22 6.155465
2 13 5.151935
2 13 11.712145
2 20 5.043040
3 19 5.927485
4 12 3.071812
6 12 24.374672
6 12 8.452593
6 14 1.340630
6 15 2.747373
6 16 3.497505
6 18 4.647816
6 23 4.293015
0 7 14.880242
0 9 18.420897
0 11 23.739779
0 11 14.005575
0 12 3.777256
0 20 9.990442
3 13 2.971882
3 21 5.491549
3 21 6.465994
4 11 6.031294
4 13 8.376276
4 13 4.263019
4 14 6.866893
4 14 7.183664
4 21 4.928342
5 0 11.847955
5 0 22.798847
5 13 6.937941
5 13 3.163888
5 18 24.295103
5 23 9.642248
6 13 8.730180
6 15 27.014297
6 21 7.462424
6 21 6.674522
6 22 9.591387
0 3 1.235894
0 3 2.091364
0 3 1.521100
0 4 14.283753
1 14 5.323666
1 21 4.078845
2 12 2.216221
2 19 10.059252
5 3 16.765327
5 18 19.903517
6 9 4.990937
6 9 8.387471
6 16 4.038611
0 7 34.668324
0 7 2.552843
0 23 8.794085
0 23 10.132572
0 23 7.496983
1 12 7.814207
1 12 3.363079
1 12 4.024702
1 19 2.636573
1 22 6.301778
2 21 9.628620
2 21 10.979962
2 22 5.763292
3 13 5.323666
3 14 20.785061
3 22 5.334736
4 7 4.078845
4 10 10.069461
4 23 22.733089
4 23 6.151305
5 7 5.971910
5 23 3.325303
6 16 6.071115
0 11 3.968735
0 11 2.438555
1 12 5.236392
2 6 7.776292
2 20 4.461566
3 19 3.730672
3 20 17.885454
3 20 3.710529
4 0 38.478985
4 0 4.707419
4 7 1.318287
4 19 5.078482
4 21 3.304459
5 12 2.994681
5 13 12.084806
5 21 21.315641
6 13 31.903246
6 20 14.647511
6 23 19.914019
0 4 7.230733
0 9 12.737640
1 8 8.437982
1 13 20.151342
1 14 19.773767
1 21 7.230733
1 23 4.934722
2 20 6.151305
3 20 6.050464
3 22 4.524559
3 22 5.794081
3 23 6.993887
4 7 25.446209
5 9 3.086683
5 11 2.749756
5 12 43.531662
6 20 5.139023
0 6 8.351025
0 8 7.344764
0 15 3.840211
1 9 2.747373
6 15 8.574319
6 18 9.823501
1 17 10.360142
2 9 2.731990
2 9 39.548595
2 11 22.275602
3 6 7.290895
4 8 19.510027
5 16 17.045713
5 17 5.918073
3 6 16.448761
3 9 2.938027
4 19 10.436086
4 22 4.016711
5 12 2.552843
5 12 1.371291
5 18 4.080209
6 20 2.969737
0 20 4.630955
0 22 11.022364
0 22 8.066185
1 11 3.264567
1 14 1.541710
1 16 4.912009
1 18 4.547241
6 8 3.840211
6 8 2.857682
6 8 1.275761
6 9 12.047876
6 9 4.348417
6 16 3.215440
6 23 2.100477
6 23 6.868828
0 12 4.753250
0 19 11.845541
0 21 4.549069
0 21 4.384715
0 22 15.658804
1 0 8.718542
6 18 2.474781
0 11 6.733419
0 15 5.618467
1 0 4.984442
4 7 3.840211
4 7 3.839855
4 8 4.770673
4 10 2.434210
4 23 2.928699
5 20 3.138492
5 21 13.907161
5 22 5.395170
6 1 7.665299
6 14 33.913826
0 20 4.351438
0 21 9.229475
0 23 1.332111
3 8 5.939473
3 12 7.537421
3 12 17.014713
3 17 3.171062
4 5 13.175433
5 7 6.362041
1 12 14.382069
1 15 3.575314
1 20 5.596258
1 20 10.066358
1 20 13.276179
2 8 23.490917
0 18 7.620394
1 17 2.434210
2 1 17.014713
6 9 4.389026
6 9 12.121568
6 9 6.131162
6 11 2.414464
6 13 3.545018
6 21 31.332098
0 8 3.653874
0 15 8.008098
6 0 16.455568
6 1 5.648421
6 1 9.763425
6 6 2.474781
6 6 2.928699
6 6 1.180555
6 9 5.489632
6 21 2.605032
6 21 2.216221
0 1 3.371899
1 13 12.714755
2 1 15.381890
2 9 2.893765
3 21 19.439346
3 21 8.340890
3 23 11.775104
3 23 16.296749
4 23 3.131090
5 10 5.377920
5 23 18.666430
0 22 11.402530
3 6 9.110209
3 19 15.909646
4 12 8.953950
5 13 7.767469
5 13 2.230386
5 23 3.598981
6 8 12.240560
6 8 7.739122
6 8 9.398164
0 0 9.712660
0 0 5.075191
4 12 10.265002
4 22 10.578365
4 22 4.078845
0 21 43.194290
0 23 4.580100
1 17 5.323666
1 17 14.687362
1 18 15.850195
1 18 22.480217
1 18 10.836459
1 19 27.683130
1 23 11.220869
1 23 8.335057
2 15 7.516386
2 15 7.326166
2 21 17.275640
2 21 9.875760
2 21 3.840211
2 21 4.830142
2 22 6.824364
3 20 9.779453
5 9 5.563752
5 10 12.268623
5 10 3.048194
5 14 3.732483
5 15 3.997148
0 0 14.149927
0 16 20.349119
0 17 26.604773
0 18 4.348417
0 19 35.133801
0 20 14.925438
1 19 7.495470
1 20 14.732870
2 17 4.547241
4 0 7.303392
4 9 2.911506
4 13 1.368138
5 9 38.431747
6 21 13.108973
6 4 6.360608
6 9 15.624309
6 14 6.780176
6 21 6.509494
0 1 17.230713
0 15 4.894614
0 18 4.968355
1 1 8.290884
1 19 3.048194
1 21 5.479964
3 4 6.590684
3 15 2.320107
3 19 22.490141
3 19 7.912943
5 8 5.596258
5 13 30.923220
5 13 18.199556
6 12 4.076641
6 13 5.334736
6 16 12.902191
6 16 2.320107
0 20 4.846915
0 21 1.806525
0 21 4.167172
1 12 10.557788
1 19 4.547241
2 5 12.895844
2 8 6.517695
2 11 21.491787
2 16 7.872206
2 17 3.852867
3 21 1.888350
3 23 3.732119
4 15 2.051139
5 9 1.166265
5 11 13.681652
5 12 8.571325
5 19 6.031294
6 4 9.022711
6 12 6.583538
6 13 9.290738
6 18 4.245798
6 19 4.310867
6 20 4.078845
6 23 4.413205
0 1 39.485794
0 5 2.595390
0 13 7.739122
0 17 21.129276
0 17 4.786569
0 21 4.386497
0 21 3.080184
0 21 4.546006
2 18 3.595327
3 12 6.406808
3 12 27.363304
3 13 19.933882
3 13 4.351438
3 19 3.286909
4 12 9.694980
4 13 9.123758
5 19 3.282293
5 21 2.922351
5 23 7.772855
6 10 9.835160
6 10 7.097219
6 21 8.773745
6 23 9.021185
0 3 5.413898
0 16 15.386315
0 19 5.285156
0 20 4.174468
1 2 19.105850
1 4 18.254328
2 13 4.330834
2 22 8.209487
3 11 3.086683
3 11 1.587043
3 14 5.395971
3 21 9.494536
4 21 6.465994
4 23 6.573761
5 0 4.574041
5 0 2.903356
5 5 4.884146
0 9 3.884614
0 10 3.438995
0 19 14.013071
0 21 8.929258
0 21 10.594701
1 19 4.294393
1 20 6.276983
1 21 5.773778
2 18 4.114867
4 20 10.753141
5 3 7.436950
6 17 3.807355
6 18 5.311506
1 20 2.783191
2 6 5.507241
2 12 4.990937
2 12 13.719585
3 16 27.439281
3 18 2.474781
5 21 5.933443
6 19 4.519710
6 23 2.886347
0 4 7.392471
1 1 10.907542
1 2 10.600480
2 0 6.536699
6 7 4.167172
6 8 2.749877
6 9 7.726453
6 10 6.892959
6 23 1.732690
0 9 18.836771
0 16 5.348218
0 19 3.223913
0 19 2.945267
1 21 17.963360
2 21 5.102976
4 0 1.673781
4 0 11.073247
4 14 5.643044
6 7 8.798024
0 1 10.543253
0 22 21.278925
1 1 23.108925
2 20 1.477589
2 21 1.129960
3 21 7.230733
4 0 6.861062
4 17 3.086683
4 17 2.977511
4 17 1.363745
4 22 1.296675
5 1 21.957682
5 10 5.578057
5 11 15.369537
5 11 3.729804
5 18 10.347940
6 19 3.981234
0 0 9.625877
0 8 6.406808
0 10 20.245918
2 13 11.398619
2 16 2.949044
4 0 3.793903
5 12 14.081874
5 15 5.440436
5 15 5.025801
6 11 6.809924
6 11 3.927023
6 11 30.309288
6 11 3.190860
0 13 4.244042
0 15 1.296675
1 8 3.265923
6 20 25.079247
0 11 1.442385
0 13 5.491696
0 15 4.002740
0 21 4.958791
2 6 7.576991
2 15 6.440432
2 15 6.614720
2 18 3.036082
3 6 28.237932
4 13 11.289067
4 14 17.555473
1 0 5.366332
1 7 19.401320
4 13 3.390902
5 9 3.158194
5 23 3.087490
6 19 8.573196
6 23 4.025118
0 19 6.051648
1 14 7.968915
2 23 5.160451
5 1 12.672716
5 4 12.433354
0 11 1.960717
0 13 5.895354
0 14 14.678926
6 17 2.474781
6 20 3.997148
6 20 7.230990
2 6 5.032163
2 10 1.571903
2 10 3.485717
2 12 4.078845
2 12 8.703967
4 12 13.670779
2 11 22.223589
2 15 7.737391
3 9 3.502954
3 13 17.151007
3 13 3.123009
4 14 5.719608
5 7 7.464516
5 7 12.379052
5 21 3.048194
6 23 10.004914
1 13 6.764098
3 22 5.883237
4 15 4.472696
6 16 10.753141
6 23 20.085682
6 12 8.864453
6 22 13.087496
6 22 4.547241
0 20 2.780775
0 22 8.899140
1 12 6.515398
2 13 9.885807
2 15 1.383245
3 2 4.684645
3 22 3.533588
6 4 7.036922
6 13 20.553778
0 22 3.514593
0 22 9.890502
1 1 5.656481
3 21 10.104980
4 11 20.676533
4 11 4.002286
5 13 1.318287
6 15 6.685180
6 15 7.244969
0 1 7.888072
0 6 3.800092
0 6 4.164011
0 22 2.699761
1 19 5.688790
1 19 2.354891
1 20 5.128261
1 20 6.461333
1 20 8.958113
2 0 4.647816
4 19 15.114356
5 14 7.377753
5 14 29.317825
5 20 7.250459
6 3 9.959739
0 13 4.197453
0 20 18.072042
0 13 14.623788
0 15 6.014559
0 16 2.788907
1 19 2.474781
1 20 5.446148
1 20 2.326388
1 22 4.011979
1 23 4.167172
2 0 5.501688
2 2 4.724010
2 2 6.255667
2 15 1.318287
2 21 2.766504
3 4 5.247282
4 23 4.949561
5 10 21.272009
5 11 9.205340
6 11 11.435431
0 16 2.825690
0 19 3.730672
3 2 4.787235
3 11 8.919247
3 13 8.282188
3 19 6.654684
5 20 10.010964
6 11 4.994728
6 11 1.363745
6 11 4.403015
6 14 4.036619
6 21 4.724010
0 2 5.897079
1 0 9.021185
1 0 10.064966
1 20 3.619645
2 1 6.151305
2 19 10.214205
3 1 10.933326
3 1 18.771305
3 2 1.542401
3 10 8.847189
4 2 4.476806
5 10 15.854894
5 15 14.650146
6 8 5.071193
6 10 26.846849
6 10 8.800552
6 11 6.473210
6 18 6.767406
6 23 8.224689
6 23 7.981944
6 23 27.185841
0 21 5.254431
0 21 10.753141
0 21 7.087762
0 22 5.582833
0 22 6.918825
1 11 17.889851
1 11 6.004391
0 7 3.840211
0 7 2.703615
0 11 8.851750
0 15 6.582628
2 0 6.587596
2 0 19.277143
2 2 13.699990
2 12 16.444622
4 11 18.606672
4 11 3.896810
5 21 15.570755
6 21 10.718974
6 23 3.657344
1 23 5.570119
2 1 15.467920
2 1 11.980869
2 20 11.049558
3 20 4.449649
3 21 10.871419
3 21 13.159114
3 21 10.064966
4 0 4.114511
4 0 12.878351
4 11 6.820861
5 1 5.323666
6 20 26.545736
6 22 7.081887
6 23 5.721354
0 6 21.491787
0 12 8.429576
1 19 24.698343
2 7 20.884428
2 9 5.151935
3 11 4.802743
3 11 6.433177
3 14 10.212683
3 20 7.643614
4 0 11.274655
4 0 8.919915
4 1 2.684886
4 8 17.741211
0 8 4.994504
0 9 13.610209
0 10 5.374735
0 12 19.834558
0 12 6.318258
0 23 15.401743
6 17 4.011979
1 13 2.474781
1 13 9.216916
1 13 5.594707
2 13 5.831872
2 18 4.370191
2 23 11.778413
2 23 2.658748
2 23 6.064032
3 0 6.094631
3 0 4.830142
3 6 6.536129
3 22 5.600654
4 9 2.249800
4 17 2.287674
4 21 9.515559
4 22 16.186678
5 11 18.035213
5 11 13.807599
5 15 1.083523
5 16 2.747373
1 9 15.832697
2 12 11.716619
2 17 2.394949
4 13 5.301702
4 23 26.284508
5 3 9.879730
5 10 5.392967
6 7 1.216880
6 7 2.998224
6 15 7.739122
6 16 22.072681
6 18 10.413905
6 19 2.739704
6 19 2.430333
6 21 4.266901
6 21 1.492400
6 22 13.103593
1 14 14.830839
1 17 2.891971
1 18 6.579557
1 23 24.085146
2 16 2.801638
3 1 31.639416
3 17 2.747373
3 22 32.513100
4 21 2.617031
4 23 1.846485
4 23 9.022711
5 12 11.279218
6 7 3.561621
6 8 6.406808
6 8 6.515398
0 12 3.996630
0 15 6.992602
6 3 16.527023
2 11 17.700977
2 11 8.368084
2 20 5.464951
3 0 4.802743
4 19 12.544354
4 20 19.876497
6 9 4.147978
6 12 17.741211
1 20 2.474781
1 20 12.088194
4 8 2.474781
4 16 4.080209
5 0 34.176949
5 13 8.312535
5 13 3.708041
6 7 4.954834
0 15 4.051698
1 3 6.318258
1 14 33.506271
3 16 2.394949
3 22 6.840826
3 23 14.094089
5 2 6.214680
5 7 3.069938
5 12 13.506241
5 16 2.124269
6 0 7.812000
0 19 10.764494
1 1 16.934906
1 2 7.701705
1 10 24.267826
0 0 3.765088
0 22 2.028133
1 19 3.730672
1 19 9.056480
5 15 14.387612
6 18 25.324821
6 22 5.682507
6 23 6.388399
1 21 14.810011
3 0 8.778359
5 15 13.018172
5 21 20.931004
5 21 3.845623
5 22 6.823199
6 1 11.375518
6 13 2.747373
6 16 6.110148
0 17 2.193287
1 0 20.000059
1 0 24.296902
2 0 14.401739
2 0 7.342146
2 1 4.244042
2 1 4.572291
2 13 7.908813
3 12 6.006382
3 13 4.078845
3 14 5.973951
3 14 22.701498
4 22 23.836346
5 11 3.123009
5 14 1.767700
5 14 6.050464
6 14 4.960626
1 1 12.745476
0 6 14.344901
0 6 7.880374
0 19 6.542745
1 10 8.950632
1 12 8.849033
2 22 3.393593
2 23 8.148660
3 15 3.621630
4 14 9.045454
4 20 6.839203
4 20 8.888434
5 2 3.730672
5 19 4.489722
5 21 3.958184
2 13 5.312589
6 19 3.968735
6 23 18.815113
0 8 4.149068
2 12 2.356934
3 9 2.284413
4 2 12.689558
4 12 4.867023
4 12 7.244969
4 21 3.367290
6 20 10.532454
0 6 5.656481
1 12 7.250981
1 16 6.118366
1 18 2.882777
2 15 6.581995
2 15 10.299251
2 15 4.156937
2 15 4.098857
2 15 11.355576
2 15 6.203012
2 16 2.401932
3 1 5.858569
3 8 2.151983
5 17 3.188019
5 22 3.048194
5 23 1.412450
0 1 3.188019
3 13 2.474781
3 20 4.229326
4 0 8.475430
4 0 2.998224
4 5 4.293015
4 5 7.883386
4 6 7.443089
4 22 10.833540
4 23 5.738689
4 23 24.898167
4 23 4.655143
5 15 5.125446
5 19 4.058657
6 1 5.145797
6 16 3.453182
6 21 5.055520
0 8 7.290895
2 21 5.913977
3 0 13.599549
3 0 4.502186
3 0 6.406808
3 0 4.575992
3 0 4.984563
3 14 5.897079
3 14 13.383357
3 15 4.167172
3 15 10.315876
3 15 7.576537
3 20 3.927023
3 21 4.802743
4 15 3.076159
4 15 18.379915
4 16 6.973888
4 16 7.223024
4 22 3.790847
5 9 3.765088
5 14 9.449960
5 14 6.937740
5 14 4.073196
5 15 7.076495
5 23 18.711945
6 20 14.925438
6 20 4.884146
6 23 2.739493
0 12 3.720627
1 9 21.703197
6 14 2.516726
6 22 4.762559
0 8 2.747373
0 9 11.785492
0 11 1.580470
0 12 12.837497
0 19 2.658748
3 14 8.696273
3 15 19.504372
3 15 2.379181
3 19 1.732690
5 22 6.542745
5 22 5.435441
5 22 1.235894
5 23 2.977511
5 23 30.335487
6 3 8.476433
6 20 1.062135
2 8 1.890208
2 13 1.554129
2 14 6.217341
2 14 7.150288
2 14 18.228785
2 22 7.173126
2 22 10.586604
2 22 5.800406
3 14 3.491101
3 14 13.699244
5 10 4.949668
5 10 3.840211
5 11 5.504516
5 12 4.114511
1 18 4.502572
1 19 9.741636
2 12 6.255667
3 20 7.909626
4 9 2.915256
4 10 11.415728
4 19 2.197144
5 11 11.422714
5 11 27.363304
5 18 7.951811
6 10 6.921562
6 10 8.453437
6 15 4.351438
6 15 25.273197
0 11 3.022418
0 18 5.952876
1 9 11.796251
6 15 1.008128
6 15 3.048194
6 17 21.764717
6 17 7.857636
6 23 17.777979
6 23 12.127186
6 23 17.112217
0 14 10.064966
3 17 4.599792
4 13 2.356934
4 23 16.735783
5 11 10.355359
5 17 3.478378
6 14 10.554488
6 14 3.927023
6 18 10.543253
6 18 15.539330
6 19 11.520240
6 20 32.831219
1 17 7.126199
3 13 4.575992
4 13 2.028133
4 15 5.538465
6 3 13.077246
6 21 3.610327
0 13 24.571264
0 23 3.071812
2 13 5.392967
2 21 4.403015
2 23 4.276611
3 13 18.030655
4 11 19.300190
4 12 7.077884
4 22 7.746588
5 10 7.342146
5 11 7.521484
5 18 3.428098
6 17 4.011979
6 17 8.465176
0 10 4.690748
0 17 8.976426
0 17 10.075247
6 20 7.818802
0 0 5.120625
0 8 9.300354
1 2 10.835114
1 6 14.964887
1 11 25.523771
1 11 9.587280
2 1 17.211992
3 0 9.222285
3 20 10.131537
4 13 4.013158
4 13 13.572717
5 13 11.123940
5 19 10.935411
5 19 2.688498
5 22 3.443486
5 22 2.956988
5 22 18.243170
6 10 8.736648
6 13 34.014301
6 13 8.129945
6 19 3.735794
6 21 3.036082
6 22 2.801638
0 13 6.223742
0 13 4.717553
0 13 6.200137
0 17 14.576821
0 19 4.802743
0 20 10.145696
2 10 3.905299
2 14 2.943614
2 14 9.945271
2 19 5.336382
2 21 3.386883
3 10 20.261757
3 10 9.012715
4 9 7.157541
4 9 14.250061
4 20 18.002487
4 21 5.302067
5 19 3.321038
5 20 4.167172
0 16 10.069461
1 16 3.023122
2 10 3.053400
3 17 1.275146
3 18 4.293015
3 18 2.636573
4 19 4.993584
4 22 33.320225
5 3 5.656481
5 9 2.236140
5 10 12.300659
5 22 8.974216
6 19 2.394949
6 20 10.070383
0 20 4.037696
1 0 5.628897
1 6 6.748637
1 16 6.151305
1 22 8.627993
6 9 17.794195
0 0 17.333981
0 7 17.436804
0 15 2.595390
0 15 11.121672
0 15 10.550252
0 15 12.574944
0 15 32.223541
0 22 25.766996
1 4 7.303392
3 5 12.958118
4 8 10.421605
4 15 22.572248
4 15 15.272121
4 18 4.107138
5 13 6.967896
5 13 8.540380
5 22 8.802188
5 22 10.757053
6 1 4.392205
6 1 7.024051
6 10 7.274237
1 15 12.551059
6 11 15.816478
6 17 11.812130
6 17 21.737377
6 18 6.395437
6 21 3.247057
0 14 11.960476
1 5 6.564203
2 7 12.814294
4 6 6.255565
4 6 8.312535
4 14 11.069208
5 5 2.835389
5 6 3.791640
5 6 5.807635
5 9 1.530792
6 5 13.035407
6 5 5.570119
6 5 11.522755
6 5 2.330539
6 6 7.112196
6 10 3.299707
6 22 1.014067
1 11 7.396126
6 19 2.969737
6 20 2.855516
0 0 6.339330
0 3 15.638255
0 4 4.652259
0 8 7.213568
1 7 4.078845
1 14 3.610327
2 14 10.111073
2 17 11.796251
3 11 3.947270
3 14 16.829145
4 18 5.070158
5 0 20.149309
5 22 8.658855
6 8 5.387125
6 8 6.602118
6 14 16.722906
6 23 5.973194
0 21 24.023914
1 13 2.853426
3 5 13.769546
3 5 13.451488
3 6 6.151305
3 7 10.436086
3 11 16.959660
3 11 8.995013
3 11 9.670552
3 11 7.484344
3 12 25.855436
4 9 3.193120
6 7 10.600602
6 7 5.616266
6 20 6.778045
6 22 1.412450
0 5 3.932058
0 9 4.547241
5 12 6.562330
0 9 23.111975
0 10 18.748835
0 23 3.793903
6 8 6.276916
6 8 18.846212
6 10 21.987247
6 20 2.516726
0 3 5.142255
0 4 11.983464
0 8 3.071812
0 8 11.948436
1 8 4.351438
1 9 4.078845
1 20 9.363520
2 7 2.835389
3 6 4.011979
3 13 19.596546
5 7 5.643044
5 22 13.615167
6 4 11.864412
0 13 4.078845
1 20 2.277157
2 14 44.805168
2 14 4.990937
2 20 4.079473
3 1 20.522055
3 6 5.236392
3 12 4.245798
3 17 5.055359
3 22 7.535008
4 21 4.702521
5 10 3.393593
5 21 6.050464
5 22 5.474014
6 7 4.167172
6 7 3.386883
6 7 5.643044
6 9 10.313401
6 11 6.255667
6 11 6.952052
6 11 17.071184
1 3 7.310873
1 8 6.834784
1 17 7.909719
1 19 14.843246
1 19 3.840211
1 20 5.762527
1 20 6.406808
1 23 6.101722
2 0 5.737440
2 2 4.690748
2 5 4.011979
2 8 7.985178
3 4 10.757053
6 7 17.175318
6 7 9.068580
6 9 2.474781
6 9 15.007214
0 8 7.143805
1 14 17.944246
3 7 8.781783
3 8 3.582126
3 23 10.526585
4 11 16.395786
4 23 1.054629
5 6 4.607847
5 7 2.747373
5 13 31.232431
5 16 3.905299
5 20 2.474781
6 13 7.414469
6 18 4.145191
6 18 24.091516
6 22 14.144729
0 4 7.230733
0 7 2.497612
0 22 7.939640
0 23 3.600198
0 23 11.121406
0 23 10.241419
1 13 9.808932
1 14 3.777256
2 6 10.083408
2 7 4.662254
2 8 6.824364
2 17 12.130851
2 17 5.864688
2 18 4.847587
3 6 15.829764
3 8 9.963719
3 8 8.410699
3 10 6.800349
3 10 5.479964
3 12 12.040992
3 21 6.280012
3 22 7.112196
4 10 6.105009
4 11 3.672962
4 19 2.249800
5 9 2.249800
5 20 9.543108
6 8 5.876882
6 14 1.166265
0 7 2.595390
0 18 13.163795
1 7 3.178029
1 12 17.380371
2 6 6.138996
2 6 16.941450
2 7 18.044140
2 16 2.913495
2 17 5.557748
3 5 3.777256
3 7 11.240067
3 8 2.474781
3 8 2.747373
3 9 15.330965
3 18 5.407910
3 18 2.536036
4 5 9.068580
4 16 1.296675
4 19 6.824364
5 7 2.977511
5 10 8.498919
6 1 11.689056
6 8 7.065103
6 10 4.624312
6 11 15.638833
6 22 7.365545
0 11 4.043617
0 13 2.987113
0 15 6.144994
1 2 2.658748
0 8 3.817977
0 16 21.862324
0 19 4.839696
0 19 4.167172
1 13 10.838657
1 15 5.208845
2 5 7.464516
2 10 6.684641
2 12 21.232462
2 12 2.497612
2 16 6.218064
2 16 16.745752
2 16 5.247282
3 9 2.168978
3 17 2.249800
3 19 11.796251
5 1 10.750708
5 3 12.527633
5 3 14.196405
5 11 38.031063
5 12 16.864061
5 16 10.085308
6 13 2.326388
6 21 10.669552
0 18 7.917469
1 5 16.883539
1 8 2.881462
1 8 3.153305
1 8 6.989245
1 10 5.964622
1 10 6.406808
2 21 17.311573
2 23 14.647445
3 12 7.739122
3 19 5.826922
3 20 15.092823
3 22 17.571026
4 9 6.518775
4 9 14.152990
4 10 4.209113
4 11 4.449649
4 12 16.121166
4 13 9.885807
5 4 6.151305
5 12 5.236392
5 13 9.531794
5 13 7.673110
6 19 5.383266
6 22 7.629272
0 20 4.802743
0 21 4.780125
0 22 11.067394
1 13 11.796251
1 23 8.663056
2 0 1.503996
2 0 16.464714
2 0 11.992297
2 9 5.562062
2 14 2.839099
2 15 10.444914
3 11 5.504516
3 11 17.427008
3 13 8.217917
3 17 8.005988
3 18 17.433949
3 22 4.808275
4 11 5.557748
5 5 6.361704
5 5 7.194985
5 6 7.994428
5 23 21.799311
6 9 5.872929
6 10 5.348218
6 10 10.328842
6 10 14.729308
6 11 3.600198
0 1 5.596445
0 22 6.967896
1 1 14.225774
1 8 5.285156
6 18 1.255511
0 9 7.893818
0 12 4.280102
0 13 14.991689
0 15 7.053590
1 18 3.193120
2 10 7.896927
3 17 7.908094
0 23 5.752354
5 5 9.226957
6 10 15.490619
6 12 16.057606
6 15 25.345490
6 23 13.034864
0 2 2.874444
1 12 12.765763
1 12 2.474781
1 20 4.330706
1 22 18.266630
1 22 17.959438
1 22 7.739122
3 15 19.291048
4 2 5.504516
5 18 4.503994
5 18 18.159067
5 21 13.065736
5 23 2.365083
6 16 2.699761
0 6 3.123009
0 11 1.551752
6 3 8.026067
6 5 17.151199
6 7 24.002411
6 16 6.071115
6 18 7.532155
0 22 4.724010
1 0 42.802132
1 1 7.353288
1 17 2.839099
1 18 2.231062
1 21 12.050315
1 22 11.905514
3 17 9.946210
3 21 6.406808
4 12 2.536036
4 15 5.611183
4 18 8.873297
4 18 5.379167
5 18 5.323666
5 21 17.605146
6 3 15.174489
6 3 5.546920
6 7 6.153115
6 9 6.057455
6 12 7.428063
6 14 3.036082
6 15 5.549512
6 17 4.128661
6 18 5.139615
6 21 4.731111
0 13 8.328849
0 14 2.474781
1 11 3.227588
1 14 1.554129
1 20 9.445702
1 21 21.246412
2 0 15.381890
3 12 3.353594
4 9 4.011979
4 10 3.938409
5 19 2.394949
5 21 12.420548
6 22 6.943912
0 6 5.570119
0 16 2.474781
0 17 14.004407
2 8 4.798641
2 14 9.842661
2 14 9.648294
2 16 8.677089
2 19 31.743351
2 19 2.081505
3 23 5.479964
3 23 9.172337
4 10 3.307160
4 13 5.323666
5 11 6.186951
6 23 8.947526
0 20 5.729729
0 23 4.547241
1 2 8.665308
1 8 3.840211
1 10 4.745776
1 10 14.879599
0 1 17.060545
0 12 2.394949
0 12 4.943574
0 14 9.200314
0 14 1.318287
1 5 10.936311
1 7 5.957778
1 19 8.442678
2 6 4.133855
2 12 8.008595
2 18 9.191848
2 18 10.176819
3 9 4.433302
3 9 9.833521
3 9 7.337801
3 10 3.371899
5 21 7.112196
5 23 11.878232
6 8 9.662025
6 8 5.359805
0 20 10.473813
0 21 17.350887
0 21 13.434676
0 23 11.737717
0 23 16.395786
1 6 6.336651
6 16 1.296675
6 17 16.973906
6 17 4.697112
6 17 4.866312
6 22 4.079473
0 16 4.774775
0 21 26.862717
1 13 8.655485
3 13 14.795332
3 16 2.258115
4 22 9.520250
5 12 5.570119
5 12 1.275761
5 17 7.684121
6 17 2.747373
0 9 5.979887
0 9 6.248663
0 13 5.236392
0 13 5.556261
0 13 39.548595
1 19 3.730672
1 20 7.221039
2 1 7.904332
2 13 15.386315
3 8 18.132565
3 8 15.130205
3 9 1.633207
3 21 13.477285
3 21 4.872611
4 11 12.420927
4 15 4.189321
4 20 2.320107
5 5 5.703928
5 7 2.911506
5 23 6.071115
5 23 27.904806
6 14 6.060515
6 17 3.123473
6 19 1.550925
6 21 6.255667
0 7 23.737120
0 12 5.441018
0 13 4.078845
0 14 7.539813
0 14 8.875311
0 19 9.280712
1 1 10.339424
1 2 6.628314
1 5 8.537097
1 6 10.600602
1 8 5.032163
1 10 16.239681
1 11 12.947995
1 11 11.852769
6 18 2.474781
0 0 4.400556
0 1 8.233274
0 2 2.202946
0 13 15.204997
0 16 4.547241
2 14 17.735779
3 14 12.215500
3 14 9.913987
4 0 5.247282
4 23 5.151935
5 0 8.982676
5 7 21.969463
5 7 33.110947
5 20 2.743925
5 20 6.582628
6 0 5.501688
6 10 8.849033
6 19 2.922351
6 22 4.167172
1 9 4.078845
1 16 4.690748
2 10 20.016142
2 10 2.702334
2 18 21.157158
3 10 3.123009
3 23 4.690748
5 1 3.730672
5 12 6.132922
5 12 15.966730
5 19 1.817601
6 17 2.747373
6 23 4.167172
0 22 9.718884
0 22 5.133343
0 22 2.902746
0 23 11.710438
0 23 11.343822
1 7 20.208801
1 7 29.028149
1 9 12.527633
1 9 11.441656
1 19 4.293521
1 19 4.293015
2 13 10.953457
2 19 5.236392
2 20 9.425546
4 14 35.491104
5 11 2.474781
5 18 2.689583
5 19 5.819712
5 20 5.198514
6 19 2.284413
6 22 8.005988
6 23 13.342275
6 23 5.293093
0 3 5.656481
0 15 4.293521
0 22 2.434210
0 22 18.787209
0 23 11.540105
0 5 13.479371
0 21 23.491198
1 6 14.217599
3 16 11.111320
3 22 5.162648
4 2 5.635799
4 18 13.573309
4 18 6.474716
5 3 7.464516
5 15 7.122133
5 17 3.227588
6 21 5.799448
0 16 2.747373
0 17 5.259650
0 18 9.167242
0 18 4.869544
0 20 3.383568
0 23 3.730672
3 10 17.299559
4 0 3.669513
4 21 3.595327
5 3 19.772551
5 4 5.656481
5 23 8.027421
6 0 13.182865
6 4 17.167641
6 4 2.595390
0 5 11.834414
0 7 5.603859
0 9 8.333975
0 14 6.359538
0 14 4.167172
0 20 6.642076
1 20 10.780044
3 22 10.428231
3 22 6.235910
5 15 2.474781
0 11 4.078845
0 22 2.575662
0 22 2.476739
1 8 6.972939
0 0 17.131720
1 13 27.718191
2 0 3.573013
2 11 28.590271
2 11 14.367906
2 12 22.872217
2 12 12.228625
2 12 9.865415
2 12 15.901733
3 10 26.998602
3 10 5.950039
5 2 6.004391
5 12 3.873019
6 8 3.113684
6 9 6.471380
6 10 4.406446
6 11 4.869834
6 15 3.170045
0 3 5.563752
0 21 23.988426
1 17 9.839631
1 17 5.656481
1 19 6.415257
1 19 4.078845
2 20 5.479964
3 1 17.352013
4 11 3.884614
4 12 6.796169
5 8 4.575992
5 11 20.960306
5 11 4.166202
5 11 11.941604
5 21 7.557150
5 22 3.657344
6 12 13.178126
6 12 10.737268
0 19 12.638841
1 17 4.097984
2 13 19.183674
2 13 6.602648
3 15 3.134222
3 15 7.623525
4 10 9.695549
4 10 5.570119
4 10 17.928986
5 11 4.647816
5 11 5.997030
5 14 2.516726
5 17 3.544810
6 8 4.189321
6 10 20.173645
6 15 7.479193
0 2 16.340391
0 6 16.169155
0 7 7.812000
0 8 9.345238
0 12 4.800263
0 18 6.771654
0 13 5.142272
0 19 5.323666
0 23 10.069607
1 11 5.915184
3 5 6.818471
3 7 4.472696
3 19 8.192310
4 5 8.919915
5 15 3.180304
6 0 11.602870
3 12 7.380395
5 6 12.216933
5 8 4.138895
5 13 21.017614
1 14 3.722883
3 8 21.491787
4 14 11.031992
4 14 3.896810
5 18 23.238216
1 5 11.796251
6 11 7.260545
0 6 1.265522
0 6 12.832097
0 16 3.801700
0 20 4.072156
1 19 4.114511
2 19 4.198638
2 20 4.078845
3 9 19.148884
3 23 16.135670
4 17 3.194564
4 22 3.405151
4 22 5.557021
5 9 6.091601
5 11 20.915676
6 0 7.177698
6 0 5.939054
6 4 5.236392
6 21 3.546822
0 12 4.472696
0 20 3.265923
3 17 15.242389
5 14 39.095798
5 21 19.545218
6 5 11.736615
6 5 2.460334
6 23 5.016333
1 22 5.939473
2 2 18.030720
2 18 4.839696
3 0 4.747023
6 15 3.730672
6 19 3.158194
6 20 3.730672
6 20 8.772605
6 21 3.382460
0 0 8.429065
0 14 6.837196
0 14 29.826553
0 14 6.149550
0 20 8.701324
0 20 9.607927
0 23 17.339825
1 0 10.041701
2 18 19.771688
4 8 4.937629
5 20 15.576561
5 21 4.744260
6 15 7.952552
6 21 3.730672
6 23 1.370618
1 13 2.887086
1 13 9.236151
2 14 4.396238
2 16 11.130068
2 18 5.474014
2 19 3.839504
2 20 8.652575
2 22 5.288981
2 22 4.211069
2 22 3.801700
2 23 2.780775
2 23 29.511011
2 23 7.935838
3 0 6.616022
4 23 4.690748
5 11 2.595390
5 21 9.850308
6 1 5.538465
6 9 5.467380
0 0 18.622290
1 9 2.516726
1 10 4.547241
2 8 3.765088
2 15 16.766275
2 22 3.368326
3 9 30.446339
4 11 2.082006
4 11 3.325303
4 11 13.753742
4 19 26.688261
5 13 2.330456
0 16 5.323666
0 18 4.913649
0 18 9.358763
1 21 6.362041
2 0 4.596798
1 14 6.276983
2 18 3.244238
2 20 5.927306
4 0 7.030800
5 8 2.949866
6 8 4.472696
6 11 4.934722
0 11 4.802743
0 12 6.575663
0 15 41.298992
1 4 4.957496
1 10 7.380395
1 13 24.623884
1 13 12.338709
1 21 7.855779
3 11 3.823917
4 11 3.775111
4 11 2.933008
5 9 3.071812
5 11 5.274728
5 11 2.216221
5 12 5.190780
5 18 2.474781
5 23 11.058986
6 8 12.921863
6 8 9.899966
6 8 4.502572
6 9 5.507241
6 10 1.198442
6 10 1.797663
6 11 4.098857
6 11 5.897079
6 13 6.178918
6 15 5.665051
0 10 19.609753
0 10 13.436326
0 20 10.035982
1 23 25.694065
2 8 3.123009
2 15 4.078845
2 22 2.922351
2 22 8.703967
2 23 27.532661
3 0 17.211512
3 11 7.493364
3 17 5.648421
3 18 2.605032
3 20 5.691412
3 22 13.273231
3 23 15.658439
4 11 4.147978
4 16 4.351438
4 16 1.033811
4 16 3.172095
5 5 4.078845
5 5 7.230733
5 15 3.491101
5 15 18.068169
5 20 3.765088
6 8 7.145397
6 8 6.744009
6 12 2.747373
6 12 4.652259
6 13 6.132922
6 13 14.105631
0 0 11.187040
0 18 6.433816
6 11 5.397527
0 14 7.916923
0 17 4.078845
1 12 3.366664
1 17 9.988621
4 13 20.834711
5 12 5.898531
6 20 4.403015
6 23 3.942998
6 23 5.142354
6 23 7.391799
1 21 8.148660
1 22 3.715522
3 9 2.715660
3 17 4.389026
3 22 4.270001
4 14 6.937941
4 14 5.918046
5 11 4.936817
5 13 20.952490
5 13 9.023233
5 15 3.943456
0 18 14.326743
2 15 17.660929
4 15 8.164708
4 16 4.562834
5 16 5.948507
6 23 6.406808
0 12 5.570119
0 13 12.192133
0 13 16.882416
0 13 18.248697
0 14 2.284413
0 15 8.986665
0 16 5.899731
0 16 4.802743
0 16 17.373196
0 19 5.656481
1 17 19.968275
1 17 4.280102
1 17 8.991408
1 21 23.983919
1 21 6.004391
1 23 9.316014
2 16 7.096574
2 17 24.985970
2 17 4.704042
2 18 2.922351
2 21 20.118504
2 22 8.140866
3 19 3.683123
4 14 7.516437
4 16 6.071773
4 21 6.101722
5 1 2.658748
6 12 3.217883
6 16 2.474781
6 21 19.974339
0 9 7.096574
0 11 9.050586
0 12 10.436086
0 13 9.436736
0 13 23.869993
0 14 11.919541
0 15 4.932964
0 21 2.227599
1 1 9.467903
1 10 11.724139
1 16 7.333794
1 16 8.703967
1 18 4.802743
1 21 3.631214
2 17 1.528652
2 19 2.181602
2 22 11.974719
3 1 5.323666
3 18 7.595616
3 21 4.351438
4 9 19.972240
5 1 4.351438
5 11 21.688070
6 22 27.700197
6 23 7.517654
0 0 5.080324
0 10 33.162758
0 10 22.948812
0 10 14.195586
0 10 22.611263
0 14 2.747373
0 18 5.874305
2 0 11.774454
2 17 4.503994
2 18 2.474781
3 12 2.747373
3 13 4.011979
3 14 1.412450
3 14 7.244969
3 14 1.412450
3 16 8.718542
3 23 8.443863
4 11 3.896468
4 11 15.894836
4 22 18.179665
5 8 4.914153
5 9 27.576742
5 17 4.348417
6 11 15.366955
6 11 20.133184
6 11 2.575662
6 13 10.042888
6 17 7.780841
6 23 11.564013
0 13 5.682147
1 8 17.982893
1 9 17.896231
1 9 17.617382
1 10 11.667731
6 3 7.747214
6 4 16.587601
6 6 5.656481
6 10 11.415728
6 11 2.801638
6 21 8.667794
6 22 5.425155
0 3 9.901965
0 7 9.636359
1 5 6.151305
1 8 7.785077
1 23 5.001315
1 23 9.877729
2 0 5.247282
3 6 5.808411
3 6 16.383669
3 9 3.313779
3 10 5.065506
3 11 19.306248
3 11 4.707737
3 11 8.312535
3 17 22.369915
3 17 4.351438
3 18 2.693127
3 19 5.771426
3 21 20.000059
3 22 6.529160
3 23 4.798720
3 23 5.876706
3 23 2.747373
4 6 9.451802
4 10 2.352021
4 16 2.434210
4 22 20.724873
6 0 18.798733
6 9 5.221367
6 11 3.546308
6 11 3.386883
6 14 4.165910
6 16 9.248982
6 23 4.974229
0 13 2.462186
0 16 18.256998
1 12 5.625321
1 13 14.381776
1 21 7.788907
1 23 4.884146
2 16 2.430333
2 17 1.216880
2 19 4.176299
2 20 2.891971
3 8 1.008128
3 10 1.387670
3 16 2.034066
3 19 12.492954
3 23 5.461011
4 0 5.596258
4 7 9.126034
4 7 4.167172
4 9 4.860183
4 16 7.665476
4 19 1.770246
4 19 12.347388
5 10 10.064966
5 15 4.706360
5 16 3.765088
5 17 5.478097
5 17 4.897115
6 0 13.165808
6 6 4.872044
6 6 7.252990
6 8 4.640213
6 9 4.128661
6 16 4.724010
6 18 3.960412
6 21 3.193496
6 21 7.888072
6 21 5.133650
6 21 3.265303
0 3 4.130574
0 5 7.464516
0 5 4.116637
0 9 4.582801
0 10 4.690748
0 19 4.532050
1 20 5.504516
1 20 10.064966
1 23 9.381764
1 23 4.273180
1 23 4.479887
2 0 4.724010
2 19 3.179378
2 23 13.104268
2 23 5.957867
3 16 1.347484
4 7 4.078845
4 8 3.766533
4 12 4.652776
5 7 5.851532
5 17 11.591816
6 5 5.151935
6 6 5.070158
6 7 4.706554
6 8 5.323666
6 10 1.938009
6 12 2.121240
6 14 2.608464
6 15 6.075528
6 17 15.543656
6 17 23.933582
6 20 5.367991
6 20 26.212894
6 21 6.174082
6 21 4.300964
0 6 2.474781
0 9 5.392967
0 13 3.287378
0 17 3.153305
0 19 8.578614
0 19 3.048194
0 22 3.193120
1 8 9.046941
1 9 2.699761
6 7 5.807635
6 7 4.078845
0 0 11.906205
0 0 7.651835
1 0 15.779766
1 13 2.702334
1 15 7.749772
1 23 18.828735
1 23 7.855184
2 0 12.851858
2 18 13.545298
2 21 3.917081
3 23 8.724014
4 0 14.868807
4 11 4.617560
5 23 5.236392
5 23 6.905315
6 11 13.966327
6 16 4.449649
6 17 4.990937
1 0 8.197354
1 11 3.036082
1 17 2.474781
2 13 9.032625
2 18 8.728947
2 19 4.563142
2 19 14.551428
2 22 5.578932
3 17 2.605032
3 18 1.979092
4 20 2.474781
5 0 7.669963
5 18 2.434210
5 23 39.548595
5 23 22.828384
0 0 1.231324
1 12 4.547241
1 12 6.874352
1 19 7.896927
3 12 2.699761
4 4 7.380395
4 4 11.165421
5 2 7.904332
5 10 5.822010
5 14 6.172301
6 7 5.897079
6 7 5.706851
6 7 5.102659
6 7 5.800406
6 11 22.156746
6 12 15.620070
6 13 2.605032
6 13 10.571256
0 7 10.736510
0 7 6.370285
6 8 3.410430
6 9 3.960297
0 17 2.747373
3 21 3.340539
3 21 5.055644
3 23 10.878473
4 8 10.869874
4 11 20.094334
4 14 2.167140
4 16 2.320107
5 8 5.596258
5 10 2.747373
5 12 3.840211
6 0 4.325352
6 6 20.647520
6 9 5.151935
0 1 4.369802
0 4 4.383166
1 1 12.670831
1 17 2.497612
1 20 13.364347
1 20 6.879114
3 21 2.560118
4 9 3.086683
5 12 4.857699
5 18 2.702334
0 18 10.409060
0 18 6.545919
0 18 12.629217
1 22 13.851023
2 13 5.681436
2 14 15.894836
4 18 5.661064
4 22 7.489473
6 1 5.596258
6 7 23.506514
6 7 17.477695
6 22 11.893572
0 12 6.828637
1 11 5.729729
1 12 12.305671
1 15 5.323666
6 8 6.881821
6 10 5.874305
6 13 5.274728
0 0 8.330382
0 0 7.230733
0 1 5.995991
1 18 3.793903
1 18 4.287866
2 1 16.177505
2 6 3.223913
2 12 2.283568
2 13 7.718631
3 8 7.446893
3 10 4.400556
3 19 6.138812
5 23 3.730672
0 10 4.368278
0 11 11.456573
0 11 3.507284
0 23 20.131842
1 6 11.240182
1 7 3.048194
1 7 3.048194
1 8 12.878351
1 9 5.507912
1 9 6.301778
1 11 4.647816
1 11 8.159834
1 14 23.649429
1 14 5.800406
1 14 18.222307
1 15 17.754967
1 15 8.159834
2 6 6.818471
2 6 6.255667
2 6 6.355363
2 8 3.943792
2 9 6.406808
2 11 3.840211
2 11 12.492954
2 11 1.315767
2 12 5.553858
2 14 5.596258
2 15 14.761193
2 21 6.104464
3 5 9.358488
3 9 4.999464
3 11 6.582628
3 12 7.708913
3 13 11.921536
3 15 5.544899
3 15 1.101473
4 5 9.358488
4 7 13.643677
4 8 4.724010
4 8 7.220913
4 8 6.827663
4 9 3.496153
4 10 12.803061
4 12 4.724010
4 12 7.230733
4 14 4.366130
4 14 6.540896
4 14 11.077819
4 14 3.674468
4 14 2.474781
5 6 6.824364
5 7 4.433302
5 8 2.813718
5 9 2.394949
5 14 11.857282
5 22 5.323666
6 4 2.998224
6 5 2.747373
6 6 17.824986
6 6 19.349903
6 6 2.039050
6 9 15.638255
6 10 5.323666
6 11 6.515398
6 11 8.176265
6 11 13.201642
6 14 6.579557
6 14 2.857682
0 21 2.997134
1 0 3.509261
1 1 2.831335
1 5 9.034319
1 11 19.847273
1 11 7.286823
4 7 2.835389
4 11 15.054544
4 15 6.207929
4 16 4.803288
4 16 8.781783
4 20 13.304928
4 23 11.654816
4 23 4.167172
4 23 9.899966
5 13 16.722906
5 13 3.402000
5 22 6.874352
6 8 4.624312
6 9 19.158133
0 20 10.524347
1 6 17.374203
1 9 5.427622
1 10 2.474781
1 10 10.069461
1 16 6.674522
1 20 11.800954
0 0 2.428553
0 6 5.323666
0 7 5.779489
0 17 20.329393
0 19 11.499229
0 19 3.764761
0 20 12.416831
3 22 5.743773
4 18 8.200439
5 12 5.117179
5 13 19.581032
5 15 4.994728
6 8 9.642248
6 9 20.240234
6 9 4.244042
6 10 4.078845
6 10 2.284413
6 22 4.695019
0 5 6.388399
0 10 14.628312
0 10 31.012344
0 10 6.939483
1 1 6.060515
1 18 5.208845
1 19 9.531794
2 9 3.840211
3 8 4.229326
3 8 8.044390
3 10 25.251589
4 17 6.249838
4 19 3.197719
0 17 10.917977
0 21 19.953369
1 21 4.934722
2 22 4.994504
4 12 3.756376
4 14 4.078845
4 18 4.771458
4 21 2.887086
6 2 5.241195
6 12 11.381024
6 15 4.064321
6 16 2.091364
0 14 2.083732
1 0 5.894891
2 18 5.068891
3 13 9.574724
3 13 4.501487
5 14 7.145397
6 8 4.797577
6 8 3.801700
6 10 17.332827
6 11 4.206133
6 20 3.859316
6 21 2.595390
0 12 13.328737
0 16 2.605032
1 19 5.573241
3 10 7.532380
3 10 9.437264
4 3 5.831872
4 10 5.946406
4 10 12.552784
4 15 7.365545
6 5 4.330706
6 11 3.586209
6 11 10.064966
6 23 3.559036
0 6 16.460093
0 15 2.474781
1 14 21.272058
1 22 13.572717
2 8 2.639380
2 17 1.163194
2 20 19.585512
4 14 11.736615
4 16 4.547241
4 19 4.547241
0 18 5.504516
0 19 4.588415
6 6 13.051782
0 13 9.548775
0 13 17.511927
0 23 9.021185
1 19 4.724010
1 20 38.024582
2 18 5.791251
3 23 5.819712
3 23 5.443458
3 23 4.974123
4 20 8.138055
5 0 17.228914
5 2 14.122061
5 3 13.273550
0 12 9.712660
0 14 2.474781
0 14 15.265629
1 7 5.063004
1 9 9.011057
1 13 1.252194
2 21 20.403694
4 17 2.930830
4 17 16.350174
6 22 3.162574
6 22 3.099859
6 22 2.764256
6 22 6.937740
6 22 5.897079
6 23 6.094631
0 1 5.285156
0 1 6.509494
0 9 5.897079
0 9 7.691843
0 9 12.491134
0 9 2.998224
1 9 10.398625
2 17 10.835114
2 17 17.924389
2 19 6.326053
3 9 7.638660
4 21 10.213800
4 23 13.032645
5 20 4.960626
6 1 5.323666
6 8 7.518531
6 15 9.205340
6 22 23.610220
6 23 6.147762
6 23 3.983473
0 15 2.356934
1 10 17.629625
6 7 25.863480
6 8 2.516207
6 9 4.078845
6 11 4.617560
4 20 5.832348
4 21 2.998224
6 10 21.238073
6 18 11.677451
6 18 2.806701
6 20 2.474781
0 0 10.178955
0 23 11.549945
1 21 11.960476
2 16 18.044140
2 18 6.046041
2 20 3.438995
2 21 8.669168
3 11 4.934722
4 0 12.362721
4 16 7.888382
4 23 29.303003
5 16 6.189284
6 16 4.622543
6 23 8.099408
0 0 28.723038
0 12 5.214667
0 22 10.415604
1 20 16.186586
2 0 3.445033
2 2 16.961159
2 14 4.501487
4 10 2.183630
4 15 5.474014
6 23 13.941158
6 23 5.402981
0 2 5.334736
0 16 4.533566
1 11 6.151305
1 11 10.410627
6 16 3.669513
0 14 14.810011
1 11 11.796251
1 16 18.561504
1 16 9.124100
1 16 5.453196
1 20 5.104252
2 23 14.015488
4 0 4.869544
4 17 1.454729
4 23 2.474781
4 23 9.269262
5 11 8.366364
5 19 5.927306
2 11 4.949561
2 13 13.064249
2 16 4.498873
2 22 17.754967
2 23 7.106720
3 4 5.570119
4 1 5.930717
4 21 30.213728
5 7 24.326677
5 7 3.729804
5 9 5.578057
5 9 15.344772
5 9 1.191604
5 11 23.755234
5 11 6.471695
5 11 8.006606
5 11 14.385686
5 11 15.628342
5 12 24.267826
5 12 2.086876
5 21 33.634510
6 8 7.719783
6 11 13.942760
6 11 8.359318
1 7 8.312535
1 9 24.764393
1 12 9.212094
1 21 5.323666
1 23 2.776711
2 20 3.185402
4 20 2.658748
4 22 3.972632
4 22 17.603067
5 11 14.414944
5 11 4.747023
5 14 2.749756
5 21 8.385833
5 21 4.449649
5 23 12.585299
6 1 2.608464
6 12 18.348555
6 18 13.684966
6 18 6.573393
6 18 4.386497
6 19 5.111887
6 23 14.478985
0 8 6.079008
0 8 2.249800
0 8 5.456689
0 10 14.143691
0 15 5.930717
1 9 13.482581
1 9 9.151373
1 10 5.880785
1 12 7.380395
1 13 7.739122
1 14 4.330834
