6 18 3.227800
1 22 4.386915
1 23 4.960172
6 10 3.092655
6 14 5.683853
6 16 3.667450
6 17 1.584206
6 23 3.774043
2 23 5.704384
4 23 4.677106
4 23 10.382427
2 22 5.464171
4 17 5.464171
3 21 4.650161
5 21 6.539793
0 18 4.251575
3 23 4.683446
5 15 6.209233
0 14 2.626559
4 10 8.476068
4 11 7.193773
4 12 4.294333
5 1 7.015086
0 17 5.260895
4 22 8.339198
5 12 2.582780
1 0 8.766686
6 21 7.075842
1 10 3.884548
4 23 5.703593
5 0 3.860359
5 20 3.512809
0 9 2.991646
0 16 2.789515
0 18 6.829547
0 19 3.138773
0 23 5.131212
0 12 3.961595
0 20 4.800166
6 19 24.470169
0 11 7.528947
1 21 3.326787
3 23 4.595261
5 16 6.623182
6 14 8.269384
4 17 4.211301
4 18 5.067874
1 13 1.584206
6 17 4.000854
0 22 3.539593
0 13 4.878857
1 12 4.825607
4 17 5.268878
4 19 6.643583
4 23 5.716463
5 23 3.580970
6 0 11.506770
0 13 4.391886
1 20 4.669521
3 2 8.628390
5 12 3.455573
6 20 3.243399
0 20 3.797075
6 8 5.615289
6 13 6.987350
0 17 2.760903
2 16 3.607327
3 19 5.044242
4 22 6.575528
5 22 2.540442
3 20 10.776560
3 21 21.094973
3 23 5.131212
4 18 1.584573
6 18 4.211301
2 12 4.917619
3 23 4.753914
6 19 7.193773
6 19 7.193773
6 6 4.578620
2 13 7.315701
1 9 4.837002
1 15 4.960172
4 17 2.456441
6 15 5.221233
0 17 5.096790
0 20 7.295008
3 19 5.842041
5 1 7.295008
6 7 3.860359
0 11 3.667450
5 13 2.695208
6 12 5.371498
0 13 5.988773
6 21 4.597408
0 11 4.539340
0 16 3.202648
6 15 2.277490
1 16 4.604141
2 17 3.433240
6 13 4.582837
1 20 7.186528
2 19 3.621235
0 19 2.783340
0 20 7.193773
5 2 7.295008
0 9 12.758965
0 10 3.860359
2 12 4.960172
3 4 5.775401
4 13 7.101945
5 18 2.065449
0 14 1.746405
1 14 3.667450
6 18 5.105946
3 11 5.044242
5 22 3.896651
5 22 5.878123
6 0 8.000101
0 13 2.153681
1 16 4.960172
6 22 4.878857
6 21 2.641720
1 19 10.195904
1 20 2.520173
1 21 2.956788
2 15 7.480810
5 0 4.516032
5 15 7.197839
6 14 2.582783
6 15 3.929410
1 11 7.441834
2 15 1.174437
2 21 9.628962
6 7 4.172515
0 19 2.582783
2 20 7.985031
4 16 1.863772
0 16 7.003850
0 16 4.878857
6 19 2.056676
1 11 5.622553
6 15 2.760550
0 6 7.295008
0 9 16.866749
1 13 3.797075
5 10 7.496812
6 11 4.858936
6 13 5.183865
1 10 8.033085
6 18 6.364700
0 12 7.075842
0 15 6.453383
2 7 3.735832
0 13 5.988773
0 13 3.667450
4 10 4.365498
5 12 7.193773
0 9 5.270263
0 10 6.623182
6 10 5.183865
0 12 2.994109
5 23 8.099677
6 8 2.795658
6 20 1.323408
2 14 5.992075
2 19 6.061815
6 15 3.099462
1 8 7.894404
1 10 7.820214
2 11 2.802452
5 11 11.661447
2 20 5.988773
4 12 2.617374
5 10 2.945025
5 14 4.938483
0 20 4.441945
0 8 4.335225
6 13 2.859525
2 19 3.992426
3 20 3.623594
6 18 4.960172
1 14 6.247676
1 17 7.460695
5 23 3.607327
6 12 4.724371
0 10 4.804445
3 17 5.006336
0 22 4.414520
6 13 3.644202
6 13 3.262276
0 22 6.389539
1 11 5.843984
2 23 9.742764
3 0 7.202743
3 22 7.887218
1 12 4.878857
2 12 6.247958
1 9 4.470562
3 0 2.395287
4 21 5.444339
5 19 7.020191
6 10 3.661385
6 22 6.964811
0 8 7.582378
6 11 2.419596
1 20 3.711187
4 7 4.651406
5 16 3.815516
6 9 5.723275
6 19 5.749377
6 20 1.790939
0 11 4.313193
0 18 2.301199
0 18 4.509247
6 9 3.563409
6 20 6.200309
1 19 4.439489
4 18 5.785434
6 11 3.025186
6 19 4.521487
0 12 5.131212
0 13 3.704799
6 20 4.878857
2 11 5.944605
0 18 4.088547
0 19 5.001068
0 19 5.173213
5 14 3.509418
0 19 12.121953
6 11 3.128679
6 22 3.619087
6 11 2.994109
1 14 2.031589
2 19 17.817043
4 14 4.088547
0 13 3.351105
1 11 4.087599
3 15 4.825607
0 20 8.043521
4 9 4.541599
5 22 4.644748
6 0 3.097588
1 6 6.611381
2 9 9.289496
3 10 4.951994
3 13 4.251575
3 13 4.133476
0 14 7.193773
2 14 4.858936
5 20 5.952206
0 17 4.295280
0 18 6.640406
5 18 6.337743
0 18 10.469496
0 18 4.878857
2 22 9.660577
3 17 2.705548
1 11 4.960172
6 18 4.917619
3 11 2.956122
6 21 6.021075
0 19 4.094143
6 13 2.479153
0 15 4.028741
1 22 6.567790
2 9 4.611433
6 21 3.483839
1 18 5.270263
5 9 27.793098
5 15 6.876468
1 20 5.163621
2 14 3.256011
6 19 3.797075
0 10 6.364700
0 12 3.047652
6 21 4.098202
6 22 3.262276
1 15 5.365690
3 17 3.797075
5 12 2.714108
0 12 2.582780
2 14 1.418692
2 17 6.465936
2 17 6.061815
2 22 3.532885
2 22 4.960172
2 23 9.137753
3 17 5.386548
3 20 7.112784
4 21 5.615289
5 9 2.913183
5 11 8.082419
2 22 4.028741
2 23 7.418653
2 23 4.650161
6 8 4.752618
3 6 4.917619
6 12 4.632432
6 16 4.172515
0 15 5.890596
6 12 8.803545
6 23 4.312645
0 19 6.623182
0 19 2.582783
5 10 2.918560
4 22 6.828147
6 10 5.015288
6 14 3.044856
4 12 5.193548
5 21 10.205359
6 12 6.943309
6 19 3.676533
0 18 4.960172
0 20 5.131212
6 12 2.668178
0 14 5.430400
0 18 5.023669
1 20 3.961595
4 14 5.680052
5 11 2.668873
6 10 3.720129
1 13 5.173213
1 18 4.088547
1 19 10.620514
1 20 4.960172
1 20 4.723973
1 21 4.878857
1 22 4.084916
2 20 6.002286
3 1 9.245932
0 20 9.723379
0 20 10.050213
0 21 4.496359
0 22 5.115713
0 23 5.124352
1 21 6.740444
1 22 7.788080
4 21 4.800166
5 14 3.893854
5 15 2.897524
6 8 4.088547
6 12 9.344184
0 11 4.244566
0 15 6.839565
1 1 3.401921
6 17 2.609711
6 23 8.518626
2 18 5.206003
6 19 3.925789
0 11 1.992019
0 12 3.713995
0 21 4.541599
3 12 7.352807
4 19 4.454261
6 14 2.574937
6 21 1.377571
6 11 3.993475
2 13 5.411096
2 17 3.344450
3 15 7.847752
5 17 5.411096
6 16 3.486894
6 20 2.459793
2 6 5.173213
2 15 4.688291
2 18 4.910837
3 16 6.927788
4 12 4.960172
4 21 12.298921
6 18 7.791979
6 19 11.680230
4 15 3.547697
4 17 5.221233
4 22 10.695639
5 14 8.689874
5 16 4.136099
5 20 7.759123
1 23 9.397004
3 21 3.918749
5 18 5.835496
6 9 2.945025
1 17 3.326787
4 14 6.623182
6 13 3.736581
0 2 3.797075
0 14 2.025782
1 16 8.169785
3 9 6.904397
5 21 15.466802
6 14 1.529629
1 0 6.861794
1 20 4.295280
3 14 3.860359
6 12 2.662329
0 8 3.961595
5 21 5.842041
6 23 6.613562
0 9 3.797075
0 10 6.688899
6 11 4.878857
6 15 3.368847
0 18 8.866003
5 10 3.669523
0 15 2.994109
1 15 3.547697
6 11 5.796235
6 21 5.270263
0 13 7.715376
0 18 4.646923
0 19 6.514606
4 13 2.615171
6 15 4.651406
6 15 5.968556
6 16 5.131212
6 18 4.517368
2 19 6.353269
0 20 3.601450
1 19 5.371498
6 8 1.460676
6 12 6.852812
6 14 4.917619
2 18 2.453868
2 20 4.272195
5 19 20.542725
6 10 7.320502
0 18 5.000968
0 20 2.452600
3 23 5.380102
4 18 6.180550
6 11 5.959098
0 20 7.902911
1 11 4.101524
4 18 5.283441
6 20 5.931208
6 10 6.265096
6 11 4.157845
6 20 4.244566
0 18 3.014342
0 19 6.200078
1 18 3.925789
2 13 5.988773
5 7 7.193773
6 14 6.194707
6 19 3.596886
6 20 8.522254
0 15 2.615171
0 16 1.852695
0 18 2.812932
0 19 5.044242
0 20 1.394758
3 7 8.133436
4 12 6.623182
6 10 5.351600
6 14 3.473767
0 15 4.960172
0 19 6.260439
4 9 5.903888
4 10 5.270263
5 16 7.441834
0 15 7.531017
0 16 4.960172
0 20 3.232968
0 20 4.632432
1 1 7.075842
6 9 6.081072
6 19 3.596886
5 12 3.797075
0 16 4.628544
6 17 4.862581
5 1 2.357288
5 20 10.967278
6 9 7.566690
6 20 4.666576
6 20 10.553418
0 15 2.844590
1 20 3.709326
5 21 10.094110
6 13 4.139507
0 0 5.044242
0 20 3.172898
0 21 2.941569
5 14 6.431020
5 14 6.265096
0 15 6.364700
0 16 1.558236
1 14 7.196516
5 18 4.369410
5 18 6.541800
6 9 4.858936
2 9 6.453383
4 10 8.258500
4 11 10.673491
0 13 3.563409
3 21 3.961595
5 20 4.878857
6 23 8.473796
6 11 5.590202
2 15 5.100254
5 16 7.858821
1 11 2.933960
1 19 5.131212
1 20 5.514799
1 21 4.810217
2 13 7.096267
6 20 1.996738
6 12 5.216532
0 22 3.189087
0 15 19.976114
1 18 7.193773
5 10 2.771567
5 21 4.333668
6 16 3.905668
1 2 7.653803
2 19 6.166091
4 9 5.157337
0 11 4.960172
0 12 4.825607
1 23 3.667450
1 23 7.193773
2 20 5.723275
2 21 3.455110
3 20 7.573036
3 20 9.059604
3 21 4.251575
4 20 4.106698
4 23 8.099677
0 9 4.960172
0 20 2.463575
1 8 4.960172
1 22 4.587055
2 13 7.161997
2 18 11.109718
6 15 6.331507
1 1 4.564655
4 13 4.578620
4 14 4.078775
6 14 5.325431
0 14 4.026590
6 8 6.364700
0 19 7.587827
0 21 3.347827
3 17 12.741580
4 20 6.991050
6 9 4.877900
6 11 4.849888
6 13 10.422396
1 11 3.987258
1 12 5.534522
4 21 5.714301
6 20 3.576442
0 10 1.571531
1 22 4.992592
4 9 5.314469
6 12 2.668873
0 23 9.241650
3 20 2.625121
4 0 2.641720
5 14 5.270263
0 14 3.561084
0 20 7.193773
2 1 7.793510
3 23 9.322186
5 0 3.144538
5 20 11.022603
6 10 7.497942
1 16 5.173213
1 21 9.722384
2 14 3.446852
0 16 6.364700
1 20 5.490903
5 22 4.251575
0 22 3.506908
1 0 5.170293
2 13 7.875605
4 23 6.034300
0 22 4.155734
6 13 2.535923
4 15 4.960172
2 16 3.896651
2 19 4.960172
2 20 3.347827
4 10 5.968556
6 19 5.988773
2 19 4.172515
3 19 4.460233
0 11 1.959363
0 20 4.414176
1 13 4.496359
3 20 5.511302
5 21 4.104113
6 17 4.685760
2 14 3.291142
2 14 3.860359
2 15 6.465936
3 19 4.800166
6 17 3.667450
6 19 4.905119
0 1 6.493184
0 13 7.531017
0 17 2.990595
0 17 3.667450
6 14 4.779281
6 14 7.175418
6 17 2.861637
6 19 4.878857
0 12 9.793372
5 12 3.797075
0 19 2.625121
3 19 4.960172
6 19 4.723973
6 20 3.797075
5 19 4.917619
6 14 6.538395
0 4 1.802727
1 0 10.259730
1 15 3.896651
4 21 8.503151
5 23 4.422648
6 19 4.850933
1 19 5.363081
2 11 6.086134
3 20 7.075842
3 22 11.122804
4 21 4.090659
6 15 3.929410
4 15 6.442184
2 12 3.993494
5 21 4.262082
6 18 4.021522
3 14 4.688291
1 11 7.352807
5 21 3.041826
0 16 4.509247
6 7 3.601450
6 16 11.542532
6 19 4.917619
6 20 3.667450
0 11 3.973824
0 20 5.270263
0 23 6.002286
0 23 8.822863
1 0 4.376622
1 0 5.035779
0 0 6.302406
3 22 6.623182
4 1 5.268878
5 14 4.021522
6 17 5.490903
6 18 4.878857
6 19 4.723973
3 16 7.927153
4 13 26.239737
5 13 3.259995
6 13 3.455110
1 10 4.276190
1 13 7.021941
1 19 4.344462
4 19 4.509247
6 15 4.849888
1 12 6.670411
6 10 2.044274
3 10 4.289288
4 16 4.133476
6 16 6.362802
1 22 4.676479
3 18 5.364675
3 17 6.079245
0 15 5.615289
0 9 5.857284
0 19 4.878857
1 23 6.094319
3 14 5.282127
6 11 3.833802
6 12 4.937154
6 22 4.301479
0 17 3.667450
0 18 2.384107
0 18 3.939678
1 12 3.607327
2 16 4.143194
5 10 4.026825
5 18 8.658900
6 9 3.406199
0 15 4.088547
1 11 4.960172
1 17 9.118193
1 18 3.851910
2 15 7.193773
3 15 1.920066
4 11 3.929410
6 10 5.444974
0 17 3.385338
1 21 6.465936
2 13 7.759123
2 20 6.901056
2 20 4.991298
3 23 7.750008
4 21 8.272199
6 21 5.268878
6 14 1.529629
0 0 9.878242
0 19 2.836795
0 20 4.509247
1 21 19.734007
5 7 6.409531
6 16 4.756917
6 19 3.676533
0 9 4.543824
0 16 3.860473
6 11 3.786184
3 15 4.417214
4 7 7.660299
5 12 5.613196
1 1 5.826822
6 21 3.766444
3 13 13.317409
3 14 4.896686
6 13 4.976469
6 11 2.517634
0 14 4.702196
0 19 5.394054
6 9 4.917619
0 12 3.961595
0 20 5.173213
1 11 5.173213
3 17 4.960172
5 21 2.994109
0 14 1.897161
0 18 3.492809
1 23 5.988773
2 11 7.572700
6 13 7.901395
6 21 3.492809
0 11 3.041283
0 17 4.960172
0 20 7.355104
6 10 2.563367
0 10 9.628962
3 17 3.702041
4 1 4.219423
5 12 3.667450
0 19 3.860359
2 17 5.088407
3 18 7.376050
0 13 4.451850
5 16 4.733010
5 19 4.762361
6 9 7.797995
6 17 4.021522
6 21 2.685749
1 11 3.385580
6 9 6.166091
6 11 1.810926
6 15 2.173648
1 19 4.365498
5 14 7.075842
0 13 5.739517
0 19 4.837002
1 16 3.103649
2 12 3.869898
5 16 6.623182
6 12 3.496093
1 10 7.075842
3 14 4.059506
3 16 5.283441
0 23 7.284563
6 12 3.567160
1 12 3.601450
1 13 6.196992
5 18 5.270263
5 6 4.960172
5 14 6.465936
3 11 7.075842
4 10 5.044242
0 21 7.075842
1 16 2.615171
1 19 4.414176
1 22 4.917619
0 22 4.650161
0 22 14.588420
2 20 7.798615
2 21 6.202687
5 19 7.847752
6 21 4.960172
0 19 4.990644
1 0 4.650161
4 14 2.574937
6 18 3.711187
6 21 2.824107
0 19 4.958306
0 20 7.398676
1 14 5.221233
1 15 3.143528
2 20 4.965017
5 18 4.037918
5 19 5.890596
6 1 7.175418
2 12 5.314469
0 0 5.961878
0 19 8.680228
1 22 4.960172
1 23 8.930918
1 23 8.566725
2 0 6.623182
6 10 3.860359
0 20 7.869127
0 21 4.960172
0 22 2.990595
0 22 4.909473
1 12 5.464021
1 19 6.829547
1 22 3.475351
2 13 5.996024
2 22 5.654209
6 18 4.837002
6 19 2.827104
0 20 6.623182
3 19 3.735832
5 19 4.131922
5 20 2.486935
6 7 4.959050
6 12 7.947819
6 19 5.890596
0 9 2.990595
0 10 5.183865
1 15 1.790939
1 18 6.265096
6 11 9.380475
0 17 2.213814
0 18 5.528098
0 21 8.919785
2 0 6.623182
6 18 10.050508
0 13 3.961595
0 14 2.668873
6 18 4.578620
6 18 5.131212
3 18 4.229531
5 18 3.656857
5 21 9.075088
6 11 3.681669
6 1 6.900028
6 17 4.633480
6 18 5.044242
6 22 4.098202
0 17 12.400429
0 19 3.963577
0 21 5.371498
6 12 3.797075
6 13 4.219423
6 14 1.953751
6 17 3.218672
4 22 4.251575
6 10 5.462541
6 19 6.288305
6 20 5.723275
1 17 2.923905
1 18 4.650161
3 13 4.191694
3 21 5.221233
3 23 3.896651
5 15 3.169276
0 14 3.619087
2 13 3.925789
2 19 3.711187
3 21 7.393989
6 18 2.463575
0 17 4.295280
6 13 3.619087
0 14 2.911498
1 10 3.911733
0 17 5.782532
3 12 5.371498
4 20 2.791953
4 10 3.356834
0 11 3.504469
2 8 6.465936
2 14 2.402040
4 19 4.878857
0 19 3.341225
1 18 5.154336
1 19 38.741741
3 20 4.441945
4 15 4.878857
4 20 3.667450
5 9 6.623182
5 11 4.917619
6 14 2.859507
0 16 4.960172
0 20 3.817381
0 21 4.910828
1 11 3.509418
1 22 3.860359
6 10 5.509067
6 12 2.559652
1 11 9.332766
4 1 8.167848
5 18 7.343885
6 11 4.470562
6 11 10.857821
0 10 6.893256
0 13 4.449574
1 11 6.095304
1 18 4.723973
2 18 4.011910
3 1 7.925708
3 18 8.503151
4 23 11.113444
6 22 4.401772
0 12 4.560272
2 20 4.878857
3 14 1.964427
4 11 3.463894
4 12 5.364074
4 22 5.221233
5 13 4.650161
6 17 4.295280
6 20 2.789515
0 0 4.650161
0 22 4.960172
0 23 4.958306
1 1 4.432138
2 18 3.619087
3 16 6.002286
3 16 6.144686
5 14 10.052971
5 15 4.779281
5 20 3.961595
6 18 3.968137
2 9 3.961595
3 18 5.088407
3 20 4.878857
3 21 4.723973
5 16 5.386548
4 12 6.465936
0 8 10.262424
1 9 20.175465
1 11 4.960172
1 14 7.523509
2 21 5.932251
0 11 9.380475
0 22 36.523300
4 21 4.992068
6 12 1.863772
0 18 9.934809
6 10 8.638995
0 19 4.688291
5 23 4.251575
0 13 2.582783
6 15 4.289288
6 18 6.469789
0 20 4.211301
1 16 3.555258
2 13 5.270263
4 10 5.698870
5 17 6.514606
6 17 4.578620
1 19 8.040407
3 22 3.563409
6 9 2.395287
