6 6 23.710815
6 8 19.875465
6 11 6.083937
3 19 21.369093
3 20 6.662494
4 14 7.505774
4 19 13.760721
2 7 4.707353
2 9 3.789724
2 13 7.750134
2 14 10.469099
3 11 5.039441
3 14 11.041757
4 13 12.525556
5 8 2.334093
5 10 16.878954
0 12 13.124890
0 14 11.041757
0 15 8.622051
1 13 11.457702
1 15 19.201006
3 17 3.445204
4 10 10.469099
4 14 11.041757
4 19 8.254169
4 20 16.894505
5 11 13.317431
5 13 24.892591
5 14 6.244202
5 17 10.792500
6 12 8.247925
6 16 14.199723
1 10 11.041757
1 14 12.108977
1 21 21.354811
2 18 23.042004
2 19 20.539656
5 15 1.684255
2 9 6.032891
2 23 19.064665
0 14 19.291653
2 16 19.184536
3 17 3.464624
4 15 1.900106
6 13 5.172902
6 15 6.440159
0 15 3.789724
0 19 11.422506
0 23 10.626212
1 21 15.650253
4 11 11.060081
4 17 19.828358
0 15 17.460985
1 0 16.347452
2 12 5.459394
2 18 3.393783
3 0 2.411896
3 3 15.291083
4 18 29.571215
0 13 12.141812
0 19 12.512437
6 20 14.075872
1 11 18.692299
1 15 19.184536
1 20 36.410240
2 17 10.860744
2 20 20.881983
3 11 8.635189
4 16 4.319837
4 17 6.247263
4 20 15.626774
6 0 4.840845
1 21 22.477089
3 17 15.357802
0 11 22.747074
1 17 15.996906
2 17 11.041757
4 15 4.319837
4 18 3.328884
5 13 13.792480
5 17 13.304850
2 17 8.688599
5 15 3.578218
0 12 11.622901
1 18 6.783969
0 23 17.988327
6 16 16.252752
6 20 11.030799
1 10 13.332331
1 11 22.296692
1 19 16.533262
1 21 4.963086
1 23 12.950290
2 11 3.789724
3 0 11.041757
3 16 4.286374
4 14 16.523630
4 16 5.226164
5 13 17.389936
5 13 5.497352
5 15 5.827538
5 22 14.553506
6 2 13.740653
6 21 11.395420
1 5 13.746541
1 6 23.660906
1 8 14.381901
1 19 11.041757
1 20 22.122265
2 10 9.464362
3 0 15.626774
3 5 17.191593
3 8 5.560452
4 9 2.909749
4 21 12.864453
5 14 14.098966
5 18 18.854301
1 2 27.523548
1 11 14.333949
1 15 10.685571
2 14 14.227362
2 16 10.905128
2 18 3.578218
3 13 11.694506
4 12 8.852075
4 14 6.783969
4 22 18.580576
5 9 3.552866
5 12 13.813643
5 17 14.828223
6 16 21.918371
0 17 8.158036
1 1 20.027464
1 5 16.954441
6 7 24.306406
6 11 14.135145
6 12 16.513493
0 11 24.894072
1 8 3.714574
1 19 13.760721
2 9 3.124171
6 0 9.885609
3 7 11.742499
0 6 17.502348
0 14 11.556338
1 15 10.537236
1 17 5.459394
0 16 16.839836
1 0 5.607254
6 7 14.436385
6 8 15.887220
0 21 27.049006
2 16 28.326223
2 18 17.878250
2 22 11.252160
2 23 20.688681
2 0 12.777588
4 11 13.760721
5 0 12.280906
5 12 13.336924
1 13 22.624704
1 15 11.269871
1 23 31.221340
2 23 9.066410
5 12 12.740488
6 13 1.218829
6 17 11.352166
0 15 12.033599
0 17 17.162561
0 21 9.089672
1 10 17.895739
1 12 11.041757
1 14 12.268618
1 15 31.593449
6 13 11.347379
0 8 20.905550
0 10 23.347069
0 21 18.186588
1 9 11.546184
1 16 5.827538
1 18 10.161992
2 11 8.538795
5 10 8.635189
1 23 17.243860
2 12 10.860744
1 15 9.334194
2 16 5.550036
2 18 13.382463
3 12 11.586061
3 15 3.445204
3 17 6.064487
3 20 11.481071
4 15 3.609261
5 15 15.734662
0 20 29.078362
2 16 11.041757
3 14 9.464362
4 14 9.710787
4 19 4.230186
4 20 18.575848
4 23 25.306282
5 2 11.818713
5 11 9.355843
5 16 5.099432
1 7 3.727598
1 10 7.508860
6 18 2.160899
0 21 12.091969
1 7 7.619233
1 10 21.369093
1 15 11.622901
1 22 11.109361
3 19 16.303165
6 3 10.826640
3 21 12.306767
5 13 12.049186
6 9 28.700254
0 7 22.981544
0 14 11.269871
0 19 8.461622
0 20 11.294517
1 12 12.511887
1 14 20.881983
0 5 18.546547
0 6 9.420206
0 23 10.843523
6 18 16.781244
0 17 11.792296
0 20 13.222250
0 22 25.286726
2 10 10.351646
2 21 17.888447
3 10 9.008933
5 11 11.041757
2 10 4.305040
2 15 8.774908
2 16 5.249340
3 14 12.197636
3 16 8.904300
3 17 19.600271
6 21 15.673139
0 15 12.964187
1 17 4.906281
2 1 9.992125
2 5 11.126703
5 13 18.186588
5 17 4.159106
1 11 22.517031
2 16 1.655216
3 17 6.046766
6 17 9.599985
2 12 13.281260
2 13 16.723391
2 15 11.794904
4 18 23.756287
1 12 3.552866
1 13 12.500101
4 10 15.069428
6 19 3.505533
1 9 1.573812
1 11 11.705450
1 15 6.185336
2 14 7.619233
2 15 11.830453
2 20 14.960807
3 9 3.216110
4 9 5.054814
4 13 20.588928
5 23 19.370005
6 0 19.806269
6 2 23.069878
3 9 4.741827
3 13 12.379652
3 20 23.912701
4 9 8.166837
4 15 5.182435
5 15 8.635189
6 13 5.463317
0 13 10.685571
0 19 21.731281
0 19 18.392374
1 11 21.023821
1 12 13.058517
1 14 11.030799
1 15 3.789724
1 19 20.581562
1 20 15.626774
2 15 5.560452
3 18 14.953384
4 15 2.202152
4 19 2.202152
5 14 7.284902
6 14 5.827538
0 15 24.537235
0 22 8.254169
0 23 18.947159
1 10 3.727598
1 11 10.304858
1 11 25.657990
1 20 22.604799
2 10 12.695230
2 13 6.185336
2 15 8.118855
3 9 2.909749
3 13 6.547495
3 17 3.343874
3 21 17.331512
4 13 26.147371
5 13 20.539656
2 23 19.530968
3 11 10.860744
3 15 16.429041
4 15 10.673002
4 19 15.634022
4 20 21.663052
4 23 12.864453
5 18 1.573812
5 20 22.969324
6 12 18.186588
6 17 22.296692
0 10 21.559053
0 11 13.760721
0 18 26.590548
1 13 11.041757
1 13 12.771125
1 17 14.235229
1 20 23.770338
1 22 23.900023
2 10 8.044288
2 12 3.727598
2 17 2.202152
3 8 4.089788
3 11 23.262690
3 16 3.783599
3 17 1.600042
3 21 21.726927
4 11 6.083937
4 23 21.157385
5 1 8.635189
5 12 6.064487
5 13 13.813643
5 14 1.701587
5 15 4.461586
5 17 17.597477
6 11 7.257361
6 20 9.601527
0 12 9.237299
1 0 11.392960
5 6 2.023290
1 21 17.838799
2 1 20.107008
2 17 14.333949
6 10 17.270470
1 12 21.369093
2 22 22.981544
5 13 10.768327
5 16 1.928125
0 8 14.478201
0 12 9.305807
0 15 15.130686
0 21 19.804760
0 22 15.626774
1 0 22.578886
2 16 5.459394
3 17 3.789724
4 21 14.683521
4 23 23.600945
4 23 10.192390
5 19 12.256574
5 23 7.508860
2 18 4.290254
3 15 3.114842
3 17 10.468434
4 20 13.070759
4 23 8.546503
5 15 1.627161
5 19 1.627161
3 0 24.283682
3 16 4.547669
4 15 1.600042
5 13 10.860744
0 13 17.022022
0 15 9.888140
0 17 16.787621
1 11 7.257361
1 13 14.130156
1 15 9.886237
1 16 9.002110
2 21 6.777504
3 18 1.900106
4 12 10.860744
2 11 15.887220
2 18 8.363369
3 12 19.323750
4 12 13.056153
4 18 3.578218
1 16 9.089672
2 21 16.801558
3 17 23.293480
3 20 22.778465
3 21 15.249449
4 15 1.684255
5 13 2.372357
5 14 6.357314
5 18 4.089788
5 19 15.681223
6 0 9.608961
0 19 16.954441
1 12 18.546547
2 18 24.273712
4 17 6.233987
4 18 8.990273
4 21 16.035900
5 23 15.235591
3 17 28.848547
6 17 9.077719
2 6 23.885588
2 12 2.261153
2 15 7.835215
2 17 9.646116
2 19 15.887220
4 9 2.552144
4 18 3.789724
4 20 11.088099
5 6 11.041757
5 7 7.092332
5 11 10.648869
5 16 11.948246
1 8 14.365659
1 10 14.655758
1 10 10.942904
3 20 11.422506
5 7 6.064487
5 10 11.422506
6 15 1.600042
3 14 7.208600
4 9 5.099432
4 17 8.254169
4 22 15.900646
5 14 26.147371
1 11 11.041757
0 10 23.666830
1 8 5.112235
3 21 18.813713
5 10 4.743749
2 15 11.392960
3 10 12.944185
4 21 10.803489
5 23 26.952778
2 15 6.684973
6 22 17.400177
0 13 10.362678
6 9 18.813713
5 11 23.789314
5 14 20.810543
0 13 5.500300
3 19 13.944262
1 1 14.159988
6 5 15.011696
6 16 6.299301
0 15 13.927857
1 9 7.184353
1 12 5.827538
1 17 16.987318
2 5 9.266460
2 11 20.134380
2 16 5.732005
3 4 13.099633
4 14 20.107008
4 17 19.196287
6 4 15.887220
0 15 11.718365
2 9 3.834176
2 18 10.213932
3 5 17.597477
3 9 3.249999
3 13 13.993954
3 14 17.782299
3 15 7.470538
3 16 7.623083
3 21 21.023821
4 5 15.626774
5 4 15.626774
5 14 18.340786
5 20 13.690127
0 9 18.546547
0 17 14.165732
1 4 17.320560
1 5 13.802196
2 17 9.251661
3 1 4.934934
3 4 8.254169
3 6 11.748944
3 10 29.137650
4 10 22.964329
4 13 3.343874
4 17 1.573812
4 19 5.647649
5 13 15.719560
5 16 11.556338
6 5 11.718365
6 11 11.622901
0 11 11.041757
0 14 19.233986
0 15 10.351646
6 14 5.381083
0 16 11.041757
0 19 17.782299
1 15 15.411333
2 13 30.466991
2 22 11.422506
3 0 24.706715
3 22 14.774026
4 1 10.515958
4 10 3.763299
5 11 7.750134
1 18 24.283682
2 18 9.251988
4 10 1.600042
4 13 11.972930
4 20 12.990301
1 9 6.427075
2 18 3.853957
4 8 3.637856
6 15 7.856995
0 22 17.340590
1 10 11.025445
1 13 7.507615
1 18 2.837525
2 14 10.860744
2 18 2.739560
2 21 33.551956
3 9 7.231876
3 18 14.358130
4 11 10.622489
5 10 9.517363
6 0 14.546733
6 20 26.147371
6 22 10.297474
2 8 3.164238
3 13 11.220561
5 14 13.250108
5 22 9.384883
6 5 16.523630
0 1 13.813643
0 5 19.199408
1 9 1.943076
1 9 3.667475
1 12 14.597200
1 13 16.803692
2 0 10.215533
2 23 12.397597
3 1 11.030799
4 2 4.466272
4 12 11.900027
5 19 9.835638
5 21 11.628778
6 15 8.706958
6 16 10.685571
6 18 19.839914
6 23 14.227362
6 23 16.849863
0 5 14.715549
6 22 8.635189
1 10 8.959344
1 21 13.072194
1 23 16.523630
3 20 9.888140
3 21 13.461267
0 1 24.354097
1 22 26.006876
2 18 30.092350
3 18 13.813643
6 11 7.208600
6 19 16.878954
1 4 10.304858
2 14 10.685571
2 19 2.909749
3 0 11.348766
3 1 11.041757
3 20 13.341252
4 16 11.742499
4 23 15.887220
5 1 20.905550
6 15 15.856445
6 20 13.255954
1 6 10.158884
1 9 4.022742
1 7 19.777386
1 11 15.011696
1 15 6.348427
2 13 14.411495
2 22 23.483969
3 6 11.041757
1 13 19.275677
3 11 7.138388
4 17 7.328743
5 13 3.284099
1 10 17.137402
2 11 22.359356
4 7 1.573812
5 15 4.743749
6 7 9.944896
6 10 27.870865
1 11 8.788773
6 20 8.485230
6 8 19.242594
6 13 15.734662
6 15 6.299301
0 10 10.416092
1 22 26.540976
2 10 7.917121
3 6 12.126905
3 14 9.086697
4 11 10.540527
4 15 3.789724
4 17 2.862049
0 11 14.146132
0 15 8.932954
0 16 12.595598
0 18 13.193845
4 14 22.640869
6 12 16.653164
6 23 20.038921
0 22 16.532110
0 22 15.836784
1 11 21.790674
1 15 18.825512
2 0 11.605966
2 22 17.762394
3 13 11.778742
5 14 10.506137
6 11 16.588381
3 11 5.985055
3 16 1.714331
5 6 11.896626
5 13 5.725272
1 20 16.022964
2 0 15.626774
2 14 11.041757
4 13 9.742726
1 21 17.032063
2 16 12.509747
2 21 10.774765
3 5 20.322062
3 6 14.075872
4 13 11.041757
4 15 4.357813
6 16 12.108977
0 10 11.025445
0 16 2.594663
0 21 11.974310
1 17 21.235914
1 22 22.499178
2 16 12.004023
3 17 3.445204
4 14 11.571117
4 18 3.920404
1 12 23.639980
3 17 4.089788
3 22 21.374218
4 11 14.159988
5 11 14.159988
5 13 21.653469
5 18 1.573812
0 4 13.222250
1 17 5.827538
2 18 1.932311
3 17 3.789724
3 17 15.235149
4 11 16.199738
4 14 4.741827
5 12 1.846202
5 16 6.508689
0 17 3.789724
0 23 23.500338
1 11 5.283285
6 12 6.808753
1 12 7.623083
3 9 6.091606
3 11 18.692299
0 18 13.343638
1 13 14.159988
1 18 9.157318
1 22 13.334663
3 19 10.515958
5 12 20.149891
6 6 16.034761
6 13 29.970098
0 22 5.827538
1 9 3.233055
6 8 8.254169
6 13 6.083937
0 11 15.447260
1 6 15.096173
1 11 14.241199
1 13 15.887220
1 19 17.133047
1 21 14.162201
2 9 1.838812
2 10 13.313148
2 14 8.118855
2 17 17.139544
3 17 4.676832
4 10 11.611457
4 12 23.977331
4 12 6.198751
4 13 6.773271
4 17 2.372357
5 8 4.571548
5 14 1.333286
6 6 13.240591
6 12 18.726446
0 21 17.233267
1 8 14.368375
1 11 11.539577
1 12 5.827538
1 14 11.041757
2 10 5.903550
3 19 19.485630
3 20 8.660645
4 17 4.089788
5 6 10.860744
5 7 7.581459
5 13 15.736792
5 14 5.459394
5 16 4.785271
5 18 3.727598
1 9 3.637856
2 6 19.787161
2 8 6.508689
2 11 24.685297
2 12 4.830942
2 20 14.340466
2 23 12.838551
4 7 4.741827
4 21 12.762466
5 6 22.493782
5 8 2.832523
5 17 7.628222
6 11 37.600227
6 13 12.475841
6 13 6.333685
6 16 14.135145
6 18 15.130686
0 16 12.280052
1 7 8.635189
1 8 1.548428
1 10 7.970943
6 6 11.294517
1 6 5.459394
1 7 11.041757
2 6 13.465699
2 6 16.261581
3 6 15.887220
3 11 23.509480
5 7 11.457702
5 12 19.199408
2 6 20.733221
2 11 18.566900
4 6 23.865810
0 9 15.254927
0 10 8.852075
2 12 9.237299
3 7 5.459394
4 5 15.734662
4 13 9.601527
2 10 13.760721
3 9 19.266159
3 16 3.789724
4 11 20.554859
4 14 11.041757
4 15 6.508689
5 15 5.554874
5 20 18.078671
1 11 21.731281
1 23 27.055313
2 8 4.117345
2 15 10.304858
3 8 5.892791
3 10 7.328743
3 12 15.777257
5 13 5.693474
1 11 5.732005
1 15 20.881983
2 9 4.290254
2 14 5.842554
3 9 5.277315
3 13 10.070523
3 18 13.760721
3 21 12.291430
4 9 3.699514
4 11 4.022742
4 14 3.445204
4 23 16.641739
5 12 17.888447
6 6 15.887220
6 8 24.093180
6 21 8.302721
6 12 17.241804
6 13 7.100388
0 12 12.483643
0 13 13.587190
6 8 13.047826
1 15 17.093410
1 22 18.546547
4 15 2.552144
6 7 21.543224
6 9 11.673305
6 12 5.987534
0 22 5.374313
0 23 14.227362
1 0 8.303716
1 1 17.888533
6 6 21.018782
6 7 18.546547
6 14 6.705120
0 17 10.849967
0 18 24.244440
1 6 15.887220
2 16 7.013935
2 18 14.235229
3 16 20.865530
3 22 7.750134
4 13 5.283285
4 16 6.509912
4 17 10.648869
4 21 21.501289
5 8 6.939258
5 13 23.468306
5 16 7.623083
1 6 18.528282
1 9 8.635189
1 18 11.041757
2 10 19.544901
3 16 2.411896
3 19 18.186588
4 16 2.554870
5 13 10.317711
5 16 12.794105
6 23 24.610950
1 11 7.813387
3 6 13.321660
3 10 7.381080
3 23 9.266460
4 11 8.852075
4 16 3.995654
4 19 5.099432
5 6 11.041757
5 18 3.789724
6 9 23.865810
0 16 17.597477
6 18 17.763323
2 12 15.999507
2 14 13.222250
3 17 11.041757
5 16 3.233055
0 22 6.733127
2 16 3.667475
6 11 8.843752
1 11 8.546503
2 14 13.870714
3 19 11.216891
4 7 22.517031
4 13 6.993046
4 19 8.872745
6 6 29.655394
3 16 2.664873
4 7 7.110799
5 23 5.166756
1 20 8.744090
2 19 3.448385
3 1 19.787161
4 11 13.495284
4 14 5.459394
6 9 12.108977
1 10 8.118855
0 19 16.523630
2 12 21.543224
5 11 21.241629
0 15 5.172902
2 22 24.093180
3 18 15.276936
4 15 11.498013
6 23 22.405046
0 5 18.242506
0 21 24.703480
0 22 13.760721
0 23 15.626774
1 12 13.760721
1 13 18.825512
2 0 5.099432
2 11 21.599632
3 11 8.028907
4 10 7.328743
4 15 5.229376
2 11 12.356561
3 19 11.774072
5 7 7.328743
0 12 17.888447
1 1 18.550463
1 13 25.718725
2 10 11.910469
3 8 3.995654
3 11 11.041757
4 9 3.216110
4 16 6.138277
5 13 19.777386
1 11 11.041757
6 20 10.052611
1 11 21.693203
2 18 5.746731
4 5 1.622834
4 22 14.738830
5 8 6.510880
6 12 26.614597
1 10 13.099633
1 11 10.515958
3 16 22.517031
3 20 13.172649
4 19 20.107008
1 12 10.860744
1 19 10.515958
2 19 2.552144
2 23 6.508689
4 11 8.852075
4 13 13.811892
5 10 7.381080
5 14 8.254169
0 10 12.108977
1 13 10.515958
1 19 16.252993
0 12 6.897036
0 22 19.453739
0 23 11.041757
0 23 25.718725
1 14 11.041757
3 11 3.552866
3 16 8.118855
3 19 10.351646
5 15 3.031779
6 1 13.236959
0 11 10.515958
1 2 10.242384
1 12 26.089943
2 0 18.349327
2 6 3.814976
3 16 4.963086
3 18 1.600042
4 5 17.888447
0 14 11.041757
1 0 19.576859
1 5 21.266819
1 9 1.480602
2 9 1.627161
3 1 16.523630
3 10 2.583903
3 12 1.600042
3 18 11.041757
3 22 18.385088
4 9 3.216110
4 18 3.670254
5 23 20.164505
1 5 10.649154
6 20 8.485230
0 6 11.974630
0 17 3.789724
0 18 10.037960
0 19 11.041757
0 19 11.632332
0 20 14.833536
1 14 14.532207
1 16 14.835988
1 23 24.323664
2 14 10.352547
2 19 15.626774
2 22 20.908733
3 16 3.789724
4 11 11.457833
5 14 13.520517
5 20 16.022964
6 11 8.904300
0 13 17.992268
1 12 10.047709
1 21 12.484708
1 23 33.337711
2 15 9.523958
3 0 12.509747
3 13 20.087412
3 15 6.127323
3 20 17.652468
3 23 11.323085
3 23 26.593098
4 0 9.888140
4 14 8.852075
4 23 6.576858
5 11 8.758327
5 21 23.712769
6 14 17.840334
6 15 8.254169
6 17 11.041757
1 12 15.887220
1 18 6.738318
2 7 5.688639
2 12 13.461267
2 13 16.135386
3 1 11.041757
3 13 10.784301
4 13 15.626774
4 14 20.881983
4 20 10.793246
5 14 18.426815
6 1 13.495284
6 15 15.887220
0 18 13.714596
1 1 22.292887
6 12 10.351646
6 16 3.637856
0 14 8.466846
1 11 16.035900
1 14 17.679770
2 10 10.652276
2 17 11.041757
3 9 3.637856
3 21 7.573881
3 22 10.673002
4 9 3.789724
4 14 6.897036
6 16 7.439410
6 23 13.153179
0 13 15.887220
1 0 12.483643
2 10 7.500130
3 12 18.202782
4 14 15.887220
5 1 15.887220
5 14 16.834089
5 20 1.882402
0 8 11.392960
1 8 3.269712
1 11 23.044760
1 13 12.702204
2 9 3.789724
2 11 5.094488
2 14 19.242594
2 15 16.523630
2 17 8.852075
3 12 2.959067
4 19 3.957859
4 21 10.589816
6 16 11.948079
0 12 18.692299
0 19 23.032049
0 20 21.018782
1 11 15.601562
1 22 20.642273
1 13 8.977062
1 21 13.260608
2 21 11.450544
3 0 32.079685
3 0 11.010142
3 3 8.788773
3 15 4.391835
6 13 20.295494
1 23 18.025780
2 11 13.501587
3 13 24.620827
4 23 16.860498
5 0 6.062111
0 16 21.959368
0 21 26.067406
2 18 2.341525
3 0 22.147900
3 20 16.950186
5 15 3.789724
0 21 18.230150
0 23 23.246988
1 10 6.979756
1 11 4.372759
1 18 3.727598
2 11 8.630701
4 13 6.083937
0 15 12.838551
1 18 9.810676
3 16 8.682970
4 17 23.095945
5 7 7.449295
6 18 30.558998
5 14 11.041757
5 22 13.927857
6 16 20.780949
0 19 11.025445
1 12 12.218589
1 20 6.547495
2 22 5.369896
4 20 19.474375
5 5 16.093981
0 12 11.041757
6 11 9.885609
1 12 14.365659
1 17 21.338524
1 20 16.320881
5 17 11.177518
5 23 8.118855
4 19 13.332331
0 21 15.513485
3 22 5.459394
4 22 17.566877
0 22 13.700409
1 10 17.600950
1 12 12.628083
2 11 8.621223
2 15 10.394181
3 13 17.409851
4 13 13.871563
4 15 4.664092
4 11 6.577899
6 0 12.045552
2 7 4.741827
2 10 34.898888
2 14 23.474567
2 16 10.621403
3 10 11.457702
3 12 11.830453
3 15 19.938122
5 11 18.186588
5 13 7.208600
6 13 7.619233
1 9 3.018196
1 12 16.523630
1 18 15.088367
6 16 4.707353
1 7 20.249655
5 18 11.041757
0 16 12.496309
2 12 11.041757
2 14 6.897036
3 8 3.930151
3 21 13.375497
4 0 12.809999
4 18 3.789724
4 22 13.316827
5 1 10.860744
1 4 25.015654
1 16 6.204917
6 5 15.626774
6 6 16.303165
0 4 12.862108
0 5 24.575861
1 21 26.836664
4 11 11.294517
4 22 12.927217
0 11 23.865810
2 12 6.185336
3 12 9.198917
6 18 11.748944
0 10 13.617618
1 11 19.199408
3 23 18.884663
4 2 11.041757
4 14 21.887186
5 12 10.860744
5 13 12.316388
6 15 19.005045
6 18 11.041757
0 13 11.041757
0 15 11.794904
0 22 24.244440
1 12 9.616000
1 13 15.195573
1 15 6.897036
1 17 11.748944
3 13 17.223791
3 17 3.789724
4 12 6.993046
6 13 10.860744
6 22 15.490904
0 12 10.709937
0 14 17.093410
1 13 11.041757
1 21 7.541032
2 8 5.459394
2 11 14.442927
4 13 5.459394
4 15 15.291083
5 15 9.601527
6 18 23.250402
0 12 9.616000
0 13 16.723391
1 10 9.663784
1 13 7.503790
1 20 18.929415
2 12 23.468306
3 18 15.445182
4 10 6.872595
4 20 13.535135
4 22 8.794492
5 0 18.102991
5 11 6.180447
0 16 9.888140
0 18 11.369946
0 21 9.144278
6 15 4.669086
1 12 7.623083
1 21 27.425676
1 22 31.102001
3 8 4.630184
5 15 4.319837
6 16 11.830453
6 19 9.852002
6 21 9.150644
2 13 13.137481
2 18 1.548428
4 12 7.750134
5 9 14.067354
5 18 2.815886
0 19 6.083937
1 13 3.202584
2 19 2.278089
3 1 12.900676
3 16 10.609397
3 18 6.897036
3 22 20.193682
5 0 15.626774
5 1 6.508689
5 2 9.278023
6 0 11.396789
6 16 4.089788
6 23 12.316586
0 1 9.466463
0 11 11.041757
0 23 15.254927
2 11 16.252752
3 16 8.852075
3 19 30.913151
4 19 11.041757
2 16 8.635189
3 12 11.041757
3 15 10.515958
3 18 3.995654
3 22 15.143573
4 12 6.401989
5 14 23.889915
5 22 16.252752
1 12 22.009426
3 1 11.041757
3 19 10.838262
4 13 11.623960
4 15 2.334093
4 20 8.788773
6 15 7.623083
6 17 22.981544
0 9 21.501289
0 15 15.447260
1 1 16.523630
1 9 4.286374
3 14 20.630850
6 4 12.108977
0 11 6.547495
5 14 18.397726
6 21 35.606155
0 12 6.791195
1 18 4.290254
3 9 4.159106
3 20 24.283682
4 22 22.221087
5 15 8.781548
5 20 13.556474
6 12 18.443504
6 13 18.988380
0 11 10.469099
1 0 12.323033
1 4 13.099633
1 5 21.500923
1 12 7.328743
1 13 13.535135
1 18 15.252583
2 13 8.046525
3 4 21.931171
3 11 14.333949
3 15 4.943119
3 17 6.273713
3 18 5.690192
3 20 14.223779
4 4 11.041757
4 13 2.411896
6 1 9.726478
6 4 16.252752
6 17 24.902258
2 2 16.156496
2 11 12.990301
2 18 17.270470
2 22 11.041757
3 1 29.600798
3 14 13.209793
3 17 12.561763
4 13 7.208600
4 15 5.067424
4 18 4.159106
5 5 16.252752
5 6 19.827551
5 14 21.157385
5 21 11.639860
5 23 26.066639
6 1 23.789314
6 4 4.547669
0 18 8.988085
0 23 12.628083
1 10 23.986750
2 11 3.989183
3 12 18.186588
3 18 16.252752
4 20 17.688143
4 21 2.526382
4 23 20.881983
5 12 12.509661
5 13 15.734662
5 15 4.741827
5 17 7.931343
6 4 11.271585
0 10 17.009726
0 11 11.228905
0 17 27.872513
0 22 20.980524
1 7 4.022742
1 12 13.443290
2 16 5.827538
5 14 6.508689
6 18 6.836768
2 11 12.222309
3 14 9.440936
5 12 13.871563
5 15 8.186066
6 11 21.018236
0 15 3.789724
0 21 31.177010
0 23 20.881983
2 11 9.266460
2 13 20.447805
2 20 10.105660
3 10 10.192390
4 0 21.157385
4 4 14.052288
4 12 6.185336
5 3 27.872513
0 5 11.008594
0 23 8.493629
1 12 21.835497
2 13 11.970306
3 15 7.750134
3 17 18.546547
5 0 20.474890
0 11 2.159907
0 16 20.391600
2 18 3.637856
2 19 21.245539
1 13 14.112474
1 16 25.597858
2 18 7.208600
4 19 17.895739
5 17 13.461267
6 5 26.018230
6 7 19.323750
6 7 20.881983
2 12 22.629805
6 12 14.743629
5 17 1.655216
6 18 16.838848
1 21 29.412546
2 15 11.761861
3 14 12.922112
4 17 4.043996
5 2 21.374218
5 21 22.710058
1 4 19.670124
1 5 19.787161
1 7 18.340555
1 9 20.990410
1 13 13.105449
1 14 14.934685
2 15 16.252752
2 22 19.005453
4 22 37.227631
0 15 23.468306
0 18 16.578764
3 0 30.004856
5 15 5.295669
5 19 16.987318
6 19 12.967986
1 7 9.250898
1 11 4.319837
4 16 6.145499
4 17 1.573812
5 18 1.600042
1 11 16.803692
2 19 3.789724
3 20 17.308994
4 6 6.619006
5 21 10.291665
6 7 15.897040
6 10 11.294517
0 9 11.041757
0 14 12.872717
0 15 14.532207
0 18 22.674603
0 21 12.091969
2 15 7.401313
3 16 29.656446
3 21 31.490658
4 11 17.492912
4 14 11.369946
5 14 8.254169
5 15 6.243791
5 17 21.599632
1 23 21.018782
2 10 4.134244
2 15 16.954441
2 17 13.047826
2 22 16.029436
3 11 15.252583
3 15 6.028488
4 6 18.884663
5 18 1.411802
1 0 11.643275
2 13 5.647258
4 12 7.818396
5 13 19.199408
6 13 9.995112
6 21 8.302721
6 15 18.546547
0 16 5.463317
6 15 16.787621
0 10 9.375313
0 18 21.269024
1 0 25.125471
2 19 9.273273
3 10 6.160645
4 18 5.413892
5 20 15.732864
6 14 21.395987
0 12 6.185336
0 23 11.228905
1 0 10.311086
1 10 6.547495
1 12 10.052016
2 13 12.740488
3 19 11.041757
3 21 15.626774
4 12 17.905550
4 19 14.235229
5 7 11.970306
5 11 20.769222
5 13 20.588781
5 13 10.860744
6 13 13.828927
0 3 15.887220
0 18 15.887220
2 0 14.401828
2 11 14.619117
2 16 5.459394
4 2 12.595598
4 3 23.600945
4 11 2.202152
4 13 21.599632
4 16 2.372357
4 19 7.579448
4 23 5.746731
5 1 22.964329
5 2 10.394181
5 19 18.494617
6 4 13.177231
6 14 3.441803
6 15 12.838551
6 18 11.041757
0 5 17.679770
1 10 20.107008
2 9 2.909749
2 13 11.041757
4 4 19.199408
4 21 11.206190
6 16 11.396463
4 21 8.597965
4 13 21.361261
4 13 7.328743
6 16 3.498207
1 12 16.029436
2 10 13.910354
2 13 17.320560
3 7 5.560452
4 15 4.461586
4 19 14.334948
5 14 21.599632
5 16 16.252752
5 20 19.297430
0 16 21.559053
4 17 8.531799
5 14 14.035321
5 15 2.166052
5 16 4.089788
0 9 13.679173
0 16 8.136456
1 7 11.041757
1 13 6.023625
1 19 5.890796
2 14 11.571700
4 13 13.099633
5 12 3.789724
5 13 11.041757
6 7 6.897036
6 8 21.858374
6 12 7.328743
1 12 13.137481
6 11 8.888499
0 18 14.079947
0 23 14.590364
1 0 17.688143
1 11 18.968731
1 16 14.159988
1 18 4.391835
2 19 6.747639
2 21 11.041757
2 22 18.186588
3 5 20.277498
3 10 17.049927
3 13 19.894670
3 21 14.047771
4 20 23.470201
4 22 17.409851
5 18 7.987905
5 22 10.469099
6 16 11.699877
6 21 20.316957
0 12 18.692299
0 21 25.597858
1 19 8.254169
2 12 16.252752
2 13 11.041757
2 14 10.673002
2 16 11.206190
2 19 6.897036
2 22 14.436385
3 11 32.005302
3 16 11.457702
3 18 4.787139
3 20 17.329107
3 22 13.598989
4 11 8.254169
4 22 6.627145
5 16 4.089788
5 18 3.269712
5 21 17.700069
5 22 24.509882
6 15 3.578218
6 17 3.667475
6 18 12.389113
0 12 3.667475
1 5 20.623407
1 10 16.252752
1 13 17.298025
2 17 16.987318
2 22 15.665258
3 1 18.186588
3 17 3.727598
3 19 10.849967
4 12 13.587190
4 16 4.562228
4 18 1.745500
4 21 19.249407
4 23 9.321802
5 12 5.459394
5 13 8.546503
5 17 10.414205
6 19 14.159988
6 20 9.573484
6 22 16.865343
0 15 14.532207
0 21 9.266460
0 22 12.346521
0 23 8.635189
6 9 10.685571
3 14 6.666374
3 21 20.231178
3 22 15.887220
5 15 4.357813
5 22 15.897040
6 15 22.428566
0 15 7.714467
2 20 21.334726
2 22 23.299892
3 19 21.790674
5 16 4.060419
3 20 26.428154
4 22 19.828358
5 15 1.600042
6 8 20.570795
4 11 10.860744
0 14 13.465699
0 21 9.251988
2 11 11.041757
0 22 23.972599
5 10 11.228905
5 14 9.882992
5 18 8.852075
5 19 20.503038
2 22 18.659107
3 14 14.501066
3 22 27.825169
5 13 26.422195
1 6 21.918371
3 21 23.244242
4 16 13.258525
5 20 18.955053
0 14 19.323750
1 20 21.726429
4 21 18.242506
5 4 15.887220
1 11 13.099633
0 1 12.174208
0 12 21.079527
0 15 14.412484
0 21 25.469528
1 17 33.301132
1 20 19.143778
1 21 17.109453
2 12 15.101377
2 15 25.119343
3 10 9.882564
3 18 4.281057
5 10 10.037960
5 12 5.459394
5 22 20.231178
6 15 19.839914
6 16 19.005453
1 14 6.783969
2 10 10.860744
2 13 23.474567
3 14 16.523630
3 15 8.356634
3 17 7.374764
4 11 13.368041
4 21 21.332676
5 11 5.925199
0 15 12.268618
1 10 7.623083
1 19 13.030683
2 7 4.022742
2 11 25.970921
2 15 18.538792
3 11 15.281220
4 12 10.351646
4 18 1.600042
4 21 22.604799
5 10 22.772587
5 13 8.217527
5 14 12.326438
5 15 3.932986
5 18 5.139061
5 19 23.068890
5 23 23.153900
6 0 11.539889
6 13 10.537392
0 1 33.070026
0 20 18.306732
1 10 22.059408
6 13 11.910469
0 9 23.865810
0 12 31.047207
1 11 15.500617
1 15 6.674551
2 11 24.830313
2 13 12.990301
3 11 11.622901
3 15 26.344484
4 6 17.516642
5 10 9.861093
5 13 18.636080
1 10 15.887220
2 11 16.759502
2 12 26.147371
2 14 15.636528
4 15 17.191492
0 14 10.973133
1 7 26.055492
1 13 11.030799
2 16 15.996906
4 19 5.459394
5 0 11.041757
5 11 23.234980
5 12 11.740117
6 15 19.242594
6 16 12.821334
6 23 8.902343
1 13 12.045552
2 18 3.248335
3 9 3.714574
3 14 8.512472
4 13 4.391835
0 1 17.061981
3 21 20.873178
1 10 14.665127
4 17 8.852075
0 20 22.898676
1 9 4.664092
1 18 28.524405
2 12 17.741478
2 17 18.417950
3 11 6.563054
4 14 12.174208
4 18 4.134244
5 18 19.645813
5 21 11.369946
0 11 24.386475
1 13 17.308994
2 22 16.303165
3 1 13.535135
3 12 3.853957
4 13 13.871563
4 18 5.080528
4 22 18.278557
5 5 11.404505
5 8 3.789724
5 13 41.542286
6 6 20.810543
6 8 21.599632
1 10 20.703293
1 11 9.624629
2 12 1.500039
2 15 9.656808
3 1 13.099633
3 20 21.371836
5 17 3.789724
5 18 3.667475
6 15 9.723589
0 12 13.368041
0 16 15.734662
0 18 23.500338
0 23 17.086477
6 10 13.549038
4 15 11.088099
1 11 34.894032
1 13 6.658470
2 20 8.635189
4 16 14.713127
6 15 3.853957
0 14 21.369093
0 17 14.047771
1 11 20.207321
1 14 7.412259
0 19 9.472746
0 21 10.515958
1 0 10.646542
1 11 5.827538
6 13 11.369946
4 18 3.930151
4 20 11.041757
1 5 19.562817
2 4 16.523630
2 11 17.454008
2 14 14.833536
3 4 22.964329
3 8 5.287987
3 15 17.331512
3 23 15.626774
4 4 19.725317
4 5 23.234980
4 6 18.242506
5 4 22.964329
5 6 11.008162
5 7 3.445204
6 4 9.251988
3 9 2.411896
3 23 18.825512
5 18 3.789724
6 13 21.116972
0 19 5.459394
0 23 20.325796
1 20 25.015654
0 7 10.815471
0 11 10.961136
0 15 8.567311
0 21 7.623083
2 17 11.228905
3 14 13.240591
3 17 3.789724
4 12 17.451170
5 17 2.133389
6 6 25.490839
6 7 35.297817
6 14 8.493629
0 8 10.515958
2 12 22.205589
2 17 2.526382
3 11 5.612139
1 11 24.850910
2 11 12.218589
3 13 10.394181
4 6 14.960807
0 11 3.609261
5 13 21.157385
6 9 10.860744
6 16 1.644243
6 21 21.163095
6 16 5.099432
0 9 13.814974
0 12 26.035429
0 22 18.546547
1 16 12.695230
1 23 7.208600
2 11 10.515958
3 0 16.268040
4 12 11.531026
4 18 5.100834
4 21 17.161226
5 1 22.137171
0 12 7.958118
0 20 10.549557
0 21 17.948271
2 3 18.186588
4 12 7.023252
4 14 12.588155
5 11 14.484969
1 11 11.041757
1 14 17.708801
2 13 10.860744
3 13 1.600042
3 19 7.618713
4 11 7.697456
4 14 13.281260
4 21 13.222250
5 12 9.078411
5 15 3.853957
6 21 11.457702
0 11 10.860744
1 15 4.780717
3 13 12.751055
4 15 4.943119
5 13 11.041757
1 23 19.556801
4 13 11.041757
6 14 16.963150
1 11 4.948268
2 16 5.478515
2 23 16.320881
3 1 13.535135
4 2 20.905550
4 14 10.622489
5 15 3.789724
0 7 24.228809
0 9 25.088505
0 12 11.041757
0 21 15.720583
1 10 5.199423
6 11 14.436385
0 12 10.362226
1 10 13.760721
1 13 24.486465
5 16 5.827538
2 20 13.498859
5 14 21.006531
5 18 4.022742
6 8 24.323664
6 13 11.041757
6 16 3.951522
0 18 7.657281
1 11 8.717175
