0 17 6.803528
3 19 6.886821
3 23 6.571113
6 21 6.963901
0 0 7.639186
1 18 7.174335
1 20 7.178009
2 22 6.540633
3 23 7.150189
5 20 9.857778
5 20 6.502827
5 22 3.904794
0 1 5.813896
4 7 7.124443
3 21 8.096929
1 16 8.232368
0 1 6.367087
5 8 12.253617
6 18 9.860362
1 8 6.061652
2 1 9.580476
4 1 6.862304
5 0 9.751949
3 14 6.487737
4 19 7.120578
6 0 8.205983
6 3 7.343869
6 20 8.286099
2 1 7.313308
6 19 8.502657
3 1 10.408378
3 13 6.782264
6 22 4.503266
6 22 16.761988
4 9 5.660401
0 21 9.664310
2 19 7.636485
3 9 9.921771
6 11 6.773923
4 21 8.005295
0 3 11.160799
4 19 7.149261
4 20 6.824501
5 22 13.060572
6 20 7.007649
6 17 2.831511
0 1 5.009648
0 19 3.592288
3 23 16.404512
0 18 6.915494
0 19 8.836108
6 20 5.681652
0 9 9.857778
1 1 7.056723
4 23 2.312049
1 2 7.295934
2 17 5.168109
3 18 7.451667
6 20 4.209681
6 18 1.811502
5 5 8.062362
5 14 4.585326
0 0 9.255489
5 10 5.980008
0 2 9.877068
2 10 14.241437
0 2 8.138717
1 0 8.729777
1 8 6.393719
6 8 7.056723
0 0 10.912268
0 12 2.170825
1 23 7.217629
4 16 7.099308
4 5 6.302305
0 1 24.820694
6 6 12.308668
1 23 7.056723
4 21 6.342432
0 19 11.658199
0 2 7.721819
2 22 6.566116
6 2 5.419022
6 19 8.338333
0 1 5.960924
4 2 12.359795
0 13 4.441000
0 16 2.965218
0 1 7.962830
0 4 7.217250
0 3 6.782264
1 15 6.976676
3 22 3.933181
6 19 7.979416
6 19 7.099308
5 20 1.468883
1 17 7.833943
4 23 11.773149
0 14 7.647938
1 0 9.128753
2 20 8.549662
0 20 12.532563
1 0 5.863204
0 19 13.818890
3 20 6.664131
5 17 8.924425
4 20 8.204541
6 23 8.781926
6 23 7.261866
6 2 12.265951
6 19 6.751621
1 17 9.228260
1 17 11.881866
6 0 7.676405
2 23 10.309473
5 20 7.660469
0 1 9.730171
3 20 8.720844
0 15 2.880585
0 19 5.687276
0 1 8.544924
0 12 4.676818
0 19 4.071834
6 19 7.763549
0 22 6.976676
4 21 7.806513
6 0 8.871614
5 23 5.830348
0 3 15.179146
1 23 6.397004
3 23 6.063114
6 21 5.515155
0 1 3.946540
4 14 13.147428
3 23 6.984803
5 23 3.738632
6 0 5.047324
1 0 7.008271
5 8 5.209566
1 21 6.229611
0 3 8.644367
4 2 9.312736
4 17 6.994343
5 0 9.731900
4 1 7.174335
1 15 10.204120
3 19 8.808050
3 21 14.550394
6 17 8.644367
0 19 8.121909
0 20 3.386218
2 5 7.217629
3 21 3.029581
6 16 5.677071
6 21 9.771614
0 8 7.174335
0 10 8.723304
3 18 7.466513
0 19 9.806953
0 22 8.438785
6 19 1.530291
1 17 5.502392
3 19 5.259639
5 12 8.937974
6 20 5.183413
4 20 7.553217
4 21 12.573656
5 6 7.056723
5 23 3.261473
0 3 9.781909
2 22 2.453884
4 22 10.426101
1 9 8.967350
6 21 7.174335
0 5 5.668575
6 0 8.791450
0 19 5.975484
4 21 5.960924
6 14 5.134326
6 15 7.299091
0 11 4.682609
0 14 4.737024
0 1 6.886821
1 21 6.276199
1 22 7.942465
2 7 8.508602
2 9 7.742715
1 22 9.855619
0 0 7.174335
2 2 11.449216
2 22 9.160069
6 18 7.676405
5 21 7.384116
6 0 5.662263
6 14 5.572557
3 20 7.660469
6 1 1.694865
1 22 13.649814
2 4 12.843622
4 23 5.863204
3 18 6.984803
0 2 10.934352
1 21 7.421726
2 23 6.976676
5 19 1.398936
3 21 6.862304
4 23 8.524512
0 0 4.441013
1 3 10.643381
2 23 4.389946
0 21 8.374194
3 7 8.596512
4 12 7.421726
5 8 9.255693
6 16 6.542203
3 13 6.107494
6 20 6.055554
6 22 6.091033
1 2 9.633864
5 22 13.390347
3 0 8.743493
1 3 7.183905
6 21 5.515155
1 22 8.489844
3 13 13.516548
6 2 7.195702
1 4 11.346812
4 6 7.734870
4 11 10.711263
5 2 10.554762
0 9 8.706126
3 20 7.286421
6 23 6.877283
5 20 7.476204
6 3 11.910634
6 23 6.856813
1 3 10.189596
2 3 9.652437
4 15 8.278079
6 22 8.232757
6 1 7.217629
6 21 9.740833
1 1 11.536185
6 9 9.094504
2 2 6.669861
5 4 14.121340
3 0 12.026905
3 15 6.224833
3 23 3.924383
3 23 4.214122
4 1 8.620556
4 7 10.464150
5 13 3.294687
1 4 11.598661
6 13 6.716160
4 1 8.989774
1 1 9.399416
1 22 7.174335
5 19 3.630629
6 2 5.960924
1 11 8.868984
3 21 7.407606
6 20 6.537106
3 18 6.119255
5 5 5.960924
6 0 10.204120
1 20 6.671037
2 23 12.139538
5 19 4.787923
0 22 10.575569
3 21 8.529339
2 21 6.689682
4 0 5.887998
5 21 7.876177
6 0 6.502827
2 23 8.121889
0 12 7.094924
6 23 4.085784
3 23 9.099334
4 10 8.791450
3 20 3.386218
6 16 7.321488
4 22 9.430219
6 0 4.682609
1 10 14.669310
6 1 11.738081
6 5 7.946332
0 1 10.896571
4 0 7.366052
5 22 10.309473
6 20 6.602260
2 19 5.869603
0 11 7.343869
1 19 7.174335
2 22 9.497906
5 1 9.806953
2 22 8.138717
4 0 5.666776
4 0 14.246912
5 15 5.960924
0 2 8.004156
0 20 6.293202
3 23 8.580574
5 2 9.685319
6 17 12.139538
6 0 9.414299
6 20 11.917298
4 19 8.382437
0 19 3.424706
3 21 6.440008
3 22 5.863204
1 20 4.256917
2 22 3.883415
0 16 6.232574
0 19 6.302305
5 10 7.873778
0 2 12.083583
2 22 8.889815
5 19 7.971484
6 20 5.304104
0 4 6.862304
6 23 10.305613
5 11 7.174335
6 0 6.508074
4 14 7.626372
5 9 8.005295
6 3 10.535539
6 21 6.960647
1 0 22.296961
1 0 16.010078
3 7 12.439441
4 11 6.061957
6 2 21.012085
6 22 9.712087
6 22 9.763368
0 1 10.464150
3 7 6.149430
6 22 6.186488
0 22 12.001533
2 9 5.500809
6 16 9.784178
0 2 11.105396
2 6 10.243244
5 21 17.810558
0 1 13.649974
0 21 6.942905
6 12 10.528304
6 23 8.856378
0 15 2.170825
5 20 6.886821
5 17 3.819907
0 19 3.886305
1 21 7.691583
2 2 9.202944
3 2 14.834907
4 21 12.284976
4 22 7.295934
6 21 7.630047
4 19 6.586642
6 22 6.725939
6 22 8.838454
6 23 8.241508
1 15 4.967437
4 19 7.659251
4 22 11.808258
6 23 11.922179
1 0 12.490053
1 9 8.138717
3 0 11.465387
5 18 6.148005
4 20 8.937974
0 17 7.295934
1 10 6.398373
2 6 6.186540
6 13 7.416682
0 16 10.554762
0 4 13.648665
1 19 2.928595
2 17 8.091172
3 15 6.538739
4 23 13.527988
5 22 4.682609
3 0 7.475009
3 12 8.079702
4 22 9.084415
6 1 5.768636
0 0 10.747010
0 2 7.219136
5 21 3.386218
0 0 8.447140
6 23 6.015004
1 15 7.980494
3 1 7.826548
3 21 3.886305
4 23 7.213214
2 14 16.427086
6 20 8.138717
0 7 5.283195
1 15 6.525749
6 3 11.673608
1 19 6.832307
2 2 7.056723
1 10 7.335259
2 23 13.361119
0 18 6.455640
0 20 8.138717
2 8 8.778123
5 14 6.424778
0 22 8.225943
0 18 7.918889
0 4 10.253908
0 4 9.874955
0 23 13.319331
1 20 7.217629
0 2 8.896156
4 7 6.472358
4 19 5.802741
6 22 10.146087
1 19 10.378849
0 6 9.312736
1 20 7.815011
2 18 7.587668
5 4 6.764970
5 19 7.366052
6 23 5.551249
0 3 2.000397
5 14 7.055391
1 22 6.886821
5 0 5.416078
6 19 5.813868
