6 20 12.645769
1 17 6.743957
2 18 4.429556
2 19 9.303606
3 20 33.446587
6 16 5.648226
1 21 3.789436
2 13 7.611741
2 17 1.723534
2 23 8.382224
3 18 2.066391
3 20 6.444533
3 23 3.450327
4 19 6.667159
4 19 7.125577
5 10 4.532606
6 19 7.201013
6 20 2.723525
0 17 4.220325
0 18 5.718339
1 18 5.006900
1 21 13.925176
1 22 14.825214
2 7 6.565266
2 17 1.885846
2 17 6.595212
2 22 6.565957
3 14 3.502161
3 20 6.587964
3 23 8.803391
1 12 6.430933
1 18 8.733899
1 22 11.200383
4 0 10.687942
6 13 6.100026
3 19 7.954288
5 12 5.287130
0 15 4.595734
5 23 7.400502
0 11 9.578066
2 22 4.908024
3 20 15.454331
5 12 11.037876
6 20 9.439400
2 19 5.163897
4 0 6.324327
4 21 7.813201
0 13 4.060529
1 16 6.237002
4 10 10.090546
6 9 4.321287
6 18 2.614559
6 18 3.604569
6 18 8.665678
6 20 3.215916
0 5 5.813645
2 18 10.343226
4 20 2.924516
6 11 7.978140
5 10 13.598302
5 17 2.601997
3 14 8.478209
5 19 3.676319
3 17 6.476826
1 17 11.196988
1 6 3.314848
4 20 8.998094
1 8 5.864033
1 11 1.029707
2 9 5.102874
2 12 5.952454
2 12 6.785707
6 8 2.438320
6 15 14.297699
4 12 6.208030
6 13 2.937977
6 20 5.091763
0 10 11.677118
0 10 1.801420
1 10 8.891127
1 10 17.722466
1 17 1.784173
1 20 3.152978
2 21 2.565626
5 19 27.260031
3 16 4.905186
6 19 3.622255
0 10 10.343226
0 10 9.601356
0 10 5.193699
0 10 6.674466
0 23 14.436413
3 19 3.174910
4 9 5.933034
5 18 11.522937
5 20 6.673803
2 20 7.946970
1 20 17.458715
2 15 12.342080
2 20 15.355300
3 17 1.591938
5 13 4.647422
1 15 7.187081
1 17 10.536327
1 23 17.317930
3 9 2.925984
5 16 2.702201
0 19 5.699192
6 15 7.146721
0 8 3.535083
1 15 18.650700
3 8 10.446033
3 19 5.535680
1 18 17.739046
2 20 13.056780
6 20 10.074111
0 18 8.894510
0 18 3.926666
0 19 6.405850
0 19 3.722151
0 22 8.454074
2 21 11.684015
2 23 4.576058
4 12 1.487629
4 23 9.411139
4 23 5.214597
4 23 11.365810
5 9 4.249318
5 18 7.075639
0 17 6.278770
2 17 8.674778
2 19 7.319114
2 22 21.767487
2 22 6.463520
3 17 7.228846
4 9 8.092748
6 23 9.942214
6 8 9.712337
6 8 4.135919
6 19 11.085554
0 21 14.020658
1 7 6.301741
1 11 23.102814
1 22 15.893520
3 17 12.357971
4 17 16.271606
6 2 3.503863
6 11 5.868732
6 11 3.280740
6 13 12.441252
6 14 11.231189
6 15 9.268306
0 7 12.503776
0 9 9.994503
0 10 17.325386
0 11 22.977062
0 11 8.012894
0 12 10.542081
0 12 9.774858
3 14 13.630103
0 8 6.673180
0 9 14.349034
0 9 10.455830
0 10 5.136509
0 11 5.677945
6 8 4.301163
0 10 1.425204
0 16 5.888169
2 18 4.766880
3 0 29.752071
3 1 6.689317
5 8 7.661984
5 11 5.998316
3 10 27.225916
6 2 19.835464
2 10 12.136230
2 12 3.249588
2 20 13.175681
2 22 9.810169
4 10 5.569020
6 20 3.251525
6 23 13.355398
1 20 4.946338
2 12 7.382711
6 17 3.167639
1 5 25.176199
1 14 6.588383
4 19 4.263747
2 17 6.256950
3 9 3.824129
0 18 4.522750
3 13 5.446106
6 20 6.174124
1 12 7.333434
1 20 4.227939
4 8 8.157537
5 18 1.858772
5 18 10.173758
0 9 3.316684
0 9 8.918721
5 18 7.467312
2 7 4.024872
2 12 7.892153
5 6 13.146893
5 8 6.518346
5 19 5.592435
5 21 5.496181
6 13 6.832745
6 15 10.002749
3 10 18.768299
4 11 12.180398
3 9 5.307722
3 11 8.772513
4 9 4.975989
1 9 7.958158
6 0 12.486736
1 23 9.388128
3 20 19.072868
4 1 9.379803
6 8 3.314848
2 11 19.286926
2 11 8.805790
3 10 14.025989
5 13 3.744551
2 9 8.447184
3 7 6.993070
6 0 8.859254
6 11 7.091506
3 17 3.226958
5 20 6.960824
1 21 4.105223
2 21 5.813645
3 17 4.461484
4 9 2.832976
4 10 5.492057
4 12 5.380694
0 7 2.577034
1 15 3.676468
2 10 5.329216
3 9 9.707260
6 11 9.576601
6 12 5.468903
2 7 2.693649
2 8 2.126944
2 9 2.772457
3 8 2.982491
3 8 7.109621
3 11 7.884172
3 15 7.882380
6 18 4.458301
6 21 7.694352
0 14 10.504275
1 8 11.471579
1 14 8.835942
3 6 16.865412
4 8 36.923637
4 21 10.482443
5 16 4.388345
6 12 4.786778
0 10 5.042360
0 15 29.117125
0 21 4.946338
2 19 3.261383
3 10 29.781473
3 14 7.819388
4 12 4.444869
4 17 5.011805
0 9 9.553786
1 8 7.134901
2 19 5.339042
4 15 9.812855
5 13 34.564766
5 13 4.997649
1 20 2.863589
1 20 4.398453
4 19 7.057400
5 18 11.192587
0 19 7.555248
1 10 4.556087
1 15 11.319427
2 0 22.554615
4 10 32.039139
4 19 6.416558
5 9 4.335633
1 19 5.484179
1 22 11.115822
0 17 11.319427
4 17 6.750306
6 11 15.038074
0 7 9.055541
0 10 7.936893
0 10 1.864839
2 12 6.843742
3 10 8.216448
3 14 17.183039
3 17 13.511502
3 20 7.717655
3 23 18.119072
4 20 5.999163
0 7 15.966938
0 11 12.135579
0 11 9.246504
2 11 5.622851
2 15 5.867500
3 14 11.745594
6 20 3.748016
6 18 3.370095
1 15 10.290614
2 23 1.378821
2 13 24.711145
2 22 6.223155
2 22 7.762482
5 6 8.870523
5 15 6.366228
3 14 4.048482
3 18 11.526411
4 13 3.088241
4 13 5.903852
5 17 3.101793
0 20 6.098288
0 6 3.316684
0 21 8.669689
1 0 2.931249
1 0 15.501784
2 20 5.495931
4 18 4.964490
2 14 5.074772
3 12 8.307044
3 22 9.126584
3 23 11.125732
5 14 16.876198
5 15 13.326732
5 15 10.004072
6 20 1.486956
1 11 15.657255
1 13 1.274839
0 22 4.508098
1 11 17.346315
1 13 5.802353
4 8 10.287495
3 8 12.674755
3 14 12.898806
3 14 11.414547
4 9 9.443769
4 10 4.155533
3 11 8.814183
3 11 6.785707
3 12 3.995359
3 12 1.146609
6 13 7.625418
2 14 1.808707
3 11 2.479647
3 11 30.670776
1 9 14.307006
2 15 15.000395
3 11 11.600254
5 10 2.589776
5 10 11.341742
5 15 6.170104
6 17 6.174124
1 22 17.037630
2 10 15.852443
4 11 6.332257
5 14 12.382524
5 14 24.033102
1 11 7.244328
3 12 10.880185
4 11 8.015307
4 18 4.064108
4 19 7.395420
5 8 2.865073
1 11 2.612486
3 14 9.322456
3 14 14.212564
3 19 5.937247
4 21 6.799206
0 12 9.571368
1 11 16.946253
1 15 3.336346
2 17 13.892871
2 19 13.348512
2 19 8.733929
2 19 10.863744
3 8 7.238301
3 18 4.899435
3 20 6.573570
5 22 17.558773
6 17 3.370095
0 18 4.946338
0 23 13.113885
2 14 2.587325
4 5 12.959687
4 14 6.510646
4 20 6.175856
5 8 4.718902
5 11 2.398347
5 11 10.585626
1 20 10.291716
1 20 4.816312
1 23 15.858274
2 8 9.696255
4 1 4.116246
4 2 4.931787
5 18 13.560283
6 10 8.658708
6 11 9.137160
6 13 1.917277
6 17 5.324375
0 15 6.572566
0 15 6.201649
0 15 2.091575
6 4 18.380367
3 19 5.061260
6 14 4.388345
4 14 12.923274
4 14 11.329460
5 14 2.926485
6 7 7.047357
0 14 1.978935
2 9 8.386726
2 19 19.184246
4 15 3.431140
6 19 7.481360
3 16 7.053195
3 20 3.370095
6 18 1.885247
2 21 8.810106
3 14 8.048582
4 20 13.840856
5 8 6.096785
0 16 7.210674
0 21 9.544724
0 21 2.398347
3 14 5.731213
0 13 8.799339
6 8 4.725103
6 12 9.308830
3 7 5.063271
3 20 3.021262
4 10 4.935761
4 12 14.986658
5 21 8.518418
0 23 6.360548
6 21 17.758057
1 11 14.505695
1 12 15.513425
1 15 4.839616
1 15 5.473542
1 16 8.656521
2 20 5.613397
3 15 7.748241
4 16 1.480546
3 16 5.238282
3 18 4.954217
3 20 6.174124
4 17 4.710798
1 15 15.059763
1 15 6.721857
2 18 4.777886
3 17 1.168426
4 17 4.710179
4 17 5.490746
5 19 11.296442
6 11 2.761108
0 13 6.109777
3 9 2.255620
5 20 1.999449
5 22 2.794540
5 23 4.565720
6 13 4.105223
0 20 5.802353
1 11 6.349387
1 18 10.192368
4 8 2.467367
4 11 15.369703
4 11 11.649632
4 13 3.446599
2 9 2.307792
2 14 5.564398
6 11 20.694983
0 8 9.564402
6 16 4.033888
6 18 3.370095
2 21 13.696895
4 19 4.084436
5 6 6.993070
0 14 5.022221
2 7 5.834464
2 23 19.754826
3 7 7.655285
3 8 8.814183
5 18 12.959838
5 21 1.946494
5 21 7.648662
6 20 4.105223
0 1 2.438320
0 8 3.894491
2 17 5.307722
3 7 3.710858
4 23 3.932039
5 19 9.706965
0 11 3.427216
1 19 2.151459
2 17 3.370095
3 21 7.115608
4 0 5.011805
5 18 3.851462
1 20 2.693969
3 17 4.520805
6 22 4.300392
6 23 5.534389
5 11 1.614875
6 18 14.515818
0 18 6.035809
4 19 10.125628
1 11 8.691021
0 7 3.895123
0 8 4.781710
0 8 8.403769
2 15 8.674778
3 21 11.988141
3 21 6.465528
4 13 1.849652
4 18 2.567641
5 19 2.339811
1 20 5.133694
6 21 5.269446
0 12 7.737438
0 12 6.673803
0 14 7.004323
0 14 7.900241
6 12 3.676468
4 12 6.862280
4 12 6.764702
0 15 3.222954
0 20 7.236303
0 20 8.581094
3 19 6.988296
4 12 12.943143
5 7 5.497670
3 16 6.174124
3 23 6.315872
6 7 3.722151
1 13 9.191558
1 18 5.262890
1 19 5.042360
5 16 8.246926
2 19 18.690729
1 7 3.610817
1 22 2.973614
3 12 5.063271
3 18 4.785848
6 19 4.105223
6 20 6.366825
0 9 4.537102
3 13 10.926182
4 12 5.756805
4 12 5.127846
5 0 21.127281
2 8 9.843313
2 8 8.665678
2 8 13.680883
2 21 4.317565
2 21 11.558443
3 10 5.471242
3 22 8.657279
4 10 3.468741
4 10 9.808710
4 11 12.422315
6 20 4.399914
2 7 8.801566
2 0 5.006900
1 9 9.627002
2 8 12.706687
2 22 7.694352
4 19 12.458473
4 19 16.070784
5 22 16.048729
0 23 3.015167
2 15 7.022919
3 2 16.278126
3 2 23.291372
3 8 12.434373
4 8 8.259475
1 10 10.400636
1 21 13.925176
4 11 12.482367
4 12 2.913333
4 20 13.624120
1 11 12.666847
5 11 8.080212
6 12 7.517508
4 23 3.023808
5 14 7.879148
6 12 14.950419
6 16 9.154964
4 15 3.370095
5 14 24.588516
5 14 4.044115
0 8 6.099093
0 8 3.396369
0 9 2.010790
0 12 7.236212
0 12 6.375024
0 12 2.120088
0 12 1.228899
2 13 16.262627
6 16 2.761108
6 18 1.506698
0 19 4.647422
5 20 5.661412
5 21 5.307722
6 22 5.019419
4 22 7.365527
6 14 6.750306
6 21 8.114105
6 21 4.410677
0 20 3.370095
0 21 13.583184
2 15 17.833248
2 17 10.384897
4 19 2.930518
6 9 3.759927
6 9 8.594987
0 14 3.370095
1 11 10.142076
1 18 11.854585
1 18 8.810106
2 15 4.556285
6 18 7.089690
2 17 5.416436
2 18 4.786778
2 20 5.398569
4 14 6.615133
0 19 4.829674
2 2 8.664647
2 2 8.876835
2 2 15.371878
2 12 5.394251
3 8 15.795526
5 10 8.018006
5 11 13.175681
4 7 3.532203
4 8 4.980267
5 20 26.046169
6 21 6.555727
5 10 6.478180
6 11 7.267056
1 6 3.470280
1 17 10.142809
1 20 3.848646
4 20 6.530739
1 9 7.915674
2 14 8.009434
6 18 2.432625
6 18 6.168824
0 1 4.226454
3 23 13.034496
5 19 4.461484
2 19 3.370095
2 19 8.571844
3 13 5.194897
4 9 7.143203
2 19 16.476992
0 14 4.461484
2 16 4.688902
2 20 9.871997
3 19 3.682688
3 19 14.749359
3 23 11.495733
4 22 26.778221
5 0 8.635909
5 8 25.579855
6 20 4.652689
6 21 8.530416
0 0 4.592772
6 18 8.259475
6 19 3.616644
6 20 4.986090
2 6 10.589703
2 7 8.253204
2 18 11.470269
6 19 14.149423
6 19 6.493821
2 6 4.935761
3 11 5.083404
4 11 4.979627
6 19 11.904898
0 18 2.577034
2 20 12.554432
2 21 5.145614
3 22 12.179661
1 9 12.311846
4 14 12.317662
4 20 7.032090
0 7 4.310373
0 21 3.747815
0 23 7.090827
1 11 15.717250
1 11 9.323115
1 14 11.584278
5 19 14.092871
4 19 5.704672
4 19 2.439817
5 23 8.445325
5 23 12.089174
2 18 2.861086
2 19 12.706687
2 19 8.733350
5 6 5.238961
5 7 13.215159
5 22 9.764418
1 22 6.572566
0 6 6.967985
1 9 6.872087
5 8 7.454996
4 8 7.365476
4 7 3.654003
4 8 4.368553
5 15 3.370095
5 21 14.307006
5 23 3.261383
0 20 9.352240
6 15 5.282642
0 2 10.721514
1 7 12.226089
1 8 2.577034
2 14 4.580070
3 11 6.237002
5 11 16.400444
0 8 3.370095
3 19 7.917307
3 19 6.696753
5 14 5.270385
2 8 3.314848
2 23 10.997042
2 23 9.737259
3 21 3.864658
4 8 18.699614
4 16 6.244340
6 7 6.377693
6 7 11.851357
2 8 15.384934
4 19 12.269560
4 19 3.785239
4 20 20.632341
0 6 8.801566
6 10 8.984774
0 15 1.711231
5 8 19.824549
5 8 7.344927
6 8 3.370095
2 10 5.737797
3 18 5.813645
3 19 13.029405
3 22 4.980267
6 22 6.357455
1 9 3.262312
3 14 16.609932
5 21 7.388936
0 8 12.649250
3 16 12.284474
6 0 4.105223
2 15 4.524496
3 20 13.575850
4 12 7.029788
6 16 6.109777
2 0 9.461006
2 2 4.520805
2 16 8.672589
3 9 7.644619
3 10 13.892871
3 10 16.294260
4 9 15.500802
0 6 3.261383
0 6 4.398453
6 17 9.588276
5 20 4.305276
6 10 5.633628
6 18 10.364831
1 0 4.120551
1 15 3.233487
2 19 8.126032
2 22 2.842722
3 19 27.916134
4 6 5.006900
6 11 3.605044
0 9 11.542356
2 18 12.699924
3 22 9.691886
0 15 8.366220
1 12 7.444633
1 12 2.522400
1 12 5.806654
3 8 6.611662
1 0 10.111799
0 20 3.596384
2 12 4.726268
2 19 2.082514
3 17 4.074277
3 18 2.001314
3 18 7.240963
0 7 7.559703
2 18 8.728757
3 22 5.027326
4 2 5.471242
4 17 9.737259
5 18 6.496943
1 10 14.049758
1 10 9.495550
1 13 8.683684
5 3 18.561699
5 11 8.534756
5 11 9.810169
0 19 12.793806
1 21 10.866492
2 20 6.467905
2 21 6.272939
3 10 15.893520
3 17 10.494283
3 20 4.196785
3 22 7.279866
5 20 9.421752
6 13 4.520805
0 6 5.282642
0 6 8.251514
2 11 12.116788
5 8 3.232764
0 18 9.473613
0 20 12.025661
2 20 12.439333
4 2 6.649734
4 2 15.453833
4 15 18.245390
4 18 28.598133
5 0 20.701271
6 11 8.259314
6 11 11.619516
4 8 7.401607
0 2 5.957050
1 11 4.856363
1 11 7.436008
0 18 6.031918
1 12 2.292562
1 14 15.341073
1 14 19.178787
4 16 4.561359
0 20 9.228516
1 20 16.487629
0 10 10.721514
0 18 8.131051
4 14 24.435617
4 14 5.563222
4 17 5.670253
5 22 11.831699
6 12 5.923245
3 5 5.061260
3 8 6.134757
4 9 7.694395
4 9 3.596384
5 13 2.629740
1 6 9.788827
1 7 7.047357
4 13 11.348795
1 5 9.847261
1 11 1.885247
1 11 4.520805
0 9 5.424933
0 21 1.371807
3 11 22.956030
4 22 8.676645
6 6 3.370095
6 21 6.603823
0 19 2.144463
1 19 9.780204
1 20 8.906971
1 20 1.883394
2 20 13.898046
2 20 9.251184
3 19 1.917277
5 18 4.622983
0 23 9.562525
2 17 22.046515
2 23 15.541550
3 20 8.745370
4 17 2.101380
5 20 6.962821
0 21 15.033718
2 12 6.342158
6 22 11.993971
2 8 6.329422
2 8 2.208887
2 18 8.819357
3 10 11.046181
3 10 7.876651
1 11 3.998720
1 11 5.521166
1 12 9.882177
1 15 8.230844
1 17 11.252150
1 19 1.211348
2 22 3.722151
5 0 23.974392
0 19 6.647661
1 14 6.785939
6 21 13.814732
1 10 15.638776
2 13 8.983709
3 15 3.262312
6 12 1.968634
6 12 13.554009
6 12 4.710798
6 13 1.271761
6 15 6.510360
0 21 8.973158
4 17 26.430319
4 19 8.657327
4 19 3.661132
5 0 15.456658
5 12 3.446599
5 12 4.105223
5 17 7.479463
6 19 6.714808
1 12 6.080083
1 15 6.052637
1 17 5.858512
6 20 16.572868
0 1 3.695622
5 17 8.005466
2 8 14.182076
0 11 11.642419
0 13 4.461484
0 18 3.402883
3 9 7.208191
3 9 3.087069
1 17 17.447872
0 14 10.339452
2 20 12.493036
2 22 24.844629
5 18 3.532203
1 6 2.912619
2 22 12.750566
3 22 5.488545
5 12 2.639346
6 11 4.935761
6 19 14.113437
1 19 5.654923
2 23 4.105223
3 17 6.564396
6 18 7.444633
1 14 7.653579
2 9 5.483562
2 18 7.519161
2 18 12.171143
1 14 6.798636
1 14 6.112122
1 20 9.076888
2 12 7.984043
3 22 5.206249
6 10 9.289908
6 10 5.818836
1 18 9.081323
2 0 8.499405
2 9 4.979627
2 13 3.624653
2 18 9.439400
2 20 9.729514
3 22 2.329040
6 9 3.149448
6 9 10.837772
6 15 4.680340
5 19 4.663344
1 9 6.751598
2 20 9.701771
3 12 3.039662
4 11 11.254338
4 12 12.724497
4 18 16.144419
5 18 2.353103
6 7 16.178766
6 21 2.415970
0 11 4.556087
0 12 4.946338
2 19 16.135410
5 13 9.940159
6 15 6.462374
0 7 18.647703
1 19 7.047357
3 9 3.951612
4 13 12.569566
4 16 4.758298
0 23 2.856983
6 3 4.037924
1 18 5.061260
2 18 34.667973
3 17 9.187596
3 17 3.663077
4 20 5.961767
5 15 7.115608
1 11 4.095768
1 22 8.687017
6 23 3.163167
0 13 5.908225
1 8 19.081104
1 8 8.471762
2 12 12.119129
2 14 3.632847
3 15 3.852364
4 12 6.098288
5 10 7.595916
5 16 6.751415
6 12 5.912181
6 12 5.288316
1 19 12.361651
2 8 3.531355
2 8 13.408508
3 11 12.513354
3 12 12.918466
3 23 24.143749
6 8 2.732510
3 18 7.733439
3 18 5.696085
4 15 8.672589
4 16 10.263906
5 9 14.182076
5 13 13.216522
6 10 4.068376
2 12 8.399388
2 23 7.709411
3 15 7.444303
4 13 11.081300
4 17 15.306864
5 14 10.893217
5 19 4.461484
6 9 6.456236
4 11 27.169088
5 20 12.107562
6 19 5.036704
0 19 14.977232
0 20 3.201092
2 19 8.045006
2 19 8.271447
3 0 10.257160
3 11 2.111477
3 22 13.957175
5 0 6.992607
5 13 2.297733
0 0 4.854847
0 21 18.657692
1 14 8.437385
1 23 2.717095
0 12 4.266731
1 14 12.226089
4 11 1.173438
1 9 9.053864
6 12 7.962203
6 12 15.448058
0 22 1.978935
1 13 11.791185
2 10 11.549834
2 10 5.023117
2 11 13.165806
5 14 15.949012
1 23 10.611938
2 11 9.386459
2 12 15.388703
2 15 13.229036
3 13 13.908898
3 17 14.991955
3 21 3.932890
5 14 9.200397
6 11 5.028298
3 12 5.447780
3 22 13.213756
6 16 8.892697
1 23 13.582493
1 23 5.124873
5 17 9.352240
2 12 2.490311
2 12 3.280740
4 2 1.822793
4 2 8.944569
6 18 5.179212
0 21 5.396005
6 10 4.936539
6 10 4.640054
6 10 4.751682
6 11 1.023212
0 7 10.613286
0 13 10.682314
