0 19 24.707273
0 21 17.706793
1 12 4.654644
5 13 24.781746
0 3 27.650640
5 14 17.258011
6 20 15.871024
1 10 26.731548
6 14 10.922559
0 7 22.517687
2 16 9.400229
3 17 14.637615
4 3 27.661186
5 13 18.401875
0 2 21.625418
2 12 21.166626
3 21 42.181107
3 23 25.355474
4 3 23.740900
4 15 20.562616
6 12 21.956423
0 7 25.550713
0 11 10.385384
0 12 20.997480
2 6 26.132122
2 7 21.773476
4 2 28.743887
4 16 15.837710
6 1 25.670164
0 8 23.211317
6 20 22.703789
6 21 25.282406
4 8 21.440243
2 13 22.962492
0 23 22.195156
1 8 15.910452
6 12 22.477173
0 1 19.184383
1 3 23.794142
1 4 25.966835
1 9 22.174002
1 18 24.927736
2 15 22.135509
3 9 6.226974
3 9 40.835781
0 9 18.931038
0 16 19.715174
1 3 31.773388
1 12 21.785555
1 15 23.225590
1 23 26.247847
2 15 31.618399
3 23 22.482599
5 10 23.530983
6 1 21.525383
0 16 1.312186
0 21 21.917742
1 16 20.061310
2 14 20.629086
2 16 21.439320
3 2 21.403769
3 10 23.496233
3 14 22.829199
5 3 24.142250
5 10 27.170895
5 14 14.915715
6 4 26.725470
0 14 19.887125
0 17 17.608862
1 11 23.530983
6 20 24.641790
0 3 24.387890
2 21 26.593487
3 9 2.494095
3 9 6.008992
4 8 23.989504
4 15 24.747030
5 9 21.459204
0 2 35.847496
0 16 23.730492
1 11 21.804436
3 9 23.807932
4 7 18.580473
4 12 22.372873
0 12 25.706251
1 10 20.022116
1 16 16.762878
2 12 25.212866
2 13 16.351341
2 22 22.503265
0 11 19.750732
1 0 26.168928
1 8 20.193205
6 5 23.584484
0 11 25.424589
1 13 24.592079
3 3 25.373058
4 5 17.091282
5 5 28.301105
5 7 24.420128
0 4 19.480692
1 12 26.963757
1 22 22.608656
2 14 23.884930
3 6 24.594172
3 12 24.917133
4 13 9.993574
5 3 22.014318
6 4 23.579943
0 23 21.403769
1 7 18.809505
1 13 21.368719
1 21 22.179190
2 2 24.686718
2 13 23.362476
3 10 22.340067
3 20 28.708729
5 0 14.644190
6 4 26.029560
6 19 19.140919
1 8 20.493591
0 7 5.610553
0 8 15.976745
0 8 33.399704
0 14 20.786106
1 2 25.162436
1 4 16.498096
2 1 22.753721
3 5 26.525288
4 8 21.236563
4 9 28.400042
5 5 23.530983
5 11 22.905458
6 13 26.247419
6 16 18.297020
0 2 26.789158
3 6 26.684875
3 9 5.408606
5 6 24.917820
5 11 16.720528
5 13 27.658007
0 2 25.223177
0 22 21.804436
2 1 25.902916
3 1 20.691353
3 10 17.433039
3 20 25.550713
4 2 21.427137
4 6 25.792130
4 7 17.131733
4 12 23.937792
6 2 30.828619
6 9 22.845806
6 13 19.942762
0 2 20.299978
0 10 23.375059
0 10 27.334461
1 11 9.353637
4 0 25.609360
4 11 19.852631
4 21 24.342396
5 5 26.947701
5 14 15.346425
0 4 23.530983
0 16 20.406797
2 0 17.128971
2 12 25.948626
3 0 26.989655
0 3 27.312664
0 14 22.354713
1 1 21.499329
1 17 4.307335
1 17 3.689387
1 23 25.458378
2 10 23.369396
2 13 23.811890
3 10 19.764454
3 20 7.636855
3 20 2.102763
4 11 23.452314
5 2 26.806242
6 15 21.743549
0 3 27.784044
1 10 20.411417
0 3 21.208080
1 5 24.246489
1 23 5.998419
1 23 40.712055
2 14 21.317883
3 21 22.085913
4 2 24.108213
4 9 21.078588
5 19 13.422760
0 17 18.761835
0 21 22.530281
1 5 25.622896
1 22 27.670769
2 7 19.370874
2 15 24.449251
3 10 21.590748
5 1 23.110008
5 8 14.847965
6 3 30.582815
6 23 30.610197
1 21 20.595903
2 6 24.551441
3 1 26.157082
3 20 13.558949
4 1 20.838213
4 12 18.985941
5 23 20.483831
6 21 21.986147
0 5 22.897593
0 20 23.349566
0 23 17.366131
1 7 21.663273
1 17 9.482572
1 19 24.256449
2 1 30.788773
6 8 24.550440
0 0 20.525139
0 19 22.423916
0 21 22.148544
1 8 7.065418
1 22 28.091335
2 1 22.214682
2 9 17.023935
2 21 23.893684
5 3 23.248518
5 7 16.798553
5 14 42.977470
5 14 14.417974
0 3 21.649841
1 4 27.690975
1 16 19.023127
1 21 22.300589
2 3 22.185963
6 17 11.269732
3 0 23.825291
3 15 17.120691
4 14 18.900589
5 1 24.162691
5 23 18.350182
6 1 23.947615
6 9 21.427137
2 7 16.847267
2 12 17.816322
2 15 16.937965
3 0 17.701389
3 15 21.626244
4 0 22.991190
5 8 16.916162
6 1 17.114243
0 5 28.600941
1 8 20.286795
0 3 32.901466
1 15 23.152946
3 15 23.250603
4 21 20.997480
5 4 23.515638
5 11 17.928633
5 23 14.288861
1 20 18.850338
1 23 25.622896
2 6 26.386812
2 13 24.347029
4 8 21.403769
5 3 25.855104
0 1 26.841757
1 11 22.619474
1 22 23.930307
2 0 27.679548
3 11 24.398941
4 17 7.636855
4 17 4.102661
5 4 23.797178
5 5 26.721928
5 21 17.045528
1 9 24.195478
1 10 18.763590
1 16 14.539214
1 16 5.627469
2 20 24.351572
3 5 22.148544
3 12 20.507645
4 0 20.135197
5 5 25.372919
1 2 24.973360
2 5 21.859753
2 6 24.664974
3 15 18.297020
3 21 24.121712
4 2 23.032204
6 14 19.764454
6 22 20.295557
3 7 20.525139
3 16 4.447636
3 16 3.370182
4 6 24.025623
6 7 21.850554
0 12 24.563961
0 16 5.616636
1 7 24.854233
1 11 3.877206
2 20 25.495335
3 5 18.208488
1 3 26.247419
2 0 22.417933
3 5 26.275253
4 6 18.971361
4 7 26.491177
6 1 11.205533
6 2 15.461092
0 3 23.082750
1 4 43.760994
3 23 19.870689
5 10 18.477345
6 21 24.093863
0 22 26.462879
1 5 37.528534
3 0 26.816036
4 0 27.063583
4 19 21.663902
5 20 31.207949
5 22 23.074051
6 8 23.212069
6 12 22.024326
6 13 40.530243
6 21 26.010748
0 22 23.631760
2 11 15.628895
2 14 18.877687
0 3 24.686718
0 8 28.812263
0 20 25.474350
1 21 22.768812
3 0 24.917820
4 2 26.068695
4 22 27.081059
1 1 26.209770
0 3 23.530983
0 14 11.269732
2 18 3.960429
2 20 28.238092
3 0 30.084248
5 1 23.740900
5 16 5.076465
0 3 23.496233
0 11 20.372322
1 7 26.725470
2 5 26.201048
2 10 21.602793
3 5 23.530983
4 21 23.598936
5 1 34.435585
5 5 26.048460
6 3 24.654947
0 3 18.843546
0 21 19.397905
0 23 23.553543
1 5 27.574770
1 6 24.973360
1 7 25.197128
2 8 22.339308
3 0 23.126642
3 20 21.790310
4 5 27.528776
4 9 21.183630
4 20 29.353998
4 22 24.738333
5 0 25.516644
6 3 24.917820
6 9 27.574217
0 7 22.937119
0 22 23.348202
1 1 25.734362
1 6 25.110031
1 9 19.486902
6 10 26.190458
0 7 20.540323
0 8 30.143103
0 15 24.054096
0 22 23.197853
1 3 22.093843
1 6 22.475208
1 19 21.700201
1 20 23.666128
1 22 27.063583
2 2 21.607386
4 14 5.712780
4 14 38.255939
6 11 22.738289
6 13 21.236801
0 11 21.681440
0 22 22.707796
2 1 23.214668
2 23 16.901545
1 4 21.607386
0 23 21.590748
1 2 18.725117
6 3 18.958820
1 23 21.492348
2 23 24.733320
6 4 24.326742
0 2 19.532427
0 4 23.726274
0 22 15.814632
2 0 21.214703
3 0 28.398376
3 19 19.219658
0 0 19.658594
0 12 18.989679
2 1 16.675379
0 8 21.485399
0 21 23.726274
1 5 20.222160
2 3 20.559196
2 5 12.039813
3 5 21.563398
3 7 22.365696
3 15 11.989810
3 18 13.558949
3 20 23.273769
4 7 20.386515
5 0 20.183508
5 5 17.928633
5 6 26.431593
5 20 10.307335
6 19 24.052320
0 1 25.549892
0 2 25.521671
0 16 21.236801
1 3 32.025425
1 6 18.297020
1 12 20.490891
1 15 23.538828
2 5 23.328207
2 15 19.038195
3 15 16.435705
3 19 17.896620
4 9 24.014006
5 6 19.974962
5 9 16.709064
5 19 23.891613
6 5 26.076252
6 9 23.679371
6 10 22.576725
0 2 26.876308
0 4 23.454063
0 7 18.479536
0 16 19.266878
0 16 17.951199
0 23 26.530849
1 7 23.538828
1 10 8.242988
1 11 21.427137
1 23 26.456724
2 7 20.412880
3 15 14.950044
4 6 21.052887
5 22 17.424614
6 14 21.334269
0 3 30.863573
0 5 25.150953
0 8 19.150797
1 6 12.402306
0 1 7.690129
0 17 4.373264
1 22 23.097229
3 1 21.796640
4 20 16.010639
6 8 20.621601
5 23 8.911963
5 23 33.271996
5 23 27.169081
6 3 20.258816
6 4 23.194235
1 10 15.893142
1 20 22.604671
2 11 27.738705
2 12 20.735941
3 12 22.555107
4 19 4.818376
4 19 2.289217
4 19 5.389417
5 4 27.749332
6 4 26.072420
0 20 29.808342
1 4 25.598755
6 16 14.073610
0 3 24.362753
1 23 18.585052
2 6 26.632914
3 9 3.359898
3 9 4.022382
3 13 24.523575
5 6 24.342396
5 11 21.403769
1 6 21.754988
3 19 24.650066
5 1 22.724953
5 6 23.984222
5 23 25.446865
6 4 23.833351
0 2 18.927952
1 14 14.142626
2 21 25.563583
3 0 23.145229
4 23 23.951725
5 13 18.525309
6 2 26.093164
0 0 16.846191
0 0 23.588211
0 1 21.588448
0 4 15.134956
0 13 18.804365
0 14 13.473273
1 7 30.657324
1 13 25.230446
1 23 22.244751
3 3 35.476467
3 5 25.004770
3 20 21.783472
4 5 22.475208
1 4 18.566374
1 14 30.209293
2 4 27.223644
3 4 24.509281
4 5 23.484167
4 21 26.014877
5 3 24.125666
5 8 16.876833
6 0 31.105284
6 2 26.334274
6 4 21.598169
6 10 31.117516
1 4 14.956317
1 11 22.718586
2 8 23.145229
5 3 28.103390
5 20 24.827175
6 3 25.098339
6 16 19.568317
6 22 24.595772
0 16 18.291456
1 4 28.810986
1 11 20.248665
1 15 10.444258
6 21 16.485428
3 0 26.247419
4 7 25.980366
4 22 22.347059
0 3 23.214668
0 19 19.935345
4 2 22.246838
5 2 23.572071
6 1 21.326172
6 22 38.294422
0 3 22.478992
0 10 20.629086
0 12 20.153967
1 3 23.899799
2 0 23.611704
3 10 18.107441
3 12 15.455705
3 21 20.713608
6 3 25.285358
0 2 27.551420
0 22 22.871275
6 3 24.502523
0 12 17.756634
0 13 24.696655
0 21 19.582121
2 0 22.608847
3 5 22.718586
3 19 12.724062
5 18 5.560076
6 8 18.607138
1 12 26.859104
6 0 22.880558
6 1 27.493256
0 3 22.930805
0 15 19.785532
1 5 24.100842
1 20 26.190458
3 15 41.190113
4 22 23.000111
5 10 19.380646
6 8 15.343485
0 3 21.785555
0 14 19.896158
6 12 25.157396
0 7 34.513882
0 12 23.566065
0 19 23.375059
1 12 4.863415
2 9 15.906795
2 21 17.303057
3 2 14.511451
4 12 28.305853
5 3 21.147543
6 19 22.027775
1 15 25.947031
1 19 9.240903
1 20 24.957302
1 21 23.234667
2 23 25.580334
4 12 21.471102
4 15 27.212717
5 7 43.177185
6 4 31.945362
0 3 21.405737
6 19 22.983225
1 7 22.175074
1 10 28.646688
2 1 27.312664
2 7 26.465508
2 20 24.440891
2 23 22.743572
3 5 27.170895
6 16 21.286945
6 18 23.324581
6 22 22.179190
1 21 23.226002
1 21 22.999575
2 4 27.391556
2 7 23.712118
2 20 21.119905
3 0 24.513720
4 1 27.343628
4 21 26.247419
6 5 25.643143
6 14 22.117571
0 5 26.210384
0 19 23.833429
0 20 23.666277
1 5 37.746151
1 7 19.296551
1 23 23.712118
2 0 27.866707
4 9 19.457972
5 2 25.198580
6 12 21.781490
6 17 18.275831
0 6 17.907118
0 22 21.629669
0 17 7.686514
0 23 19.764454
1 11 9.353637
3 9 7.027287
3 9 4.684608
3 16 5.739326
3 16 4.740146
4 10 22.476377
4 12 15.910452
4 21 22.576498
5 0 21.804436
5 1 26.882433
5 10 19.322887
6 5 24.382727
6 19 18.841913
0 18 21.334269
2 11 21.398935
2 15 17.997068
2 23 23.730492
4 15 19.720118
5 2 22.601200
6 0 26.321283
0 13 20.288639
0 22 22.131117
1 5 28.708729
4 13 21.653133
6 2 22.790642
6 21 22.195665
2 0 28.708729
2 5 25.740202
2 11 18.782562
3 4 4.216828
1 12 26.247419
6 2 24.246489
1 8 23.456566
2 5 26.317623
3 1 24.572424
3 6 27.292002
4 1 24.672462
6 7 23.891613
0 2 22.114260
6 22 24.132607
0 3 23.152946
2 15 6.226690
2 15 11.872455
2 16 5.673984
2 19 25.399952
2 23 21.726603
3 3 23.800657
3 21 20.593973
6 1 44.428181
0 18 23.348202
0 21 27.176807
1 0 37.105572
1 4 29.222952
5 5 26.346462
5 9 23.209639
6 10 23.893700
2 0 28.131422
3 3 25.678095
3 5 27.036711
5 19 20.925413
5 22 22.211109
6 21 20.253443
1 6 24.701023
0 3 29.675972
1 1 24.024513
6 15 19.746708
0 1 24.267437
0 13 22.212679
0 20 32.738071
1 4 21.166626
0 9 26.566319
0 14 23.905695
2 5 23.970659
3 16 16.921141
5 0 23.974846
6 6 25.694555
6 19 25.132284
1 21 24.886253
2 10 20.491632
4 2 27.528538
4 6 29.505804
4 17 4.284340
4 17 3.893508
5 5 29.511951
5 7 25.916849
5 13 21.942558
0 20 23.912910
1 5 30.252876
2 7 24.662392
3 3 27.574217
3 5 30.021202
5 14 15.216834
0 6 21.514164
0 7 21.463892
0 9 23.666401
0 8 22.855700
0 21 20.762632
2 7 22.482599
3 20 8.107857
4 20 21.801960
6 16 25.947031
2 0 22.714563
2 7 14.411716
2 12 9.565145
2 21 19.350418
3 12 22.843552
3 16 16.952257
3 21 21.785555
4 8 22.195665
5 9 14.433713
0 1 22.595125
0 5 24.374052
2 14 16.295940
3 2 20.692293
5 15 10.670704
6 1 24.757433
6 10 22.663979
0 2 24.143288
1 9 19.135679
6 6 25.508818
0 6 27.398676
0 8 25.500053
1 2 20.031668
1 8 7.027287
1 8 5.908843
1 13 20.763210
2 21 19.426826
3 23 25.969179
4 0 44.626934
4 1 24.402424
5 6 26.801222
5 13 10.385844
5 23 23.252550
1 4 26.402443
1 14 22.014318
2 4 27.480206
2 12 19.764454
5 3 26.403864
0 6 22.754229
0 7 28.419573
0 11 17.885237
1 6 30.756908
1 8 23.359892
1 11 24.860144
2 8 21.403769
2 21 20.208891
3 5 26.571518
5 4 19.116472
5 16 13.196315
5 23 21.956554
6 2 21.726603
6 17 14.835422
0 4 28.803596
1 5 30.909267
6 9 25.997364
6 10 18.710043
0 1 20.578463
1 8 4.948186
1 9 18.811499
1 14 23.258051
1 19 22.374853
1 20 20.948042
2 4 23.803743
2 11 12.744385
4 11 25.387819
6 2 25.414167
6 7 23.203781
6 10 23.530111
6 14 18.672689
0 0 25.740202
1 4 26.684875
1 7 25.930202
1 10 21.428415
2 15 19.392002
3 6 27.712091
3 11 24.327856
3 23 22.067652
5 13 13.871388
6 0 25.824074
6 11 19.951641
1 10 11.724251
1 11 18.477345
1 13 26.955242
2 7 23.695047
2 21 23.678499
3 19 12.936130
4 7 22.400705
4 11 43.408169
4 22 27.669498
5 0 23.242622
5 19 20.735222
6 9 25.672096
6 10 28.208492
1 11 20.349342
1 5 25.769789
1 7 18.389685
1 17 15.314318
3 10 12.416704
3 19 20.847996
4 12 16.393456
5 11 24.502523
6 9 22.365696
6 11 16.518578
6 17 14.778764
6 18 21.741823
2 10 20.351286
0 1 25.629709
0 9 20.501186
2 6 23.280689
2 12 22.202787
5 6 21.125429
5 10 3.504918
0 1 23.880259
0 8 20.159803
3 2 25.065147
6 2 31.070112
1 1 24.682980
1 20 20.488306
2 10 21.908543
6 2 23.730492
6 7 29.243401
0 18 15.953756
1 22 14.385551
4 23 20.686457
6 5 25.275656
0 15 16.719736
0 23 22.247667
1 4 20.032614
6 8 19.030424
6 15 23.197357
4 0 22.179190
5 10 20.851170
6 12 20.553415
6 13 21.428415
1 3 25.914553
1 12 41.745560
1 15 20.233437
1 21 23.592144
2 8 18.790520
2 10 21.403769
2 21 22.577032
3 10 16.247782
4 6 23.712118
4 10 34.746494
5 7 25.947342
5 15 20.840755
6 2 22.318110
1 6 22.652334
1 13 26.495071
1 23 23.400391
2 0 26.480927
2 6 24.502523
2 7 20.196938
2 10 27.603691
3 15 24.100842
4 22 21.403769
5 13 16.282017
5 15 7.027287
5 15 3.531187
6 8 20.006031
0 21 23.530983
1 0 31.304123
0 11 25.019148
0 12 24.098234
1 6 33.552883
3 21 21.398935
5 14 23.783312
6 6 27.392225
6 15 20.910147
0 2 22.707796
1 0 20.303343
1 2 22.050617
2 1 17.312681
2 6 25.598755
2 7 25.020685
2 9 26.145536
4 7 19.417835
4 12 21.403769
5 2 22.774200
5 10 19.724138
6 2 23.112078
0 13 19.435081
1 8 18.347206
1 14 13.032431
2 6 23.512226
4 8 16.607273
4 14 23.995867
5 9 17.997068
6 5 21.497753
1 5 29.738916
1 7 22.262522
0 12 19.759367
0 18 15.437096
2 11 18.059702
5 2 17.050625
5 23 20.505718
6 2 24.610933
0 0 24.449886
1 13 14.164486
1 17 18.359888
2 6 19.334997
3 20 26.256599
5 0 25.351011
3 1 18.202444
1 1 16.355099
1 5 27.163460
1 7 21.497629
6 3 24.067278
0 17 6.486726
0 17 11.349854
2 1 15.370007
4 1 24.672462
4 2 25.545679
5 7 25.744293
5 14 5.735773
5 20 23.790678
6 3 25.347334
6 7 21.689131
6 9 23.959461
6 13 19.603949
6 16 17.044420
1 16 22.172495
2 16 17.594639
5 0 23.188107
5 15 14.933646
6 7 25.290129
0 6 23.951107
0 8 25.332539
0 12 20.087942
1 7 20.967840
1 17 9.435019
1 22 28.886934
2 7 14.887008
3 4 24.563961
4 4 20.169559
5 1 28.294752
5 14 17.588488
6 2 20.303343
6 13 10.269234
0 2 18.566374
6 5 22.117571
6 6 18.783997
6 7 7.027287
6 7 33.165356
0 11 27.878349
0 12 23.119238
0 23 23.612467
2 2 26.535706
2 4 26.304523
0 22 17.870535
2 6 24.125666
5 10 20.300465
5 22 24.824926
0 22 18.297020
1 15 15.257383
1 18 13.851322
1 22 20.601332
2 19 21.725920
4 5 21.720907
4 14 4.517998
0 5 24.563961
6 5 44.831558
3 11 22.726875
4 14 18.297020
5 8 22.554882
5 13 17.786329
6 5 20.109743
6 8 21.403769
6 12 17.946074
6 17 22.415480
0 1 15.459923
2 7 20.489712
2 11 20.711861
3 23 42.439026
4 6 26.627293
0 6 24.733320
1 10 5.623518
1 10 40.011959
5 10 21.815596
6 15 26.818153
0 3 35.476467
1 5 25.568054
1 10 21.753323
6 20 21.713154
0 19 19.245607
1 4 26.392467
1 19 4.461439
1 21 28.297895
2 23 21.479675
3 6 24.548784
3 22 25.184044
4 11 21.619421
6 11 20.185822
6 14 20.528191
0 14 20.256924
1 6 24.192667
1 13 23.250603
3 6 21.999046
3 11 21.323088
4 0 18.202444
4 10 18.611973
5 5 25.521671
5 9 18.392044
2 22 20.183508
4 10 15.806771
4 21 21.166323
5 7 22.946745
0 15 23.793415
1 3 24.972874
1 6 22.961033
1 8 22.280983
2 0 23.111794
2 1 21.754988
6 12 31.136438
0 4 22.040831
0 20 17.273945
1 5 12.402306
1 12 18.477345
3 1 29.995592
3 14 18.723467
4 7 26.911345
6 6 31.879583
0 3 22.742456
0 7 22.830805
0 18 16.830511
2 15 20.841959
4 3 10.208005
0 2 22.188730
0 4 30.100405
0 18 17.997068
1 2 30.759352
3 8 21.540760
4 3 22.195665
4 22 13.574306
5 3 25.832401
5 6 32.073696
5 12 20.909994
5 22 20.839512
6 4 23.023090
0 3 22.742456
0 2 22.114260
0 5 24.923672
1 6 24.973360
1 20 21.079548
2 0 27.033171
2 13 16.633654
2 18 13.414124
3 6 19.242388
4 21 34.956570
5 4 26.067188
5 5 24.334934
6 5 24.289339
6 6 23.833429
6 7 20.936644
6 8 23.592144
6 18 21.708639
6 22 20.453632
0 3 19.242388
0 21 27.738705
0 22 28.772791
1 3 31.219147
1 4 25.516644
2 21 27.332083
3 5 28.031633
3 14 20.931807
3 15 17.997068
4 5 27.458807
4 6 21.585016
5 5 26.097027
6 0 10.209618
0 10 20.033430
1 19 37.119915
2 5 26.346462
2 6 24.289806
2 19 23.494572
3 5 27.091856
3 7 22.014318
3 8 21.403769
4 6 25.761106
4 18 10.438156
4 23 23.044001
5 6 25.521671
5 16 9.158875
6 7 24.525860
6 9 19.188482
6 17 24.246489
0 7 27.889990
0 10 23.843187
0 15 20.488306
0 22 22.247667
0 23 26.871237
1 1 33.798000
1 5 30.479294
1 6 27.886297
2 23 22.024326
3 0 25.186522
4 1 26.243685
5 0 25.546270
5 6 27.712091
5 18 7.820678
5 20 7.888319
2 22 21.899370
4 12 22.318110
4 23 23.749849
5 20 18.374683
6 0 24.209784
6 21 21.320518
1 21 23.548651
2 10 15.784240
3 1 28.201206
3 13 19.140919
4 10 21.128820
0 1 27.375200
0 18 6.475286
0 18 1.738723
6 4 23.175325
1 0 26.823931
1 12 14.540254
2 20 16.155663
4 0 22.179190
4 7 29.100510
6 5 23.875450
6 20 20.354305
1 5 24.781746
1 11 24.722399
1 22 14.310311
2 23 19.163172
3 11 28.323784
6 23 44.561275
0 2 21.043129
0 7 23.740900
0 15 34.592880
0 20 25.690622
1 1 25.010286
2 17 6.792753
2 17 4.095641
2 23 27.957121
3 1 27.227673
3 21 19.861959
4 3 20.065561
5 14 10.642889
6 4 26.499987
0 4 23.230116
1 8 25.519567
6 4 23.929813
0 9 37.460041
0 19 38.567963
2 23 29.968033
3 14 20.183508
1 2 21.183630
2 23 29.307014
4 14 32.948021
4 21 23.097229
5 2 25.996025
6 4 22.365696
6 19 20.065561
6 22 22.604021
1 3 26.390957
2 22 21.183630
3 4 25.522606
3 19 17.756634
5 4 25.682520
6 9 22.379002
3 7 21.294157
4 6 23.232887
5 15 6.226690
5 15 2.016297
1 4 24.269548
1 11 26.178547
2 4 21.707508
0 3 17.568487
1 4 26.488335
2 23 21.206158
3 2 26.051962
4 1 21.584745
6 1 41.817089
6 7 24.502523
0 1 25.741739
0 2 17.195408
0 5 25.855337
0 15 19.824057
1 2 23.530983
1 8 12.627981
6 4 21.952238
0 12 19.540684
2 14 6.912086
2 14 34.829437
2 16 12.936130
3 13 19.340534
3 15 8.382699
4 10 14.311758
5 22 18.820728
0 16 17.084925
1 7 24.502523
1 22 25.344650
2 4 29.738916
0 2 21.446985
3 5 24.052320
3 11 20.792830
3 20 21.337704
5 0 7.211266
6 2 22.753719
0 5 27.844391
1 2 16.711517
1 20 26.725470
3 14 26.835827
4 3 26.412527
5 0 7.269607
5 15 8.242988
0 2 24.563509
0 5 28.109604
1 4 20.104151
1 5 27.925732
5 14 24.502523
6 4 25.197128
6 12 38.591248
0 5 23.348202
1 4 24.192562
1 5 27.920288
2 0 15.662634
2 2 25.761106
4 3 25.516644
5 4 23.450729
0 4 25.120358
0 9 24.509281
0 23 19.651939
6 11 19.852631
1 1 22.127441
1 6 22.974022
1 7 20.735941
5 10 20.826807
5 13 21.368830
5 21 24.429974
1 2 27.712091
1 17 22.443407
2 7 22.647339
3 2 15.380159
3 8 19.469976
6 5 26.899248
6 7 15.695766
1 1 30.059029
1 13 29.898333
3 1 20.505718
4 3 22.195665
4 7 23.152946
4 8 22.848467
6 22 3.504918
1 2 22.125456
1 5 24.502523
1 9 21.142445
1 11 11.419526
1 20 27.145994
4 9 21.040590
6 6 24.100842
1 22 26.615026
4 20 25.403925
0 0 21.824343
0 13 21.427137
1 11 22.570988
1 17 7.974290
1 20 28.579384
4 2 23.737339
5 1 25.211767
6 1 26.725470
1 10 21.509317
1 21 21.075874
5 20 12.014978
1 16 19.389278
2 6 23.219572
5 0 24.502523
5 2 20.043787
6 20 24.365709
3 1 20.756451
3 17 17.997068
4 1 44.893009
6 0 16.186069
6 12 14.768780
6 21 24.854092
0 23 24.025623
1 14 22.247478
2 16 8.992350
5 11 42.729584
5 12 20.695608
5 19 17.523985
6 20 17.802128
4 5 25.577219
4 15 11.701550
5 14 20.154980
5 15 14.853796
6 23 8.267396
6 23 26.390736
0 3 23.530983
1 20 31.803759
2 20 29.349056
3 14 23.145229
4 6 22.964329
5 2 24.067400
6 13 23.510561
1 0 23.631760
0 20 22.953100
1 6 26.521864
2 13 17.340223
3 8 6.862122
5 12 17.081293
5 16 6.912086
5 16 5.078425
0 2 24.209784
0 17 15.393601
1 14 18.297020
2 23 13.574306
4 18 4.916456
4 18 1.932275
4 18 1.257622
4 23 15.782490
6 1 13.719660
6 15 23.202808
6 23 22.252604
0 9 26.678181
0 16 1.712828
1 8 19.927979
6 4 28.181787
6 9 11.485186
0 7 26.230738
1 3 28.110542
2 19 26.247419
3 2 26.626661
3 23 22.791149
4 5 25.521940
4 16 4.210896
4 16 3.751364
6 1 19.824057
6 11 24.195478
0 0 21.474119
3 2 24.872124
0 6 24.502523
0 9 30.671007
0 10 42.686455
0 12 22.159369
1 5 25.234613
1 14 24.674664
2 21 19.799976
6 3 24.502523
6 14 14.293354
0 1 20.413841
0 4 27.257795
0 18 11.302989
1 4 20.540888
6 15 24.127743
0 9 22.820007
1 0 30.252876
1 21 31.981724
1 23 24.774206
2 20 23.944788
2 21 26.757172
3 23 21.198814
4 6 19.247690
4 20 22.448965
5 8 20.881348
0 2 19.130457
0 22 23.712118
1 19 23.791761
1 21 25.546717
2 0 24.241507
2 23 25.338938
3 22 21.181610
4 22 34.700893
5 15 14.649062
6 2 22.536781
0 3 22.651060
1 0 23.844364
2 0 25.873301
2 18 17.451595
2 23 31.937311
3 20 11.224364
4 22 21.352108
5 2 23.169500
5 12 19.140919
6 3 16.571951
0 3 21.590748
0 13 28.135582
6 12 16.912144
0 14 21.062910
1 5 25.687334
2 11 32.958591
3 7 24.217382
1 14 7.939561
2 4 12.259334
2 5 22.559059
2 7 25.347437
2 8 15.910452
2 12 21.717585
4 5 27.585701
4 22 26.633833
5 11 23.335735
5 22 15.404163
6 3 26.461603
6 5 24.291927
6 15 20.422300
1 4 27.654198
1 19 24.308985
3 14 18.280304
5 9 23.577696
6 14 20.158691
0 5 27.288343
0 6 19.692875
0 19 21.882950
0 22 27.413153
1 4 21.986147
1 22 17.924049
1 23 22.517687
3 1 28.430706
3 8 12.294748
4 7 21.308378
5 0 25.083672
6 7 23.145229
0 9 22.463985
1 5 25.396637
2 3 22.195665
2 6 24.375305
2 10 21.081934
4 6 18.856998
4 19 5.248105
4 19 4.336514
4 22 23.452314
6 4 21.785555
6 16 20.146336
2 4 20.945072
6 15 20.004293
1 9 5.908843
1 20 27.712091
3 6 27.257795
3 13 29.129019
3 19 25.248903
5 0 23.562422
5 7 21.540363
5 14 12.463655
6 0 20.527803
6 19 24.257952
0 1 29.738916
0 8 22.938007
0 9 29.373999
1 3 21.428921
1 15 21.804436
1 21 19.264013
4 5 28.448479
5 13 24.273375
6 2 24.636168
1 6 29.557426
1 22 27.375427
4 2 23.452314
4 23 21.788609
5 22 8.831773
0 3 23.274822
0 5 20.353800
0 8 24.770060
0 15 18.402975
1 7 18.297020
0 3 24.382727
0 19 20.079187
2 6 21.766544
2 20 27.782640
3 3 24.100842
3 6 19.563437
4 1 26.818153
5 9 20.160057
6 3 20.222160
6 11 12.652882
6 17 20.473097
0 0 17.043859
1 1 26.757557
1 11 25.049662
1 23 20.589394
2 8 15.439605
2 11 23.666277
2 22 20.881029
2 23 22.771919
4 13 21.285460
4 15 23.461988
5 6 26.543749
5 14 18.742977
0 1 16.542511
1 4 19.823574
2 10 18.663876
3 4 25.520716
4 12 22.693884
4 18 5.798763
4 18 1.964113
4 21 19.756329
6 0 15.842398
6 12 20.159233
0 9 19.752718
0 11 30.016411
0 13 21.239571
0 16 22.570568
1 3 19.824057
1 5 23.220465
6 8 27.849775
0 21 21.300306
1 9 3.209996
1 13 22.014318
2 5 26.793013
2 6 22.930805
2 11 23.793415
0 7 20.819632
1 7 25.509165
1 20 22.652334
2 8 21.427137
2 9 21.173920
2 21 26.247419
3 5 16.990042
4 11 22.457800
5 14 17.706793
0 16 24.525059
1 9 42.828045
1 10 23.849005
2 3 23.619244
3 19 10.385384
4 3 23.335672
5 13 21.173920
5 15 6.585036
5 15 3.177757
6 2 23.033308
6 7 27.130386
0 0 41.246704
0 17 21.790310
0 19 21.214703
1 5 27.125710
0 9 35.308891
1 7 22.279732
2 5 27.038399
4 5 25.562469
5 17 6.912086
5 17 4.064464
6 1 26.876301
6 4 22.956482
6 5 36.649441
1 0 44.502861
1 19 21.804436
2 5 25.516644
2 6 27.170895
2 17 7.102249
2 21 21.728149
3 6 25.296406
4 6 30.231373
4 10 23.190086
4 12 23.349566
4 23 22.105944
5 6 28.305853
5 21 21.602987
0 12 22.595798
1 1 20.047182
1 5 12.463655
1 5 25.304449
1 7 25.710405
1 22 24.025623
1 23 24.809952
2 5 32.516014
2 12 36.876369
2 22 19.572443
3 6 26.286022
3 12 21.809881
3 15 29.485825
4 1 28.439707
4 5 22.896206
4 15 17.366131
5 5 24.886253
5 6 23.258043
1 2 24.100842
1 5 29.649862
1 6 21.986147
6 8 19.030424
0 2 22.570568
0 20 26.247419
1 5 25.599018
1 8 8.908225
1 10 27.170895
1 17 7.027287
1 17 3.531187
2 5 24.875412
2 5 28.627769
5 4 13.491776
5 5 26.624809
5 18 35.718388
6 17 24.536688
0 0 27.047358
0 4 29.756927
0 20 24.013983
1 6 23.632315
2 16 12.348939
3 3 25.364082
3 14 18.977776
4 9 19.933084
4 23 14.393238
5 5 26.247419
5 19 10.095985
6 20 15.011757
1 5 28.694061
0 0 24.194094
0 6 25.521671
1 22 26.096945
2 13 22.823694
4 10 24.417749
5 15 5.540100
5 19 16.751558
1 6 23.696913
6 3 20.959892
1 3 26.190458
1 9 4.476843
1 22 21.956692
2 0 16.992268
2 3 23.297396
6 10 17.602602
0 3 24.327856
1 19 24.563961
2 8 17.801804
0 16 17.640505
1 9 18.054844
3 13 23.929813
4 18 6.745888
4 18 4.728827
5 12 18.927952
6 18 18.297020
0 1 20.368614
1 5 24.757433
1 13 25.719688
3 0 26.201784
4 4 19.823574
6 8 24.723621
6 11 23.948582
6 16 18.297020
1 19 29.803984
1 21 16.425119
0 4 27.124956
0 5 26.681492
0 21 22.383059
1 7 19.096518
2 10 18.428654
4 5 24.100842
4 5 34.116833
4 7 23.488707
4 11 20.842890
5 1 43.154762
5 10 7.481162
5 10 37.735580
6 6 22.331602
6 9 8.676829
6 19 18.174437
0 3 22.889496
0 16 24.165365
1 0 23.795437
0 19 21.183630
1 10 20.988102
2 15 12.701272
3 8 8.342028
3 14 19.337242
4 1 22.108973
4 3 23.400391
4 17 4.793374
0 5 20.491192
0 7 21.043011
0 9 22.548712
0 10 17.997068
0 12 20.897276
0 22 17.387978
1 15 30.627153
2 1 13.805286
4 8 21.815596
4 20 28.237181
5 8 11.551674
5 12 18.460606
6 3 25.577242
6 21 19.620077
0 1 10.135941
0 17 23.738525
1 1 22.975306
3 2 22.365696
4 20 15.152617
4 21 17.785337
5 12 19.465340
6 7 15.540510
6 19 19.185694
0 2 26.974709
0 1 18.538988
3 17 12.799609
4 6 18.501740
4 15 9.051907
5 0 20.497871
5 18 8.444505
6 20 23.494572
1 5 24.391117
1 7 20.509348
1 13 23.494789
4 1 25.400879
0 13 20.526136
0 21 23.078495
1 6 22.192608
1 8 19.328966
0 11 24.462561
1 3 26.532501
1 5 22.953100
2 5 22.882257
2 9 18.087690
2 11 20.157103
3 5 25.761106
3 9 8.971004
3 9 39.683189
6 2 22.264616
6 6 26.220791
6 12 42.597141
0 3 19.027224
1 5 20.894272
2 0 12.039813
2 5 41.658703
2 5 24.973360
2 8 21.376701
3 6 23.530983
3 11 8.278009
5 5 24.502523
0 6 25.528399
1 5 19.388969
1 9 16.405735
2 6 19.860416
3 5 21.939291
4 5 24.405666
4 9 21.489244
4 10 4.863583
5 0 26.351294
5 18 10.438156
6 2 24.502523
6 17 21.075874
0 0 9.568031
0 2 22.637707
0 8 26.637732
1 5 33.300072
1 9 19.878286
2 20 12.039813
2 21 22.974022
2 22 22.480671
6 4 20.441935
6 5 24.292618
3 7 17.920277
4 0 24.651209
1 0 23.341467
1 16 15.927711
2 2 23.006575
4 5 20.310827
5 5 24.771982
5 13 14.702130
5 15 10.359308
0 22 17.373356
0 11 37.151402
1 0 19.680189
2 1 23.538828
2 9 21.693333
3 13 26.582647
3 22 27.888813
0 23 25.397623
1 1 15.040418
1 6 20.169559
1 17 24.255243
2 8 23.271364
3 14 22.321220
3 16 4.950067
4 14 21.869040
4 16 10.872526
4 23 19.937756
5 2 26.247419
5 5 23.538828
6 2 22.275021
1 0 23.530983
2 20 24.391117
3 12 24.025623
4 12 12.829108
5 7 15.893142
6 17 24.391117
0 8 24.497290
1 9 24.484964
0 15 16.718500
0 23 19.819374
3 1 26.559500
4 0 33.533035
6 2 25.631138
2 14 20.881001
2 18 4.329713
2 20 19.447714
4 20 21.905069
0 2 20.066874
0 21 26.201048
1 6 25.662319
1 8 19.749029
2 6 25.521671
3 22 23.680540
6 5 24.502523
6 15 17.452881
6 21 25.829910
5 7 23.631760
1 8 23.905729
1 18 8.107857
4 23 21.693333
5 3 22.075481
1 0 14.858723
1 6 23.737339
1 15 10.520424
3 7 18.577093
3 12 23.937792
6 13 20.741863
6 18 20.972017
2 6 21.100710
2 11 24.662893
3 20 17.340223
4 14 19.823574
5 6 17.913277
6 6 27.896366
6 19 19.140919
0 6 26.676210
0 7 24.149204
1 7 19.550148
2 21 21.709454
3 6 21.512573
4 14 19.140919
5 19 10.877047
6 6 25.065863
6 11 19.615690
0 19 24.558491
1 18 8.676829
1 19 23.095230
4 1 44.413151
4 3 25.025299
5 0 23.916172
6 3 25.278696
0 8 20.346165
0 16 21.403769
0 21 41.972404
1 1 23.183146
2 21 22.648335
2 23 36.109344
1 1 22.679268
3 2 22.277050
4 20 21.406727
5 1 23.982336
6 2 25.980085
6 3 22.251318
4 1 15.985721
5 14 43.338306
6 1 23.202808
6 9 18.444593
0 3 21.720907
1 21 22.117886
1 22 24.274521
2 2 23.098671
4 21 19.228807
5 6 22.365696
5 11 22.247667
6 14 19.885338
6 22 22.291515
0 21 17.503416
1 6 11.649151
1 7 20.481737
1 11 20.831207
1 13 23.197155
1 21 22.492687
2 21 21.173920
3 11 21.427137
3 20 23.778154
3 22 21.403769
4 12 23.145229
4 14 23.811890
5 20 42.690617
6 9 23.107349
0 3 24.869520
0 19 24.487181
1 0 22.028158
2 1 24.691750
2 1 23.501415
2 10 17.065111
2 22 22.019720
4 11 8.267396
4 11 39.487392
6 16 23.542234
0 12 18.329441
3 0 22.355114
3 6 28.571409
5 7 24.502523
2 23 11.059240
3 21 23.867746
4 2 20.132549
4 17 6.912086
4 18 5.908843
5 0 23.150312
6 0 18.157108
2 1 25.138086
1 1 23.530983
2 21 20.225151
3 2 19.824057
5 3 26.604330
5 4 22.291515
6 0 11.529731
1 3 40.512684
2 2 26.725470
2 22 29.380424
6 3 23.812494
0 1 22.888096
2 1 31.281660
3 2 23.404169
3 20 22.553589
3 23 18.836367
5 1 21.653652
0 3 21.829428
0 12 27.448193
1 0 9.584568
3 7 7.617983
3 7 2.785501
6 4 21.353561
0 4 24.175808
1 3 27.781187
3 22 24.502523
4 12 15.419798
5 0 22.652334
5 1 26.403864
5 5 25.098164
5 7 20.406797
0 7 20.814457
2 0 24.911869
3 5 29.015387
5 3 23.127909
5 6 24.167768
5 7 23.770674
6 3 21.708639
0 3 22.643681
0 23 28.681599
1 7 24.884357
6 10 14.317083
0 8 23.963720
1 10 15.661294
4 17 9.794183
4 21 19.582432
5 4 24.482355
0 7 12.899800
0 18 20.102854
1 22 26.212059
2 1 23.425060
2 4 26.684875
2 13 22.652334
2 17 4.998397
2 17 5.121663
4 19 23.118778
4 21 20.113031
6 14 22.157267
6 21 21.427137
1 23 23.712118
5 22 21.237398
0 2 22.028950
6 19 9.993398
0 5 13.873710
0 10 28.938562
2 21 24.973360
5 3 24.563961
1 22 22.191101
5 0 26.146173
0 23 25.347437
1 22 25.325092
4 2 22.010910
5 3 22.653587
6 23 22.620436
0 2 22.997442
0 19 16.193172
0 22 20.425459
6 11 19.242388
0 9 23.197853
1 3 26.247419
1 14 21.403769
3 21 22.352987
4 7 22.391060
4 8 21.540760
4 11 22.276072
5 11 18.292030
0 23 28.440649
3 5 25.275656
4 3 32.186996
5 2 25.181156
5 5 28.093704
5 6 25.346422
5 12 30.215578
0 21 21.326008
1 13 19.604383
1 15 21.644222
1 20 24.217104
2 6 21.183630
4 1 20.891846
4 13 21.487953
4 14 17.610968
5 7 21.880020
5 16 10.301068
5 21 23.357897
6 14 40.162437
0 3 29.222952
0 14 17.020836
