6 20 5.877820
1 21 17.975094
2 13 11.809766
3 22 18.950014
3 9 6.805646
3 10 4.884422
3 18 9.359300
5 0 5.084289
0 0 7.924907
5 9 6.651160
6 18 3.558234
1 22 11.345848
2 1 7.096931
2 14 7.397561
2 9 5.347831
2 21 11.929296
6 17 13.373255
4 11 10.996361
4 22 5.685669
5 3 4.120141
5 9 6.127414
5 13 8.800304
6 12 4.053687
3 8 5.676749
2 11 7.821880
6 13 8.232383
1 18 5.035437
4 21 5.208367
6 20 23.798531
2 13 4.884422
4 9 8.929927
5 14 8.798800
4 10 19.062475
4 23 3.854753
5 14 7.344859
5 20 7.050560
0 21 10.241319
0 11 4.205185
4 10 3.007937
0 21 5.168736
1 21 5.271869
3 11 6.276718
5 13 7.208229
0 16 28.002466
3 10 7.405211
6 22 21.002089
0 7 7.961909
0 8 10.147814
1 11 6.758284
3 9 3.854753
5 21 13.288998
6 15 14.181572
1 10 8.566169
1 8 32.656662
3 5 12.502619
4 6 7.135717
5 12 7.244734
3 8 8.467399
3 13 5.271869
6 15 9.293995
1 13 5.676749
1 15 3.791561
2 23 9.497229
6 23 5.185445
0 10 5.108862
0 11 7.056065
0 12 7.907210
0 18 9.967424
1 3 10.349545
3 13 17.011776
6 22 13.798190
2 19 8.270155
6 9 9.321196
1 23 15.366606
3 12 10.231572
5 1 5.823043
5 19 9.878049
0 2 7.167074
1 8 2.241297
2 22 4.940135
6 13 11.015574
2 21 6.513290
5 18 8.204350
0 3 10.253315
2 11 5.676749
5 8 10.675018
5 12 8.848992
1 21 7.421641
4 13 3.920088
4 21 8.846803
0 11 7.093352
1 13 9.355636
2 23 9.041506
5 11 4.739756
0 3 9.536731
1 1 4.853283
3 14 7.087108
5 22 8.925103
1 12 4.928012
3 15 7.405211
4 10 20.980827
5 9 4.183305
3 11 8.702761
6 19 7.697526
2 14 9.293995
3 7 5.321952
4 10 2.521459
5 8 10.735911
5 12 6.835579
5 14 7.731567
3 0 5.728615
3 13 16.288641
3 13 10.431382
5 7 5.136580
1 10 8.101807
1 13 6.092668
2 8 6.758284
3 11 6.227094
4 10 5.020828
5 9 5.271869
5 9 6.641006
5 10 1.534652
6 12 7.660563
6 14 11.168377
4 17 6.294848
2 20 9.390892
4 1 11.037874
6 22 8.906549
0 0 18.269588
1 7 9.681747
6 22 13.500083
4 13 10.378048
2 9 7.697636
2 15 4.120141
3 13 7.889848
3 14 6.828450
3 14 7.253572
3 18 15.502210
4 8 6.586109
5 12 8.110837
6 19 20.175728
1 21 9.452272
2 21 3.293783
4 14 6.835579
5 15 6.532137
5 19 9.494432
3 18 6.920206
3 20 5.665999
6 15 12.433845
2 20 13.135050
5 10 11.210310
6 1 8.598843
0 13 9.676187
2 13 19.074127
5 21 10.605239
5 21 4.188810
5 23 10.183991
4 10 3.938391
2 11 7.731820
5 20 11.882181
6 22 8.163125
0 11 9.054991
0 15 8.836214
3 12 1.519228
5 13 7.718336
3 8 8.876801
4 19 12.865150
5 15 4.508698
1 13 5.866410
0 0 15.578772
6 10 4.055284
5 9 5.316415
3 21 4.188810
5 5 11.835071
1 3 5.271869
5 17 5.271869
6 1 8.953555
0 11 14.057918
2 15 7.293709
3 13 6.666409
3 14 5.872499
5 0 7.969959
5 9 13.256549
0 11 10.279403
2 23 10.351498
1 7 8.566169
3 15 6.186951
3 22 6.812099
0 1 5.982180
0 17 7.058459
5 7 7.480358
2 12 17.759842
2 23 26.278265
2 23 17.823290
3 20 12.887729
4 16 4.188810
5 10 15.858548
5 11 5.676749
4 8 6.911990
4 9 4.397208
5 20 11.482430
6 21 3.730407
3 8 5.335642
3 14 3.401253
1 9 9.967635
4 0 6.758284
5 0 5.583687
6 22 3.271082
6 23 6.647492
2 13 5.778877
0 17 7.286525
0 18 11.671879
1 15 14.931331
2 15 21.060001
3 11 4.508698
3 21 11.742429
4 2 9.344912
4 3 8.467399
5 23 19.691956
4 10 12.009215
5 22 6.191550
1 10 29.633669
2 9 7.346319
4 18 3.010172
1 20 8.006642
4 23 19.111921
0 3 5.634704
2 21 3.206018
3 12 13.718763
3 13 5.557611
6 17 9.214103
1 17 14.348233
4 14 6.500408
5 22 3.671194
6 23 8.425740
0 19 8.906549
4 14 6.202199
1 11 9.658971
0 3 5.975525
2 22 8.184543
3 21 8.883314
6 22 5.975525
3 14 3.791561
3 18 4.403479
5 19 7.834517
5 22 7.924907
0 23 3.834632
1 13 6.083650
2 20 7.056065
3 14 7.445238
3 16 8.005695
5 11 9.031815
0 3 5.583687
2 15 12.896322
3 13 7.833966
6 17 10.203992
2 10 35.197769
2 17 6.026552
3 8 6.111879
3 14 6.665992
4 22 20.783417
6 19 13.276813
3 12 10.103465
3 22 8.467278
6 19 6.454093
1 8 8.311922
1 12 7.009093
2 8 7.845414
2 18 8.208367
0 22 5.321952
1 7 6.805646
3 4 9.365980
3 15 26.152328
5 12 5.369298
4 8 8.266755
6 11 9.141635
3 13 5.083655
1 10 6.426741
6 0 4.196565
4 15 4.884422
5 16 12.300488
1 9 5.185445
1 19 7.208154
5 5 9.178039
6 12 3.497640
1 10 10.771318
2 23 17.838314
3 14 8.433121
0 15 4.967209
6 17 12.029698
6 18 7.288768
0 19 18.692318
6 22 9.641127
6 23 16.023050
6 21 6.426741
3 23 2.281173
5 17 5.507992
2 12 8.302438
1 12 5.008896
1 0 8.751453
1 21 4.374110
0 22 4.620569
0 22 8.988387
3 14 8.836214
6 0 4.884422
6 2 21.545637
5 18 8.720490
5 19 15.861392
6 1 6.220749
2 12 15.150022
2 15 6.663458
3 2 5.726085
0 1 8.971593
4 14 30.518764
1 21 23.216921
4 23 14.316875
5 10 6.934977
0 1 20.110376
6 17 7.405211
1 6 15.502210
2 1 12.222142
2 21 19.976562
3 8 9.393894
3 8 9.630437
4 1 5.884112
5 23 9.346082
4 13 7.105082
5 2 5.726085
6 3 7.056065
6 9 10.694797
6 20 6.942385
0 13 5.158544
3 6 11.546179
6 2 8.139124
0 5 5.185445
3 22 6.946503
5 17 17.531103
6 19 15.617869
0 1 6.192547
3 13 6.125753
4 3 16.479599
4 23 10.592727
6 7 7.520420
6 9 6.567766
0 5 5.676749
0 7 4.368734
0 13 11.362906
0 19 8.185106
1 19 5.875191
2 5 7.050560
5 13 4.888767
5 18 1.729001
1 19 9.886241
2 7 7.924907
0 7 7.816375
3 5 7.833955
3 11 15.502210
4 19 4.297053
5 4 5.266088
6 17 6.694078
0 20 3.839793
2 1 4.620569
3 1 5.676749
5 2 7.480358
6 0 2.161150
6 3 5.772965
6 15 3.938391
6 23 1.263559
1 22 4.387518
3 0 2.958627
4 1 8.055241
5 20 10.148486
6 21 1.918294
6 22 44.643147
2 1 5.676749
2 12 2.164472
2 21 10.575637
3 0 3.688409
4 2 8.172356
5 2 1.429737
5 21 6.307498
0 3 8.370846
1 1 7.899077
1 14 3.920088
4 20 13.714472
4 17 4.183305
6 0 11.540878
2 23 5.160681
4 14 13.218426
6 5 7.619464
3 8 6.678528
4 2 10.088655
1 16 16.122757
0 8 6.283326
1 2 10.045015
1 19 2.257474
0 17 9.069433
4 9 26.695339
0 10 2.792540
4 17 4.620569
6 3 9.768617
3 15 16.464766
4 14 5.746379
5 13 5.935809
1 9 7.907233
5 13 4.916127
0 7 7.697526
0 21 8.916319
0 21 8.380586
1 15 8.380586
0 10 7.697526
1 0 3.854753
1 0 7.605031
1 1 5.726085
4 13 25.076746
2 17 8.711358
4 10 3.806043
5 13 6.456888
6 8 5.129155
0 14 8.608965
1 3 9.141635
2 1 2.017168
5 23 8.109488
6 23 8.610210
5 18 2.406349
5 22 9.739676
3 10 4.608593
6 22 1.428556
2 10 1.657946
3 11 3.613831
2 1 10.605239
4 19 5.952875
6 21 11.375132
1 8 6.610040
0 0 10.062412
0 20 3.281386
2 12 8.758957
6 20 9.904109
2 15 7.085790
1 13 6.650599
5 23 9.735143
0 0 9.431072
6 14 8.590085
1 9 6.720062
6 21 19.314861
4 12 9.449000
6 16 4.967209
3 0 13.341991
4 20 5.967588
5 0 10.105701
3 9 6.327628
5 19 5.650238
0 15 5.328461
2 17 13.288193
2 18 7.021413
1 7 7.378896
2 14 8.473075
2 23 28.142035
4 12 9.575440
5 19 1.833789
3 2 7.719938
3 23 23.610437
6 21 9.483405
0 16 8.005695
2 11 6.135709
5 13 9.673428
5 22 40.187557
0 0 7.110800
1 10 7.983806
1 14 5.185445
0 1 6.805646
2 9 4.099399
0 12 11.937574
0 23 6.125753
2 14 3.807147
4 23 5.610919
5 11 8.371806
6 9 6.250951
3 20 8.720490
4 20 11.201403
6 6 14.984812
1 2 8.526955
3 1 13.290292
5 12 9.293995
0 16 9.796068
1 11 11.074916
6 16 13.007872
0 15 23.365929
1 12 8.708569
5 22 5.778877
0 1 7.984971
0 15 8.545897
6 3 21.548174
2 20 19.623892
6 16 8.471827
1 22 6.327628
1 23 24.783430
2 0 7.966604
5 11 4.622174
4 10 8.719712
5 14 4.884422
0 19 10.999154
1 6 9.518850
1 22 3.683188
3 7 8.589290
4 12 9.257530
5 9 5.676749
2 12 10.703309
5 12 8.091600
0 14 12.507392
0 8 6.547414
1 11 11.059587
2 22 8.266755
3 11 8.078412
2 13 11.275313
4 14 6.684304
6 20 8.526955
2 18 12.174542
1 10 6.832625
1 11 3.987676
2 20 8.376018
5 8 11.134009
5 19 8.141613
2 10 10.895354
6 20 19.925798
2 23 17.724508
3 10 5.676749
3 20 7.429600
4 3 4.853283
4 21 5.875191
5 9 8.768497
0 20 6.026552
1 22 4.188810
4 1 8.342008
4 7 35.469051
6 9 8.198179
6 22 9.293995
2 22 20.303402
2 23 21.305895
3 19 22.651987
3 21 6.164669
4 21 9.970755
6 12 8.688969
0 8 5.154051
4 2 6.232599
6 18 5.676749
2 11 9.504138
5 9 8.861554
5 15 24.515072
5 22 21.046671
2 12 9.434588
3 23 6.518598
6 10 9.696894
4 10 4.602769
5 3 5.676749
1 17 9.327940
3 9 9.293995
3 20 20.469238
5 7 6.082231
5 20 6.426702
6 22 6.951121
1 19 5.020638
2 20 9.794794
4 1 2.809494
4 19 5.676749
6 23 5.676749
0 17 6.896507
0 21 8.743741
1 21 5.676749
2 14 8.743741
2 19 4.148613
3 13 5.529535
3 19 7.231353
4 19 11.594961
4 22 5.772965
6 19 4.514351
0 12 4.884422
0 20 4.853283
1 0 7.810976
1 23 7.568286
1 23 7.406091
2 21 9.572467
3 2 8.947095
4 19 5.676749
5 15 8.637226
5 15 6.678528
6 19 14.356259
0 16 5.772965
3 8 4.423440
5 18 9.879204
1 22 26.069168
2 15 8.926110
2 19 35.744255
3 10 10.847754
3 20 9.739634
3 23 18.035698
4 8 3.684323
5 7 5.751130
6 11 10.272466
0 14 5.162974
5 20 10.392879
3 17 7.518521
6 1 5.583687
6 12 3.920088
3 20 7.472863
4 3 12.724048
6 9 10.951485
6 14 9.641127
0 0 5.726085
1 11 7.315659
3 13 7.697526
4 6 9.062775
4 8 5.653794
4 10 10.567481
4 14 5.026572
4 19 2.178840
5 8 7.475143
5 11 7.291763
1 10 6.426741
1 13 7.056065
3 14 7.352393
4 13 4.409274
5 10 7.845414
5 12 13.802984
6 10 12.550389
6 13 22.827513
6 14 13.687054
2 22 5.861307
0 22 10.705329
6 4 9.477407
2 20 3.882801
1 8 6.426741
1 15 6.788744
2 10 7.403064
5 10 4.836839
6 3 4.488011
0 5 7.480358
3 12 5.558968
4 21 6.640927
6 15 3.928729
0 1 9.369691
0 14 8.862412
1 7 4.274489
3 11 5.108719
4 8 6.396495
2 2 7.603633
4 14 7.605031
2 0 4.458556
3 15 8.966940
4 13 19.820589
0 10 7.596353
0 12 5.052851
3 10 6.543937
4 10 10.253315
5 13 12.059467
6 20 12.513843
1 22 9.604830
3 8 8.354801
4 8 11.523444
4 14 7.405211
5 6 9.728983
5 16 4.773721
0 23 20.853327
1 5 5.660616
1 6 8.566169
6 3 7.050560
6 9 11.889684
0 17 8.566169
5 9 6.326243
5 9 7.517534
3 23 17.064909
4 21 6.783820
5 10 8.140704
6 1 6.245934
0 10 10.652724
0 22 23.261765
4 23 16.761683
0 0 7.845414
0 16 4.411459
3 0 17.836342
5 2 9.855866
5 21 8.711358
0 2 13.462675
1 23 9.513576
2 17 3.007937
3 0 8.277076
3 13 6.164142
6 18 3.854753
0 12 14.664701
3 20 13.368125
4 13 15.942075
5 0 9.187597
1 16 2.017168
5 11 5.486861
2 15 5.764579
5 23 5.778877
1 12 4.440384
4 3 12.228594
4 13 11.064198
4 20 7.794991
6 16 12.251507
1 0 14.168681
5 13 5.958219
0 9 4.784811
0 13 22.518475
