3 12 8.769958
4 22 7.398971
0 0 6.604030
2 15 9.184448
3 15 10.364496
5 11 13.426538
0 1 11.442741
1 21 13.561359
3 1 9.500789
5 12 7.189703
3 18 6.470733
3 21 10.673050
5 19 9.184929
5 19 7.460920
5 23 2.643535
6 8 3.609025
2 7 1.661733
3 23 11.745247
0 0 17.518139
3 10 10.909682
3 12 12.583790
3 23 4.875820
0 0 6.416133
0 8 4.715471
4 9 3.240803
4 22 11.630327
0 21 28.818060
0 21 11.184264
6 15 7.968031
6 16 11.442741
0 22 3.541429
4 9 8.826979
6 3 10.840133
0 0 12.397307
0 5 10.374969
0 17 5.413229
1 21 11.166555
3 23 15.765554
6 2 13.344689
6 18 7.757166
3 19 10.016296
4 9 3.240803
5 11 12.910745
6 16 8.714781
2 9 10.926868
2 11 3.942165
2 12 8.411410
2 17 11.041166
3 17 8.910589
3 19 7.473776
4 21 3.321491
5 20 6.736972
6 17 4.398245
6 21 14.778469
6 23 9.512045
6 3 12.231895
4 7 5.551028
6 22 9.084313
1 16 7.426886
1 21 22.611332
5 5 11.936974
5 17 10.465120
6 18 9.104903
6 19 9.500789
5 8 6.989002
6 17 15.142882
6 23 2.686750
3 9 6.013614
4 17 3.462713
4 22 4.135856
5 8 4.798086
5 9 7.907474
5 9 5.150264
5 10 3.321491
5 14 12.576454
5 18 7.697632
6 8 8.250309
6 15 7.074840
6 11 9.887611
1 12 5.064426
1 13 3.287820
1 17 5.064426
3 2 24.071079
3 9 4.270679
5 18 7.421740
0 17 6.829293
4 0 11.824166
4 16 12.141115
5 18 11.041166
6 0 11.738024
6 14 2.504552
6 18 5.990686
0 13 7.545529
1 0 15.180432
4 9 2.952756
4 14 8.974094
5 17 4.715199
5 19 7.616500
6 13 4.929492
0 15 6.989002
1 8 9.245812
1 23 11.400946
2 11 11.085155
2 16 10.813798
3 13 4.495452
6 1 6.189071
6 20 23.786905
6 22 6.273919
0 0 7.359753
3 11 6.523069
3 16 9.804112
3 16 11.033443
4 23 13.137962
6 0 16.929577
0 11 19.669489
1 18 7.843844
6 19 7.714724
6 23 6.019367
0 9 25.477324
2 23 12.231895
4 20 11.633618
0 14 9.017458
3 0 10.843188
6 19 22.395676
0 10 14.279533
1 0 11.482175
5 15 8.733036
5 16 4.673327
5 19 1.527808
2 0 8.453763
6 20 9.534444
0 11 9.887331
0 14 8.765952
0 19 10.361686
2 1 23.455639
2 3 14.384113
5 3 13.590490
2 12 14.206605
4 0 11.753178
4 15 5.135502
6 23 6.498255
2 18 8.232649
3 22 16.450661
4 13 18.053431
6 14 9.875047
1 21 3.187675
2 1 3.311076
2 23 17.971397
3 12 8.192672
6 10 20.964788
6 16 19.330034
0 0 4.332380
3 18 11.129218
4 18 9.216710
6 2 19.469015
0 22 3.890273
0 23 12.214495
1 13 6.999664
1 19 18.357096
4 13 11.245335
6 21 6.923368
0 17 12.397599
1 17 11.442741
2 20 10.327427
2 23 18.252956
4 8 6.212446
4 21 39.401958
6 23 22.378839
0 0 19.626675
0 18 7.834565
1 23 20.602741
2 10 8.305459
2 20 7.351255
2 20 28.159529
2 20 7.858633
2 21 8.792677
4 20 9.159309
5 1 11.085155
5 9 11.557265
6 0 7.683229
6 4 5.064426
6 13 7.510750
0 7 14.435311
0 8 12.668749
1 2 16.068123
1 4 4.200668
1 4 15.948252
2 18 2.686701
3 17 6.284287
4 21 8.919397
6 13 2.622230
6 21 13.346075
0 3 11.824166
2 14 6.523069
3 20 10.448305
5 16 3.546793
0 5 8.266004
0 6 11.275526
2 21 9.836599
4 22 7.500576
5 2 18.907209
5 3 12.323503
5 19 3.671242
0 14 4.270679
0 14 11.008176
0 8 20.928314
6 14 10.860164
4 9 8.121083
4 10 11.442741
4 14 5.930062
5 10 9.154384
2 2 7.757166
3 0 5.303880
3 11 10.651977
5 9 8.353580
5 13 10.860164
1 9 10.016296
3 8 4.637901
3 13 3.019538
4 10 12.044909
4 12 9.048369
5 9 6.931573
1 11 8.632033
4 17 7.473776
1 2 12.786408
0 0 17.141319
1 18 10.051432
4 1 5.064426
4 19 3.209918
4 19 14.282016
4 19 11.581447
5 19 7.968031
6 0 4.321198
0 1 21.632877
1 9 10.090812
6 22 10.860164
2 9 4.901058
3 9 8.490524
3 20 13.015445
4 23 8.803211
4 6 7.135212
6 3 9.839326
6 6 3.760179
1 9 19.921507
1 14 3.240803
1 14 11.630327
1 22 9.065617
2 0 7.338757
3 10 8.562255
4 9 5.565419
5 13 8.818885
5 17 3.214347
6 23 14.702573
0 8 5.676082
0 10 3.623445
0 15 3.240803
0 16 5.339719
2 19 10.822773
5 20 5.392278
5 22 4.640912
6 2 12.521024
0 6 6.523069
2 9 18.403652
2 14 11.083058
2 20 7.473776
5 1 8.417513
5 2 6.523069
6 21 4.621952
0 1 11.085155
0 14 5.665906
1 2 20.652824
1 8 13.733375
1 12 6.721704
1 22 3.446423
2 22 5.064426
3 1 3.240803
4 20 2.738707
5 19 6.501648
6 2 7.960058
1 3 2.246792
1 10 2.847229
6 9 7.754142
1 8 5.239061
1 16 5.064426
2 17 6.626530
2 23 10.457725
3 10 3.377788
3 22 2.457803
5 9 8.660519
6 4 9.845465
0 14 5.064426
2 14 5.554905
5 18 6.727488
6 3 5.318663
0 11 21.830343
0 13 8.275743
1 5 28.910366
1 12 7.160419
2 9 5.707847
2 16 3.639754
5 9 4.772977
5 14 4.072784
6 16 9.500789
6 20 4.101382
6 21 21.632238
0 7 10.354713
6 23 7.160419
3 2 1.869044
3 13 7.526618
4 1 10.179210
1 10 5.508221
3 13 7.091550
3 19 16.639914
3 19 4.983737
4 13 4.106291
4 15 6.748002
5 3 8.551600
6 12 11.124311
6 20 14.252666
4 21 8.651025
5 8 5.064426
5 19 26.060534
5 20 2.270689
6 13 4.183052
4 1 11.630327
6 2 18.387775
1 3 8.054152
3 15 5.711814
0 19 13.976228
1 2 10.204887
6 17 10.296910
3 4 8.878765
6 23 8.551600
0 10 10.367568
1 19 9.964752
2 19 5.064426
3 22 12.899090
6 23 16.717735
3 1 10.000543
4 22 6.807978
6 12 11.041166
0 21 9.217543
1 8 3.468782
1 15 7.426886
3 9 19.490904
3 18 7.294262
3 19 11.261110
4 7 19.469015
4 16 10.749242
5 0 8.633643
5 14 6.927643
5 21 13.721049
5 23 8.781698
6 0 9.093637
6 9 6.180989
6 13 7.929276
6 18 6.989002
0 20 4.959886
2 13 10.849907
4 13 7.135212
4 16 10.048147
4 19 5.064426
0 12 7.247854
6 23 18.252201
1 1 11.670820
3 14 6.581091
3 18 5.436644
1 15 12.022882
2 14 14.407380
2 15 11.041166
2 21 13.797051
2 23 11.824166
3 10 4.902071
4 23 11.824166
0 18 16.405739
4 14 11.824166
0 17 11.421896
0 19 9.283607
2 16 9.436884
3 8 4.498750
3 9 7.166293
5 2 11.824166
5 14 6.077312
5 19 12.248523
0 18 11.442741
2 13 3.321491
2 13 3.214347
5 15 5.665906
5 17 4.901058
0 12 22.836643
0 12 10.556432
0 22 28.759764
1 8 11.738024
2 14 14.383669
3 10 14.515225
5 21 6.633629
6 14 21.290064
0 22 5.574455
0 17 2.547734
3 18 5.275408
3 21 11.157577
4 0 11.824166
4 1 9.640256
4 13 5.451931
6 0 37.806770
6 2 8.017125
6 4 8.195444
0 11 4.132915
2 2 11.630327
3 0 9.958558
0 22 8.551600
0 18 10.448249
1 19 9.231270
1 9 4.270679
1 10 23.064236
0 7 10.960263
0 14 2.456605
1 0 11.824166
2 17 3.768101
3 9 8.800123
1 10 6.096697
1 22 12.719157
2 16 3.406296
3 19 12.024575
4 23 9.559970
4 23 11.824166
6 22 3.240803
0 21 10.204887
3 9 4.658923
5 21 2.491119
6 10 3.985790
6 13 5.392278
6 15 9.852095
5 16 10.909682
6 10 20.270172
1 6 6.486557
1 6 4.415440
1 9 4.313822
1 11 5.392278
1 23 10.960263
2 21 6.588366
3 21 14.177538
4 1 9.535389
5 0 10.404323
6 19 9.126079
6 22 16.374409
2 23 3.364251
3 17 2.686701
5 21 6.989002
6 0 11.824166
2 23 10.016585
3 2 22.055807
3 18 4.132915
3 20 7.570424
6 19 7.590293
6 21 11.824166
6 5 13.385848
6 18 10.374969
0 5 9.500789
2 5 16.111778
4 0 10.713154
6 22 2.991510
6 23 3.377788
0 0 5.545885
0 2 22.043406
0 2 4.983737
1 23 8.353580
5 18 10.351093
5 21 6.696372
6 12 8.803374
6 22 11.421896
0 20 5.064426
1 7 13.598175
6 20 8.396624
0 0 9.091402
1 23 6.460079
2 16 9.465285
2 18 5.064426
3 7 10.914615
6 0 9.784737
2 15 6.124520
2 22 12.446490
3 11 3.496307
4 23 10.000543
6 1 20.641155
6 2 7.313697
6 19 6.807978
0 17 8.632033
0 23 15.827967
1 17 7.006665
2 9 4.200668
3 9 10.016296
4 12 12.405346
5 8 4.981403
4 8 8.490524
4 10 11.824166
5 17 5.554905
4 8 6.115377
5 10 6.013614
1 9 6.633629
1 10 2.087968
6 22 6.612803
6 0 12.479039
6 9 16.719494
6 9 21.652155
0 18 9.443333
6 1 8.009386
1 3 7.960020
1 3 3.187675
6 17 25.389738
0 0 13.137962
0 4 8.919397
1 0 8.878765
1 17 9.775622
4 20 13.232369
6 9 16.462271
0 8 8.221034
0 11 7.783868
6 13 11.233596
6 17 3.942165
1 19 9.685925
3 17 2.669174
5 23 10.009556
6 0 8.191880
6 15 18.274811
1 2 8.195444
1 7 12.214495
2 17 8.266004
3 13 11.342031
4 14 11.656880
0 20 10.009556
1 0 6.189071
1 7 14.257238
2 7 8.077599
3 8 9.490398
4 7 11.630327
4 20 12.626569
6 6 11.497265
6 17 8.266004
1 7 4.747900
2 7 10.016296
2 18 10.860164
2 19 6.807978
4 8 11.630327
4 13 8.507732
5 14 12.400357
0 21 10.622387
6 8 11.824166
6 13 4.383720
0 11 7.893785
1 8 9.245812
2 1 10.374969
2 5 10.909682
2 7 1.015653
3 19 12.024575
3 21 3.214347
4 12 3.824489
4 19 6.115377
5 22 8.153836
4 5 12.075438
4 7 11.545597
6 21 10.749242
1 6 9.992253
1 7 3.946306
3 20 5.677886
5 16 8.416324
5 21 11.753178
6 22 7.893785
0 7 9.235756
3 9 5.465534
3 18 15.150823
3 23 32.697414
5 16 9.591148
5 18 4.270679
6 21 7.757166
0 18 2.077017
0 19 8.463214
3 19 17.661144
4 0 6.687784
4 1 18.598566
4 17 3.525647
5 13 13.662338
5 21 10.296910
6 13 6.907380
6 23 7.853484
0 3 16.161818
0 23 9.216710
1 2 11.018604
4 22 4.715957
1 2 21.238924
3 15 6.115377
5 15 5.392278
4 22 8.837597
6 16 10.000543
6 20 8.058366
0 1 4.216951
1 5 11.314157
1 6 9.532910
2 4 9.845465
2 18 9.844134
2 23 13.344689
3 13 10.000543
4 5 7.351255
4 6 6.690776
4 7 5.298525
4 12 9.852095
5 12 8.192672
6 13 17.882622
0 2 10.204887
1 18 11.738024
2 6 13.456646
4 6 10.684999
4 15 8.632033
5 11 4.637901
5 11 6.416133
5 11 8.632033
6 9 10.009556
6 10 8.266004
6 16 4.270679
1 5 8.878765
2 5 6.989002
3 5 7.757166
3 5 11.554880
4 23 6.523069
5 23 7.198108
0 13 10.191846
1 4 11.753178
1 6 10.009556
0 12 19.149851
0 13 9.024143
3 17 31.357203
5 21 8.323842
5 22 11.442741
6 23 9.431789
1 20 7.630000
1 14 5.623719
6 7 9.329019
1 15 11.824166
2 22 7.592865
3 21 10.204887
4 6 11.824166
6 19 7.774182
3 1 23.389242
4 6 15.275613
0 1 14.827067
1 14 19.002728
2 13 10.713154
2 15 8.388342
5 7 12.044909
5 15 8.153210
1 7 6.343856
1 21 11.630327
4 21 11.383919
6 21 10.296910
3 19 5.017745
6 10 5.392278
0 6 4.189247
3 15 7.135212
6 23 6.114944
2 11 8.411410
3 13 1.322708
4 18 10.191846
4 19 8.551600
3 14 10.296910
0 2 10.713154
0 2 11.824166
1 14 10.000543
5 0 8.878765
5 13 8.664761
5 17 5.777440
6 19 8.953835
0 8 10.509999
0 8 10.521619
0 20 9.592839
3 23 13.232369
4 2 10.781744
4 14 12.080561
5 20 8.805332
6 2 11.318148
0 0 23.971910
0 3 7.723623
0 22 8.266004
2 18 3.690155
4 19 29.829220
5 9 5.578218
5 18 9.091402
0 0 10.330750
1 22 12.315761
2 0 1.513622
2 3 19.182499
3 0 8.551600
4 19 14.188999
5 0 30.015724
5 2 6.696372
5 22 9.216710
0 22 11.824166
2 1 11.824166
2 20 14.023514
4 19 9.724710
5 15 10.713154
6 19 5.525019
0 13 21.637749
3 2 8.092531
3 22 9.831611
6 9 4.200668
0 15 8.192672
0 16 28.755360
0 18 7.091550
1 14 5.503449
5 10 11.288766
6 22 5.218333
0 0 13.761931
0 2 3.690546
2 13 26.003563
3 19 12.087841
4 3 18.840982
5 3 5.646442
5 21 1.283224
6 2 5.064426
0 23 5.937539
3 13 9.387606
4 11 6.713450
4 21 7.327748
5 21 10.204887
0 20 11.191646
1 19 10.000543
3 10 6.523069
3 15 8.192672
4 9 7.339284
6 11 10.433087
6 18 6.021294
6 19 6.115896
6 21 1.651224
0 8 8.686261
0 19 14.038749
2 15 6.829017
2 16 7.485525
3 14 3.690155
4 10 6.905044
6 3 12.047321
1 10 12.468005
3 19 9.887611
4 1 14.257238
4 2 10.498082
4 9 9.775622
4 19 7.347710
5 7 5.392278
5 9 7.564420
3 8 7.349425
3 11 8.266004
3 19 7.293532
3 20 8.078801
5 19 6.021294
6 12 11.824166
6 14 8.353580
6 2 11.229730
0 8 10.281883
1 8 12.602530
6 22 24.592945
0 23 9.452783
1 11 10.203004
2 10 9.245812
5 11 14.257238
6 2 7.550076
0 1 12.008322
1 16 11.545597
2 16 10.543469
3 15 4.901058
3 16 6.519651
6 2 7.473776
2 8 5.578218
2 10 8.130495
1 17 3.690155
0 5 10.710570
5 2 10.556432
4 15 8.984890
0 8 6.740347
1 11 10.914615
5 1 3.639754
5 21 13.578322
6 17 19.469015
6 18 20.493700
6 23 7.384897
0 2 9.685925
2 20 7.835898
2 21 9.126079
4 19 8.464476
0 21 5.547293
1 16 8.916279
1 22 20.641155
4 12 8.130495
4 23 8.777820
5 12 10.623427
5 20 7.473776
5 11 3.038253
1 23 6.807978
1 10 8.411410
6 23 28.337759
0 16 10.731746
2 17 18.864910
2 17 3.187675
0 2 9.500789
5 15 7.892157
5 15 5.209054
0 2 17.796206
1 12 11.824166
3 17 13.063755
5 2 9.532910
5 11 6.220980
5 21 9.852095
0 2 8.776366
0 15 13.646148
1 6 9.566782
3 21 3.629660
4 0 5.758957
4 13 7.869444
0 2 16.969559
0 16 7.094917
3 1 7.893785
5 19 18.473446
5 19 5.230425
4 13 12.367697
6 22 9.853472
1 2 12.231895
1 14 12.523478
1 20 4.530955
1 22 7.426886
6 18 15.549796
1 8 7.363609
3 19 6.807978
4 21 13.232369
5 8 7.117882
6 20 10.403931
2 0 1.542282
3 6 11.630327
3 8 4.228695
6 17 5.303880
1 17 4.902071
3 9 8.061092
3 21 8.846483
4 1 14.793677
6 0 9.194311
0 2 6.428693
1 2 14.555070
0 18 3.086479
1 1 6.543679
1 2 22.655920
2 14 5.554905
3 1 6.441565
3 14 9.372926
3 15 4.981403
4 21 8.266004
5 0 9.216710
5 8 10.537529
1 20 9.960038
2 23 9.021711
3 12 4.875820
3 23 12.602256
4 2 8.266004
5 8 12.361332
5 10 13.232369
5 14 7.066641
5 22 22.249960
6 20 11.442741
0 8 7.110441
1 18 4.270679
2 13 10.374969
3 10 16.835691
3 23 9.077305
4 22 7.329943
0 9 6.736972
0 9 2.123357
1 8 3.321491
3 8 8.402050
4 13 8.378828
4 14 6.173416
5 8 6.013614
6 5 4.615782
0 1 7.757166
0 8 3.895833
4 9 4.332380
4 15 8.780833
4 18 6.488569
5 18 10.332504
6 18 13.232369
0 21 7.695427
3 8 7.557461
4 8 5.772517
6 19 29.923212
6 20 12.024575
6 21 8.644045
6 23 9.767889
0 0 14.462501
0 2 7.774182
0 8 22.040394
0 22 10.000543
0 17 8.071746
1 14 4.432009
5 19 19.616644
5 19 13.009027
5 23 12.786408
5 23 8.153093
6 7 11.824166
0 0 5.592723
0 2 10.016296
0 18 1.998420
1 0 6.696372
3 9 8.632033
5 12 3.496307
5 13 10.785347
5 17 6.712293
5 23 14.324530
0 23 7.922118
2 18 8.721149
5 10 11.824166
6 23 13.385848
0 3 4.133051
0 19 19.395285
1 2 5.064426
6 9 5.303880
2 10 7.686160
2 21 8.826979
3 9 4.343064
5 12 5.586307
5 15 11.956365
6 0 8.144382
6 23 11.824166
0 1 7.644870
2 16 8.266004
3 8 3.403706
5 14 10.884997
5 16 18.381830
5 18 3.267041
5 22 12.265754
6 8 3.413722
6 21 3.240803
6 23 9.933462
0 8 13.385848
6 7 10.000543
4 15 3.064722
4 19 7.426886
0 19 8.508350
2 10 6.315912
4 14 7.555007
6 12 5.665906
6 18 12.264853
1 14 19.469015
1 19 11.630327
5 10 6.523069
5 12 16.743233
6 14 10.016296
6 18 5.777440
1 5 9.216710
1 10 6.989002
6 17 25.389738
1 0 11.824166
1 18 4.981403
1 20 8.878765
1 20 11.630327
1 22 22.704327
2 22 14.034932
3 9 7.055235
0 13 5.064426
0 20 19.469015
1 0 6.716753
6 19 8.805332
6 20 7.893785
6 20 7.893785
6 21 6.608395
0 8 2.363346
0 15 7.892364
1 4 12.547206
2 12 5.829349
4 6 19.384476
4 10 3.804741
4 16 9.053370
4 23 6.507142
0 3 4.130410
3 18 5.665906
4 13 10.448249
4 21 6.752568
6 6 11.824166
6 12 3.584408
1 7 17.618496
6 18 19.577061
6 17 15.574121
2 13 5.064426
3 10 2.496877
5 2 13.976228
6 17 5.861282
6 23 5.740069
1 17 27.752766
4 21 6.013614
6 17 10.612730
6 20 8.551600
6 8 10.351093
6 8 8.266004
1 9 10.860164
1 19 12.024575
3 17 16.855631
3 19 9.576894
5 15 1.488808
5 1 12.446490
1 18 9.852095
3 17 3.895833
4 5 10.498082
4 18 2.538492
5 23 4.779858
6 6 11.630327
6 8 7.307302
0 20 6.523069
0 21 9.854854
0 22 14.730616
1 0 8.416335
1 1 2.230961
0 20 10.374969
2 1 24.017012
2 23 11.630327
3 18 3.321491
4 1 7.044188
6 1 9.867231
6 20 14.435311
2 18 5.766188
5 17 5.362701
6 9 7.827682
6 12 6.807978
6 20 30.458019
2 9 9.271325
3 0 9.105724
3 1 15.094680
3 18 7.485525
3 22 8.406105
4 14 1.513622
4 19 10.241004
4 21 10.374969
5 0 16.136791
5 17 12.866957
5 17 3.934530
5 21 9.065617
5 22 5.064426
6 2 10.919516
0 8 7.562467
2 0 12.668749
4 18 10.622746
1 9 8.537423
4 15 5.740069
5 18 2.462810
3 5 22.373894
4 18 7.640217
5 17 7.749378
5 21 10.749242
0 18 8.551038
0 21 3.243475
5 18 8.092531
6 7 8.490524
6 11 5.772517
6 18 8.986935
6 19 6.523069
6 21 11.321368
3 0 16.125916
4 0 43.178440
4 22 6.666039
4 23 1.432933
6 12 12.608462
0 20 12.719157
6 15 21.622721
3 18 8.007053
4 13 13.232369
5 23 1.947220
6 20 7.461070
0 18 10.438750
2 20 2.340765
6 22 8.308009
0 0 21.632877
0 10 4.270679
1 10 7.829527
3 10 7.783868
3 13 5.230067
3 19 11.061736
4 0 20.831352
5 17 11.041166
6 0 7.091550
0 14 8.551600
0 13 7.399100
2 21 8.921035
4 9 6.906036
4 9 5.503449
4 17 6.077312
5 16 9.306799
5 1 15.780606
0 22 11.545597
2 13 3.267041
4 20 11.041166
5 2 5.303880
6 13 4.783365
6 14 6.851159
6 17 14.257238
3 18 1.947220
5 11 3.908750
0 0 11.557265
0 17 4.674855
1 9 11.550961
6 21 8.416324
0 3 8.873768
1 16 11.041166
2 22 4.133002
3 15 10.016296
5 1 8.632033
5 17 2.496877
6 13 7.388429
6 15 7.783868
2 11 7.218185
4 1 2.268742
4 19 8.537423
5 17 1.997876
5 23 10.939967
6 20 18.267601
0 0 3.120279
0 0 9.849491
0 1 4.996049
0 12 9.534528
2 12 3.321491
2 16 8.130495
2 18 9.206380
2 19 7.624277
3 18 9.875938
5 17 4.966759
5 17 3.006807
6 17 21.348455
6 18 2.581517
6 18 8.017125
0 22 3.588534
6 6 9.875047
6 23 9.591148
1 17 5.777440
0 22 20.527693
1 20 7.201827
3 7 13.550511
3 7 6.727290
5 9 7.232686
6 20 4.529306
0 2 3.714866
4 0 7.018241
5 14 19.226562
5 14 4.902037
6 7 10.714867
1 14 5.777440
4 17 8.788438
6 22 2.457803
3 15 8.919397
3 17 6.523069
3 19 7.600450
4 23 13.177099
5 18 3.830903
0 1 13.883069
0 15 9.852095
1 12 12.668749
6 10 11.186056
6 16 8.397682
1 17 3.321491
1 20 12.668749
3 7 9.889066
3 21 26.168032
3 23 26.157930
3 23 6.721704
6 13 3.038253
0 0 10.860164
1 2 3.321491
3 5 11.919857
3 16 21.928623
5 18 5.944886
0 5 16.702532
1 0 11.774096
2 17 1.932283
3 9 7.399100
4 3 8.462363
4 8 5.915030
4 17 32.600750
5 17 7.556631
6 18 7.686160
6 23 19.149851
6 22 3.428672
0 19 10.043582
4 1 6.888336
4 17 11.733498
6 17 7.135212
0 1 8.266004
1 20 1.343375
4 12 3.240803
4 15 8.200099
5 18 24.104887
0 11 4.533716
0 23 9.686667
1 16 8.696543
2 17 6.312647
3 18 3.267041
4 15 3.690546
2 1 8.740107
4 19 7.562467
0 12 22.904722
1 3 8.632033
1 15 8.878765
2 16 8.957043
2 20 10.060706
3 10 10.710876
1 9 5.337962
2 14 2.123357
6 4 8.597601
6 17 19.694820
3 14 8.266004
4 19 6.696372
4 20 7.545529
5 0 3.400981
6 18 4.618013
2 0 23.779062
5 1 8.507732
6 7 9.600258
3 20 6.284287
0 23 10.281883
1 1 11.873422
4 22 4.456842
3 7 11.442741
6 21 6.890917
5 1 10.725198
6 9 3.623445
0 0 7.381254
0 2 6.115540
