6 12 6.910957
0 22 2.572077
2 2 5.959164
3 0 10.725784
4 20 7.338952
5 1 6.273408
3 8 5.730793
4 22 4.924447
1 11 3.364346
1 19 2.484888
6 17 4.658459
0 5 11.395325
2 10 9.001982
1 10 6.572196
0 15 4.194699
2 15 7.772377
4 21 7.338952
5 5 7.280177
5 0 9.777783
1 6 7.146921
4 0 7.338952
1 2 4.811196
6 15 8.308302
1 21 10.102819
0 16 4.891042
3 7 4.253080
1 0 5.916830
3 7 5.941828
6 6 7.249917
0 1 9.305738
2 15 7.280177
5 6 9.397139
6 21 8.549615
0 16 5.754167
3 3 7.592824
1 2 9.743010
4 19 5.786929
0 10 5.638784
2 12 9.743010
4 2 8.229712
4 5 8.400528
6 21 2.443473
2 23 9.727747
0 1 8.055998
0 3 6.989524
4 15 4.804798
6 4 4.810861
1 20 4.959567
1 22 8.962369
6 12 6.290530
0 0 7.338952
1 12 2.255514
2 0 5.052308
4 2 8.766489
0 22 23.851213
2 1 7.528090
0 2 7.608581
5 0 6.936040
1 10 5.786929
0 5 7.653198
6 20 4.559881
2 8 16.936043
5 0 2.819392
5 0 7.626725
0 13 4.039485
2 4 9.094304
4 10 4.811196
6 3 7.376906
3 15 5.941828
0 0 8.756284
3 14 6.863118
4 22 9.495883
1 2 3.438978
3 0 12.352331
0 15 2.255514
0 11 6.404833
0 11 6.405467
3 20 5.392724
0 18 6.042537
0 21 4.548677
0 22 6.222602
2 21 5.176203
2 19 4.891042
5 16 2.932168
6 18 5.060050
2 3 9.743010
3 0 6.725915
4 13 3.561009
6 5 8.375165
0 8 9.742646
6 18 5.362703
1 21 9.727747
2 1 7.863163
6 21 5.028772
4 8 2.443473
0 1 9.293842
2 11 4.810861
5 22 5.372272
6 2 6.614233
3 19 9.626469
0 15 6.880313
1 17 6.505803
4 8 7.218689
0 21 7.160830
5 22 6.671774
6 13 7.338952
0 0 4.891042
1 23 8.311758
0 14 5.869250
0 1 7.093675
5 0 8.384644
0 22 4.192322
1 22 9.773973
5 6 7.275708
5 8 5.067755
6 22 7.336563
1 20 7.160830
4 21 7.280177
5 1 6.989524
2 13 7.280177
5 23 6.825166
6 13 5.814563
6 23 7.338952
5 9 6.705420
2 20 7.444738
5 23 2.572077
6 19 6.719317
6 22 6.505803
1 12 5.211419
0 18 4.446402
1 19 5.316613
3 4 7.339000
1 8 8.888894
0 18 2.290756
3 18 6.521389
0 3 5.950369
0 15 12.962516
3 9 5.600136
1 2 14.119310
6 3 9.727747
1 1 7.102211
1 3 4.810861
5 20 4.888892
5 21 3.331326
3 3 5.537029
5 22 3.490676
6 19 5.654273
0 9 7.528090
0 13 8.819857
0 22 4.133275
1 13 5.869659
3 23 7.339000
0 15 2.891073
1 1 7.463341
0 4 9.786910
2 21 4.733596
2 22 6.175442
1 3 5.593639
0 19 7.158121
6 7 7.280177
3 7 7.558834
3 12 6.671774
0 3 6.614233
5 15 4.974287
3 19 4.891382
0 14 12.585338
3 23 7.045332
4 23 8.129543
2 0 7.218641
3 9 6.987689
6 12 2.443473
2 6 13.528561
2 22 9.471203
3 2 6.475589
4 0 6.949006
1 14 7.747058
2 6 5.060050
2 21 6.105446
3 2 8.262815
3 23 9.568275
0 19 7.996306
3 22 2.327117
0 2 7.029758
3 21 2.443473
1 20 6.989478
2 22 7.280177
6 15 7.637287
6 17 8.973391
5 21 7.506942
6 1 8.006129
2 14 6.853611
1 9 7.592070
6 19 7.280177
0 5 6.379620
6 23 5.066976
1 1 7.525204
1 1 7.452366
1 2 4.733596
3 6 10.588235
3 10 7.280177
4 6 7.218641
6 8 6.505803
6 11 4.658135
6 21 6.774417
0 14 6.111377
4 21 7.725212
3 8 7.339000
4 5 9.777783
5 6 7.218641
5 17 2.221339
6 9 9.134071
6 22 4.733266
0 4 9.727747
0 0 5.754568
5 8 9.368875
0 12 4.223328
3 8 8.468092
1 16 6.614233
3 10 5.106769
4 7 7.531218
0 22 6.243884
2 8 5.902846
3 8 8.425838
3 9 6.123022
4 8 6.547543
4 9 6.306247
4 11 5.243237
0 8 6.192957
2 6 13.528561
2 13 4.891382
0 21 21.464993
2 23 7.336563
4 0 4.891042
0 7 4.891042
3 12 5.148465
1 19 1.444895
5 1 4.515122
1 22 6.731168
4 0 9.034071
6 14 4.848487
0 14 2.443473
1 21 6.481995
6 10 3.962389
4 22 2.649853
6 10 6.381740
3 11 6.515491
1 23 7.339000
0 8 6.505803
1 21 4.810861
0 21 7.942011
6 11 10.484286
6 15 6.581462
5 4 8.375165
1 2 2.932168
5 16 9.786910
0 19 7.403570
4 7 7.102259
4 9 7.332167
2 5 8.979459
2 7 9.892624
2 9 9.352692
6 2 8.479422
