2 10 8.106185
2 16 8.850408
4 14 6.566221
6 13 4.625345
6 20 3.283689
0 19 7.713973
0 11 2.531622
0 15 4.117730
3 15 4.537462
6 2 10.306872
6 17 3.279370
1 13 5.031274
4 15 7.478963
2 0 7.378028
4 7 7.883104
5 18 5.458791
5 23 12.327795
1 10 8.525540
0 16 5.019888
5 0 8.779672
6 15 5.899082
6 9 5.802376
3 18 5.302585
5 12 7.646850
1 13 9.543401
5 2 9.112684
5 23 9.821810
3 6 7.562437
3 6 5.471851
3 7 12.178828
4 18 2.595163
3 17 7.007008
0 20 10.933825
4 11 5.140366
1 10 5.920363
2 13 6.987046
0 3 6.999022
4 8 8.412490
4 20 5.788163
3 8 6.546808
0 0 12.008036
2 17 5.098324
6 1 4.669522
4 19 7.503656
6 1 9.473517
6 3 12.568401
1 5 11.542609
0 21 4.664426
1 18 4.271268
0 13 8.212841
4 13 14.182005
5 5 10.993902
6 13 7.941714
6 3 7.585032
0 16 6.169326
1 22 7.585032
1 22 4.271268
2 2 24.251038
4 0 7.543640
1 9 7.448478
1 1 5.899082
1 22 5.883489
1 13 6.915003
6 4 5.899082
0 13 7.585032
1 1 7.142784
2 23 17.108116
1 12 6.178275
6 1 8.523858
1 9 7.448478
1 13 16.034586
6 12 8.062499
1 7 10.236762
0 15 17.773960
4 3 4.998876
2 9 8.213300
3 9 9.149560
4 18 6.995336
4 4 10.407375
2 4 9.188840
3 9 6.571182
6 23 6.231711
0 22 6.448967
2 21 5.813807
0 22 9.096498
3 19 6.505835
2 9 8.338618
4 16 4.631212
4 23 9.441943
6 19 5.865916
2 15 8.865429
6 5 4.159340
4 8 8.510833
6 2 9.079045
6 18 7.252789
3 9 8.685598
3 11 7.439345
0 4 4.457150
3 4 9.691710
2 21 6.965780
3 14 7.875855
2 14 10.559850
5 13 8.385709
6 0 11.318176
6 4 14.120591
5 6 11.199286
5 20 9.135091
6 0 11.196232
0 2 12.317139
3 22 10.292602
2 9 7.655618
3 11 7.679253
6 10 6.027343
0 3 6.965780
6 0 1.198302
0 10 13.582158
3 22 6.684328
6 18 4.644253
2 6 6.121053
3 12 8.598622
5 10 7.442889
0 17 7.083844
1 8 11.389332
1 15 6.523713
6 15 5.899082
0 6 11.089417
2 11 11.830847
2 22 8.589061
6 9 13.300652
2 19 5.938989
6 3 13.023367
6 6 4.025168
0 2 8.958696
0 8 4.426247
0 12 6.714253
2 8 5.438212
6 21 5.952292
1 7 4.201380
2 0 4.415321
3 9 6.965780
6 11 6.691748
6 22 6.797766
1 17 3.862968
2 16 8.643754
0 2 6.276229
0 18 9.455600
4 20 4.699332
0 14 5.380858
6 9 10.040590
0 19 5.642846
4 8 4.250170
4 17 5.963682
5 10 4.418553
0 1 7.768372
4 8 5.668489
4 5 11.708891
1 6 6.207277
0 2 11.045919
4 8 5.703511
1 11 13.304300
5 11 11.003675
2 10 5.972599
1 0 10.873702
1 18 1.315102
3 17 8.398888
5 8 4.416371
1 13 8.546354
6 22 8.440978
3 15 9.041117
1 4 10.407375
2 20 5.448795
3 20 3.899381
2 17 5.963682
5 0 7.184618
1 21 8.667633
5 0 1.813943
2 14 7.184618
3 9 4.578760
6 19 5.136824
3 9 5.673088
4 6 5.422380
4 14 7.222843
1 16 6.107884
2 10 3.686926
6 13 9.161396
4 18 6.178142
2 2 8.322458
2 10 3.459425
2 13 7.281792
5 4 8.667633
3 10 9.872074
4 20 14.127100
5 16 12.924179
2 13 4.688675
0 0 13.638801
1 2 11.048120
5 15 7.023737
6 6 8.667633
0 6 8.600267
4 9 7.241040
5 2 6.639477
1 0 10.595325
0 0 12.288665
2 3 7.500995
3 0 3.899381
6 20 11.774208
3 21 3.541054
3 21 7.227790
5 8 4.815228
4 23 8.367282
2 16 12.657632
3 7 5.899082
3 10 7.711449
6 1 9.750163
5 0 16.621721
6 18 10.687789
1 19 4.906208
2 18 6.851587
5 13 6.801642
5 19 7.284212
1 8 6.027343
4 14 6.842868
0 2 6.825387
1 1 7.678730
6 6 8.483565
4 2 6.209560
4 15 6.243445
2 19 10.763733
0 2 6.589737
6 8 8.731501
0 4 12.982422
6 10 9.413055
3 10 6.019036
6 10 2.997048
6 19 8.043275
0 11 4.928386
0 12 5.091876
3 20 7.010783
5 19 2.449864
6 21 7.910534
0 20 11.750524
2 7 5.701133
0 9 4.271268
2 14 8.763478
3 13 20.129185
2 12 8.667633
6 2 10.964449
6 9 9.487211
1 20 14.987568
6 21 6.324808
0 2 9.031806
2 10 9.543938
1 6 12.763485
4 8 8.412490
4 9 6.959409
1 10 10.834541
2 11 2.945702
5 8 6.330351
0 19 5.084620
1 1 8.667633
4 12 8.127248
4 14 6.239918
3 20 11.436224
1 2 5.899082
0 2 10.952516
5 1 4.648233
1 16 6.483449
3 7 4.223940
1 7 5.824457
1 0 8.432466
3 10 4.132734
0 23 11.519321
1 18 9.286750
2 10 7.530935
6 19 8.865429
0 6 11.861006
6 20 9.097333
3 17 6.277559
3 22 8.871635
0 15 5.470963
4 13 7.128625
1 11 4.159340
3 12 9.112684
4 7 6.537331
4 22 11.726554
5 21 8.025381
6 16 6.399584
0 0 9.995465
0 20 8.882137
2 9 9.386779
3 19 13.192683
5 9 11.229050
4 12 7.782567
4 21 6.817080
5 21 7.500995
0 2 9.914041
0 22 9.009639
5 9 8.600494
6 8 10.084040
0 1 9.226247
0 19 11.953883
0 2 5.824873
2 20 15.866100
4 14 6.908594
0 2 8.044203
0 3 11.521622
0 7 3.839391
3 11 6.064761
0 19 8.262267
5 12 11.376463
0 9 8.143624
1 22 14.080160
5 22 6.320445
0 3 9.072293
1 12 6.979930
4 9 6.482815
5 2 6.204897
4 13 7.606967
3 6 4.749234
6 2 10.450454
6 11 4.223940
2 8 8.262267
2 21 7.265935
0 1 4.496072
0 8 10.559850
0 10 8.376797
3 8 5.673088
4 20 4.201247
5 20 15.457826
0 8 4.427252
6 11 11.050129
4 23 6.389659
6 1 9.452555
0 9 7.011763
1 2 12.438469
2 19 16.344692
0 21 9.355706
6 2 8.896983
0 19 7.587974
6 13 3.886716
0 2 9.748487
