0 19 29.592459
0 21 26.038824
1 12 30.537376
4 14 31.985069
4 17 30.525610
5 12 28.540522
5 18 27.662027
2 7 34.899860
2 11 22.385172
2 13 30.709154
2 14 31.711691
3 15 32.573200
3 20 30.459061
4 13 32.614212
4 14 35.016647
5 11 29.968798
5 13 37.685986
6 1 34.629471
0 14 33.853489
1 12 35.009914
1 13 28.726891
2 7 30.448078
2 21 43.972408
4 11 36.953297
5 12 27.374065
5 14 30.665821
6 20 27.570034
0 20 25.466066
6 14 31.226374
1 8 9.560747
1 10 28.777246
1 21 28.581572
3 10 29.677622
4 18 20.474548
5 10 31.786081
5 13 28.061813
6 14 26.598972
0 13 26.685970
1 10 28.909580
2 8 27.763035
2 12 24.173359
3 10 30.539339
4 15 20.878582
5 23 28.353405
6 12 27.126696
0 2 27.143965
0 7 31.433350
0 12 28.276453
2 6 28.909580
2 7 24.007839
3 21 27.235472
4 13 32.614212
5 9 24.242617
6 4 27.689484
6 7 31.756025
0 5 23.053606
0 7 31.094442
0 8 30.459061
6 16 28.743229
6 21 29.951828
0 22 37.591984
1 1 28.012672
2 12 20.129295
2 13 31.162590
3 8 24.604897
3 21 25.998606
4 1 27.121359
4 9 29.940527
4 11 27.214302
4 15 28.223837
5 21 28.453743
6 16 29.551785
1 17 28.196497
1 21 27.485079
2 13 36.337070
2 21 24.451370
2 23 34.989815
3 0 28.883301
0 15 27.154667
0 22 26.949732
0 23 33.933548
1 8 33.133400
1 3 27.844538
1 9 12.917859
1 16 25.482803
5 13 24.804041
5 23 29.315882
6 0 29.673628
0 7 31.796049
0 13 30.176418
1 12 34.960423
1 18 34.427002
1 19 31.226374
1 22 31.832582
1 23 33.969273
2 21 25.637190
2 22 34.735489
2 23 38.752029
4 20 30.630657
5 10 27.531715
0 21 32.568409
1 22 33.216026
3 10 29.375425
3 14 29.849880
3 18 23.616453
5 1 34.629471
5 10 30.459862
5 14 27.051573
6 11 27.828342
0 10 27.219767
0 14 31.022728
1 9 13.940432
1 11 27.609671
6 3 39.408989
6 17 33.882961
1 11 28.695343
1 18 28.554127
2 11 22.202997
2 14 32.775852
2 21 34.075100
3 9 13.192852
3 15 27.178686
3 19 22.714315
4 8 20.659473
4 15 25.217569
4 18 28.323191
5 9 23.227182
5 18 27.586189
1 11 38.149654
1 23 19.044170
4 12 14.739470
4 21 26.218636
6 9 30.042542
6 11 30.709154
6 14 27.126421
0 12 32.950840
1 18 27.039843
1 21 28.392891
3 10 29.749725
4 14 26.994909
6 10 29.265356
6 19 26.652378
6 21 28.318508
0 9 29.456409
0 12 31.044146
0 15 31.125193
1 8 30.679556
0 1 24.667927
1 5 33.869698
1 5 29.304585
1 10 27.013779
1 21 31.134308
2 5 32.775242
2 11 30.709154
3 0 33.856270
3 6 29.299644
3 9 13.424493
3 11 27.039843
3 19 26.776558
3 22 33.348419
4 3 33.853489
4 6 32.519333
4 14 25.482609
5 5 32.222504
5 7 28.746811
5 13 36.037113
5 22 28.327297
0 4 33.824703
1 6 31.210491
1 7 31.162590
1 12 28.841982
1 19 29.592459
1 20 23.783770
1 22 42.020443
2 11 26.522619
2 12 30.537376
2 19 22.775219
2 22 29.166645
3 6 33.216026
3 15 30.709154
3 19 30.537376
3 21 31.073126
4 9 27.463406
4 13 24.333603
4 20 29.551785
5 17 27.915657
6 1 31.755192
1 1 28.364117
1 7 33.908024
1 10 29.293161
1 13 27.846874
1 21 32.463779
3 1 34.143719
3 6 27.980904
3 20 29.980978
3 22 30.679556
4 11 20.925709
4 15 32.551704
5 0 40.614338
5 1 30.470966
5 12 30.907597
5 13 31.795757
6 6 30.260002
6 19 26.262775
0 23 29.387131
1 4 28.365196
1 8 20.519207
6 11 28.490788
0 14 30.639906
0 21 28.729986
1 4 37.083759
1 18 30.271173
2 7 25.592001
4 8 28.194860
4 9 27.622782
5 5 29.492395
5 10 22.394171
5 11 30.679556
6 9 28.504524
6 13 42.443443
3 6 29.115616
3 10 38.668404
5 6 29.565853
5 13 30.249699
5 19 26.853758
6 10 25.732655
0 18 23.588192
0 22 28.427216
1 5 29.085009
1 6 31.299715
2 6 28.061813
2 11 23.795334
3 10 30.747484
3 19 41.458168
4 6 26.426409
4 7 27.219767
4 12 25.299984
4 20 28.650974
5 9 29.313152
6 9 26.992544
6 10 27.396410
6 13 32.344273
0 10 24.764561
0 16 30.736778
0 20 33.167404
1 2 32.680397
1 6 30.575823
1 10 27.074024
0 11 28.741060
0 22 19.387709
0 23 30.520102
1 12 29.902637
1 16 42.443443
2 23 36.970188
4 11 29.312534
4 21 23.537891
5 5 28.635986
6 6 27.578547
0 10 36.468601
2 12 30.362257
3 9 24.329067
5 9 11.767023
6 7 31.776009
6 9 30.634096
0 8 24.467115
1 1 34.131153
1 9 1.874504
1 17 25.802025
2 0 35.398136
2 10 32.551704
2 19 36.221348
6 10 29.430593
6 15 31.433350
1 11 30.575823
1 5 27.469175
1 10 30.648306
2 11 28.584360
4 9 27.126421
4 18 27.711573
5 20 33.963963
0 17 31.187107
0 21 29.892765
0 23 27.100840
1 5 26.292645
1 12 25.793127
1 16 24.442358
1 17 23.251217
2 7 29.551785
2 11 24.075634
3 10 27.650251
3 11 29.085009
4 22 29.444035
5 8 28.612242
5 12 27.141817
6 4 33.556698
0 3 31.932076
1 13 26.524813
1 21 28.200905
2 6 33.264050
2 22 29.551785
2 23 30.462900
3 6 29.920151
3 20 34.075100
4 12 28.354483
5 13 27.509668
5 14 31.094442
6 17 26.568510
0 14 31.801020
0 20 26.164808
1 7 22.413403
1 8 36.665810
1 11 25.732655
1 15 31.752844
1 17 27.701353
1 19 31.187107
0 19 25.973318
1 10 33.399368
1 15 27.100840
1 22 24.460659
2 9 26.174894
2 22 29.758467
3 9 21.488358
3 23 29.313152
5 2 29.333359
5 9 33.167404
5 21 28.584360
6 12 28.960749
1 12 32.580269
1 21 24.324976
2 12 31.299715
6 17 41.815575
0 2 27.021421
3 9 28.809406
3 18 28.188347
4 14 27.527935
5 23 33.153275
2 7 36.644852
2 13 33.626373
3 13 37.569981
4 14 25.355955
4 16 31.811142
1 8 18.052576
6 9 31.955929
0 9 42.643806
0 20 31.956177
0 21 33.348419
1 21 28.777246
2 16 26.257269
4 21 30.769764
4 23 25.715685
5 8 31.547178
5 11 25.141279
5 20 29.283209
1 20 34.088234
1 20 27.149767
2 6 31.193350
3 21 26.009195
5 3 28.223837
5 12 26.184105
5 16 26.752621
6 9 27.877050
0 16 25.945929
1 11 31.175091
1 22 35.492023
2 9 26.245638
2 18 32.573200
3 5 30.055752
3 11 29.892960
4 17 22.786959
5 4 25.573847
5 10 29.391445
1 0 34.629471
1 1 43.111591
1 5 28.554127
1 7 27.175417
1 9 15.348232
1 11 29.430593
6 11 31.022306
6 13 27.136255
6 14 30.945068
0 13 29.758467
0 14 27.531715
0 18 24.875246
0 22 29.293161
0 23 30.054609
3 5 29.299644
3 12 31.059639
4 0 31.174702
4 10 29.315882
4 14 26.489145
4 15 23.868923
5 5 30.590796
5 10 30.435436
5 14 28.188347
6 9 27.327307
0 5 31.865088
1 22 23.788708
2 5 25.482609
2 6 27.126421
2 16 23.302406
3 12 27.662027
4 12 29.732920
4 14 27.100840
6 19 29.462200
1 7 26.130581
1 18 27.552528
2 7 34.231918
2 21 29.315882
3 12 27.144335
4 6 36.097843
4 8 27.941128
6 7 35.581291
0 12 24.388542
1 0 22.751505
1 7 29.122982
6 23 29.489315
1 11 23.227182
1 15 30.764555
2 22 29.849880
4 7 26.491177
4 21 24.908005
2 11 25.639605
6 8 28.276453
6 23 24.364182
0 7 30.485037
0 12 29.184792
0 13 26.103321
1 6 31.875462
1 12 27.689484
1 15 24.336218
2 21 31.166695
3 19 26.853758
4 12 29.940527
4 13 28.743229
4 19 24.931274
5 12 26.184105
5 22 26.998552
6 8 27.051573
6 12 39.639614
0 1 22.102182
0 22 24.110090
1 13 28.815142
2 21 34.899860
3 13 31.210491
3 14 31.801020
5 10 21.251839
0 8 27.639503
0 12 28.226440
1 11 27.573874
1 12 25.820251
1 14 40.972466
1 15 29.352791
1 21 31.865088
2 12 28.738737
2 13 28.898663
3 0 28.012672
3 22 31.829815
4 23 27.126421
5 0 34.732002
5 11 28.374853
5 12 35.201324
5 13 27.428169
5 14 25.346685
5 20 31.994562
5 21 23.961815
5 23 32.139606
6 6 29.040346
6 23 23.846357
0 6 22.961208
0 10 25.023832
0 21 28.226440
0 22 26.969736
0 23 35.032791
1 1 30.667969
1 10 21.499557
6 11 31.279791
0 5 33.216026
0 11 35.088860
0 12 37.584465
0 14 30.520102
1 13 30.539568
1 16 33.348419
1 20 28.540522
1 22 32.268410
2 6 32.445522
2 7 26.673330
2 11 31.352940
2 14 29.304585
2 16 35.850906
2 18 26.776558
2 19 31.318712
2 20 40.956707
2 21 30.482729
2 23 33.218754
3 0 27.846874
3 10 23.165882
3 20 31.570763
4 1 26.556227
4 11 33.090473
4 16 27.442810
5 2 29.122982
5 3 29.551785
5 16 31.985069
6 2 35.009914
6 8 28.692402
0 3 22.848669
0 11 28.769257
0 22 24.995565
1 7 35.133423
1 13 26.251375
1 21 26.426785
2 5 33.814468
2 11 31.187107
2 21 25.937660
3 5 23.098957
3 11 27.743458
3 15 44.619072
4 15 27.322372
4 20 28.807991
4 21 25.375782
5 5 29.924646
5 11 30.525610
6 3 30.249699
6 5 33.487743
6 9 32.446373
6 13 31.433350
0 3 25.649008
0 16 32.499981
0 18 31.094442
0 20 27.136967
0 22 30.065964
1 0 25.329056
1 5 33.403358
1 6 34.121838
1 7 31.985069
1 13 37.312351
1 19 18.161169
2 8 29.315882
2 17 32.745411
2 19 27.334721
3 0 36.178913
3 9 28.909580
3 11 32.551704
3 13 26.049000
3 16 23.285519
3 18 23.651787
3 20 30.485678
3 22 28.810514
4 0 33.596455
4 2 33.632374
4 5 29.800716
4 6 29.391445
4 9 16.210426
4 12 28.540522
4 16 26.521025
4 20 27.753593
4 22 27.442810
4 23 30.616089
5 0 28.223837
5 1 31.138498
5 2 28.012672
5 9 31.913435
5 13 22.810326
5 14 22.097607
5 17 24.388542
6 3 27.321463
6 9 32.551704
6 21 33.348419
0 6 34.176098
0 7 32.432411
0 22 30.539568
0 22 30.902822
1 1 26.517834
1 6 32.203377
1 9 12.966136
4 12 29.414309
6 6 27.988966
6 10 30.660841
6 21 28.757292
0 6 33.216026
0 8 31.022306
1 7 30.530640
1 18 30.648306
1 19 28.554127
1 21 31.306885
1 22 30.523140
3 14 30.123413
5 22 26.115355
0 20 24.753149
0 22 26.598972
6 12 30.503019
1 4 29.861208
0 23 21.178244
3 20 29.076517
3 21 23.592545
5 22 24.660381
1 18 28.072388
1 23 36.053123
3 16 29.920027
4 21 26.493168
4 23 31.786081
0 18 19.307167
3 15 26.949947
5 11 29.141520
0 12 24.603899
0 14 32.246422
0 18 38.269077
0 20 30.679556
1 9 26.969736
1 19 24.452723
1 23 38.531551
6 7 28.141375
6 11 27.902399
0 9 33.166534
1 5 34.414646
1 7 24.507357
3 5 31.314573
3 6 27.674339
3 7 31.327463
3 20 29.122982
4 7 27.701353
4 13 27.469175
5 5 30.123627
6 22 27.541065
1 6 27.570034
1 9 28.713652
1 12 31.107180
1 15 31.602022
2 5 32.428406
2 9 29.584724
2 15 24.242617
3 19 33.216026
4 5 29.850664
4 9 22.605366
4 10 21.873241
4 18 24.237570
5 6 28.584360
5 9 10.587576
5 15 26.684355
5 20 29.632391
6 5 33.177326
0 2 28.673141
0 7 30.389210
1 7 29.375425
1 11 25.958632
1 16 28.261005
2 0 29.551785
2 7 28.061813
2 18 14.162426
3 18 23.394203
3 20 29.800716
4 6 26.467516
4 14 27.175417
5 20 21.267996
5 22 32.572876
5 23 30.546438
6 14 27.076134
0 8 29.064022
0 16 29.064022
1 6 30.902822
1 10 25.937660
1 2 24.603899
1 12 28.223837
2 13 38.609802
2 20 34.009674
5 4 30.390501
5 5 29.264589
6 8 25.482609
6 9 28.729986
6 21 30.272152
4 22 27.126421
6 20 27.609282
0 23 25.258560
1 10 20.915897
1 11 27.638430
1 20 26.426409
2 12 35.510860
3 12 25.071407
4 1 34.165867
4 19 34.906841
1 0 19.418922
1 10 29.352791
2 6 29.892960
2 12 35.266685
2 16 27.126421
3 9 7.621239
4 9 26.570316
4 14 28.452866
5 6 31.904058
5 7 31.175091
5 11 29.174881
0 10 29.666710
0 11 29.592459
0 13 29.623775
1 6 28.540522
1 8 28.140625
1 9 31.134308
1 14 28.557713
3 22 23.643993
5 10 21.477556
6 14 27.526217
6 16 30.879900
0 9 28.540522
1 14 30.081114
3 7 30.210115
3 13 28.777246
3 22 29.179869
4 1 23.630266
4 7 25.090761
4 12 43.879925
4 14 25.998606
4 21 30.539339
5 10 27.586189
5 13 28.223837
1 7 27.553099
0 0 26.568510
1 7 31.755247
3 5 29.976683
3 13 25.676123
3 20 31.686132
4 2 25.402275
4 5 26.004128
2 1 29.425774
4 21 29.770287
5 10 28.702562
6 10 27.763035
1 4 30.709154
1 12 28.480867
2 8 27.609671
2 15 33.808338
3 14 28.261005
5 20 25.507257
0 0 31.899433
1 4 32.579720
1 11 27.178238
1 23 25.011316
6 12 25.958632
0 13 35.266685
0 15 32.647652
0 20 27.013779
0 21 30.539568
2 14 29.286930
3 0 24.152081
3 10 23.738319
4 7 29.173265
5 12 40.090149
6 6 36.168560
6 10 32.682564
6 13 27.316071
6 15 34.989815
0 13 23.586817
2 13 25.449450
2 19 28.688139
5 11 32.445522
5 17 26.935263
6 17 37.978264
0 12 27.541065
0 17 30.362257
2 8 25.137470
3 6 37.591984
3 10 24.344822
3 12 29.919800
3 21 29.501846
4 10 26.587730
4 21 39.237362
5 13 32.488659
6 1 28.012672
6 8 25.308365
0 22 22.201963
0 23 27.442810
1 1 31.433769
0 5 39.006191
0 7 29.391445
0 8 29.584724
0 12 30.498251
0 15 33.133400
0 18 25.611303
2 11 36.812374
3 5 32.657162
3 9 22.864609
3 19 24.947584
4 10 34.840775
5 10 40.790039
5 18 30.065964
6 8 26.844193
6 12 31.314573
0 6 30.546438
0 11 28.155962
1 12 37.584465
2 11 27.731537
3 7 30.140467
3 12 26.653015
3 20 32.572876
4 20 31.408863
4 22 27.691311
5 17 28.890760
6 10 32.274158
0 6 32.729107
0 7 26.427050
0 15 26.651678
0 19 28.052769
0 21 30.543488
1 5 30.167448
1 20 29.100670
2 15 43.769802
3 0 36.393463
3 5 33.348419
3 6 34.211994
3 13 29.872355
4 10 27.752638
4 17 26.417234
4 23 43.650616
5 0 33.964638
5 1 27.789249
5 10 33.436802
5 17 32.487267
6 12 21.271585
0 14 31.299715
6 12 26.598972
6 19 28.087975
0 7 28.554127
0 13 24.129053
0 18 26.489145
0 19 28.842924
1 9 7.878060
2 21 40.212280
2 23 29.770287
3 21 26.651678
4 12 27.812820
1 15 26.038824
1 20 31.913435
1 21 29.387131
3 16 30.709154
3 20 32.402588
4 15 29.122982
1 7 30.520102
4 15 29.391445
0 9 27.013779
0 19 28.188347
0 22 28.810514
1 0 31.198326
1 1 35.579674
1 7 30.233908
1 7 28.815142
1 10 29.934050
1 22 39.781540
2 1 36.260040
2 12 42.798222
2 19 26.065861
2 22 32.428406
3 5 32.446373
3 16 35.535572
3 20 23.153624
4 22 37.176872
4 23 35.805012
5 0 34.600849
5 7 24.096849
5 21 25.530958
5 22 32.614212
5 23 24.242617
6 1 33.160839
6 16 31.299715
6 18 30.902822
6 21 29.122982
0 21 27.713196
1 10 34.685387
1 21 29.364748
1 21 27.480230
2 0 29.836153
2 7 32.178612
2 11 31.125193
2 13 32.888573
2 20 31.711826
2 21 28.012672
2 22 32.063213
3 0 36.951824
3 5 31.832582
4 13 22.651209
4 21 31.125193
4 23 35.686249
5 6 36.037113
5 16 27.344351
6 5 34.135548
6 14 38.622093
6 16 30.391624
0 1 29.299644
0 5 28.741060
0 15 24.834394
0 19 35.317513
0 20 38.568275
0 21 26.986486
0 22 27.711573
0 23 36.690987
1 12 30.448559
1 14 32.598789
1 17 27.126421
1 18 32.668053
1 20 33.908024
1 23 32.909943
2 0 31.479076
2 1 36.200935
2 5 30.983191
2 7 29.306822
2 13 32.680397
2 21 28.918682
2 23 31.559175
3 0 31.187107
3 5 29.592459
3 22 29.924646
3 23 27.609282
4 0 41.615189
4 5 25.880795
4 9 25.217569
4 13 26.474537
5 1 29.870737
5 2 31.871466
5 20 31.336636
5 21 28.392891
6 17 26.815508
6 23 29.551733
0 0 27.526217
0 1 43.769802
0 5 21.221722
0 6 38.752029
0 21 25.466066
0 23 33.808338
6 20 30.485678
6 22 31.433769
6 23 28.840527
0 17 29.584724
1 5 31.318712
1 8 23.331963
1 22 29.248430
3 9 20.452145
3 18 20.560368
3 19 29.850664
3 22 29.551785
4 10 27.656492
4 15 29.849880
4 18 25.142630
4 19 30.043732
5 0 19.803827
5 10 34.088234
6 5 28.504524
6 19 25.834686
6 22 20.752220
0 2 31.801020
1 22 29.352791
2 15 29.892960
2 19 31.133377
2 20 26.292645
2 21 28.012672
2 23 32.552799
3 9 25.063673
3 14 21.963867
3 21 31.299715
4 21 31.125193
1 5 36.402294
1 20 32.098106
1 21 28.876410
2 19 28.890760
3 0 29.476435
3 8 25.392317
4 13 28.353405
4 19 28.093588
4 23 26.351873
5 0 31.198326
5 1 31.318712
5 2 27.656492
6 16 31.811142
0 1 27.734777
1 15 32.769306
2 0 38.863842
2 5 31.913435
2 12 26.925022
2 21 35.924309
3 1 26.651678
3 1 36.178913
4 8 21.908092
1 7 32.729107
1 12 36.990574
1 17 32.568409
1 22 34.517014
3 14 29.914165
4 17 31.437475
5 12 33.809402
0 2 33.755390
2 7 28.141375
3 7 27.178686
3 23 33.268536
5 5 44.473927
5 14 30.976158
6 7 33.477898
6 10 29.722120
1 10 28.200905
6 22 25.023832
6 22 27.828342
6 21 29.064022
6 22 22.908789
0 22 26.752621
1 21 31.224880
2 16 30.485678
2 19 23.939075
2 20 28.483698
3 21 32.131870
3 22 31.532473
4 0 23.966948
4 19 30.498251
4 22 24.186884
5 0 31.093626
5 23 40.594769
0 18 31.560329
1 21 29.920027
4 23 30.537376
5 1 22.732307
5 5 30.691980
5 9 28.166452
5 23 25.334332
6 10 31.133377
6 17 31.476202
0 22 34.088234
0 22 28.777246
0 23 37.083759
2 21 26.351873
3 15 25.652355
3 21 28.500635
4 13 30.546438
4 14 24.400068
4 21 24.843967
4 23 31.783009
5 0 29.980978
5 2 40.389576
5 19 34.899860
5 22 29.019762
6 18 25.214792
6 21 40.018105
0 1 23.795650
0 5 35.351479
0 7 35.255219
0 15 29.849880
1 8 10.636584
0 22 29.387131
2 21 25.011316
6 13 23.089415
0 14 24.329067
0 20 25.466122
1 9 18.306126
1 22 29.387131
2 11 30.539568
5 0 30.537376
5 5 30.543488
5 14 29.576151
6 5 26.085327
1 1 29.508860
1 17 33.355442
1 21 25.108425
1 22 24.875246
2 10 26.483196
2 13 28.160265
4 6 26.650801
4 9 25.011316
4 10 24.910799
4 17 29.352791
5 7 29.722120
0 20 26.251375
1 5 32.727448
1 15 22.622448
1 16 27.133875
1 21 27.662027
2 7 22.186140
2 19 28.858316
4 12 30.709154
4 14 24.848940
5 10 27.575394
5 14 37.854965
6 3 26.935263
0 6 28.777246
0 7 31.146061
0 9 29.064022
1 6 31.947224
0 8 28.430864
2 7 28.468319
2 9 20.660652
3 8 6.656661
4 12 29.003088
4 21 30.459061
1 1 26.352633
1 4 29.663857
1 7 32.446373
2 7 26.289711
3 16 31.796049
3 21 32.614212
5 9 13.898328
5 17 27.126421
6 22 22.478748
0 5 31.267494
0 6 32.729107
2 5 32.614212
2 6 31.134308
2 17 30.167448
3 16 29.729712
4 23 28.224749
5 2 27.689484
5 7 27.691311
5 15 28.815142
6 6 27.691311
6 10 29.000246
0 12 30.210115
0 13 30.140467
1 9 14.129966
1 12 27.442810
0 4 30.389210
0 8 29.920027
1 6 32.862137
1 13 30.009798
5 6 31.150358
5 23 28.575293
6 6 29.179869
6 15 29.035479
1 14 29.229425
2 4 27.662027
3 14 28.686182
4 23 24.916679
5 3 34.703793
0 6 31.760567
0 7 34.180439
1 6 36.448326
1 10 19.298420
1 11 31.913435
2 8 27.133875
2 22 28.769257
5 5 28.061813
5 23 28.163618
0 19 25.125181
1 6 29.800716
6 9 31.140680
6 12 29.286575
0 0 35.792816
0 1 26.164808
0 2 31.532473
0 8 33.355442
0 18 25.802025
1 9 9.693561
1 9 15.536655
1 13 23.444374
1 14 26.605682
2 6 30.809307
3 21 37.080688
4 11 35.792816
4 12 28.323469
4 13 24.414598
4 20 29.533291
4 22 32.729107
5 10 30.402273
5 13 29.020473
5 23 43.188473
6 7 28.462311
6 10 26.768463
6 11 29.085009
6 14 24.316975
0 3 28.602823
1 4 26.427050
1 6 31.742363
1 7 30.043732
1 10 39.616055
1 11 33.920319
1 14 30.539568
2 7 29.297131
2 15 31.093626
2 19 24.572521
3 6 34.774067
4 20 28.939394
4 23 13.662302
5 7 31.918766
5 14 23.795334
0 19 26.130581
1 10 21.190300
1 11 34.296913
2 5 30.616089
2 21 28.188347
2 23 27.021421
4 7 30.679556
5 0 29.749725
5 8 29.925779
5 11 24.563251
5 23 26.331654
6 9 36.540165
6 10 28.208492
6 11 25.795830
6 17 32.775242
0 21 31.134308
1 6 40.164837
1 8 26.470543
1 10 34.427002
1 5 28.673141
1 7 30.140467
3 6 30.764555
3 10 28.087975
4 12 31.433350
5 11 28.960749
6 9 27.098379
6 11 25.705078
2 10 29.265356
3 15 26.853758
4 18 31.134308
4 23 24.344822
0 9 29.313152
2 6 29.888287
2 7 29.265356
2 12 26.651678
4 13 29.229425
5 6 28.226440
6 16 33.658092
6 7 38.573528
6 10 38.906490
6 12 29.299644
2 11 29.298889
5 16 24.919895
6 11 28.161003
1 9 30.520102
1 10 33.921207
1 20 28.160265
1 23 24.293291
2 10 28.850821
2 12 31.832582
0 8 32.573200
0 18 14.870547
4 21 35.510860
4 23 31.094442
5 11 33.209206
5 12 28.140625
6 5 30.210115
6 6 28.554127
0 15 36.291710
0 23 28.557713
6 8 29.352791
6 11 29.414309
6 12 35.009914
6 12 33.355442
0 10 31.786081
2 5 28.072388
2 12 32.131870
2 23 28.483698
3 10 29.310316
0 11 31.479076
1 22 28.078493
2 8 25.607790
2 21 27.332695
3 8 27.806425
3 10 31.094442
4 6 33.348419
5 7 28.972364
0 11 28.918682
0 21 29.265356
1 6 29.584724
1 9 24.576979
1 13 28.554127
2 6 31.832582
4 22 30.888954
5 12 20.513653
5 13 33.313503
5 20 23.408543
6 7 26.280205
6 9 31.073126
6 11 27.463406
0 21 20.321819
0 22 28.217369
1 0 37.453667
1 9 24.246746
1 5 39.623985
1 6 32.371117
2 18 27.586189
3 5 17.899023
3 21 25.573236
4 17 8.858679
4 20 27.586189
5 5 29.919800
6 6 30.470966
1 0 25.070084
1 7 31.913435
1 9 37.584465
1 16 28.612242
2 5 32.572876
2 6 35.492023
2 7 27.126421
2 9 30.525610
2 11 27.586189
2 12 26.719496
2 13 22.732307
2 20 24.186884
3 17 26.179737
5 13 28.616331
0 16 24.794191
1 8 27.749348
1 10 28.561863
2 19 30.448559
4 5 30.136267
1 5 32.573200
1 7 34.082371
6 4 28.052769
0 18 26.986486
1 11 35.803383
1 12 28.584360
2 7 28.701809
2 11 30.067392
2 14 36.590412
3 23 23.446922
5 7 38.106251
5 23 28.695343
6 17 22.284519
0 23 28.095684
1 7 34.048790
1 15 20.871256
1 17 31.073126
2 6 31.246040
3 12 25.820251
4 6 38.359009
5 23 30.648960
2 7 31.752844
2 11 29.551870
0 17 34.267609
1 7 28.072388
1 22 21.048088
0 15 27.060989
0 17 31.080032
0 20 26.292645
2 21 26.684355
3 18 28.918682
4 6 30.459862
5 7 26.776558
5 14 35.675652
5 20 33.037189
6 10 20.405806
6 13 34.703793
2 7 22.977657
3 0 31.318712
3 11 35.544388
4 7 26.251375
6 7 32.909943
0 5 28.660452
0 5 41.987778
0 6 29.863520
0 8 34.629566
0 12 26.598972
1 7 28.122486
1 14 26.636875
2 7 27.980904
3 4 26.935263
3 20 37.790424
5 0 36.010502
5 15 32.689430
6 5 31.913435
6 6 30.560520
0 12 28.540522
0 23 26.217794
2 4 33.214397
4 13 25.820251
2 6 24.856430
3 16 27.980904
5 10 17.113028
1 18 27.239031
1 20 27.647713
2 22 31.523746
3 17 24.910799
4 5 25.262573
4 11 31.125193
6 4 27.098379
6 6 29.064022
6 9 30.167448
6 21 29.863520
1 7 29.064022
1 12 30.470966
1 21 26.998552
2 16 27.639503
3 6 27.281775
3 11 31.187107
5 1 30.167448
5 8 28.193989
5 11 26.815508
6 7 29.623775
6 8 28.612242
6 17 30.448559
0 1 26.998552
0 13 33.355442
1 6 30.597942
1 9 33.216026
1 16 28.202253
2 6 29.836153
2 7 26.257269
2 11 26.998552
3 12 28.842924
3 21 30.503019
4 6 29.592459
4 8 23.371651
4 13 22.157314
6 9 28.377794
0 5 27.646631
0 11 30.557535
0 23 30.485678
1 5 29.304585
1 14 32.680397
1 20 28.141375
2 6 27.021421
3 5 30.258987
3 9 23.988729
4 6 29.333359
4 16 32.430889
4 18 23.572716
5 10 28.266920
5 12 28.410988
5 17 23.546631
6 10 33.210621
6 15 32.092422
0 20 32.208969
1 1 25.199026
1 5 30.133944
1 6 23.477629
1 10 21.166533
6 5 28.503784
6 10 28.457388
6 17 16.506393
0 19 36.356354
1 10 27.727779
1 17 24.246746
1 19 27.035717
1 23 24.691990
3 6 26.301805
4 11 40.331116
4 13 32.166851
5 6 28.575293
5 13 22.405598
5 20 30.679556
6 13 31.801020
1 0 26.174013
1 6 33.403358
1 9 31.107180
1 13 29.414309
2 5 33.177326
3 6 31.829815
3 6 29.179869
3 11 26.551167
4 4 30.258987
4 6 27.541065
4 12 18.149574
4 15 27.814463
5 5 32.371166
5 9 17.910767
1 9 4.983908
1 9 15.537300
1 13 23.449932
2 11 31.437475
2 22 30.459061
3 20 33.166534
4 13 32.573200
4 21 25.769793
5 6 31.306885
5 7 28.351648
6 5 34.399063
6 11 27.662027
0 12 28.584360
0 15 30.709154
1 6 30.271173
1 8 23.831724
2 0 26.808187
2 2 30.362257
6 9 36.053123
0 13 24.333603
0 21 18.751623
0 22 41.732952
0 23 30.470966
1 14 21.214268
1 19 24.507357
2 1 35.317986
3 1 32.488659
3 14 23.739553
4 7 27.639503
4 14 35.704880
5 6 24.029411
5 13 27.267267
0 23 24.603899
2 6 26.427050
3 13 30.271173
0 5 26.426409
0 6 34.035042
0 10 42.804192
0 11 24.072485
0 18 42.225960
1 2 30.537376
1 22 27.321463
2 19 24.069317
3 0 28.642708
3 1 30.448559
3 11 22.920401
4 6 34.161797
4 6 22.550678
4 22 29.407999
5 2 28.196497
5 6 31.985069
5 22 24.910799
0 6 30.568174
0 8 27.743458
0 21 28.554127
1 8 10.584648
6 22 25.023832
6 22 27.828342
0 5 24.913109
1 6 28.584360
1 14 22.405016
1 20 30.667969
1 21 26.752621
1 22 33.740707
1 23 29.952269
2 18 28.202253
2 20 31.134308
3 6 31.956177
3 18 19.428589
5 0 27.523472
5 5 31.560329
5 19 28.926208
5 21 23.015160
6 0 32.446373
6 5 32.246422
6 6 27.442810
6 7 27.433107
6 8 23.477629
0 3 34.753822
0 22 29.064022
1 22 31.811811
2 7 28.960749
2 21 26.776558
2 21 31.875462
3 0 28.196497
3 6 27.088352
4 10 31.786081
4 22 29.304585
5 5 24.293291
5 8 19.813831
6 0 36.287563
6 7 32.568409
0 10 30.526129
0 11 32.552799
0 19 29.729712
1 19 27.354498
1 19 34.335693
1 20 23.489035
2 7 25.318844
2 13 31.071095
2 19 26.427050
2 21 30.482729
3 0 34.161797
3 5 26.553661
3 7 20.986050
3 15 25.151196
3 19 35.510860
4 6 29.800716
4 14 28.584360
4 18 21.209030
5 0 24.834394
5 0 31.609056
5 6 32.629150
5 10 32.268036
5 16 42.640862
5 21 30.574423
6 7 31.755192
6 9 29.164469
6 18 33.780304
6 21 22.923735
6 23 26.184793
6 23 24.753149
0 10 32.862137
0 15 28.188347
0 20 26.521025
0 23 31.455442
1 5 24.927050
1 6 33.292149
6 11 27.193359
6 14 29.011002
6 21 29.914165
6 22 25.649008
0 23 29.122982
1 13 29.333359
1 14 29.265356
2 19 33.568558
2 23 31.073126
3 0 32.006126
3 18 32.246422
3 20 28.702562
4 0 27.225208
4 7 24.801907
4 12 24.910799
5 6 31.755247
5 12 29.729712
5 18 22.053877
5 20 36.935139
5 21 32.416534
6 1 25.032244
6 15 26.605682
6 22 27.200024
1 8 28.713652
1 14 29.592459
2 9 19.823923
2 22 28.777246
3 10 31.445614
3 22 29.902637
4 12 15.398016
4 21 34.088234
4 22 28.196497
4 23 29.920151
5 8 24.430317
5 15 28.224749
5 19 28.069672
5 20 26.728771
6 0 27.552528
6 0 36.168560
1 10 22.961208
1 12 24.793512
1 21 29.584724
2 20 27.713669
3 0 27.609671
3 1 27.701353
3 10 29.914165
4 14 29.321749
4 23 42.128281
5 0 27.839201
0 18 36.690987
0 22 29.333359
0 23 29.914165
1 0 28.282990
1 10 33.908024
1 11 22.310472
1 14 33.963963
1 23 33.348419
2 1 26.282438
6 22 39.545540
0 10 38.706360
0 15 38.573528
0 20 32.560650
1 0 29.892960
2 11 28.121435
3 15 28.198519
4 13 28.918682
6 5 28.076336
6 20 21.611643
1 5 33.257103
2 10 28.007933
3 11 21.907404
5 14 26.981482
6 1 29.888287
0 7 33.186653
0 20 34.088234
0 22 30.127916
1 21 28.030983
2 17 25.147015
2 23 2.106565
3 1 29.849880
3 10 27.425123
3 21 29.283491
4 22 27.586189
5 11 30.251259
5 15 27.133875
6 13 26.798876
0 5 42.337124
0 15 31.711691
0 20 38.033939
0 21 28.266920
1 8 20.604439
0 19 31.875462
1 9 17.854687
2 21 24.722507
3 1 34.608631
4 21 26.217794
0 22 32.963009
1 23 32.735344
2 21 31.479076
2 23 35.536507
3 14 27.523472
4 10 33.313503
4 21 28.261005
6 19 31.299715
6 23 29.596813
0 18 32.548531
1 13 29.173265
3 0 31.094442
3 1 33.313503
5 12 33.138680
1 5 28.554127
6 10 40.395889
1 7 23.939075
2 9 27.510319
3 7 29.476435
3 10 26.417234
4 6 22.377115
5 9 27.178686
5 15 29.266251
6 4 25.655369
1 4 26.522619
1 9 31.875462
1 11 31.536921
1 13 30.809307
2 8 30.812475
3 15 26.079531
4 11 27.442810
4 15 25.533081
4 16 29.758896
5 15 28.525682
0 22 27.332695
1 7 23.739553
1 10 27.178511
1 14 28.188347
1 20 24.163656
2 23 23.462458
3 10 22.024935
3 15 29.747753
4 1 28.223837
5 12 25.574749
6 7 40.018105
0 5 25.834686
0 10 34.161797
1 7 25.466066
1 8 16.448746
1 10 25.473478
6 6 25.449450
6 9 37.415611
6 14 31.226374
6 19 31.022306
0 7 28.028866
0 12 29.800716
1 7 26.774683
2 20 29.315882
3 7 31.811150
3 8 11.444555
3 10 28.540522
3 13 20.954100
4 6 37.313332
0 8 31.210491
0 10 29.173265
0 16 33.908024
1 7 30.167448
1 20 25.637190
1 21 27.463406
1 22 35.579121
2 4 31.187107
2 6 30.809307
2 7 24.919895
2 21 31.022306
0 7 32.139606
0 8 24.316975
1 14 25.902290
2 7 25.555780
2 15 26.723150
3 12 28.702562
3 20 24.434790
4 21 29.021511
5 19 26.156137
5 22 27.320875
6 0 30.862396
1 6 26.709648
0 22 21.910456
1 11 30.065964
2 12 29.885029
3 11 36.053123
3 13 26.427050
3 14 28.156467
1 2 39.277191
4 21 27.980904
5 3 40.767765
6 8 27.136255
0 7 31.175091
0 10 33.346767
1 0 36.323711
1 21 31.175091
3 8 23.486914
3 11 26.038824
4 20 26.651928
5 10 28.061813
5 12 30.459862
5 14 34.088234
6 8 30.780685
6 11 28.738737
0 8 28.196497
0 9 27.531715
0 11 27.691311
0 11 28.741060
0 23 29.592459
1 8 17.514843
1 22 31.022306
6 9 32.236870
6 11 36.644852
1 7 28.277164
1 17 25.998606
2 13 29.800716
5 10 21.948441
5 21 31.756025
2 7 26.650801
3 11 28.583706
4 1 37.907116
4 17 25.229527
5 5 33.908024
6 5 27.531715
6 7 28.061813
1 11 40.018105
1 13 43.038605
3 23 29.888287
4 5 28.188347
4 7 27.322372
4 9 23.173178
1 5 31.461861
1 8 21.838409
1 9 9.622399
6 5 29.920027
1 11 30.277561
4 9 31.441240
4 23 31.020475
5 0 31.865088
6 6 30.809307
1 22 34.176098
3 13 31.026373
4 20 37.571617
0 0 28.743229
1 10 33.712170
6 9 27.149767
6 12 42.589336
6 14 27.743458
6 15 27.987461
6 17 26.969736
0 9 29.800716
0 14 25.715685
0 15 29.321749
0 18 24.753149
1 10 29.248430
1 12 27.763035
1 14 36.812374
1 21 28.743229
2 13 28.374853
2 21 23.641840
3 13 24.292316
3 15 36.935139
3 17 26.808187
3 20 30.116249
4 12 27.021421
4 15 28.012672
4 16 36.590412
5 20 27.146124
6 9 30.258987
6 15 37.001888
0 13 29.980978
0 18 30.140467
1 11 30.539568
1 13 31.226374
1 14 33.885792
1 16 24.237570
2 6 28.554127
3 15 26.605682
4 13 29.812729
5 16 26.650801
0 9 27.448801
0 11 30.574423
0 15 27.893740
0 16 24.667927
0 20 28.960749
0 21 27.239031
1 8 26.292645
1 13 29.849880
1 15 28.554127
1 17 28.363504
1 20 28.810514
2 13 26.517834
3 17 28.200905
3 18 33.167404
4 8 27.838856
4 11 28.637970
4 12 31.755247
4 20 22.541656
5 10 26.327953
5 12 27.412882
5 13 26.714310
6 13 27.344156
0 12 27.636505
0 19 27.575394
0 20 27.645834
0 21 31.306885
1 11 33.038010
6 12 26.103321
6 16 29.666710
0 3 28.140625
0 15 28.483698
0 20 28.150640
0 22 32.800453
1 9 16.330996
1 11 34.272049
1 14 32.614212
1 22 32.629150
2 16 19.425173
4 16 23.394203
5 12 28.960749
5 15 29.122982
5 19 28.467224
2 10 27.420757
3 20 28.193989
4 10 31.187107
4 19 25.431019
5 14 25.431019
5 15 26.675377
0 20 31.133631
0 22 33.920319
1 11 33.406628
1 12 29.616173
1 20 33.869698
1 22 31.125193
2 9 24.576979
3 3 26.866907
3 14 28.713652
3 16 23.508791
3 21 31.711691
4 12 27.039843
4 22 38.622093
4 23 32.579720
5 0 30.537376
5 3 28.554127
5 9 27.838856
5 12 23.858858
6 0 31.211390
6 13 29.064022
6 16 29.508860
6 23 30.380409
0 14 28.757292
0 23 29.321749
0 20 30.537376
0 22 28.277164
1 6 32.203377
3 8 27.662027
3 15 28.568127
4 11 26.925022
4 20 26.130581
6 21 25.492331
6 22 31.137671
0 10 28.012672
2 15 27.656492
2 20 24.581890
3 11 30.981953
3 20 32.342842
5 12 28.356901
5 16 26.951063
0 13 29.263470
2 11 25.238497
2 14 28.200905
3 10 21.897423
4 0 26.327953
4 9 28.061813
4 12 30.272152
4 14 26.402002
4 15 35.317513
4 18 30.616089
4 20 31.094442
4 23 28.673141
5 0 33.153275
6 15 29.397354
6 16 18.500158
0 18 25.272312
1 8 25.096373
6 9 30.140467
0 7 31.829815
0 10 27.098379
0 12 27.949654
1 3 30.140467
1 7 28.140625
2 10 30.177143
2 19 25.028677
4 4 31.832582
4 6 28.277164
4 16 26.096603
5 8 27.636148
5 10 37.553318
0 0 30.537376
2 22 39.498367
2 23 37.301590
6 5 33.106991
0 6 26.935263
0 9 29.063437
0 12 25.650572
0 20 31.908916
1 5 31.226374
1 11 27.609671
1 14 28.978920
2 21 27.541065
4 7 32.487267
4 22 28.819046
6 3 27.967699
0 1 25.610500
1 10 23.997364
6 6 28.407349
6 10 31.022306
6 13 25.937660
0 9 21.849987
0 11 29.592459
0 12 30.140467
1 0 33.135910
1 4 28.483698
1 14 37.916637
1 21 22.357626
1 23 26.952528
2 1 32.579720
2 20 30.140467
2 21 26.935263
3 0 33.921207
3 5 37.584465
3 6 26.102396
3 6 28.729986
3 20 31.228521
3 22 33.963963
4 6 28.701809
4 7 26.834473
4 11 28.738737
4 20 29.800716
4 22 28.711428
5 0 29.902637
5 2 32.096317
5 11 23.988729
5 21 28.140625
6 0 27.217701
6 5 30.709154
6 19 25.466066
0 17 28.651524
0 20 23.881466
0 22 31.479076
1 19 32.488659
1 20 42.543171
2 0 33.045948
2 23 33.478756
3 10 33.186653
3 22 28.540522
4 11 20.023481
4 14 28.842924
4 21 28.741060
4 23 27.390797
5 11 30.389210
5 14 36.540165
5 20 31.785465
5 23 31.918766
6 14 39.498367
0 12 30.709154
0 23 43.243217
1 0 29.521456
1 1 34.000031
1 6 30.546438
1 12 32.445522
2 1 31.314573
2 5 31.210491
2 6 31.755192
2 7 26.935263
2 15 26.283276
2 19 28.540522
3 10 27.586189
3 16 26.221893
3 17 26.719496
3 21 26.351873
3 23 33.186653
4 14 22.590866
4 22 39.331024
4 23 27.846874
5 2 33.814468
5 11 37.001888
5 12 31.147768
5 22 27.578547
6 7 25.673939
6 10 27.519249
6 23 28.623465
0 11 25.297173
0 13 29.392475
0 16 29.184792
0 18 22.345228
0 23 28.276453
1 6 29.122982
1 7 30.523140
1 11 29.321749
2 6 32.430889
6 12 33.636486
0 14 30.265392
1 5 33.920319
1 11 30.458433
3 7 32.579720
1 19 30.574423
2 5 34.790730
2 7 32.222504
2 8 26.472805
2 9 23.676563
3 9 27.523472
4 5 33.135925
4 11 30.389210
5 11 31.044146
5 15 27.463406
5 22 28.480867
6 5 31.133377
1 12 35.002670
1 19 29.677622
3 15 33.216026
4 9 30.362257
4 10 24.839540
5 9 30.009798
5 12 30.032789
0 2 33.033077
0 4 30.537376
6 10 31.794937
6 11 28.642708
0 14 32.775242
0 19 26.951063
0 22 28.346064
0 23 30.321503
1 5 31.147768
1 22 30.808725
3 1 41.195107
3 8 14.148918
4 3 32.775242
4 7 28.226440
4 11 26.427050
5 5 36.745708
5 12 22.572723
6 4 32.518055
0 4 29.265356
0 9 32.092422
0 12 33.216026
0 21 19.888113
1 7 31.875462
1 12 28.810696
1 14 28.061813
2 6 31.783438
2 10 24.676874
2 12 33.963963
4 22 27.678665
5 11 36.726398
0 5 39.152996
0 9 44.012466
2 1 31.474354
2 11 27.144335
2 21 26.685970
6 6 29.924646
6 7 39.425514
6 8 29.952269
6 11 29.299644
1 9 10.974509
1 16 26.529655
1 20 38.931629
2 7 27.098379
2 23 30.679556
3 6 29.849880
4 8 27.126421
4 11 29.302240
5 7 34.805515
5 9 28.960749
5 21 25.944778
6 20 30.140467
0 4 28.769257
0 18 28.160265
1 17 29.931025
2 12 32.246422
4 5 32.428436
4 6 29.310316
4 12 24.333603
5 10 29.595839
5 21 28.351648
6 9 29.283209
1 6 31.022306
2 11 28.946239
3 13 26.991879
4 9 15.338231
5 17 22.908789
6 7 37.080677
6 17 26.684355
6 18 24.550447
0 8 28.842924
1 10 28.918682
0 19 28.061813
1 9 13.951976
1 11 28.743229
1 14 29.968798
2 6 27.133875
3 6 20.649118
3 8 26.038366
4 7 25.937660
4 13 30.888954
5 9 30.905416
5 12 32.727448
5 17 32.416534
6 9 34.493496
6 13 27.609282
1 5 31.267494
1 6 29.551785
1 9 35.586857
1 11 28.692402
2 8 24.205618
2 11 31.157192
4 15 27.442810
4 23 32.614212
5 7 25.367264
3 2 28.840527
3 4 29.644705
4 12 27.763035
4 17 19.345556
4 18 25.466066
5 11 28.692402
5 18 23.038813
6 12 19.095139
6 14 40.164837
0 2 29.179869
0 9 35.619080
0 11 27.703728
0 13 31.318712
0 16 30.902822
1 5 27.136255
6 6 29.850664
0 18 26.472805
0 21 31.832582
1 6 31.479076
1 9 9.335666
1 11 33.403358
1 13 27.144335
1 16 26.776558
2 5 29.089735
2 6 31.656097
2 7 30.537376
2 11 23.375021
5 7 28.673141
0 7 27.674339
2 8 28.140625
2 9 27.136255
2 21 28.637970
3 16 26.451969
3 20 27.967699
4 21 26.262775
6 16 26.656134
0 19 25.781969
1 12 27.845184
1 21 27.846874
3 19 29.064022
3 21 29.306822
4 13 32.938560
4 21 26.130581
5 13 25.937660
6 7 31.972988
0 5 29.315882
0 7 32.905586
0 13 34.296913
0 17 33.667080
0 18 22.995630
0 20 27.088352
0 21 36.148354
0 23 36.644852
0 23 37.348114
1 5 32.521767
6 5 33.313503
0 9 35.619080
0 20 27.013779
1 7 33.221264
1 7 26.788893
1 11 31.755247
2 5 29.770287
3 7 33.305473
3 17 29.434406
3 20 31.829815
3 21 29.850664
4 5 24.667927
4 6 28.729986
5 12 25.653538
6 0 25.968128
6 4 35.908611
0 13 29.800716
1 8 30.123627
1 14 39.847198
1 19 39.189968
2 6 29.951828
2 6 28.007933
2 7 22.455397
2 8 32.551704
2 17 43.769802
2 21 29.351292
3 5 28.702562
3 6 30.709154
3 7 28.012672
3 8 25.834776
3 20 27.088352
4 6 36.011757
4 12 26.842981
5 7 29.888287
5 13 27.678665
6 12 32.432411
0 7 29.064022
0 9 29.100670
0 12 31.339258
1 5 31.832582
1 5 31.841848
1 7 25.431019
2 22 27.126421
3 6 29.613712
4 5 32.551704
5 5 29.863520
5 6 36.113449
6 10 29.106899
6 12 38.573528
0 7 32.963009
0 22 35.088860
1 5 32.446373
1 6 26.426409
1 7 31.489704
6 8 29.352791
6 11 29.414309
0 20 25.011316
0 22 31.875462
0 23 26.685970
1 5 29.666710
1 10 28.702562
1 17 27.701353
2 5 31.871466
3 6 41.758286
3 7 32.222504
6 21 36.427284
0 15 29.064022
0 20 30.520102
1 7 26.174894
1 8 18.628431
6 6 33.106991
6 7 20.299038
0 7 31.368645
1 0 38.607231
2 23 25.252605
3 0 28.738712
3 1 33.976814
3 7 26.426409
4 5 24.627697
4 9 26.553661
5 7 32.518055
1 5 28.584360
2 14 27.396578
0 6 34.753822
1 5 23.939075
1 22 34.703793
2 6 28.738737
2 14 25.574749
5 12 34.161797
5 13 40.537796
5 19 30.575823
0 6 29.349173
0 11 29.313152
6 14 26.605682
0 5 30.642830
0 11 28.504524
0 21 30.204634
1 1 30.167448
1 2 27.711573
1 11 27.408424
1 17 28.503784
1 22 31.133377
2 0 26.705540
2 11 28.374853
2 19 28.557713
3 0 36.402294
3 18 27.463406
3 20 30.648306
5 1 28.695343
5 9 26.651678
6 10 26.174894
0 21 25.973318
1 6 29.729712
1 7 33.103996
1 19 26.327953
2 8 29.315882
3 18 27.980904
3 21 29.596813
4 14 26.488132
5 14 26.482130
0 3 30.498251
0 16 27.149767
0 16 26.245638
0 19 29.706255
0 23 29.227253
1 9 17.173655
3 1 33.588722
3 13 25.998606
4 1 28.163618
4 11 32.551704
4 15 25.404167
4 18 25.071407
5 0 33.808338
5 1 30.932446
5 12 28.081085
5 18 28.012672
6 3 27.541065
6 13 29.914165
1 5 28.729986
1 5 28.702562
2 11 24.630257
3 0 25.720831
3 4 28.662189
4 11 27.133875
4 20 26.427050
6 11 28.122486
6 18 28.061813
0 7 35.208172
1 23 33.313503
4 7 27.088352
5 22 28.842924
6 13 26.102396
0 4 29.073860
0 21 25.834686
0 22 29.576151
2 10 24.644234
4 5 31.665623
4 7 29.173265
4 9 23.369894
4 22 24.642921
4 23 28.842924
5 13 23.493599
0 7 27.570034
1 8 14.153529
0 4 39.368458
0 19 27.656492
1 10 31.156702
1 15 29.592459
2 11 43.988789
3 6 28.078493
4 11 41.195107
5 19 25.729239
6 16 18.228472
0 1 28.055332
0 7 30.539339
0 9 37.798538
0 22 28.160265
1 7 28.282990
1 15 29.751730
2 7 26.280720
2 20 31.198326
3 14 25.272312
4 10 25.297173
4 13 24.874901
5 14 22.646181
6 10 34.199844
6 13 35.908611
0 12 34.496174
1 11 24.020151
1 18 31.985069
2 13 28.568127
3 1 29.813992
3 1 28.193989
3 21 26.031010
3 23 28.500635
4 7 29.914165
4 21 26.521025
5 0 36.651962
5 0 32.668053
5 12 26.740280
5 14 29.465303
5 21 23.814632
6 7 31.162590
6 13 28.910969
1 10 26.427050
6 5 31.198326
6 7 30.543488
6 10 27.047979
6 22 23.477629
0 0 20.406231
0 1 37.850819
0 22 30.709154
0 23 27.980904
1 6 33.135910
1 22 28.095684
2 20 28.554127
2 21 38.703037
3 17 29.885029
4 2 28.759468
4 6 29.064022
4 15 30.764555
4 19 27.324877
5 0 30.888954
5 15 28.891937
5 18 33.355442
5 21 21.770788
5 23 27.098379
6 16 30.574423
6 22 31.070515
0 0 29.089735
0 17 28.150640
0 21 37.055882
0 22 27.463406
1 19 27.100840
2 12 28.483698
2 14 31.841848
2 16 28.504524
2 20 32.446373
2 22 26.124058
3 17 25.404167
3 21 36.403248
3 22 17.355730
4 22 30.560520
5 16 24.237589
5 22 31.905207
6 19 33.216026
0 12 25.799328
0 15 32.445522
0 20 29.387131
0 22 31.125193
1 0 35.382286
1 5 34.899860
1 8 27.136967
1 23 36.858780
2 22 37.582455
3 2 28.741060
3 17 27.639503
4 17 26.398609
4 19 20.459076
5 12 26.517834
5 17 31.479076
5 22 29.333359
6 19 35.751076
6 20 29.729712
0 16 34.427002
0 21 35.353649
0 21 31.796049
0 23 31.913435
1 6 31.138498
1 8 18.424894
0 4 30.271173
0 6 30.792263
0 7 24.966164
0 11 25.958632
1 5 24.874901
2 6 27.144335
2 9 32.203377
2 11 23.227182
3 5 30.448559
3 20 31.755192
3 21 25.936077
5 6 33.537189
6 14 28.193989
0 10 26.278215
0 13 34.732002
1 5 27.098379
1 17 27.344351
2 5 28.392891
2 8 25.118263
3 5 27.674339
3 6 39.326691
3 19 30.833681
4 4 23.697613
4 18 27.100840
5 5 27.846874
6 12 39.600792
1 8 27.569998
1 10 20.915897
2 6 29.364748
2 8 24.845602
3 5 29.592459
3 6 33.135910
3 10 31.907379
3 23 29.038383
4 5 29.863520
4 19 29.264589
5 7 42.393250
6 17 28.757292
0 8 33.063034
0 12 34.088234
1 5 27.469175
1 9 31.061064
2 6 32.430889
2 12 28.729986
2 22 44.482777
4 9 28.097965
0 21 28.072388
0 21 27.812820
1 23 30.448559
2 9 29.406878
3 5 30.390501
3 7 34.899860
4 8 29.375425
5 8 24.148857
5 12 24.434790
6 11 25.909145
0 19 22.961208
0 21 29.298851
0 22 39.620098
0 23 23.246536
3 10 24.420488
3 13 33.403358
4 5 29.321749
4 12 26.690142
4 19 29.587379
5 5 31.150358
5 8 29.729712
5 13 29.555353
0 22 26.656134
6 6 31.801020
0 10 26.553661
2 9 28.769257
3 1 28.318508
3 22 24.133959
4 15 28.061813
5 6 29.800716
5 7 26.521025
1 6 25.272312
1 17 31.073126
2 8 26.426409
3 14 30.927933
4 10 27.527935
4 14 27.144335
5 5 29.386559
5 6 27.678665
5 13 31.755192
6 9 31.226374
6 13 28.052769
0 15 25.961765
3 23 32.909943
4 4 36.448326
4 12 27.029703
4 17 27.846874
5 6 31.972075
5 7 31.433350
0 8 27.021421
1 9 28.028866
1 11 29.923843
0 12 33.908024
0 20 29.168535
3 1 43.595154
3 11 26.652378
3 21 26.310307
4 7 26.809092
5 12 23.535780
1 10 27.828342
1 16 25.937660
3 14 29.836153
3 22 41.613335
3 22 30.977255
5 17 28.743229
6 15 20.871614
0 15 35.586857
2 14 27.488277
2 18 22.957850
2 20 34.958908
4 12 28.392891
4 17 32.568409
4 20 23.327301
5 1 40.013065
5 2 35.310928
5 10 3.813956
6 14 31.299715
0 2 39.639614
1 11 33.406628
6 12 44.172928
0 15 38.183960
0 21 27.552528
0 22 39.560478
1 6 28.483698
1 10 28.891937
1 11 27.463406
2 6 30.695196
2 10 30.362257
3 10 30.140467
3 13 26.768463
3 22 27.586189
4 10 34.161797
5 8 23.015160
6 5 30.809307
6 15 31.796049
6 21 18.664816
0 14 24.305698
1 7 28.810514
2 9 26.427050
2 11 32.344273
2 14 33.257103
3 11 32.488659
3 14 29.914165
4 13 34.182919
5 7 27.235472
5 12 25.637190
5 17 27.377861
6 15 29.416189
0 12 30.176418
1 8 23.939075
1 11 36.356354
1 15 28.960749
1 18 26.605682
4 9 26.529655
4 12 42.981350
4 18 23.098957
4 23 27.622009
5 10 28.702562
6 14 26.130581
6 15 31.318712
0 19 29.924646
1 6 41.312401
1 10 29.214136
0 15 28.540522
1 15 21.362774
2 6 25.637190
3 7 28.150640
4 19 26.257269
6 6 31.756025
0 9 29.570761
2 6 26.427050
3 20 34.600849
4 23 28.052769
5 6 27.449333
5 11 28.196497
6 6 32.614212
6 14 28.987499
0 6 32.687107
0 6 31.801622
0 7 30.043732
0 21 27.829092
1 7 29.991270
2 11 23.949280
2 21 22.887827
3 8 28.732910
4 1 28.769257
4 12 23.988729
5 19 34.213676
6 6 27.732676
0 19 27.074024
1 6 37.403694
0 14 38.324306
1 7 21.884901
1 18 27.463406
1 19 31.093626
4 8 24.863777
6 6 27.144335
0 8 30.503019
1 21 31.825230
2 21 34.732002
2 23 31.832582
3 15 29.770287
4 5 30.709154
4 7 27.577620
4 14 32.007229
4 21 27.546827
5 12 27.469175
5 15 27.469175
0 12 28.122486
0 20 33.245132
2 13 21.174011
2 23 26.822691
3 15 26.095840
4 10 27.638779
4 13 28.540522
4 20 17.266821
5 0 36.011757
5 1 35.690548
5 6 28.584360
6 8 27.200024
6 13 28.362926
0 12 28.837559
0 19 33.679615
0 22 27.377861
6 9 33.186653
5 9 31.224880
0 8 31.947224
0 20 32.614212
1 6 33.537189
1 11 40.018105
1 12 30.341108
1 22 23.343895
2 19 31.146061
2 23 33.908024
3 12 33.687164
4 12 30.459862
4 15 24.103456
4 21 31.852810
5 7 28.757292
5 11 27.982441
5 13 28.692402
6 22 24.293291
1 6 21.954248
1 7 34.161797
1 11 25.283148
1 13 25.880795
1 21 24.652546
2 12 20.755754
2 21 30.758455
2 22 28.837559
3 0 28.196497
3 11 25.355955
4 12 23.353874
4 14 29.279758
4 17 25.323566
0 21 29.179869
0 23 40.614338
1 6 28.810514
1 13 19.190205
1 22 27.144335
6 10 21.797577
6 10 27.527935
6 11 31.909353
2 10 27.701353
2 16 19.800396
4 7 26.529655
5 5 28.635986
6 12 27.980904
0 12 32.371117
0 15 31.865088
1 5 30.539339
1 22 26.928040
2 12 28.523922
3 6 28.584360
3 21 27.586189
4 5 31.755192
4 20 26.327953
5 6 30.459061
5 7 30.435436
5 16 35.675652
5 20 27.178686
1 16 35.009914
3 11 32.430889
3 21 33.392429
4 7 26.103321
4 18 25.229527
4 19 31.794937
5 16 28.012672
6 0 28.059174
6 9 32.825176
6 6 31.125193
6 10 27.902399
0 1 30.448559
0 11 28.680725
1 17 22.354525
2 10 24.599888
2 16 32.963009
4 10 28.692402
5 3 31.369549
5 4 31.904058
5 12 28.177486
6 9 26.815508
0 6 25.832821
1 8 29.800716
2 10 29.064022
2 16 27.239031
2 22 23.486914
4 10 24.764561
2 1 29.836153
4 0 26.485207
4 8 22.943096
6 9 24.467115
6 11 28.759468
0 10 28.668554
1 0 24.546450
1 9 21.017952
2 6 31.211554
2 11 30.391624
2 15 31.299715
3 7 30.402273
4 5 25.404167
5 8 26.283276
5 14 29.306246
0 10 29.283209
0 14 30.140467
1 8 39.781540
2 13 21.091074
3 11 26.004128
3 13 29.465303
3 22 36.200935
5 0 31.972792
5 7 26.221893
5 17 27.057287
5 17 26.245638
6 11 27.442810
0 7 29.002724
0 10 31.134308
1 0 41.119324
2 0 29.321749
2 7 31.318712
2 17 29.447552
3 0 25.108425
3 5 35.989704
4 12 30.177143
5 6 25.937660
5 7 30.543488
0 22 35.694813
0 23 37.174061
6 10 26.854198
0 8 32.428406
0 10 24.764561
1 10 34.399063
2 13 33.410965
2 19 38.153923
2 23 24.430151
3 9 13.997101
4 0 26.373653
4 14 26.174894
4 21 32.095154
0 7 35.792816
0 19 26.315113
1 18 31.030243
1 21 27.293013
1 22 31.796049
2 1 31.133377
2 9 26.140789
2 13 24.163656
2 17 27.144335
2 20 26.478134
3 13 41.732952
3 16 26.427050
4 9 19.388533
4 19 32.393154
4 20 32.660744
5 12 23.508791
6 21 22.907616
0 13 25.951439
1 9 3.821346
1 13 31.796049
2 21 39.368458
3 10 28.392891
3 15 22.786959
3 18 24.307909
3 20 42.831188
4 13 24.077282
4 22 24.785368
5 11 27.830688
6 6 20.723921
0 7 28.012672
0 17 24.876553
0 20 29.310316
1 10 31.318712
6 9 33.133400
6 18 24.856430
1 2 25.392635
3 11 40.689629
0 13 38.752029
1 19 25.108425
1 22 25.225979
4 21 26.991879
5 1 34.253735
6 7 27.098379
1 10 26.451969
2 21 30.285271
2 23 32.644192
3 0 32.521767
4 13 26.650801
5 10 28.012672
0 19 26.373653
0 23 38.510906
1 3 25.637190
1 9 11.590872
6 11 29.306822
0 10 25.945929
0 11 28.960749
0 22 28.960938
1 7 24.724764
1 14 26.568510
1 17 26.203236
3 21 27.678665
4 6 23.783770
4 7 30.764555
4 11 26.949732
4 12 32.446373
4 14 22.582603
5 11 27.987461
5 15 27.463406
5 21 29.304585
3 16 24.019812
5 5 27.448801
5 6 37.129166
5 13 37.584465
6 7 27.689484
6 12 26.038366
0 17 25.011316
0 21 19.074827
1 10 19.336615
1 13 29.800716
1 20 30.459061
2 6 22.590866
5 7 30.207281
5 9 25.229527
5 17 40.689629
5 21 27.811920
6 23 34.921196
1 7 30.459862
