6 7 28.799828
0 19 27.426985
0 21 25.049915
2 13 24.765167
4 14 31.985069
4 17 26.358292
5 12 28.540522
2 14 31.711691
3 13 37.051777
4 13 32.614212
5 13 37.685986
5 15 30.576529
6 1 26.409765
6 12 28.717592
0 14 31.276091
2 15 37.469894
2 21 31.011204
4 8 28.145247
4 11 32.335270
5 13 25.152342
5 14 30.665821
6 20 27.770342
6 14 31.226374
0 7 28.790121
1 8 9.653803
1 10 28.777246
3 10 26.813110
4 11 34.558647
5 10 31.647284
5 13 24.887449
5 15 27.777981
6 14 26.640121
0 9 27.427259
1 10 28.909580
2 12 36.805824
2 22 37.276764
3 10 23.897333
5 23 22.067118
2 6 28.909580
4 13 32.614212
5 9 25.431274
6 4 31.324106
6 7 23.520988
0 6 30.049013
6 13 31.472399
6 14 32.398731
6 16 34.957623
6 21 29.951828
2 12 36.436241
2 13 29.165144
2 15 33.341190
3 8 27.664213
3 21 29.201672
4 1 27.121359
4 9 20.071880
4 11 32.142025
4 15 28.223837
5 10 35.131981
5 15 26.243834
6 14 30.283033
2 10 30.464794
2 23 26.046124
3 20 39.563477
4 15 28.560745
0 15 25.844658
0 18 28.911772
1 8 19.501787
6 9 35.631756
6 15 28.744099
6 18 26.394556
1 9 12.335436
1 16 37.692219
2 9 31.789093
2 15 25.408297
3 9 8.996197
4 12 29.071354
5 13 24.804041
6 0 33.963272
0 7 32.398731
1 12 34.960423
1 16 33.409157
1 19 31.226374
1 23 35.789948
2 21 33.171227
2 22 40.895363
2 23 34.927242
4 20 30.161116
5 10 32.922630
0 7 27.245213
0 21 27.466822
1 22 28.998959
2 12 30.375566
3 10 32.260612
3 18 39.841278
3 22 40.598331
5 0 35.485500
5 0 35.908123
5 1 34.569199
5 14 32.518028
0 10 27.219767
1 9 15.282585
1 11 25.916857
1 11 24.354971
1 18 34.146606
2 11 41.768787
2 14 29.264561
2 21 35.485500
3 17 26.812744
4 8 26.588560
4 15 36.995472
4 16 32.151020
4 18 30.342598
5 9 26.371540
5 18 26.889944
1 11 24.982330
3 16 27.413439
4 12 15.843623
4 21 29.880959
5 14 31.321085
5 16 30.637802
6 11 29.864939
6 14 34.146606
1 18 29.294645
0 9 33.682407
1 1 25.308115
1 8 30.679556
6 5 33.252045
0 1 29.837137
1 5 34.163132
1 5 38.742973
1 7 37.137337
1 10 31.190762
1 18 23.709158
1 20 27.773212
1 21 34.957623
2 11 30.757421
2 23 34.760098
3 0 34.957623
3 6 35.026207
3 9 11.768163
3 11 27.770342
4 3 29.668396
4 14 25.482609
5 7 29.523811
5 7 30.376801
5 13 30.637802
5 14 28.221474
5 22 21.127813
0 4 28.867315
0 13 28.560745
1 5 34.448944
1 6 34.168457
1 6 33.908367
1 7 31.472467
1 12 32.840763
1 20 23.783770
1 22 34.544876
2 11 34.564770
2 23 35.434929
3 6 32.661972
3 8 30.072445
3 15 22.778343
3 21 31.073126
4 9 11.782749
4 18 29.837137
5 17 36.154449
1 1 28.364117
1 2 33.438782
1 5 32.068581
1 7 27.998381
1 10 33.171227
1 21 35.313858
2 20 30.404364
3 6 27.980904
3 14 33.807373
3 20 24.790373
3 22 30.679556
4 0 34.237976
4 15 26.878445
4 16 29.191662
5 12 30.907597
5 13 31.795757
6 6 34.852055
0 23 37.185558
1 4 34.147717
1 8 26.180714
6 11 31.472467
0 10 32.682873
2 7 33.963272
2 18 44.018093
4 6 35.597958
4 8 23.604300
5 5 31.324106
5 11 30.679556
3 6 29.115616
3 10 38.668404
4 5 28.340023
1 6 26.878445
2 6 25.357023
2 11 43.896839
3 10 24.707413
3 12 21.430077
4 6 26.426409
4 7 27.219767
4 8 22.445639
4 10 28.299721
5 13 33.381351
5 17 29.967594
6 9 31.398201
6 10 25.210548
6 13 32.518028
0 10 37.625862
0 12 35.131981
1 2 32.680397
1 6 30.575823
1 10 26.409765
0 8 31.321085
0 19 26.906925
0 22 27.724319
0 23 26.762508
1 12 25.082890
2 17 22.943089
2 21 33.041080
2 23 32.091099
5 5 28.982954
0 10 25.054874
1 21 32.394161
2 12 30.362257
5 9 6.782225
6 7 29.886612
6 9 30.634096
6 13 30.365137
0 22 29.679764
0 23 32.075550
1 0 26.769762
1 1 34.131153
2 0 37.377880
2 10 29.413290
2 19 34.708031
4 11 30.474064
1 11 30.575823
6 18 31.439783
3 15 27.321575
4 9 27.394461
5 20 29.444660
0 21 29.892765
0 23 35.242725
1 5 26.292645
1 17 29.038128
2 11 41.317287
3 10 32.677776
4 15 29.412388
4 22 26.370537
5 7 28.086124
5 8 27.291916
0 4 16.729013
1 13 26.524813
1 21 34.957623
2 23 32.142025
3 6 30.989529
4 12 31.967035
6 17 31.190762
0 14 29.474073
0 20 34.237976
1 7 22.413403
1 8 36.665810
1 14 30.673895
1 15 33.469128
1 10 26.981604
1 22 24.460659
0 9 34.529106
1 21 31.420948
2 10 29.131792
6 17 33.053829
0 0 24.561352
1 17 42.562721
0 18 28.911772
2 14 29.967594
3 13 33.088066
4 16 32.677776
5 15 32.978996
0 10 24.248583
1 8 10.940349
1 11 25.152342
0 20 25.601566
0 23 28.644352
1 7 31.140335
1 10 11.922446
1 21 28.777246
1 21 32.922630
2 6 32.305832
3 21 26.009195
5 3 28.223837
6 9 37.377880
0 16 25.945929
1 13 31.129692
2 9 29.820768
2 13 29.967594
3 5 27.904659
4 17 22.786959
5 4 34.110523
5 10 26.545284
1 5 27.426985
1 9 10.133317
6 11 31.022306
0 13 33.963272
0 14 37.370258
0 18 24.875246
0 22 34.414635
0 23 30.001549
2 5 30.637802
3 5 30.443714
3 6 32.635921
3 9 25.490736
3 12 31.059639
3 17 28.836740
4 14 30.390120
4 15 28.907265
6 19 27.746603
2 5 25.482609
2 6 20.303387
2 16 22.628435
3 12 34.511066
4 8 28.895708
1 7 27.836624
1 10 26.846645
1 18 33.062584
2 5 30.637802
2 5 24.561352
4 8 31.338398
6 7 37.216499
6 9 32.640850
1 7 29.122982
1 10 25.153196
1 11 42.947937
3 19 32.941013
2 11 29.578938
2 12 31.020252
3 4 22.982496
4 7 27.295496
4 18 32.111885
6 8 30.830105
6 12 30.461889
0 10 30.701691
0 13 28.798874
1 6 30.285473
1 9 11.357414
1 12 27.263575
1 15 32.335270
1 16 34.472992
2 20 30.673895
2 21 24.537857
3 23 31.321085
4 12 24.960922
4 13 28.361843
5 22 25.420982
6 1 33.459843
6 12 39.639614
0 5 28.823790
1 13 24.733135
2 22 30.623301
3 14 28.361843
4 13 34.119370
4 17 30.285473
5 10 17.429495
5 15 21.573746
0 12 28.944912
0 19 27.840965
0 20 35.485500
1 11 27.315897
1 15 29.352791
1 17 27.975466
2 9 28.788139
2 12 28.184296
2 17 28.297346
3 0 30.908819
3 16 27.840965
3 18 33.727005
3 21 28.895708
3 22 24.229374
4 20 31.058638
4 23 36.322224
5 9 35.968456
5 11 28.583084
5 12 35.201324
5 14 29.201672
5 20 40.198277
6 13 26.858389
0 10 35.026207
0 11 32.175724
0 20 36.436241
0 21 22.620836
1 9 11.583124
6 11 34.699898
0 5 32.151020
0 14 27.491741
0 19 41.031643
0 23 34.679012
0 23 34.237976
1 13 38.361507
1 20 28.540522
1 22 32.268410
2 7 32.718258
2 11 30.059278
2 14 33.459843
2 19 31.318712
2 21 32.677776
2 23 36.995472
3 20 31.570763
4 11 32.763340
4 16 27.442810
4 18 27.985094
5 0 34.320770
5 2 29.122982
5 16 31.985069
6 8 32.063892
6 15 25.883661
0 3 30.830666
0 11 29.523811
1 13 37.677841
2 5 33.361164
2 15 26.794203
3 11 24.765167
3 15 23.065477
4 15 30.908819
4 20 33.053829
4 21 29.447275
5 11 33.566780
0 10 36.441566
0 20 33.852417
0 22 30.065964
1 0 26.289875
1 5 36.004646
1 7 31.985069
1 14 33.116695
2 17 28.029358
2 19 28.089098
3 9 28.909580
3 13 24.875669
3 18 24.434950
3 20 32.677776
3 22 29.076149
4 6 29.608202
4 9 11.393236
4 12 28.540522
4 16 30.677097
4 17 28.080631
4 22 27.442810
4 23 32.142025
5 0 28.223837
5 1 33.403950
5 9 26.496529
5 13 37.469894
5 17 35.789948
6 9 31.998148
6 19 28.221474
0 6 35.333050
0 7 32.432411
0 10 36.618305
0 16 25.604664
0 20 28.401754
0 20 35.151688
0 22 27.841030
1 6 32.518028
1 9 10.620148
1 11 31.801210
6 10 31.605724
0 6 30.248049
0 8 31.022306
0 12 32.518028
1 7 25.852385
1 19 30.662258
2 9 24.276892
2 12 30.681879
3 14 26.780085
6 8 33.987648
0 20 27.743208
0 22 27.608854
2 10 30.681879
5 13 33.404770
6 11 30.068243
6 12 28.907265
1 4 27.263575
1 8 28.560745
0 20 25.866335
1 12 31.472399
1 16 23.897566
3 17 26.739000
3 20 29.076517
4 18 25.481562
5 16 31.703899
5 20 29.317165
5 22 30.543688
1 18 34.119370
1 23 31.140335
2 16 25.579426
3 16 34.459553
3 22 23.129417
4 17 26.832355
4 21 24.953102
4 23 26.561113
5 16 27.418316
5 18 36.330391
5 20 30.072445
6 0 36.516541
3 15 29.444660
5 12 24.259481
0 12 24.603899
0 20 30.679556
1 9 13.491467
1 13 25.922783
6 11 27.902399
1 5 34.354050
2 17 30.400103
3 6 28.867315
3 17 30.888695
3 19 29.227011
3 20 29.122982
4 16 29.187540
5 16 30.045572
6 19 26.297680
6 22 32.063892
1 0 29.469311
1 6 32.307613
1 9 32.398731
2 5 33.805054
2 9 18.254078
2 15 25.918985
2 19 29.373371
3 16 30.681879
3 19 28.998959
4 5 30.641499
4 10 25.916857
4 16 27.840965
4 18 29.545582
5 9 6.115931
5 15 26.684355
0 7 33.612431
1 16 27.466822
1 20 26.452637
2 20 28.560745
3 16 25.766672
3 18 27.808929
4 6 32.881744
4 14 30.677097
4 20 30.382904
5 13 29.494129
5 16 32.881744
5 19 32.005066
6 14 27.076134
0 8 29.864939
0 16 27.904659
1 2 24.603899
1 10 7.260588
1 12 28.223837
2 13 20.043827
2 20 35.313858
3 8 4.314228
4 10 42.892925
5 4 31.076197
6 8 25.482609
6 9 26.767874
1 10 20.582804
1 20 26.426409
2 9 28.632660
4 1 34.165867
4 19 27.841030
6 8 29.802517
1 0 26.294146
1 10 29.352791
2 6 31.316202
2 16 24.887449
3 9 15.278111
3 18 28.345337
5 6 31.102783
5 11 28.774256
1 6 28.540522
1 8 34.957623
5 10 11.406505
6 14 35.804565
0 9 28.540522
3 13 28.777246
4 7 25.090761
4 14 32.305832
5 13 28.223837
5 16 33.116695
6 11 29.751617
1 9 12.316274
0 0 22.746246
0 6 33.409157
2 19 30.886528
4 5 32.020657
2 14 23.214437
3 13 39.563477
4 21 39.506641
5 10 22.512413
6 10 27.315727
1 4 27.426985
2 15 29.523811
0 0 31.899433
0 14 26.409765
1 4 28.388279
1 11 27.178238
6 12 24.128893
0 15 33.612431
0 20 33.963272
0 21 27.315727
2 14 30.314419
6 6 31.998148
6 15 38.735260
2 13 33.900867
2 19 28.688139
4 9 21.187220
6 17 37.978264
0 12 31.982506
0 17 30.362257
5 13 27.336863
6 13 35.331898
0 17 24.910236
0 23 27.442810
6 6 35.570229
6 15 39.406139
0 7 30.285473
0 8 28.325090
0 18 32.635921
2 11 32.398731
3 5 36.194832
4 10 35.626545
5 10 28.469893
5 18 30.065964
6 6 28.937635
6 8 22.330690
0 6 33.566780
0 11 28.155962
1 22 33.003712
2 10 29.469311
2 11 28.899712
3 7 29.038128
3 13 29.247417
3 18 33.438782
4 20 29.745441
4 22 27.691311
5 13 27.221968
6 10 32.274158
0 19 30.466860
1 20 31.186731
3 6 35.789948
4 10 32.326336
5 10 25.431274
5 17 27.263575
6 6 25.866335
6 12 29.820768
6 14 36.852356
0 14 25.465265
6 12 35.313648
0 13 34.330013
0 19 32.250740
0 20 30.987967
1 9 13.710814
2 11 38.878479
2 14 24.109070
2 21 40.212280
2 23 33.224941
3 18 25.408297
4 12 33.668221
5 14 31.604370
1 8 28.256971
1 15 40.079865
1 20 27.909512
1 21 27.504477
3 16 32.151020
3 17 25.862312
3 20 30.671522
4 15 29.122982
4 20 35.094227
5 13 31.129692
6 8 29.802517
3 7 33.471981
4 7 26.880701
4 9 11.269161
4 15 31.574217
4 16 34.588547
0 9 35.542961
1 1 35.579674
1 7 30.233908
1 10 29.934050
1 12 40.632759
1 18 34.558647
1 22 28.361843
2 1 34.237976
2 22 27.504477
2 23 29.051445
3 0 40.015854
3 19 34.168457
3 20 40.626427
3 21 29.987646
4 6 29.700666
4 23 26.588560
4 23 31.021856
5 0 30.637802
5 10 31.472467
5 21 39.557308
5 22 32.614212
6 1 33.623112
6 15 27.805305
6 16 27.998381
6 21 29.122982
1 21 35.414818
1 21 44.167473
2 0 36.662872
2 13 32.888573
2 19 27.334766
2 20 33.224941
2 22 31.011204
3 0 36.951824
4 13 22.651209
4 23 25.444954
5 6 32.859665
5 14 26.831747
5 16 27.344351
6 5 34.135548
6 6 31.670315
6 14 38.622093
6 16 22.518982
0 20 38.568275
0 21 31.040649
0 23 36.690987
1 7 30.566946
1 14 32.598789
1 17 23.998611
1 20 30.662258
1 23 22.278006
2 5 30.983191
2 13 32.680397
2 23 35.264030
3 5 36.973671
3 23 35.485500
4 5 43.747715
4 9 28.325516
4 13 26.474537
5 1 32.922630
5 20 23.125811
6 10 32.019665
6 15 31.574217
6 17 25.762281
6 23 42.710438
0 0 36.618305
0 18 26.890886
0 23 32.394161
6 17 28.766834
6 22 43.923325
1 5 31.318712
1 8 23.164696
1 14 30.382904
3 18 26.398298
4 9 29.367634
4 20 27.975466
6 7 31.102783
6 9 32.042553
6 17 22.737505
6 19 26.409765
6 22 40.889732
1 19 31.823637
1 22 29.352791
2 20 26.292645
2 23 32.552799
3 9 19.859793
3 19 31.294548
3 21 34.146606
4 19 35.374649
5 16 39.576828
6 8 30.287119
6 16 26.289875
0 18 31.190762
1 5 30.989559
1 8 23.785654
1 15 27.478708
1 19 33.404770
1 20 32.098106
1 21 30.517529
2 19 28.604277
3 0 29.476435
3 1 29.373371
4 11 37.276764
4 13 27.896170
4 15 33.539356
4 18 23.173397
4 19 28.716295
4 23 34.614464
5 1 31.318712
5 2 26.361012
6 11 28.560745
6 13 32.950684
6 15 24.837263
0 18 30.075125
1 15 36.618305
2 0 29.400522
2 5 33.163540
2 12 26.925022
3 14 29.851786
1 12 32.151020
1 17 40.107788
1 22 33.387794
5 12 33.809402
3 1 34.256069
3 6 23.733335
3 23 33.268536
4 3 29.799042
4 7 31.863420
5 5 44.473927
6 7 31.661463
6 10 29.722120
1 10 34.957623
6 19 34.168457
6 22 29.316170
6 9 38.742973
6 14 29.700666
6 19 31.011763
6 21 27.402067
1 7 16.650616
1 21 28.944912
2 20 28.483698
3 7 26.509586
3 22 23.513035
4 19 27.777981
4 22 24.186884
5 20 30.681879
6 21 27.147488
0 6 35.026207
0 16 28.674593
1 9 27.493330
1 11 28.179543
1 21 29.201672
5 5 31.864397
5 10 11.766108
5 13 34.414635
5 17 23.756527
6 10 37.283596
6 23 35.087646
0 11 32.454395
0 22 28.777246
0 23 29.748447
1 5 32.754612
1 20 33.987648
2 21 18.046309
3 15 29.967594
3 21 27.500502
4 13 34.679012
4 23 26.371540
5 0 26.031023
5 1 29.444660
5 2 26.767874
5 17 29.459238
5 18 1.911582
0 2 31.324106
1 12 38.742973
0 22 31.472467
2 10 30.888695
4 6 31.671587
6 13 26.808077
1 14 32.682873
1 21 25.941410
2 1 32.224110
2 11 29.154747
4 17 28.895708
4 21 33.570560
5 0 25.881720
5 5 33.710434
5 14 29.749741
6 6 37.394344
1 14 32.652447
1 17 33.355442
1 21 34.558647
1 22 24.875246
2 10 32.903034
2 15 29.967594
4 9 16.986778
4 10 30.677097
4 17 29.352791
5 7 29.722120
0 20 31.466955
2 15 42.713348
2 19 28.858316
4 12 30.589821
4 14 33.010586
0 6 28.777246
0 9 31.864397
1 6 32.840763
1 22 31.951973
2 10 34.115509
4 9 21.430056
4 12 29.003088
1 1 26.504314
3 16 31.737534
3 21 32.614212
5 9 8.645196
5 12 30.984720
5 17 30.662258
6 1 26.034880
0 5 32.840763
2 5 32.614212
2 6 35.789948
3 16 29.729712
5 7 27.691311
5 15 26.503073
6 6 27.691311
6 10 28.907265
0 13 32.661972
1 9 12.094368
1 12 27.442810
6 7 30.543688
0 12 33.079212
1 21 25.866335
3 17 32.716290
4 7 29.669540
4 10 36.618305
5 6 28.604277
5 23 26.351416
1 14 29.229425
3 14 28.686182
0 7 34.180439
1 10 21.964815
1 11 28.594090
1 22 27.384541
2 8 31.040649
5 5 31.967035
5 12 29.168421
5 23 32.922630
6 1 31.040649
1 8 25.299419
6 9 25.494085
6 12 39.557308
0 0 35.792816
0 1 31.140335
0 8 33.355442
1 10 11.022951
1 11 34.912846
2 15 29.700666
3 21 37.080688
4 11 35.792816
4 12 32.398731
4 13 24.414598
4 20 29.533291
4 21 27.787588
6 8 30.248049
6 10 33.399887
6 11 29.097807
1 6 35.313858
1 7 25.177919
1 11 31.038912
1 11 33.116695
1 14 28.064573
3 6 26.337761
3 16 38.208683
4 20 25.398834
5 7 28.194181
5 16 28.300016
0 19 27.836624
1 10 21.190300
2 5 29.621082
2 18 27.800968
2 23 31.316202
4 7 30.679556
4 20 36.618305
5 0 30.391960
5 8 34.459553
5 11 43.596470
5 15 25.861757
5 23 34.749371
6 11 33.088066
6 22 29.367634
0 6 30.723324
0 21 22.105555
1 8 24.314697
6 7 36.197315
1 5 29.294645
1 7 26.351416
1 7 13.417266
1 9 12.317910
3 10 29.790913
3 13 26.363766
6 9 30.063555
6 11 30.984720
2 6 33.869106
2 11 30.984720
3 15 25.133402
4 6 28.560745
4 8 32.723042
4 18 28.907265
5 7 32.068581
0 8 27.603106
0 9 32.993191
2 6 30.671522
3 7 27.746603
4 9 10.471094
4 13 29.229425
5 6 25.020180
1 9 12.523209
0 8 36.389221
1 6 30.059278
1 9 9.831185
1 11 31.696243
2 11 24.960922
5 16 40.201302
1 11 33.224941
1 14 41.113564
1 23 27.394461
2 5 30.474064
2 10 39.891563
5 18 27.370867
6 7 32.014565
0 12 34.735165
0 18 32.993191
1 6 30.285473
2 13 31.693027
3 5 35.094269
3 10 33.436970
3 16 33.224941
3 19 22.405716
4 9 18.489578
4 11 35.978935
4 21 30.802841
5 9 24.344360
5 11 31.140335
5 12 33.403950
6 6 26.351416
0 16 27.773212
0 23 28.916504
1 6 31.324106
1 9 10.720347
1 10 27.757471
6 8 29.352791
6 20 28.366266
6 12 33.355442
0 6 34.448944
0 10 32.335270
2 5 30.566946
2 23 28.483698
3 8 31.472399
3 11 28.361843
4 8 34.448944
5 10 30.171127
1 7 34.588547
1 22 31.850208
2 21 27.332695
3 14 30.075125
5 7 28.684082
0 1 24.230125
1 9 15.282585
1 13 37.921715
3 11 32.840763
4 10 31.236107
4 22 25.472454
6 9 31.073126
0 22 28.217369
0 23 36.014805
1 9 24.246746
6 6 28.311296
0 10 36.441566
1 5 34.459553
1 6 32.151020
2 18 29.551249
3 5 32.151020
4 10 32.286728
4 20 27.909512
5 5 27.787588
5 12 31.861792
6 6 35.626545
1 7 31.254005
2 9 11.540850
2 11 33.141659
2 12 42.767403
2 20 24.186884
4 13 32.541367
4 15 35.795525
4 16 34.448944
5 13 32.635921
1 5 33.987648
1 7 32.119980
1 8 39.959377
1 10 24.459932
1 22 33.598057
3 7 32.426762
4 5 33.399887
4 9 29.215698
4 12 29.316170
5 18 30.681879
0 8 32.465458
1 7 25.020872
1 9 10.839235
2 11 30.067392
2 14 36.590412
3 16 32.723042
3 23 30.126337
5 7 24.515720
5 15 36.615910
5 23 31.509621
1 17 31.073126
1 23 32.030674
2 6 33.088066
2 11 31.289026
4 6 28.604277
4 15 24.735518
5 16 34.448944
5 23 27.777981
0 21 37.749565
2 7 31.316202
2 11 29.869305
1 7 27.295496
6 10 32.655182
0 15 36.330391
0 17 31.324106
0 20 26.292645
0 22 24.760178
2 21 26.684355
3 16 30.723324
5 14 35.675652
6 10 32.635921
6 13 32.091099
0 5 33.831013
1 10 31.321085
2 7 36.322224
3 0 31.318712
0 6 32.394600
0 8 36.973671
0 13 35.242725
1 7 27.724319
1 14 43.596470
2 7 27.980904
4 9 11.583124
4 13 33.404770
5 0 35.915596
5 8 29.608202
6 5 38.397778
6 6 35.915596
0 12 28.540522
2 4 34.163132
2 6 39.557308
3 16 27.980904
5 10 14.162908
5 12 24.977646
2 19 25.064016
3 17 36.662872
4 5 29.919146
6 4 26.371540
6 6 28.893282
6 21 32.063892
0 22 30.068243
1 7 29.459818
1 11 26.770565
1 12 35.789948
1 21 29.258112
3 6 24.817413
3 9 7.695640
4 8 27.840965
5 8 27.115839
6 8 32.635921
0 13 33.355442
0 21 28.340023
0 23 29.478668
1 6 37.036266
1 9 30.757421
1 16 29.444660
2 6 30.677097
2 11 29.264561
3 9 34.434574
3 11 32.360100
3 12 30.161116
3 21 23.487152
4 6 35.772636
4 16 28.321690
5 6 29.478668
1 5 32.005066
1 14 32.680397
2 6 30.830666
2 11 32.748470
2 14 30.283033
3 9 31.982506
4 6 27.044043
4 16 28.086124
4 18 23.572716
5 10 27.466822
5 12 34.580265
5 17 28.194181
6 10 27.244404
0 20 32.208969
1 1 41.586479
1 5 25.904322
1 6 27.330503
1 10 23.003641
6 5 33.836620
6 10 28.457388
6 17 25.844658
1 10 26.503073
1 12 30.249285
1 17 24.246746
4 11 32.091099
5 6 26.878445
5 13 32.677776
5 18 28.783148
5 20 30.679556
5 22 27.064810
6 13 28.907265
6 17 33.380852
0 6 29.373371
0 22 30.588884
1 0 26.174013
3 6 23.733335
4 5 30.341074
4 6 28.628475
4 12 27.771191
4 15 28.998959
5 5 20.739996
1 14 30.671522
2 6 36.668587
4 21 33.403950
6 5 33.361164
0 15 30.662258
1 6 36.145630
1 19 30.681879
2 0 26.808187
2 2 30.362257
6 7 29.201672
0 6 31.190762
0 21 31.316202
1 5 27.777981
1 10 24.830378
2 6 26.976343
3 1 42.180191
3 5 27.787588
5 13 24.960922
0 23 24.603899
1 6 27.840965
2 12 31.354918
3 6 35.943443
4 18 25.762281
5 4 25.052908
0 5 26.426409
0 10 23.935293
0 18 28.771526
0 23 39.563477
1 5 39.108025
1 10 37.531307
2 5 27.794369
2 7 41.726063
3 0 42.189331
3 6 32.840763
3 17 29.444660
3 21 32.980690
4 5 28.342232
4 22 29.407999
5 0 25.472454
5 2 31.140335
5 6 31.985069
5 22 25.052961
0 6 27.481262
0 8 33.727005
0 21 26.351416
1 8 6.704000
6 19 34.168457
6 22 29.316170
0 5 37.331173
0 18 37.766880
0 19 26.363766
0 20 38.927456
0 20 23.963980
1 7 11.246810
1 16 29.375652
1 18 28.560745
1 21 31.574217
2 10 29.802517
2 18 22.306561
2 20 31.316202
3 6 41.659821
4 8 28.811844
4 11 30.331938
4 14 35.978935
5 13 27.757471
6 6 27.442810
6 8 41.754936
0 3 30.671522
0 21 34.280968
1 19 28.011099
1 23 32.655182
2 15 29.317165
2 15 32.208340
2 21 26.499788
3 6 36.815655
3 17 30.979155
3 19 28.895708
4 0 35.313858
4 19 29.064003
4 23 31.324106
5 5 41.864269
5 8 29.879251
0 11 32.552799
0 19 29.729712
1 14 24.109070
1 16 27.334766
1 19 27.354498
1 20 23.489035
2 5 29.168421
2 7 25.318844
2 11 25.191818
2 13 38.611538
2 21 29.474073
3 5 28.870237
3 15 34.414635
3 19 32.394161
4 20 28.366266
5 6 31.737534
5 10 32.268036
5 21 29.669540
6 2 36.822617
6 21 25.357023
6 23 36.618305
0 17 33.059784
0 19 32.005066
0 20 28.361843
1 6 32.840763
6 11 29.173531
6 22 37.962173
0 23 29.122982
1 10 30.723324
1 13 29.545582
2 19 32.770004
2 23 31.073126
3 0 30.059278
3 6 29.967594
3 19 38.735260
3 21 25.056868
4 12 25.477589
5 12 29.729712
5 21 31.679810
6 1 33.805054
6 22 31.472467
1 8 32.307613
1 14 34.394115
2 9 12.295941
2 22 28.777246
3 11 27.465143
3 22 31.324106
4 5 27.805305
4 12 25.852385
4 18 33.162792
4 22 32.465458
4 23 32.250740
5 15 30.063555
6 0 27.800968
6 0 33.491413
6 15 23.595003
1 12 28.345337
3 0 37.579445
3 6 29.097807
4 14 25.844666
4 23 26.503073
5 0 30.248955
0 7 31.294548
0 18 36.690987
0 22 26.594376
1 10 25.066896
1 11 32.652447
1 14 27.263575
1 18 32.634212
0 10 36.436241
0 20 23.475023
2 11 30.517529
2 20 26.890886
3 15 28.198519
5 11 38.447556
1 5 27.836624
3 13 31.941538
4 21 31.190762
4 23 29.345396
6 1 24.953102
6 3 30.464794
0 7 33.186653
2 17 24.964485
3 0 32.363811
3 10 40.214821
3 19 27.678753
4 22 27.823160
5 15 41.239906
6 13 26.798876
0 5 32.677776
0 15 31.711691
0 20 38.033939
0 22 27.466822
2 21 23.511892
3 1 36.662872
3 10 28.921776
3 14 21.999367
0 21 32.999802
3 14 28.302727
4 21 31.420948
4 23 37.214115
6 19 28.594090
0 7 32.518028
0 9 30.681879
0 18 25.916857
0 19 43.376308
0 20 27.295496
1 13 40.219666
3 19 21.242191
5 13 32.840763
0 5 34.588547
0 13 29.524313
1 5 25.357023
6 10 32.677776
6 12 27.487774
1 7 25.089851
3 7 29.476435
3 10 24.540834
4 8 28.312174
5 12 32.068581
5 15 30.830666
0 6 30.519306
0 12 30.083254
1 4 30.461355
1 12 34.414635
2 8 25.918985
3 9 33.459843
4 9 13.143109
4 11 27.442810
4 15 28.604277
0 11 25.419546
0 22 27.332695
1 10 27.178511
2 10 33.116695
2 20 5.734746
3 10 32.398731
3 15 33.701923
4 1 28.223837
6 8 29.749741
0 5 31.563183
1 10 27.999777
6 14 31.226374
6 19 31.022306
0 7 30.025047
1 11 37.385315
1 18 40.231476
2 6 23.859964
3 7 21.379522
3 8 3.523286
3 10 28.540522
3 11 23.874945
0 8 41.659821
0 10 33.701923
0 16 32.264587
1 13 34.163132
2 21 31.022306
5 15 31.040649
6 6 30.068243
1 17 24.712326
4 21 27.263575
5 18 32.307613
1 6 26.709648
1 9 20.504341
6 7 33.341190
6 9 34.272896
1 8 4.804481
1 11 30.065964
2 9 39.125038
2 12 25.916857
3 9 17.927647
3 11 29.906523
3 14 28.156467
0 8 26.880701
1 9 28.342232
2 9 12.102115
4 9 14.185100
4 12 27.418316
4 21 27.980904
5 3 40.767765
5 8 30.068243
5 23 26.608084
0 7 32.465458
0 10 33.346767
1 0 36.323711
1 21 27.743208
1 22 35.667320
2 9 21.117424
3 11 33.399887
4 8 28.560745
5 10 23.998611
5 12 32.398731
5 14 28.790121
0 8 30.045572
0 11 27.691311
0 23 30.049013
1 22 31.022306
1 17 29.542677
2 13 31.526995
0 17 35.978935
2 9 14.767162
3 11 28.583706
4 17 28.361843
5 5 33.491413
6 5 32.885826
6 7 28.893282
1 13 34.163132
1 15 34.168457
1 20 36.389221
2 22 29.580711
3 23 25.431274
4 9 23.173178
5 0 26.369598
5 13 34.679012
1 8 21.838409
1 9 16.213102
6 5 29.774254
6 6 29.153254
2 16 32.885471
3 22 29.168421
4 12 24.809410
1 22 31.420948
2 11 31.987492
4 17 27.236301
1 18 30.072445
2 15 33.248787
4 13 35.795525
4 21 26.581511
6 14 25.177919
0 13 23.187315
0 18 35.344070
1 12 31.472467
1 14 34.414635
1 17 27.156513
1 21 31.982506
2 13 31.015688
3 8 4.952517
3 13 28.348125
3 17 26.808187
3 20 30.116249
4 10 23.258821
4 16 36.590412
5 20 27.146124
6 15 30.492926
0 13 31.015688
0 18 29.038128
1 11 32.335270
1 13 31.226374
1 14 34.511353
1 16 41.649639
2 6 33.491413
2 11 33.987648
2 15 34.414635
3 21 29.140278
4 6 33.248787
4 13 29.812729
0 11 32.840763
0 12 29.802517
0 16 39.576828
0 21 31.574217
1 8 26.292645
1 11 33.499035
1 17 22.105555
1 20 26.850002
3 9 27.465143
3 17 27.836624
4 8 27.838856
4 20 26.976343
5 16 44.018093
0 12 25.828650
0 19 29.578938
0 20 35.485500
1 11 33.038010
6 12 33.807373
0 15 28.483698
0 20 35.026207
1 0 33.409157
1 9 7.535806
1 14 32.614212
1 19 29.097807
1 22 36.815655
2 0 33.088066
3 10 33.663319
3 16 34.347580
3 22 35.374649
4 16 25.118561
4 18 24.480639
5 15 29.122982
2 16 24.610693
3 16 28.626242
3 20 27.336863
4 21 30.807854
5 14 28.594090
0 20 28.312174
1 11 33.406628
1 19 24.862579
2 1 28.534470
2 9 30.342598
2 16 24.532036
3 0 32.208340
3 8 36.441566
3 11 33.778473
3 14 30.517529
3 21 31.711691
3 22 31.592264
4 16 26.115168
4 22 38.622093
5 3 29.038128
5 9 27.838856
5 12 33.805054
5 16 31.941538
6 0 34.614464
6 13 30.049013
6 23 36.389221
0 11 31.073912
0 14 23.859964
0 22 35.943443
0 23 32.903034
1 5 33.116695
0 9 30.681879
0 12 30.398088
0 22 35.554569
1 6 29.391294
1 10 15.282585
1 11 25.387329
3 15 33.555782
3 18 26.363766
4 11 26.925022
4 20 36.662872
6 15 29.494129
6 22 31.137671
3 16 27.977873
4 12 31.391222
5 9 9.789508
5 16 31.076197
5 21 28.895708
5 22 29.899082
2 11 27.394461
2 14 26.842459
3 0 27.977873
3 10 30.369740
3 18 24.925741
4 18 26.981604
5 0 32.518028
1 8 20.668026
0 12 27.949654
1 7 30.677097
1 9 8.230362
2 10 29.745441
4 6 31.647284
4 10 30.109362
4 16 37.377880
5 8 27.636148
5 10 37.553318
6 8 28.560745
2 23 30.285473
6 5 29.444660
0 12 37.110531
1 5 31.226374
1 11 22.435488
1 12 26.789824
2 6 30.792530
2 21 30.063555
3 6 27.977873
3 21 23.686562
4 7 25.828650
4 10 23.356474
4 22 31.710403
4 23 29.802517
6 10 33.436970
6 6 39.102306
6 10 31.022306
6 12 37.692219
6 13 35.029995
0 11 29.038128
0 14 25.472454
1 4 28.483698
1 14 32.754612
1 21 37.579445
2 1 26.224184
2 16 27.402067
2 20 27.426985
3 6 32.635921
3 6 27.263575
3 9 14.496806
3 17 30.701691
3 18 30.464794
3 20 34.459545
3 22 29.444660
4 9 35.795525
4 11 30.671522
4 19 32.301506
4 22 25.052961
5 0 34.414635
5 2 19.049126
5 11 30.677097
5 13 27.418316
5 21 28.361843
6 0 27.217701
6 5 30.757421
0 15 35.982380
1 20 31.013599
2 7 30.459175
2 12 32.408432
2 19 26.095364
3 10 33.186653
3 14 33.715988
3 22 28.540522
4 14 19.138489
5 5 24.537218
5 6 27.516592
5 11 36.973671
5 14 34.511353
5 14 33.088066
5 21 30.954700
6 5 26.335760
6 11 25.494085
0 13 27.823160
0 23 43.243217
1 0 30.739853
1 6 32.307613
1 11 31.840569
2 5 35.344070
2 9 37.585304
2 15 34.991512
2 19 28.540522
3 10 26.878445
3 16 34.957623
3 17 33.570560
3 23 33.186653
4 1 31.157177
4 2 33.594040
5 2 31.058638
5 7 22.547390
5 9 24.327675
5 12 30.677097
6 10 27.295496
0 6 41.113564
0 13 21.199831
0 18 37.377880
0 20 31.102783
0 23 37.075726
1 6 29.122982
6 12 33.636486
0 14 30.265392
1 11 35.053169
6 7 28.665956
2 5 31.605724
2 9 23.676563
3 22 32.398731
4 5 29.982759
5 9 11.279730
5 16 30.045572
6 5 31.316202
1 12 35.002670
1 19 32.635921
3 16 29.413290
4 9 30.362257
5 16 29.878016
6 11 34.110523
0 12 31.324106
0 19 27.259821
0 23 30.321503
1 5 29.982759
2 9 31.519075
2 12 31.011763
3 8 5.622710
3 22 26.500484
4 7 26.809879
5 0 29.580915
5 5 34.912846
6 4 31.982506
0 12 34.146606
1 7 31.472399
1 12 27.336863
1 15 31.276091
1 19 34.115509
1 21 26.206459
2 6 30.620691
2 10 24.953102
2 12 33.171227
2 21 34.481289
3 3 30.287657
4 9 13.952557
4 22 37.579445
5 0 29.444660
6 7 41.521217
1 14 34.347580
1 16 29.160681
2 1 31.474354
2 14 33.682407
2 21 32.005066
6 8 24.790373
6 11 33.171227
6 12 31.076197
0 11 38.650032
0 13 22.111546
1 5 31.423893
1 9 7.578435
1 16 35.179401
2 7 31.982506
2 23 30.679556
4 8 25.844658
4 11 24.953102
5 7 34.805515
5 21 21.171518
6 5 26.006636
0 4 37.036266
2 5 29.985315
2 9 10.531421
4 5 31.316202
4 6 31.982506
4 7 27.693687
4 12 40.591618
6 9 35.179401
1 6 31.022306
2 11 32.716290
3 13 30.986006
4 9 13.365143
5 17 30.049013
6 12 31.951973
6 17 26.684355
6 18 24.550447
0 8 32.335270
0 9 29.343779
0 19 25.357023
1 9 11.279730
1 11 25.477589
1 14 25.604664
2 6 25.383327
3 8 30.443714
4 13 28.403938
5 9 30.905416
5 17 30.466860
6 14 37.216499
1 11 29.474073
2 8 24.205618
2 11 21.242931
4 6 32.068581
4 11 30.623301
4 12 28.785904
4 15 27.442810
4 23 32.614212
2 11 36.441566
4 12 28.386932
5 11 40.626427
5 18 16.224281
0 9 31.408310
0 11 37.851040
0 13 31.318712
0 18 28.219397
1 11 32.241009
2 5 29.089735
2 11 36.904762
3 21 27.478708
5 7 32.770004
5 20 32.716290
0 7 28.366266
0 7 27.263575
2 8 31.316202
3 17 31.679810
4 5 32.068581
4 10 28.774256
4 13 28.799828
3 11 32.631802
3 19 26.398298
4 21 23.859964
5 21 30.623301
0 7 32.905586
0 14 30.290768
0 17 33.361164
0 20 36.330391
1 5 29.545582
0 8 34.280968
0 12 31.316275
1 7 28.064573
2 5 38.845245
3 7 41.107552
3 17 30.802841
3 20 30.753969
4 5 30.443714
4 6 33.171227
5 12 42.892925
6 4 31.635145
1 8 34.933449
1 19 32.977516
2 6 29.951828
2 7 41.317287
3 5 37.000824
4 15 30.566946
4 17 30.068243
5 7 26.769762
6 12 32.432411
0 7 28.893282
0 9 26.767874
1 5 29.097807
1 7 28.594090
1 8 27.787588
2 22 28.594090
4 5 29.215700
5 5 31.982506
5 6 30.355558
6 10 29.436319
1 0 24.808336
1 6 26.426409
1 7 31.489704
6 8 29.352791
6 20 28.366266
0 22 36.845737
0 23 43.596470
2 5 33.549786
2 6 34.082104
2 10 34.857151
3 6 41.758286
6 11 38.884296
0 15 25.867561
0 20 28.716295
1 0 32.543659
6 6 27.263575
1 0 34.529106
2 17 26.420128
3 0 28.738712
3 1 33.976814
3 7 26.426409
4 15 26.905605
1 5 33.240028
1 22 24.537857
2 6 28.256971
3 11 23.191191
5 19 30.575823
0 14 26.254477
1 0 23.356474
6 14 27.330503
0 22 30.835173
1 1 28.678766
1 2 26.371540
1 11 27.408424
1 22 21.776997
2 19 33.701923
5 1 37.027122
1 6 29.729712
1 7 32.171856
1 22 26.890886
1 23 32.398731
3 18 27.980904
4 7 28.007145
5 7 29.679764
5 9 6.459262
5 12 29.160545
5 13 29.967594
5 14 30.342598
0 3 35.908123
0 9 31.532551
0 16 23.431597
0 16 26.839828
0 19 26.739878
0 21 35.344070
0 23 34.110523
1 9 21.430056
2 8 25.766672
2 10 31.321085
3 13 29.820768
4 1 32.241009
4 7 28.312174
4 12 30.142273
4 23 31.061884
5 0 32.903034
5 2 35.626545
5 12 28.361843
5 14 29.375652
5 18 16.986778
6 3 32.677776
1 5 29.444660
2 11 40.807365
3 9 13.710814
4 11 29.342249
4 16 26.981604
5 18 26.835941
6 18 29.459818
0 7 35.208172
4 7 28.790121
5 10 30.188755
5 22 30.802841
6 6 26.353304
0 21 33.612431
0 22 27.544859
0 23 31.691624
2 10 24.644234
2 16 27.418158
3 15 30.121178
4 7 27.788132
4 15 30.671522
4 21 33.361164
4 22 33.566780
4 23 34.591217
5 0 34.558647
0 7 29.906523
0 21 28.325516
1 10 30.987967
1 15 29.038128
2 10 39.563477
2 11 32.151020
3 9 15.234237
0 7 35.739265
2 7 28.954670
3 18 30.459175
4 17 25.920898
5 13 33.438782
6 10 29.444660
0 9 26.641403
1 6 31.213148
1 11 29.444660
1 18 31.985069
2 13 22.475695
2 15 35.179401
3 1 29.813992
3 1 33.744156
5 21 34.957623
6 7 27.841030
6 10 30.566946
6 13 28.910969
1 8 9.653803
6 7 29.264561
6 22 34.163132
0 0 20.406231
0 1 28.998959
0 11 24.365728
0 18 31.951973
0 22 28.594090
0 23 27.980904
1 17 35.087646
3 9 16.001995
3 17 29.474073
4 6 26.398298
4 8 23.769051
4 19 24.960922
4 22 31.321085
5 0 34.119370
5 18 33.355442
5 21 27.069275
5 23 31.675762
6 16 33.470142
0 0 29.089735
0 17 35.127312
1 2 31.321085
1 19 38.935562
2 12 28.483698
2 14 30.287657
2 15 32.176071
2 22 32.151020
3 22 38.171299
4 7 27.418316
4 19 34.857151
5 0 25.952019
5 18 26.243834
5 21 29.444660
5 22 31.905207
6 19 27.823160
1 0 29.864939
1 10 35.803368
2 3 32.068581
2 17 30.464794
2 22 37.582455
4 17 28.944912
4 19 44.211109
4 23 21.679945
5 12 26.384552
5 13 29.335598
5 19 29.932396
6 20 29.729712
0 21 26.767874
0 23 35.131981
0 23 26.878445
1 6 28.361843
1 8 10.902048
1 9 12.317910
0 5 24.213747
2 9 25.413061
2 11 37.579445
5 6 32.840763
6 14 21.070484
0 10 31.316202
0 13 26.847296
1 5 23.487152
1 17 27.344351
2 8 25.499084
2 15 28.401754
3 5 28.275257
4 4 25.444954
4 18 34.354050
5 19 34.237976
6 6 35.744102
6 12 31.324106
0 6 33.409157
0 9 27.840965
0 12 34.320770
1 8 27.569998
1 10 19.071217
2 6 25.916702
3 5 31.967035
3 18 38.176880
3 23 34.703014
4 5 22.775421
4 14 30.517529
5 14 21.848845
6 9 30.341074
6 18 26.842459
0 8 31.276091
1 9 19.898125
2 12 27.294365
4 9 28.388279
0 21 28.870237
0 21 23.733335
1 19 34.395130
2 9 18.020327
3 5 30.466860
3 17 32.631802
4 8 34.614464
4 11 26.443012
5 12 31.013599
0 14 28.499834
0 21 39.808235
0 22 39.620098
0 23 38.637043
3 10 38.878479
3 13 23.856615
4 5 27.852652
4 12 25.052961
5 5 35.554569
5 8 29.729712
5 19 34.119370
6 6 34.163132
0 10 30.025047
2 9 25.451561
2 17 29.453691
2 21 30.363415
3 0 33.136982
3 1 30.161116
3 16 26.722502
4 12 29.765343
4 15 27.317286
5 7 34.110523
5 14 30.984720
1 17 31.073126
2 8 26.426409
3 16 26.285721
4 10 25.083908
5 5 29.919146
5 6 31.435188
5 20 29.621082
6 9 31.226374
6 13 29.317165
0 11 28.879925
1 19 32.723042
4 12 29.820768
6 10 26.452238
0 8 35.789948
1 9 22.053005
1 11 37.036266
2 23 42.067150
3 0 32.640850
4 9 31.276091
5 17 31.316202
0 15 26.842459
0 19 31.011763
2 14 35.789948
2 18 30.063555
2 20 34.958908
4 12 30.908819
4 17 27.975466
4 20 38.611538
5 2 30.987967
5 10 3.813956
6 14 29.864939
0 2 39.639614
1 11 33.406628
6 14 30.566946
0 21 29.436319
0 22 39.560478
1 6 28.483698
1 10 22.803812
2 6 35.026207
2 10 30.362257
3 10 25.844658
3 13 38.171299
3 22 30.248049
4 6 26.410856
6 5 33.539356
6 15 30.045572
1 7 30.830105
2 9 21.424845
2 11 30.566946
2 14 33.403950
3 9 30.671522
3 11 32.335270
3 16 33.013569
4 10 30.375566
4 13 32.307613
5 12 30.045572
6 15 34.110523
0 12 29.951658
1 6 32.426762
1 8 26.809879
1 18 25.477589
4 9 22.870270
4 12 33.220482
4 18 34.110523
4 23 26.839828
6 14 31.435188
6 15 31.318712
6 6 30.285473
0 15 28.540522
1 15 21.362774
2 6 28.867315
4 19 36.330391
0 9 27.998381
2 5 30.466860
3 20 30.566946
4 6 40.321053
5 6 27.449333
5 11 29.444660
6 6 32.614212
6 14 26.371540
0 6 31.801622
0 12 32.541367
0 21 27.829092
1 5 30.830105
1 7 31.590338
3 9 29.391294
3 20 34.679012
4 1 28.954670
4 12 31.435188
4 16 25.786602
0 19 28.441286
1 6 29.391294
1 11 29.342249
0 1 25.387329
1 7 17.487867
4 8 29.523264
0 8 28.907265
0 12 27.790653
1 21 25.052961
2 21 33.059784
3 15 32.518028
4 5 32.865486
4 14 31.737534
4 15 33.807373
4 20 31.515217
5 5 32.400604
6 7 36.668587
0 12 29.264561
0 20 33.245132
2 13 39.297695
2 23 32.398731
3 15 30.025047
4 0 31.011204
4 13 28.540522
4 19 29.886612
4 21 29.258112
5 1 29.688789
5 9 26.969845
6 7 33.492752
6 13 35.049156
0 19 26.981604
0 22 33.125607
0 23 42.954632
1 0 34.280968
6 9 33.186653
0 19 32.640850
0 20 32.614212
1 6 31.472399
1 12 38.878479
1 15 31.289026
1 21 29.196806
2 18 27.418158
2 21 39.297695
2 23 24.434950
3 0 33.471981
3 12 23.738758
4 15 30.517529
4 21 23.746777
5 7 27.836624
5 11 30.365137
5 13 31.316202
6 14 24.650763
6 18 28.538235
1 6 21.954248
1 20 32.967041
2 12 31.140335
2 13 33.116695
2 21 34.115509
3 0 31.324106
3 11 25.844666
3 22 26.951338
4 9 14.007980
4 12 37.872959
6 19 33.436970
0 14 28.626242
0 23 30.464794
0 23 20.566219
1 1 33.459843
1 6 30.830105
1 10 29.771292
1 13 29.551249
6 9 32.748470
6 10 32.308231
2 6 25.586002
2 16 35.908123
4 7 32.224110
4 17 29.693129
5 5 31.466955
6 12 27.980904
6 16 36.815655
0 12 41.864269
1 5 30.126337
1 23 34.119370
2 9 16.462934
2 12 27.911659
3 21 24.887449
4 15 25.866335
5 14 27.743208
5 16 35.675652
6 19 28.427183
3 21 29.151527
4 6 27.418158
4 7 31.102783
4 18 31.435188
5 15 39.392868
5 17 41.963200
6 9 32.825176
0 18 24.340628
6 10 27.902399
6 13 34.857151
1 17 29.316170
3 16 31.643518
4 10 30.677097
5 3 31.369549
5 4 33.682407
5 12 28.256971
1 7 43.161385
2 14 25.072857
2 16 32.142025
4 10 28.194181
6 12 38.516365
2 10 30.210987
3 9 28.312174
1 9 11.903720
2 6 30.466860
2 15 28.998959
3 21 24.109070
6 7 29.679764
0 10 34.280968
0 14 34.940712
1 8 35.626545
2 13 33.403950
3 8 28.589680
5 7 35.789948
6 9 30.378868
6 11 27.442810
0 7 27.630665
0 21 33.824253
0 21 36.337616
1 7 30.701691
1 17 25.424110
2 0 29.201672
2 7 31.318712
3 0 25.082890
3 5 29.154747
4 12 28.029358
4 18 24.896486
5 7 29.258112
5 11 27.077614
6 6 28.302727
6 10 30.723324
6 13 31.987492
0 20 35.908123
0 22 35.694813
6 20 26.812744
0 8 32.335270
0 10 34.354050
0 15 23.237799
1 21 30.681879
1 22 29.097807
2 9 24.561352
2 13 38.898304
3 9 16.225163
3 22 26.748032
4 0 26.373653
4 11 28.785904
0 7 35.792816
0 18 33.545269
0 21 36.197315
1 12 27.259821
1 17 33.224941
1 19 36.645138
1 21 35.458721
1 22 23.745693
2 1 29.474073
2 9 26.140789
2 13 34.333527
5 10 10.520350
0 13 25.916857
1 14 30.671522
2 12 37.923965
2 13 25.494902
3 15 22.786959
3 18 21.800901
3 21 21.357698
4 9 32.208340
5 11 29.967594
6 6 30.726383
6 7 36.805824
1 10 31.318712
6 9 28.361843
6 18 24.664532
1 14 28.921776
3 11 28.594090
0 13 28.468752
1 22 36.848938
4 9 21.091011
6 7 31.982506
6 13 33.079212
0 6 26.813110
0 13 38.316212
1 10 33.059784
2 15 30.068243
2 23 25.420982
3 0 30.126337
5 14 29.693129
0 19 26.373653
0 23 28.537266
1 9 9.463570
6 11 30.677097
6 11 29.127432
6 13 28.928764
0 10 25.945929
0 12 27.885359
0 22 28.960938
2 16 30.001549
3 21 34.163132
4 6 23.783770
5 15 23.322464
5 21 27.773212
0 14 27.800968
3 12 27.173662
3 16 29.864939
6 7 35.908123
6 12 28.269163
2 6 27.379574
2 18 31.693027
4 15 29.473623
5 7 38.878479
5 9 29.474073
5 17 26.351416
6 23 29.215700
