6 7 30.618530
0 2 31.126377
2 10 24.950178
2 11 26.025064
2 13 27.845669
2 18 9.089668
3 10 30.173771
3 13 34.509678
3 14 27.470901
3 16 32.396839
4 9 29.590778
4 12 27.394520
1 23 27.764952
2 15 29.257870
3 13 22.150648
4 16 25.356474
5 15 30.881224
6 12 19.063841
0 18 25.003466
2 15 29.211252
2 18 24.975555
4 10 30.227661
4 14 22.274981
4 15 41.206352
4 20 26.626883
5 13 36.917332
6 13 24.047533
0 1 21.058681
4 11 20.292912
4 16 27.849916
5 15 27.815968
0 9 27.550209
3 10 33.714291
0 10 31.748903
0 12 23.865335
6 13 31.748903
6 14 30.816135
6 15 33.735912
0 13 30.675850
0 16 29.086838
1 13 37.952904
2 15 26.082737
5 15 28.033943
5 18 27.027206
6 14 26.526123
2 10 25.262079
3 20 22.252874
4 1 29.343300
4 13 25.020033
4 15 24.313368
0 18 21.888113
6 9 23.729570
6 10 40.703724
6 15 30.924866
2 9 21.593702
2 11 29.570744
3 13 34.617977
4 12 30.781946
6 7 22.255939
0 17 31.126377
5 21 29.368038
5 22 27.990936
5 23 29.769592
6 2 27.103561
1 8 26.905851
1 12 27.675892
1 20 38.718174
2 12 21.108643
3 16 9.922440
3 16 11.872109
3 22 22.558477
4 15 27.989222
5 0 23.001987
6 3 26.527264
6 14 28.772779
4 16 15.547970
2 20 27.066759
5 14 23.262098
5 18 29.086838
6 3 33.775429
6 17 27.878036
6 22 28.827297
1 7 24.723286
1 9 34.509678
1 18 8.773128
1 20 26.037939
2 23 32.202812
5 13 34.509678
5 14 24.860289
5 16 29.047417
6 2 31.748903
0 13 26.673021
1 6 22.214916
1 7 30.904764
3 8 25.080322
4 3 27.470901
4 18 26.457420
6 14 31.960274
2 20 24.430258
3 14 21.326378
3 16 9.227758
4 0 29.831459
4 23 33.173023
5 16 23.243835
6 3 31.403917
6 5 23.627357
0 12 27.519577
1 0 26.351906
1 7 29.350386
1 11 28.530333
6 7 31.483578
6 15 31.085531
6 17 36.917332
0 10 21.798733
1 14 37.930637
2 18 8.534652
4 6 26.160078
0 11 31.261326
1 17 26.907129
3 12 27.654894
4 8 23.525434
4 9 17.706484
4 21 27.369745
5 13 25.667591
5 17 28.423376
0 8 23.178574
0 12 41.097061
1 0 43.319241
6 7 26.905851
6 15 30.453783
0 8 20.541115
0 12 29.951796
0 13 25.587309
0 19 24.430258
2 17 8.165304
2 22 30.153744
6 21 27.900850
5 17 25.095245
0 22 35.976772
4 19 24.291502
5 18 25.729895
6 12 28.931459
1 7 33.775429
1 11 20.539223
3 15 27.629908
3 19 36.917332
4 6 34.090958
4 15 35.276558
5 6 30.198534
5 7 35.030468
0 4 27.131552
1 16 19.539371
4 6 27.730078
4 10 22.322203
1 13 33.366528
1 14 36.491543
2 0 24.991112
3 21 31.126377
0 9 33.220104
2 10 23.528488
2 22 27.445436
0 18 31.076612
2 10 34.008102
2 14 27.564438
4 12 26.207533
4 19 8.099408
4 19 10.103102
5 2 25.252478
0 10 19.580879
0 16 32.202812
6 16 26.214495
0 23 24.758701
1 2 27.470901
1 4 25.407469
1 7 20.141579
1 9 32.328445
1 16 24.681019
2 3 28.001993
2 18 24.269327
3 6 29.951796
3 16 22.322203
2 22 28.155384
3 18 26.230835
4 17 17.924807
5 14 27.988951
6 16 28.641733
0 12 30.153744
0 18 30.779821
1 13 28.931459
2 13 29.257469
3 1 30.403948
3 23 24.422234
5 8 25.512554
5 16 26.489798
0 5 28.307787
0 13 22.322203
0 21 27.254898
1 19 22.030170
3 9 25.262079
3 17 30.362322
3 19 28.629524
4 7 30.681156
1 10 29.397133
3 16 29.818798
4 8 34.880104
0 5 31.562313
0 20 20.246641
0 23 25.412298
1 10 23.307459
1 20 36.611397
2 5 25.316418
2 5 31.126377
4 0 18.837391
5 2 31.126377
5 11 25.995600
5 19 28.929434
5 20 35.220222
6 9 29.927214
1 10 29.572264
1 14 27.812346
2 15 27.909094
6 4 25.729895
2 12 31.633598
3 18 28.058117
4 13 27.481449
4 18 22.939383
0 23 26.409363
1 7 28.347235
1 11 37.941746
1 13 28.283384
4 13 27.808487
0 10 25.848257
1 9 26.474258
1 16 27.254898
2 11 14.348783
2 14 27.492867
2 20 23.863121
3 10 20.678606
3 23 25.426319
5 23 25.338371
1 10 25.512554
2 22 19.523546
3 10 22.567089
3 19 19.073893
4 13 37.796314
5 15 26.023691
5 21 29.830297
6 13 31.748903
0 19 24.281420
0 22 39.686131
1 10 29.964535
1 20 39.686131
2 9 17.116411
3 17 9.109228
3 18 16.902483
3 21 19.288933
4 20 31.979353
4 21 33.775429
5 1 22.184193
5 9 30.527792
1 9 26.961830
6 17 24.165792
0 21 29.884733
1 18 26.226639
3 5 25.934172
4 14 29.706192
4 18 10.642182
5 0 28.217077
6 15 37.305885
2 8 23.956280
4 14 21.936432
5 19 31.126377
0 10 23.803364
0 12 29.234116
1 12 35.423046
1 14 30.162584
2 12 28.527475
3 1 35.401184
4 17 22.857378
5 12 34.498341
5 22 26.983149
6 19 23.729570
0 10 34.703148
0 16 31.599390
0 18 25.338371
0 20 28.982533
1 11 25.426319
6 7 30.527792
6 13 25.729895
0 11 28.696835
2 1 23.528488
2 9 28.943066
2 12 21.866371
1 10 30.904764
2 16 23.452496
2 20 24.293892
3 0 21.313362
5 11 26.971432
5 13 21.139008
6 11 21.108643
0 10 28.862640
0 13 31.748903
1 8 28.352829
0 0 20.454103
0 17 1.270982
0 21 22.884527
1 12 25.197941
1 16 26.747952
4 20 23.441475
4 23 21.704409
4 23 28.764816
5 18 25.734205
6 19 22.821980
2 16 23.175650
3 19 26.642624
3 22 27.183020
5 15 30.527792
5 18 19.081495
5 20 25.338371
5 23 25.845161
6 0 21.251537
3 12 29.674574
4 10 29.397133
4 14 24.803831
5 12 27.051975
5 13 23.926270
5 14 28.456310
0 16 27.402372
1 13 25.453909
1 15 26.187498
0 19 31.562313
2 16 19.574070
2 19 25.315027
5 18 28.862640
2 20 28.982533
4 19 7.764467
4 20 25.423273
5 12 29.618151
5 13 18.260658
5 17 7.995352
5 19 21.616402
0 22 26.973593
1 10 24.171942
1 13 19.512930
3 8 25.576357
4 10 31.749689
4 21 26.237185
1 10 35.374512
2 13 24.052200
2 21 27.609999
4 17 15.042431
5 23 19.699303
1 16 25.197542
2 9 24.778305
2 22 24.993763
3 22 24.275862
0 1 30.027008
6 22 22.554056
3 18 11.728772
5 12 21.268528
5 16 19.151394
4 10 31.126377
6 11 30.709723
6 13 29.766983
6 14 32.990421
1 9 31.088236
6 9 27.001923
0 1 29.086838
0 6 28.773037
0 7 25.619305
0 9 19.523546
0 11 27.715826
2 2 24.606777
2 11 28.862640
2 19 31.503143
5 11 29.131950
2 14 23.528488
3 8 34.498341
5 15 23.726957
5 22 29.334417
0 21 26.666307
4 12 29.047417
5 15 18.565002
0 15 29.292135
1 7 28.001993
0 14 27.580252
0 22 19.376362
4 9 21.243301
6 17 3.975814
3 18 6.046352
3 18 6.604906
3 19 25.541174
5 17 26.451296
6 13 35.331898
0 17 22.803158
1 1 31.088236
6 6 33.784496
6 15 10.630601
1 10 29.685089
2 9 29.853878
5 15 22.604343
6 6 24.524151
1 22 22.375160
2 10 24.544842
3 7 28.705442
4 6 34.596611
5 13 28.943066
6 15 29.951796
1 7 23.378780
3 8 25.330477
5 15 21.715500
5 20 32.396839
6 6 22.968122
6 17 32.307270
2 11 22.659277
2 14 25.760727
3 8 32.439899
3 20 22.248672
3 22 29.951796
4 16 31.748903
5 9 28.456310
5 14 31.604370
1 8 30.274055
1 10 30.150562
1 12 33.071774
3 17 9.755334
4 18 39.686131
4 20 42.999466
2 11 26.265152
2 20 23.726414
2 21 23.866659
3 7 24.860289
4 7 30.162584
4 12 29.668573
4 16 31.748903
1 18 20.668705
2 18 19.580879
3 19 19.315945
3 21 22.133106
4 6 25.407469
4 10 36.395985
4 23 38.718174
6 15 25.995600
2 19 22.252874
4 10 30.527792
5 13 33.775429
5 14 33.775429
6 6 32.168003
6 18 31.126377
0 5 31.562313
1 10 24.802446
2 10 31.394567
2 17 21.591187
3 0 44.799736
3 15 23.018431
4 14 20.293447
6 10 31.748903
6 15 29.194540
6 22 28.571259
0 18 33.821518
1 19 26.229229
2 16 27.519577
3 20 28.409132
4 9 26.673021
5 23 21.514578
6 7 26.037939
6 9 34.703148
6 11 36.078300
0 1 27.260427
3 19 20.246641
4 10 30.753574
5 15 28.910082
6 8 29.668573
0 18 28.862640
1 8 30.453783
1 12 38.718174
1 17 24.983656
3 1 22.133106
3 17 7.967546
3 17 11.151215
4 11 32.439899
4 15 24.762157
0 18 22.287252
1 6 30.198534
1 10 35.243874
1 15 41.774872
2 16 27.402372
3 14 30.192591
3 16 23.693213
3 22 28.929434
5 16 22.567089
5 19 37.367786
6 10 37.897446
3 10 38.317158
4 16 25.780544
4 18 26.142136
5 16 30.085930
0 3 29.866491
1 12 15.689570
1 19 30.707506
2 15 30.843487
3 10 35.511433
3 15 26.993633
3 16 30.190880
4 7 35.626007
5 10 31.444138
5 12 28.971636
5 16 29.397133
6 10 22.503119
6 11 31.381199
6 14 27.616814
6 19 22.026201
0 9 26.180883
1 7 29.562006
2 12 22.434093
3 7 28.141861
3 13 19.310282
4 14 25.262079
5 20 21.907475
6 9 29.951796
6 11 26.432905
6 21 25.738710
0 0 26.999731
0 6 30.958040
0 20 29.086838
1 11 26.215364
1 14 25.191187
4 19 31.126377
4 20 38.718174
6 14 32.396839
6 20 32.396839
6 23 27.654894
0 8 19.843473
0 11 24.748106
0 12 33.071774
0 21 22.476192
1 5 31.088236
1 10 28.347235
1 20 27.796892
3 17 7.324226
3 17 10.202630
3 22 33.775429
6 4 19.180906
6 13 29.980389
6 23 21.632875
1 12 19.418123
2 10 38.772385
3 21 18.530825
4 6 25.148045
4 10 25.317228
6 11 24.723812
1 14 26.836075
2 1 30.781946
3 7 24.723812
3 10 24.169893
4 21 28.033943
1 20 33.630184
1 23 35.276558
2 18 22.287252
4 15 22.968122
2 9 29.287910
2 21 35.529411
3 5 26.215364
3 20 27.977613
1 22 26.350513
2 10 25.777098
3 16 31.562313
4 9 27.849916
1 10 28.111372
1 14 36.090931
1 21 33.775429
2 5 29.985353
4 9 31.748903
4 16 28.032633
5 11 22.043571
5 15 33.071774
5 23 29.951796
6 1 31.748903
0 3 31.502752
1 10 31.984198
1 13 33.108070
2 7 30.904764
2 15 33.071774
3 1 28.798891
3 9 41.692928
4 9 27.845419
4 13 29.570744
5 11 22.672068
0 22 27.204895
0 7 31.259398
0 12 30.176413
0 23 21.172890
1 10 24.236240
1 21 28.635744
3 8 26.174416
3 10 30.527792
3 17 19.580879
4 10 25.496140
4 12 35.276558
6 4 26.025064
5 12 17.801270
1 16 19.574070
1 22 21.216099
5 8 12.634246
5 12 25.426319
6 1 27.815968
0 21 33.775429
1 3 22.043571
1 8 32.593090
3 6 30.321011
4 10 36.917332
5 20 28.362246
6 6 32.248451
6 11 35.276558
1 11 27.206482
3 16 29.368793
5 14 24.733166
5 16 28.361378
1 12 19.930538
2 11 30.754036
2 18 29.194540
4 10 29.496773
4 19 32.216869
5 0 23.307459
5 10 30.904764
5 16 29.131950
0 6 26.673021
0 14 27.849916
0 18 30.527792
6 7 27.206482
1 7 29.086838
1 9 25.664995
2 5 24.263819
3 11 28.189831
3 13 25.775299
5 7 27.730078
2 5 25.320742
2 11 29.537676
4 6 26.082737
4 8 27.291138
5 7 20.882021
6 14 25.191187
0 8 28.828247
0 11 30.321011
3 7 31.048744
4 5 27.849916
4 9 32.396839
1 9 31.126377
1 11 24.624128
2 14 24.052200
4 12 28.998951
4 18 23.693213
0 9 26.972094
1 11 32.439899
1 13 33.071774
1 14 26.017241
3 21 29.985353
4 22 23.453863
5 14 26.920912
5 17 28.530333
5 18 21.463655
6 4 28.635744
6 10 28.862640
0 12 33.071774
1 6 28.362246
1 9 31.894030
1 11 29.668573
2 13 31.070303
3 10 29.489769
3 16 9.938093
3 19 24.797495
4 9 31.611265
4 11 23.644463
4 13 41.568016
5 9 24.200312
6 7 27.490223
0 22 23.120752
1 1 21.959923
1 9 29.329998
1 10 29.041784
6 20 23.018431
6 9 39.092693
6 11 29.851179
0 6 27.761717
0 12 32.248451
0 22 23.803364
1 10 35.276558
2 13 32.765675
3 8 28.635649
3 20 22.937538
4 8 25.995600
1 7 27.206482
1 18 26.900385
2 6 31.748903
3 14 26.265152
5 23 23.578609
0 1 23.984516
3 11 35.218048
4 10 21.025358
5 10 29.951796
0 23 31.460669
6 22 29.951796
0 10 28.839748
1 9 30.527792
4 10 29.181910
4 13 40.703724
5 7 30.083618
5 12 28.362246
6 10 28.721714
1 6 35.276558
1 20 28.739454
2 14 21.108643
2 16 16.872187
3 5 32.079483
4 6 28.941378
4 16 22.150648
5 6 35.276558
6 22 31.645523
0 5 25.603954
0 18 33.071774
3 5 28.352829
3 7 27.796892
4 12 40.430073
5 9 33.379570
5 12 29.408602
5 17 28.571720
5 17 19.754524
0 9 26.576082
6 9 30.800304
6 10 32.396839
0 15 27.001310
1 13 28.825029
5 13 26.023691
5 15 34.361244
2 14 28.527475
4 12 28.055391
5 16 26.719505
1 7 27.470901
6 9 27.078751
0 19 28.307787
0 22 25.666492
1 7 28.386089
1 13 36.732059
2 11 28.527475
3 11 26.451296
3 16 17.083103
3 21 32.017097
4 10 22.252874
0 2 24.984941
0 5 31.759335
1 9 28.051504
1 10 19.512930
3 15 32.396839
4 8 23.550928
1 19 25.117617
2 19 29.908594
3 21 33.425823
4 9 28.032633
4 13 17.542665
4 19 8.633403
4 19 11.156132
5 8 33.299461
5 16 17.494350
6 9 21.915611
2 10 27.934546
3 21 29.951796
5 7 29.274055
5 11 24.414576
5 12 21.632875
0 0 25.836781
5 10 29.594023
5 11 34.509678
6 5 32.396839
0 19 32.319885
0 21 33.071774
0 22 22.375160
1 11 24.293205
1 15 22.644321
2 20 27.458548
3 9 21.471636
4 8 22.312624
0 2 31.989567
0 21 24.291502
0 23 22.434093
3 9 33.775429
3 11 23.296944
3 17 27.470901
4 16 25.191187
5 6 20.943882
6 6 31.126377
0 13 36.880676
0 21 26.215364
1 0 31.100943
2 14 25.848257
3 6 33.071774
4 16 21.106396
6 5 28.352829
6 19 31.502243
0 5 24.731722
1 12 32.396839
4 21 20.532900
4 22 24.757206
5 11 31.748903
5 18 31.383781
5 22 21.866371
6 17 26.972094
6 20 34.553120
0 6 25.266834
1 10 27.670897
2 9 27.756611
3 9 27.830601
5 17 11.961136
1 12 28.527475
1 18 42.937069
2 6 21.308186
2 13 29.951796
3 14 33.311543
4 2 30.904764
4 12 31.960274
5 12 30.453987
6 3 34.509678
1 11 33.071774
1 20 26.642624
1 21 33.071774
0 6 37.107037
0 10 29.078993
1 0 24.228821
1 5 8.639369
1 5 25.956049
1 7 31.965374
1 10 22.857378
1 21 32.396839
2 5 33.775429
2 10 21.437620
3 5 22.968122
3 10 27.047407
6 0 15.994156
1 6 22.375160
1 13 26.245705
2 0 31.381199
2 5 25.270168
2 11 22.857378
3 5 23.296799
3 6 27.206482
4 18 22.457312
6 2 21.415503
0 23 22.777472
1 5 24.938454
1 7 36.090931
1 10 29.368793
2 5 26.673021
2 7 28.771542
3 6 25.730782
3 16 7.126259
3 21 35.325233
4 5 20.697317
5 0 42.635296
6 2 24.984941
0 6 22.499186
1 5 28.571720
6 10 22.503119
6 11 31.381199
0 10 19.543476
0 14 33.714291
0 17 30.321011
0 18 35.276558
0 19 30.875874
0 20 31.682447
0 20 31.505884
1 7 29.951796
1 16 18.739262
2 10 28.889006
3 23 36.410858
4 8 25.860752
4 11 34.164459
4 17 24.723812
4 22 29.330278
5 13 20.959854
1 12 31.229570
2 7 26.998983
2 14 30.974918
2 15 27.530556
2 15 22.340733
2 20 38.718174
3 9 32.792107
3 13 29.873768
3 17 22.567089
3 23 39.447880
3 23 24.803831
4 14 24.249599
4 19 27.082630
5 10 25.423018
6 12 30.270685
6 14 27.849916
1 11 41.161388
1 12 31.126377
1 14 23.863121
4 12 21.840822
4 19 29.841093
4 20 30.518227
5 22 28.531668
5 23 24.544842
6 17 25.862322
0 19 26.643473
6 15 28.940865
0 1 31.409687
1 10 20.489893
3 21 22.252874
0 0 33.081291
4 18 10.968408
6 15 31.126377
2 11 26.971432
3 14 22.096260
3 18 18.931635
4 17 7.975570
0 16 20.541115
1 18 22.434093
0 13 23.808661
2 21 29.282148
3 0 33.580307
5 11 28.963833
3 13 27.369745
3 18 31.970041
4 23 30.818293
5 15 20.341055
5 18 35.543934
6 3 24.870903
3 0 39.075546
4 10 23.107992
1 21 25.197542
2 0 27.849916
2 16 21.308186
3 10 26.298134
1 19 26.835678
3 22 29.951796
4 9 21.514578
5 8 26.482309
5 14 31.477430
0 7 31.695593
0 9 22.133106
0 11 40.514038
0 19 22.567089
0 20 25.316418
0 22 27.010828
1 23 31.748903
3 23 31.748903
4 12 34.509678
0 5 41.221943
0 13 25.998425
6 12 23.753746
1 10 36.078300
4 8 22.659277
5 12 22.322203
0 12 28.372286
0 19 23.010866
1 12 27.794947
3 9 27.291138
4 9 33.349850
6 8 27.661257
0 11 35.319733
1 19 27.730078
2 8 26.671465
2 10 20.541115
2 20 22.659277
3 13 31.017908
5 10 28.862640
6 10 42.903923
1 11 18.752504
2 10 26.530884
6 17 22.558477
1 0 20.587482
2 10 36.917332
4 10 26.933657
5 11 26.457420
5 15 24.901396
6 6 20.472570
1 3 29.914042
1 17 16.331026
2 13 25.544773
3 10 26.498323
4 10 29.649170
1 9 25.806755
6 7 25.835203
6 9 30.190138
1 8 32.973400
1 13 27.186899
1 16 28.862640
3 9 28.739454
4 10 21.313362
4 13 19.627335
4 22 25.332455
5 11 28.352829
1 9 20.552170
1 13 19.878521
1 15 28.862640
2 9 25.003466
2 16 29.951796
3 10 24.114229
3 11 17.401684
4 9 22.264811
4 12 24.870903
5 23 25.694742
5 23 31.229570
1 14 24.027822
1 22 26.026749
1 23 19.963989
2 9 23.549509
2 15 23.427135
4 8 29.574013
5 0 13.279594
5 12 31.003059
5 14 22.043571
6 16 29.388538
1 1 27.402372
1 1 27.989222
1 13 22.026201
2 1 27.197165
5 16 23.476072
0 21 28.862640
2 9 31.748903
2 10 29.714590
3 21 32.388668
3 21 36.858372
1 9 36.763371
1 15 27.602110
4 22 37.796314
5 0 21.673401
5 6 28.862640
5 13 24.375942
1 10 22.276440
6 6 21.752106
6 7 32.408321
0 5 33.071774
0 7 26.130266
2 13 28.461056
2 16 21.766953
2 19 30.077950
4 12 21.490149
5 10 23.939112
6 15 21.307869
0 5 27.654894
0 14 35.276558
1 23 23.200886
2 11 21.308186
3 5 29.597591
4 15 37.312000
4 17 17.083006
4 22 24.086596
0 10 31.229570
1 18 23.956280
2 15 26.747952
3 12 30.227442
3 16 25.197542
4 13 27.220261
4 16 30.781494
4 21 22.857378
5 15 24.848999
0 8 28.452608
0 12 28.109318
0 19 30.274055
0 22 26.642624
1 17 18.645967
3 8 27.590014
3 11 29.862183
4 10 33.775429
4 18 24.947947
5 14 28.862640
0 12 28.429022
0 14 20.707600
2 9 24.801270
2 11 26.160078
2 15 27.849916
2 22 28.130941
3 21 25.728195
4 6 28.352829
4 11 26.215364
0 12 25.666492
1 11 27.182625
2 17 20.246641
2 22 21.745825
4 17 7.966930
5 11 29.649170
5 16 24.995770
0 15 26.411287
0 16 26.971432
1 8 27.470901
6 15 31.894030
1 19 27.849916
1 21 31.562313
3 8 30.242153
3 10 22.729963
3 16 24.733166
5 14 27.759619
6 22 24.899275
1 15 24.293205
2 15 27.849916
3 16 27.981619
1 13 29.271896
1 19 26.351906
1 21 28.001993
2 16 23.393457
3 0 26.351906
3 8 23.262098
3 11 30.153744
3 22 33.220570
4 6 28.530333
4 16 18.448589
5 1 30.302172
5 1 39.686131
5 16 26.167799
5 20 36.364388
5 23 30.242153
0 11 25.772171
0 16 36.078300
0 22 24.070000
0 9 8.673659
0 12 36.657753
3 18 18.530825
4 13 26.770252
4 17 11.181729
4 22 26.528204
5 4 18.317562
6 15 27.047407
3 14 25.003466
3 16 28.352829
4 11 30.500591
4 12 29.234116
5 20 20.736107
5 21 24.524151
5 22 27.206482
6 5 26.527264
0 8 24.361410
3 18 10.510205
0 21 32.883472
1 9 28.862640
2 22 27.989222
3 10 19.700020
3 14 29.172131
4 10 28.336496
6 8 38.594841
0 8 29.951796
4 10 26.101511
4 13 23.977531
5 9 25.960142
5 20 21.514578
6 13 31.880028
1 8 24.719210
1 10 29.251753
1 12 37.027222
3 6 28.982533
3 10 22.281271
3 18 19.961611
3 21 26.466112
4 10 27.532751
4 14 27.766401
4 21 30.259211
4 23 23.429245
5 19 27.609999
6 4 32.396839
6 10 18.854429
1 18 37.796314
6 5 35.693668
6 7 32.396839
6 12 36.160759
0 14 27.068233
0 15 31.633959
0 20 28.230520
1 12 32.034973
2 18 17.644899
2 22 40.981773
3 7 36.917332
3 9 27.206482
3 17 16.592299
3 18 28.013229
3 21 25.934172
4 9 18.739262
4 15 22.117844
4 18 29.211252
5 0 22.613405
5 13 25.266834
5 15 28.862640
5 19 21.840822
6 4 26.398220
6 15 22.857378
0 15 26.474258
1 21 34.170639
2 7 29.115236
2 11 27.003742
3 14 21.915707
3 17 6.661033
4 8 24.257732
4 16 32.481880
5 5 27.815968
5 6 23.528488
5 8 28.347794
5 14 25.829113
5 21 24.861290
6 5 26.023691
6 5 28.862640
6 11 28.414104
0 21 24.562996
1 11 32.120293
1 19 29.586615
2 8 30.859341
2 16 23.164322
3 12 31.562313
4 1 27.788286
4 8 21.902990
4 11 25.965137
4 13 32.716568
4 16 36.563534
4 19 29.385647
4 20 30.189585
4 21 39.792309
5 7 28.032633
5 9 36.917332
5 13 30.379702
5 14 19.963989
6 14 27.845419
0 1 27.892603
0 6 29.862183
0 10 39.056179
0 15 31.611265
0 20 29.681911
1 1 25.546978
6 9 29.617495
6 22 32.248451
6 23 27.689497
2 15 28.797550
2 17 14.970107
4 5 29.714590
4 10 31.748903
5 9 38.076424
5 11 27.849916
6 7 19.422237
3 22 27.291138
5 9 27.892511
5 16 28.414104
2 17 30.527792
5 11 26.384363
5 16 26.184723
1 4 29.234116
6 4 41.241123
1 11 29.086838
2 2 26.265152
2 4 29.519682
2 5 25.643589
2 12 22.434093
4 0 37.796314
4 5 33.775429
6 4 24.582565
1 19 28.643700
1 21 33.316872
3 3 29.385647
3 7 34.509678
3 16 31.487570
4 9 30.527792
5 0 22.252874
6 7 36.037399
0 12 21.478670
1 16 32.388317
6 12 29.259516
0 13 23.393457
3 7 27.264708
3 8 33.071774
6 4 24.723286
6 6 32.202801
6 7 22.301096
2 5 23.863121
2 9 33.071774
4 7 23.977531
4 8 26.846010
0 17 26.631689
0 23 24.430258
4 11 24.519402
5 12 20.413782
6 12 25.475229
0 15 27.490223
1 0 27.264708
6 7 24.991112
0 9 26.037939
3 18 19.004553
3 20 40.900852
3 23 21.326378
5 0 26.170418
1 13 33.209923
2 6 37.170715
3 7 29.397133
4 6 22.598040
4 11 24.313368
4 12 22.332125
0 18 31.483578
2 11 22.312624
3 2 29.397133
3 8 31.126377
3 12 32.396839
5 12 42.903923
1 2 21.362759
1 7 27.590014
6 7 30.173771
6 12 27.849916
0 13 38.718174
3 21 18.317562
4 14 27.677288
5 16 28.721714
5 20 19.335205
0 7 25.952057
0 17 24.848150
4 13 27.440489
6 2 29.154837
3 11 26.474258
5 21 25.262079
6 14 25.191187
0 14 33.071774
0 8 33.073662
0 12 37.455379
4 9 35.147469
1 8 27.616814
4 17 21.514578
4 18 31.960274
5 9 27.003935
0 10 24.291502
5 12 25.402838
5 19 31.126377
0 9 36.917332
1 11 28.946131
6 20 23.018431
0 10 30.527792
2 6 28.033943
2 9 22.697849
2 10 23.202246
2 20 20.916256
2 23 32.396839
6 0 35.997719
6 8 28.381905
6 11 30.694122
0 9 31.637571
0 18 40.703724
0 21 24.903091
0 23 32.248451
1 1 32.396839
2 10 27.867819
3 10 26.846010
4 15 26.243212
2 1 28.218475
2 12 31.795984
3 11 28.442036
3 19 30.321011
4 12 33.404102
4 17 28.527475
6 9 25.484468
6 12 27.418737
6 14 31.088236
6 23 34.509678
0 14 22.155649
0 23 21.798733
0 22 21.326378
0 23 29.500467
1 6 31.748903
5 8 24.769543
6 22 18.221977
0 23 22.968122
1 5 29.570744
1 22 26.347755
1 23 29.597591
2 14 30.527792
3 11 28.527475
4 7 22.729963
5 7 31.126377
5 9 22.567089
5 12 20.472570
5 13 32.300343
6 10 30.362322
6 14 28.530333
0 9 22.133106
1 13 25.142860
2 8 20.105032
2 10 26.597317
2 15 27.609999
4 7 20.916256
4 10 30.242153
4 23 21.514578
0 13 23.863121
1 10 26.616104
2 7 20.628653
3 20 26.025064
4 5 32.396839
4 16 30.144163
5 18 19.699303
1 17 23.863121
0 23 30.211578
2 16 18.645967
3 15 28.696835
4 15 21.216099
4 16 30.527792
0 10 30.427345
0 21 31.775751
6 15 27.777905
2 10 30.702883
3 1 23.693213
3 9 29.849514
5 12 32.748295
5 15 18.644663
5 16 29.086838
1 13 37.796314
3 18 29.854883
4 17 21.752905
4 17 22.313091
5 13 31.749689
5 15 25.603954
5 19 25.181856
0 11 28.032633
0 16 29.518986
1 6 28.931459
1 19 26.985510
2 15 26.174416
6 10 31.088236
0 19 25.320742
0 18 26.889700
1 10 19.808466
1 17 22.976229
2 6 21.313362
2 10 24.183525
3 9 23.054996
3 14 28.862640
3 19 32.673840
3 21 31.126377
4 8 22.155649
4 20 28.910082
6 18 26.671465
2 15 25.320742
3 19 31.562313
4 6 26.380472
4 7 28.352829
4 13 26.815680
4 19 20.293447
5 18 23.865335
5 21 26.527933
6 17 24.624128
1 10 22.884527
2 17 26.673021
2 19 24.275862
2 21 28.571720
3 20 36.037399
5 13 27.206482
5 19 22.865185
0 23 31.748903
1 9 31.048744
0 13 30.527792
0 16 30.527792
0 21 23.006453
5 11 25.666492
5 13 29.553911
6 3 28.862640
6 23 29.624487
3 17 16.633451
5 19 27.994482
0 6 25.426014
0 9 21.632875
0 12 23.525434
3 18 23.868111
6 8 27.470901
6 9 28.515326
6 19 29.397133
3 17 10.800449
2 14 28.739454
3 14 34.074303
3 20 29.951796
4 10 32.803280
5 17 18.241421
5 19 25.201794
1 17 27.402372
2 16 28.283384
2 21 19.700020
2 22 32.064056
3 0 23.018431
3 10 27.849916
3 14 23.452496
3 15 35.276558
3 16 21.798733
3 22 26.976820
4 8 27.759619
4 12 26.489798
5 11 27.997084
0 2 24.002937
1 12 26.023691
5 20 31.126377
0 11 25.666492
1 17 13.610949
1 19 24.295969
2 14 29.985353
6 10 19.700020
2 18 7.444866
2 18 15.829478
3 0 29.562006
4 1 32.155746
4 9 31.088236
6 15 30.194973
1 13 27.490223
1 14 26.983307
3 13 28.707111
4 11 35.417938
2 16 28.255430
6 20 33.118217
6 10 42.461681
6 14 32.746269
6 16 44.095699
4 6 27.788286
5 10 27.927790
3 6 36.396656
3 9 22.659277
3 15 32.388668
4 10 20.628653
1 6 27.796892
5 12 36.917332
5 13 33.071774
6 6 25.666492
6 7 36.078300
6 23 28.200138
0 8 25.695597
1 11 25.020033
1 12 18.664755
2 14 23.353554
2 16 27.013264
3 20 29.639019
4 11 29.397133
4 16 27.710663
0 16 25.485884
1 17 28.442251
2 5 28.109318
2 7 25.991272
4 6 27.796892
4 10 25.024338
0 12 24.810970
1 5 30.527792
1 11 20.925846
3 15 27.602110
3 20 19.580879
4 10 19.674904
4 16 25.786602
5 23 28.862640
6 12 27.934546
0 10 28.475533
0 14 26.453358
6 8 34.509678
0 1 22.217388
0 12 27.204687
0 18 26.489798
1 12 25.201794
4 15 25.316418
4 20 30.242153
5 5 23.307459
5 13 25.647446
6 7 20.925846
0 8 27.369745
2 9 23.632364
3 8 22.548275
4 19 26.023691
5 0 24.485216
6 7 20.825794
0 23 36.917332
1 0 27.299589
0 12 34.502640
3 0 20.341055
0 13 31.381199
1 19 25.965137
1 20 20.339611
2 16 28.347235
2 21 22.322203
5 9 31.974470
5 22 26.245714
0 14 23.488194
0 21 31.888861
0 22 34.735359
1 10 28.230520
6 9 27.078751
2 6 24.422234
2 14 31.748903
4 17 14.718809
4 17 24.940794
5 12 25.189718
6 18 31.713560
1 23 30.427769
2 9 26.905851
4 6 24.544842
4 12 22.672068
4 15 25.191187
5 14 28.500559
6 6 21.888113
1 7 29.012806
3 6 29.501791
4 6 24.399914
4 11 29.722059
4 13 22.909609
4 19 27.295158
5 12 22.140726
5 13 32.607014
5 14 33.775429
5 15 20.153545
5 17 22.712416
5 22 41.030163
0 18 24.340628
0 22 26.025064
1 7 33.775429
1 19 26.466112
6 13 20.472570
0 6 37.796314
0 14 29.668573
3 9 26.546341
3 16 20.925846
1 7 27.124735
2 14 23.756174
5 12 29.951796
5 16 23.018431
5 18 39.992653
6 12 32.452713
6 13 33.320469
1 12 26.160078
2 10 22.512583
3 9 24.859549
1 11 33.928299
2 16 27.892603
3 21 24.313368
4 14 19.063841
6 7 26.511702
6 14 26.527264
1 7 38.718174
6 6 31.126377
6 9 22.026201
0 23 31.066343
1 7 40.618126
1 10 29.408722
1 12 20.293447
1 17 25.315027
3 7 32.396839
4 18 6.411954
4 18 7.109912
5 11 27.077614
6 10 24.524151
6 13 20.293447
6 21 20.749321
0 20 18.983656
1 9 33.714291
0 16 23.054996
0 19 26.770252
1 22 35.883408
2 9 26.017241
3 22 27.578955
4 11 18.245771
4 16 27.195917
5 1 29.349314
0 21 28.355394
0 22 31.412495
6 9 27.788286
0 6 26.179567
5 21 37.305885
6 10 31.533445
0 20 32.843281
1 14 25.191187
2 19 28.527475
3 16 26.190268
4 10 27.369745
5 11 31.126377
0 9 20.164658
2 21 30.173771
3 15 31.381199
5 23 31.126377
6 8 27.186516
6 13 24.624128
0 6 30.527792
0 13 25.003466
2 15 19.700020
0 8 28.945154
6 11 22.322203
0 12 30.510836
1 9 32.396839
1 20 24.000916
2 0 30.459427
2 12 23.785170
4 23 22.026201
3 12 22.567089
3 14 25.616026
4 8 30.809570
1 21 40.703724
2 18 24.291502
2 20 26.489798
3 10 21.476809
4 15 26.526123
0 0 37.016552
0 10 23.969309
