1 16 4.598570
6 3 4.186128
6 13 1.509631
6 13 6.049438
0 6 8.002607
6 12 4.018534
0 1 1.613328
4 13 2.100335
4 13 5.110378
0 12 8.700367
2 22 5.209213
4 22 5.394819
0 15 2.614896
6 21 2.252834
3 22 9.691907
6 3 5.460103
6 11 8.574222
1 0 3.963521
0 8 9.211826
6 15 8.891786
1 12 5.658871
3 13 3.672645
4 11 7.548354
5 20 10.785391
5 21 3.719215
0 14 5.974015
1 9 2.440570
1 21 3.036256
3 10 13.134564
5 23 10.453085
6 8 5.108055
0 18 3.254093
2 8 4.406451
3 7 2.605489
4 8 25.351234
6 11 5.217427
3 18 2.833839
0 21 13.704592
5 22 6.510405
1 6 13.247161
2 23 3.289868
5 20 4.820700
6 0 14.668379
6 13 4.711899
1 23 7.589664
6 0 13.591898
0 14 1.881380
6 20 4.788926
0 0 4.907640
2 11 4.895252
3 1 11.177792
5 4 6.107779
6 0 6.768042
5 11 2.825330
4 23 8.288198
5 1 18.723730
5 20 2.594566
6 4 2.874043
1 3 17.101460
3 0 1.907393
3 20 9.634298
4 21 12.397073
0 20 12.297748
3 7 3.744337
3 19 5.343994
1 22 11.523082
1 21 2.361842
1 21 5.950275
5 19 9.762280
2 9 8.002607
2 21 6.354160
6 22 7.366640
4 21 7.869052
5 22 6.587047
5 22 7.387022
6 0 3.681951
3 22 10.882580
0 23 5.974015
3 1 2.581325
2 17 4.485137
0 21 12.124108
3 12 6.577486
4 21 5.521095
6 3 6.559702
6 8 11.552439
0 21 9.360972
4 23 1.653234
5 8 2.662440
1 1 10.076457
5 2 7.315179
5 22 6.005745
4 12 4.669318
6 11 2.614896
6 12 1.630465
6 14 4.186128
6 15 3.425639
6 21 5.744268
1 22 12.953819
4 23 3.864118
5 11 12.015428
6 5 5.424078
6 6 13.939281
6 6 5.915396
6 20 2.256473
3 15 1.720883
3 16 7.387022
5 20 6.402086
2 10 5.058427
2 19 12.128310
2 20 5.836647
4 1 7.681311
3 19 3.588110
4 6 4.669318
5 19 2.831959
0 1 2.822613
2 20 5.980183
4 6 5.670251
5 20 10.629342
5 21 12.936864
6 7 5.015594
5 18 2.647513
0 13 4.742276
0 20 4.406451
6 20 5.670251
4 20 7.226325
5 23 6.015236
1 22 4.186128
0 15 4.723683
6 14 5.896183
6 21 2.581325
0 15 2.717184
1 0 6.366704
6 1 23.353271
2 0 31.359257
2 11 9.780410
5 1 5.484342
5 19 28.357544
6 22 4.186128
0 11 5.718744
3 2 14.604910
1 1 3.728736
1 1 4.186128
6 14 3.448928
6 20 10.482937
0 2 6.403316
0 10 4.273861
0 11 10.445925
0 21 13.886413
0 23 6.770763
2 7 4.092752
2 9 2.662440
3 19 6.381988
3 20 6.338928
4 7 6.454808
1 0 6.348117
1 7 4.817550
1 11 4.904694
1 22 4.874172
2 13 4.186128
2 23 6.100320
4 18 3.489768
5 19 3.371470
0 19 6.816720
2 6 5.869207
3 20 1.906346
4 5 6.460988
1 23 3.115621
2 23 5.925457
3 1 12.114440
4 1 8.431835
6 16 4.107786
0 20 2.151104
1 1 5.243276
1 2 14.337245
1 2 10.058739
1 4 2.440570
4 3 12.323763
0 9 6.680962
0 10 4.417008
6 15 3.986789
1 22 4.437400
4 7 6.486434
0 12 10.281723
2 21 5.417601
4 7 6.267979
1 17 5.668264
2 15 5.058427
2 15 4.117503
1 20 11.663963
2 20 4.186128
3 22 4.830148
3 22 12.912303
4 19 3.978335
2 20 5.836647
2 21 5.518284
3 20 3.371470
6 21 4.427874
6 15 1.413568
0 17 1.720883
5 2 4.987159
6 12 4.620390
0 1 5.760595
2 20 2.091917
6 0 13.399170
0 9 6.577393
0 12 13.312199
4 11 13.117686
6 18 11.472556
0 1 2.549288
0 2 3.650541
0 15 5.242574
2 7 7.061124
4 21 5.857368
3 18 3.963521
6 2 1.905732
6 5 11.491945
4 22 8.138245
6 22 11.711132
2 20 3.500128
5 11 7.670029
2 10 1.358592
0 15 3.043626
4 10 6.616760
5 1 10.704177
6 21 2.634959
2 9 4.993207
2 23 11.432515
3 7 9.658486
3 15 6.231116
4 18 2.762909
6 8 5.748765
6 8 7.421133
6 21 4.197045
0 21 2.762733
0 21 4.460125
0 0 2.054089
2 2 3.640111
3 11 5.238845
0 13 5.768571
1 18 5.857206
1 20 5.484342
4 23 4.257080
6 4 3.315279
5 15 2.711744
1 4 4.344598
2 23 11.833681
3 2 16.740860
4 19 12.460870
4 19 5.484342
0 5 3.174383
6 21 14.097996
3 23 5.268062
0 8 5.099996
0 9 7.047894
0 10 3.650541
4 0 5.234651
4 15 6.656099
6 16 11.858363
2 17 4.406451
4 1 4.817550
4 19 3.866461
5 12 3.157409
5 19 3.311823
1 19 7.845346
6 14 2.614896
5 22 6.719168
0 1 6.749578
1 0 6.965011
2 13 1.941615
3 12 4.676764
3 18 7.780112
6 12 2.513133
0 3 1.511244
4 8 4.406451
6 15 1.877327
4 16 2.481936
5 6 3.717432
0 7 14.388538
0 20 7.089386
0 13 1.692672
0 14 2.252834
0 23 4.975502
1 19 3.572420
2 10 4.683159
4 18 6.015236
0 23 1.496420
2 12 5.669462
2 20 4.489261
3 5 4.186128
6 21 2.882851
2 22 2.957698
3 21 2.616428
4 16 4.016094
4 21 3.315279
5 21 2.335582
5 22 4.070344
2 8 4.257080
3 10 7.871417
3 14 5.686298
5 5 12.912303
5 5 6.691185
6 10 2.841668
0 1 1.877327
6 4 11.615214
0 1 2.822613
3 19 15.586789
4 7 3.372285
0 10 10.453085
0 15 9.009170
1 20 4.895252
6 2 4.895388
6 10 5.905944
6 14 2.230395
0 14 4.186128
2 6 3.616668
4 17 5.058427
1 21 4.215356
4 20 3.542299
6 1 10.946181
2 10 4.324277
2 14 9.261912
6 8 4.215356
0 11 4.630403
1 7 4.186128
2 21 11.445796
3 21 2.440570
5 23 2.138764
6 22 12.151786
3 21 10.011731
5 17 8.314121
6 0 6.453313
3 0 3.315279
6 4 5.899914
4 18 4.186128
1 22 14.244443
1 21 6.175664
0 13 3.933433
1 23 6.489272
6 0 2.228841
6 8 8.160382
2 11 6.071664
6 21 5.123482
2 3 3.590696
2 20 14.347003
5 9 6.182402
0 18 3.748772
1 7 7.051476
1 8 6.070113
6 8 3.952217
0 0 4.975502
2 5 6.616760
2 6 6.616760
2 7 8.002607
2 7 4.117503
2 10 1.665371
2 14 5.306379
3 6 7.871417
3 21 1.720883
4 7 6.157742
6 11 1.843804
6 12 2.288034
1 7 5.660171
4 10 7.502444
6 9 4.895252
0 4 2.440570
0 18 7.387022
1 7 11.536029
2 9 2.367376
6 23 16.119074
2 14 12.318592
2 22 11.251046
4 22 4.999809
4 22 13.168150
5 2 4.274524
5 19 5.346689
0 8 5.925457
0 8 5.768014
0 2 3.915744
3 8 3.603200
4 21 4.691147
5 19 2.871258
6 7 2.400560
0 6 5.058427
0 16 9.617918
0 21 4.094409
1 3 3.226656
1 6 4.406451
2 1 8.348218
3 1 11.223114
3 2 10.011731
4 7 4.213262
5 13 11.969996
5 19 1.912363
4 2 5.058427
6 0 7.113241
6 12 3.084964
6 21 10.688712
6 21 4.897543
2 10 4.137666
3 5 5.748422
5 6 4.471711
5 17 5.146840
5 18 2.582379
6 3 2.627193
6 12 1.720883
6 18 2.400560
1 0 2.639179
1 6 6.184277
1 9 5.254386
1 11 2.968907
3 6 4.051092
3 8 2.458405
3 14 4.975502
5 3 5.058427
5 6 3.825472
5 7 6.123549
0 9 4.186128
1 7 7.443141
2 0 4.638651
2 22 26.372681
3 6 6.184277
4 7 3.864118
4 23 5.875394
5 7 5.328832
6 9 4.669318
4 17 4.739013
2 7 8.108558
0 3 5.665561
0 5 9.936061
1 14 4.702068
4 23 3.814601
5 17 3.538728
1 12 3.260930
1 12 13.062972
3 22 6.807593
5 2 5.060427
6 10 3.766062
0 0 3.186288
1 10 2.539710
1 19 2.024569
2 22 5.278069
3 1 3.315279
3 21 3.972685
4 20 2.767855
5 1 4.975502
5 9 3.429599
0 20 10.453085
2 16 5.620475
4 13 6.616760
4 20 2.440570
5 1 2.400560
5 21 2.252834
5 23 8.769712
1 9 5.024573
6 9 5.798314
6 16 1.844257
6 19 5.772588
0 0 2.116136
0 9 7.367287
4 2 7.425268
6 8 4.817550
0 15 12.394622
3 21 4.669318
4 18 2.440570
0 11 7.747329
1 23 7.502267
5 14 7.955644
6 21 7.940112
0 9 7.917323
0 12 11.127967
1 22 11.614539
2 18 7.478831
3 20 2.833839
3 20 5.021562
5 10 6.457567
0 21 6.433942
1 1 1.564440
1 8 6.513240
1 9 3.748772
1 18 15.694051
1 21 8.518609
3 2 3.853531
4 20 5.058427
2 16 3.315279
4 0 5.144164
1 19 10.281723
1 1 11.453451
5 1 8.874992
5 19 1.656525
0 19 3.229970
2 18 5.836647
2 21 22.575388
4 19 2.925246
0 2 7.714753
2 23 11.003247
6 6 4.398633
6 11 4.417008
0 14 25.742628
2 19 12.753269
0 0 3.552085
5 21 4.996120
0 1 3.900328
3 8 4.417008
3 16 3.616668
4 0 5.974015
4 17 24.007822
6 16 2.440570
6 20 5.591629
3 13 4.117503
5 19 4.739013
6 0 3.746983
3 13 2.882851
4 13 4.895252
0 21 10.630257
1 7 2.735098
2 22 4.975502
3 2 4.669318
3 14 4.895252
6 9 5.058427
6 19 3.986789
0 23 10.453085
0 12 6.802705
6 2 6.803682
6 20 5.705984
6 23 2.400560
6 19 11.557651
2 1 4.186128
3 22 4.167410
2 15 3.315279
2 20 5.484342
0 23 2.822613
1 0 5.058427
3 20 2.440570
4 18 3.616668
6 21 2.373037
3 7 5.287857
3 23 6.559702
2 6 9.921502
6 15 7.849311
0 1 2.361842
0 1 3.060258
3 3 15.345789
5 21 5.217020
6 1 3.371470
0 16 2.952966
6 1 3.260930
6 2 6.431261
0 23 1.843804
0 6 8.299976
0 15 8.827939
4 6 9.020484
4 7 5.232856
5 7 11.933485
6 10 2.762733
1 18 4.059525
1 22 10.453085
2 6 9.016174
4 5 5.058427
5 12 5.110037
0 18 5.991322
2 10 7.383361
4 0 5.249399
4 7 9.268586
5 5 7.037281
5 12 2.812948
6 7 5.058427
6 10 8.394794
5 18 3.588869
5 7 3.754723
6 16 6.616760
6 7 8.931129
0 1 10.997108
0 14 3.714959
4 9 8.349414
4 12 4.566685
6 7 8.322136
6 20 10.281723
2 6 7.425268
4 7 2.400560
6 1 6.856236
1 20 4.310607
5 22 10.573497
3 12 4.768997
0 22 2.688064
6 16 1.454268
0 18 13.591898
1 18 6.472608
2 19 4.130120
6 23 15.326332
1 2 7.967731
1 8 7.425268
6 5 9.617918
6 6 8.269810
6 23 6.496782
0 0 8.560002
0 22 6.866868
6 19 2.428045
1 3 41.055870
1 15 3.583874
0 11 19.368454
6 9 6.616760
0 14 3.149830
0 21 9.955319
4 12 10.453085
4 14 10.453085
5 17 3.500128
6 17 3.157409
6 10 7.711720
4 4 5.575747
4 16 3.315279
4 23 9.238717
5 21 5.370491
6 3 11.754879
3 23 3.693643
6 20 2.458405
0 3 9.045198
4 0 3.136236
4 20 12.953819
1 18 3.639554
3 11 6.705581
4 19 7.089327
5 0 7.029670
0 22 9.040318
2 21 12.912303
6 1 10.619430
0 23 5.993283
6 18 2.688064
4 5 5.394819
3 6 6.873004
4 5 5.686298
5 10 3.924637
2 6 19.216530
2 11 7.484823
3 6 8.204125
3 7 9.414832
4 23 1.754679
5 16 7.175864
6 11 5.869207
3 18 2.440570
4 6 6.691185
4 15 4.932435
5 20 4.512594
2 7 5.058427
2 23 7.421133
5 1 15.319970
5 2 7.425268
1 21 16.896547
2 20 5.419744
1 15 6.024290
1 18 14.318754
2 0 4.305519
4 20 7.105713
6 0 8.002607
0 14 5.869207
1 11 4.975502
1 18 15.605886
1 20 4.975502
1 21 5.385344
4 13 2.218700
5 20 4.114730
0 4 2.478440
2 9 7.005848
2 12 4.077238
2 23 12.968272
0 4 8.299976
1 6 4.696929
1 12 3.935888
1 13 2.440570
4 22 4.232271
6 12 2.400560
1 7 5.857368
1 8 1.564440
0 3 5.058427
0 7 10.115889
0 13 2.576313
1 21 4.975502
5 7 4.101026
2 21 6.920019
5 19 2.331137
4 19 3.592048
4 20 7.237709
2 15 34.417667
3 20 3.097155
0 7 9.022855
0 17 1.588508
0 8 3.371470
5 14 6.188251
5 17 2.518366
6 14 6.144161
4 20 4.130120
4 23 6.795284
5 12 3.763483
6 21 4.252221
2 19 3.549237
5 4 9.649002
6 11 2.796552
6 14 3.181934
2 15 4.975502
4 18 3.728736
4 20 1.978840
1 2 4.466058
2 21 6.193993
4 7 5.058427
6 9 5.507354
6 16 5.660171
1 0 9.908517
1 7 8.671590
1 21 3.401019
1 11 3.974325
1 15 6.616760
4 12 5.698209
0 0 4.338409
0 20 5.484342
1 18 3.475537
1 18 2.447626
3 0 4.420372
3 13 4.975502
5 14 1.825270
5 20 5.484342
6 1 9.080575
1 9 7.288612
1 19 4.547517
1 22 8.904766
1 22 5.510468
2 23 2.926420
4 11 3.315279
4 23 5.162650
5 15 3.952370
6 2 7.387022
6 4 1.720883
6 7 11.453451
0 23 6.939909
2 9 6.573176
4 11 4.215356
5 4 3.178988
6 11 8.479874
0 23 2.381350
2 0 11.334179
2 22 4.277528
0 9 4.583218
1 0 9.892080
3 12 4.742276
2 15 6.418068
0 16 3.108074
2 12 1.907393
2 18 3.260930
3 14 11.177792
3 14 1.750051
2 14 4.117503
2 14 5.395885
0 20 4.330478
3 11 6.802705
3 19 2.440570
3 22 6.854353
4 11 3.683644
5 0 1.493206
5 20 10.658524
6 15 5.591629
5 12 5.023354
6 4 6.090428
3 20 4.866336
