3 21 14.511128
4 0 14.310549
4 17 11.169034
0 2 12.850713
3 21 12.008901
0 21 8.128265
6 10 11.901429
6 13 7.167279
6 16 11.468065
0 6 9.989049
0 6 11.169034
0 21 9.618447
0 23 10.551299
6 12 6.962759
6 23 13.583982
0 1 11.714855
0 22 5.579867
2 16 14.166433
3 20 9.935228
3 20 9.681373
4 13 7.363657
4 19 9.835958
5 12 11.375038
6 9 9.897098
0 12 11.148303
2 5 6.290314
5 19 6.927396
6 1 9.236809
6 2 13.530735
0 20 7.195601
1 21 13.579266
2 18 2.707750
3 19 3.406870
4 14 7.062804
5 20 6.838588
6 19 8.899887
3 19 7.280502
4 20 8.512762
0 2 5.765863
0 9 7.320252
5 6 9.934695
5 10 9.077326
6 1 12.228480
6 22 4.365553
0 2 9.146228
1 2 6.462517
1 11 9.672025
2 19 5.353980
3 12 15.031349
3 22 8.305030
6 19 13.006353
6 20 7.656087
0 23 15.547638
1 19 7.167279
2 0 20.314886
4 13 7.504350
5 11 7.986961
0 6 11.653034
0 8 4.729349
6 12 10.492851
0 0 12.059961
1 8 2.133929
1 8 6.331269
3 8 7.833292
3 13 4.795103
4 10 10.561678
5 13 9.003318
5 20 4.760835
5 21 6.615950
6 0 6.838588
0 13 9.093412
0 14 13.199767
5 23 15.801328
6 8 11.392613
6 18 11.315820
0 12 7.991876
0 13 2.255490
2 15 9.119226
6 2 16.981472
6 11 9.460768
0 23 10.637353
5 19 12.794077
6 23 12.427204
0 0 13.199767
0 2 8.529679
0 2 10.948521
3 18 5.675219
4 1 15.168610
4 17 9.472135
5 10 14.537716
5 21 12.059961
6 21 4.387159
2 12 15.434726
3 10 10.492851
5 21 6.936077
5 22 7.813925
1 0 2.820931
1 6 9.603539
2 10 11.288877
3 2 13.945554
4 14 7.387338
2 8 7.646118
5 21 9.273030
6 0 12.568276
6 0 16.206697
0 14 14.449762
0 0 7.963644
0 16 4.073052
3 0 21.695013
3 0 9.610362
3 1 4.729349
5 3 14.537716
5 4 12.041469
5 20 22.801226
5 21 12.545800
6 0 6.904762
3 22 13.329990
6 19 7.978352
0 0 12.517020
0 2 11.336706
4 23 13.901563
5 1 13.817178
5 20 10.079970
5 20 5.244350
6 8 7.302221
6 9 8.078146
6 4 9.446104
2 23 14.519744
4 22 6.075274
5 19 8.550535
6 20 5.682935
0 21 7.553450
1 1 11.456594
1 1 9.478511
1 4 12.235228
1 4 9.603539
1 13 12.460899
1 15 8.881492
1 21 14.429957
2 10 11.315820
4 6 7.833292
4 20 14.473835
0 19 14.502283
0 20 10.492078
1 8 6.236110
2 12 11.343550
3 16 3.590259
3 18 4.172955
4 0 11.169034
6 0 15.437089
1 16 11.298282
1 22 15.052173
1 22 9.835958
6 10 7.544504
6 21 9.763352
0 1 14.235043
1 16 8.613535
1 21 9.835958
1 21 5.890914
2 13 9.603539
4 10 4.729349
5 19 14.235043
6 10 7.428121
6 23 6.503177
2 21 14.188749
6 22 4.683409
3 13 5.322335
3 14 8.303097
3 16 11.122934
4 7 12.219158
4 12 18.322414
4 18 10.670599
4 21 13.935379
5 7 15.732430
5 10 11.606429
5 22 14.662990
5 22 12.059961
2 17 7.693411
2 20 13.229242
3 22 10.882580
4 9 11.294056
5 7 13.166845
5 21 14.784118
0 0 19.289597
0 2 10.471179
0 9 10.914481
0 19 6.604830
0 23 12.575413
1 1 6.491754
1 8 23.353838
6 20 9.093412
6 22 10.624825
3 1 8.166502
6 4 4.752755
0 21 4.809508
2 2 6.656150
3 23 14.188190
5 18 9.912578
6 0 4.752755
1 0 11.263637
1 15 11.470526
1 22 8.792749
2 22 9.211452
4 20 8.760139
4 22 15.168610
5 8 12.456692
5 18 8.913684
5 19 8.432093
6 0 3.634085
6 20 8.504057
0 3 18.123280
0 22 11.523606
1 0 12.235228
1 1 11.524247
3 19 9.574022
5 0 10.991285
5 22 9.942939
6 0 8.772021
6 0 3.287982
6 3 7.118712
6 9 13.604307
6 16 7.175777
0 3 19.802937
2 9 6.214980
4 23 7.387338
4 23 10.051274
5 18 8.534140
6 20 9.795938
6 21 10.056352
6 21 9.679829
1 16 12.041469
0 2 9.835958
4 0 2.818270
1 20 7.843853
1 21 8.037568
1 22 4.809508
1 22 6.944301
3 19 7.428121
4 11 11.038280
6 0 35.645664
6 15 4.320686
0 9 15.076196
3 2 12.105912
5 6 9.550376
5 11 12.015428
6 3 12.041469
6 23 8.490736
6 15 6.154729
0 11 13.379409
0 15 9.854118
3 15 9.610362
5 20 10.476588
0 10 7.058142
0 19 4.061625
2 8 8.046439
2 19 5.154980
6 0 11.288877
2 22 12.099787
3 11 9.618447
3 14 15.294034
6 23 7.383649
0 2 12.060709
0 14 6.515708
4 19 10.480589
5 9 9.618447
5 19 9.782154
0 1 15.434115
1 11 12.041469
1 21 14.188749
5 20 2.124542
5 21 4.455708
6 2 12.216787
6 15 7.180517
6 20 2.510823
5 19 14.235043
1 9 5.819700
3 20 7.414427
0 3 3.226480
1 19 16.269371
2 19 12.059961
2 23 9.064763
1 0 5.037705
3 8 6.122780
4 21 14.273241
6 3 15.304372
6 13 4.663866
0 17 9.610362
2 15 14.838562
3 1 7.309592
4 20 13.535067
5 22 2.655678
6 0 6.761030
6 21 8.010463
1 22 11.948808
0 15 13.629108
1 22 13.006353
3 7 5.159290
3 12 12.061529
6 13 7.025383
6 16 4.752755
6 20 7.356735
6 22 10.487338
0 8 13.497255
0 15 13.615829
0 19 15.942346
0 23 7.062804
3 12 11.823958
5 11 4.871663
6 1 7.718380
6 14 9.513467
0 21 10.796864
0 11 9.618447
5 18 10.476588
5 21 11.901429
5 23 20.692215
6 20 14.473835
6 22 7.167279
0 2 11.879404
0 13 9.513467
0 15 7.963431
2 23 14.655060
5 10 6.315032
6 0 6.535383
6 11 12.041469
6 22 1.423135
6 22 34.523811
0 11 7.309592
3 1 12.935243
3 18 2.605571
3 23 4.787049
6 23 7.344931
0 0 6.832236
1 1 12.808201
6 13 7.755020
6 20 10.602344
0 21 4.816414
0 22 12.866697
1 18 12.304868
4 11 8.027871
4 20 6.154778
4 22 3.637961
5 8 5.650724
6 5 13.820123
0 18 7.417344
0 19 12.235228
5 20 7.049783
0 0 9.835958
0 15 11.523606
0 18 10.655834
1 10 7.823580
1 12 7.030807
1 16 9.610362
2 23 8.852225
4 18 8.279743
5 23 7.181349
0 19 9.293748
0 23 10.345685
1 20 14.724174
1 20 2.202815
1 20 5.270459
2 20 9.925845
3 20 6.239806
4 4 12.240218
4 21 12.615685
1 11 6.965043
1 23 13.329990
4 1 8.431835
5 20 11.026583
5 21 9.324546
6 3 15.672151
6 10 5.305948
0 20 7.345841
1 2 11.351055
1 4 12.539986
2 20 4.935168
4 3 17.951389
6 1 10.423599
6 15 6.515708
0 1 17.100920
0 8 6.204989
0 10 6.056856
1 21 9.622063
2 18 8.610932
4 20 9.574310
5 16 9.446104
5 17 17.736183
6 20 4.765469
0 12 5.287062
2 12 8.135261
3 11 12.235228
3 17 10.551299
5 8 10.012435
5 15 7.802592
6 12 5.872909
6 21 14.662990
0 14 5.629595
0 16 6.182734
2 14 8.490399
3 20 3.265123
6 10 6.615950
0 17 10.116170
0 18 5.519998
2 15 9.513467
2 15 9.446104
2 19 4.752755
2 22 15.576124
6 19 12.235228
0 0 15.547638
0 20 13.444207
1 20 12.235228
0 18 11.863799
2 20 12.420400
3 20 9.897098
5 19 5.181166
6 21 13.006353
6 22 13.905044
0 1 8.952083
6 3 9.907025
6 16 7.175777
6 19 6.811080
0 0 4.872443
0 21 14.662990
0 22 9.603539
2 19 8.599520
2 23 14.018820
3 11 13.594697
6 22 6.243050
6 23 12.157133
2 20 10.630567
5 19 5.002900
6 4 13.558767
0 0 5.505694
0 12 8.877704
3 2 13.794809
4 11 4.073790
0 1 14.394385
0 1 14.451504
0 2 4.738729
1 9 7.207685
1 9 4.731456
2 5 15.830322
2 15 5.853033
3 5 7.180517
4 21 11.169034
1 13 8.928022
1 14 10.628162
3 18 4.053728
6 0 8.025368
6 2 8.363867
0 6 12.099787
6 22 6.154778
0 22 12.442604
2 1 17.112764
2 20 14.537716
4 17 9.513467
5 15 9.452815
5 19 15.124733
4 17 12.736617
4 21 12.793135
5 19 8.985858
5 22 12.235228
6 7 4.791799
0 14 6.756213
0 16 7.049783
4 2 12.235228
5 1 10.704177
6 0 12.301332
6 0 10.234344
0 16 10.476588
4 20 9.127680
5 1 11.536566
5 6 9.570741
6 18 12.059961
0 16 12.099787
0 21 11.905109
1 8 12.005865
4 23 11.468485
4 23 10.098210
5 9 4.073790
0 16 9.603539
3 20 14.824925
6 4 14.945575
0 22 17.100920
0 13 9.603539
1 20 12.475821
1 23 7.180517
4 21 12.235228
6 3 14.342901
6 11 7.094024
1 19 9.982475
2 22 17.100920
3 2 9.359710
4 19 12.460870
6 21 6.993915
0 10 8.936436
0 13 7.324449
3 18 7.311931
3 22 9.003318
6 20 9.446104
0 17 13.842759
1 11 8.237453
2 2 14.584988
2 2 15.676640
4 15 5.744414
4 20 9.017294
5 8 12.019754
6 1 11.353959
6 16 5.758100
2 23 5.791040
2 23 10.324942
4 19 6.795135
5 19 10.624825
6 12 3.960969
6 21 6.972332
6 21 9.748388
4 10 6.418459
5 13 8.279743
5 19 8.616620
0 7 9.715199
0 17 12.041469
1 22 10.637491
2 18 8.387215
0 1 9.146228
0 1 6.749578
2 13 11.542136
3 11 6.802649
3 12 12.220083
3 18 4.729349
4 15 12.365468
0 3 8.482947
0 19 9.603539
3 18 4.172955
6 21 9.433777
0 2 13.746552
0 3 9.446104
0 14 9.460768
1 17 9.041843
3 22 6.752225
4 21 13.746552
0 10 9.211452
4 20 16.981472
5 6 6.140684
0 11 11.652597
2 19 2.453213
2 23 4.526433
4 20 9.384835
4 22 6.897088
5 16 3.835224
5 21 6.254048
5 22 3.283378
5 22 7.175777
6 0 13.537979
6 2 9.513467
6 20 12.248255
0 0 7.175777
0 9 4.892430
0 13 7.062804
3 14 9.773250
5 17 12.657132
6 13 10.871931
6 22 4.725037
1 12 9.452815
1 21 12.041469
2 17 10.835629
1 14 5.965400
1 19 9.446104
2 17 11.594420
4 17 13.894002
5 17 13.964751
5 18 6.356167
6 20 5.353980
0 1 7.611433
0 12 4.863095
6 5 9.781471
6 17 12.197455
1 13 12.804719
2 10 4.365553
3 4 15.434115
3 20 7.058142
5 20 15.294034
5 20 13.109172
6 21 7.175211
2 20 8.886661
2 22 13.216105
3 21 13.858112
4 4 17.100920
4 15 9.900213
4 20 13.370354
5 19 12.735599
5 21 13.042914
6 10 8.755254
6 10 9.410089
6 13 6.150666
0 9 7.175777
2 13 13.209791
3 14 14.449159
4 11 6.118414
5 20 9.293748
6 11 13.433686
6 19 7.688333
6 5 18.721197
6 22 6.356574
0 0 7.050018
0 21 10.477053
1 22 5.690888
1 22 9.796493
6 0 9.262717
6 5 7.324449
0 1 14.299393
0 2 13.370354
0 17 11.750348
2 20 6.006476
3 19 7.879706
5 19 6.936077
6 0 7.755020
6 1 15.607624
6 15 5.740622
6 20 7.818850
0 15 2.751571
0 15 7.233829
4 19 10.321259
4 20 7.786653
6 1 11.542136
6 10 16.708845
0 13 6.394959
0 16 9.672025
0 20 6.956634
1 10 4.752755
3 22 10.296816
4 17 4.651819
1 20 21.458033
4 19 9.672025
5 20 15.576124
6 1 2.443901
6 9 15.107750
1 13 5.902677
6 1 6.005460
6 10 9.460768
6 12 10.551299
0 13 6.800852
0 22 16.934149
1 5 13.209791
1 6 14.157133
2 19 7.180517
2 21 8.784303
3 21 7.175777
5 23 12.797546
6 0 11.298282
6 1 13.487349
6 22 7.084116
3 21 10.011731
5 1 7.062804
5 17 10.476588
6 0 5.361607
6 19 10.124681
6 23 5.847673
0 10 7.194481
0 11 9.618447
2 9 6.011985
3 0 9.752673
6 4 14.440511
0 0 10.045027
0 14 8.145779
1 16 11.307684
2 0 9.211452
4 20 11.169034
5 10 4.320686
6 18 14.449762
6 22 8.864805
0 22 10.371245
2 7 12.156999
2 7 4.931973
3 18 8.928022
4 11 5.385388
4 18 7.180517
1 19 6.715873
1 21 11.336706
1 22 13.594697
2 17 7.737619
3 0 12.099787
1 17 8.913684
1 21 2.263856
1 21 4.433765
0 0 9.710373
0 2 13.006353
0 3 12.351144
4 21 9.603539
1 22 7.342452
4 14 9.766311
0 0 7.350283
0 2 11.823958
0 9 13.136147
6 15 4.455708
6 15 17.707005
6 17 6.243928
1 1 17.100920
1 2 8.730490
1 2 14.440511
1 3 14.537716
1 3 13.857467
1 4 6.462517
1 23 9.934695
1 1 13.964751
1 22 8.994435
1 23 12.099787
2 3 14.511128
5 23 8.792470
0 17 14.662990
1 7 10.321259
1 17 7.288758
4 10 4.752755
4 22 15.397720
5 3 14.188190
0 3 19.001022
6 7 8.878567
2 0 12.793135
2 19 4.674841
3 4 12.456692
4 6 11.709471
6 4 17.100920
6 6 13.820123
6 15 14.068757
6 16 5.608546
6 22 9.692437
0 0 9.993766
0 19 7.423218
2 7 11.478303
2 10 7.062804
3 21 11.901429
6 8 15.706263
6 12 7.167279
6 14 8.786666
6 22 4.871663
5 16 9.513467
5 20 9.672025
6 0 14.662990
0 17 8.210092
0 6 11.346658
0 7 9.460768
0 8 13.006353
5 4 13.073956
5 4 13.813893
6 23 10.005543
0 12 6.586023
0 20 12.657132
2 12 5.394841
2 12 8.375333
2 14 6.895501
4 20 6.948887
4 22 16.092878
4 22 7.973086
5 4 21.541712
6 22 10.687163
6 23 6.838588
4 19 8.231605
4 21 15.859326
5 18 5.586634
5 19 4.942951
6 20 12.848690
0 19 14.662990
0 0 7.950500
1 20 12.235228
2 13 10.474731
3 8 17.230162
4 13 4.729349
6 6 16.143051
6 7 12.220083
0 16 9.617918
1 2 10.090767
1 15 10.296816
1 20 14.769219
3 1 11.223114
3 2 10.011731
5 10 6.067347
5 13 4.706167
0 9 8.878567
0 16 9.897098
1 20 9.672025
1 20 7.900664
1 21 9.610362
5 9 6.628170
6 0 7.113241
6 12 13.652786
6 14 9.014284
0 20 11.730392
0 22 15.294034
0 6 17.233240
0 9 14.018820
0 12 5.002900
1 16 9.672025
5 17 9.460768
5 18 7.898928
6 2 14.959492
6 17 9.964115
0 16 11.336706
0 18 5.009663
1 11 7.301425
3 8 10.649095
3 14 9.952252
5 3 9.603539
5 20 12.804719
0 7 10.124696
0 9 12.235228
2 0 13.724473
2 8 9.812461
2 18 2.221728
4 4 7.521441
6 7 12.993237
0 7 15.621986
6 17 7.167279
5 9 4.729349
6 1 14.555547
6 19 9.610362
0 2 14.203781
3 22 9.610362
4 22 14.061584
4 22 12.041469
4 23 15.471976
5 20 7.175777
6 19 8.366202
6 21 15.343916
6 23 6.995267
0 2 9.717983
0 5 9.765474
0 17 12.099787
1 14 6.375134
2 10 8.867530
3 1 16.172646
3 22 13.131035
4 2 9.782154
4 8 7.180517
5 17 17.250576
5 20 7.256439
0 2 11.670930
1 1 13.006353
1 12 9.618447
3 11 13.366120
3 18 1.917989
3 21 6.685362
5 1 10.503587
5 10 7.428121
5 12 7.049783
6 0 4.717736
6 11 5.242015
6 14 11.542136
0 0 6.866219
1 19 8.990758
2 12 8.783520
2 22 6.483804
2 22 4.646169
3 1 20.546343
4 20 12.772964
5 1 13.535067
5 8 7.302221
5 19 8.962805
5 20 5.061871
6 1 15.044975
6 11 9.618447
0 1 9.146228
1 23 7.167279
2 20 9.446104
5 3 10.508074
6 4 14.554970
0 20 8.432093
2 16 14.117570
4 17 11.606429
5 19 7.741466
5 20 4.651819
5 21 4.910634
5 23 7.049783
6 15 9.618447
0 1 11.264283
0 14 6.154729
1 15 11.088879
3 16 1.966657
6 9 12.099787
6 21 6.065393
0 0 8.962805
0 0 11.692766
0 15 5.791323
0 22 10.335014
3 21 12.304868
4 13 11.378853
6 21 6.168716
0 0 11.862257
0 1 14.805259
1 15 10.949462
3 21 15.674583
4 15 5.184824
6 14 9.952252
6 20 6.838588
0 0 5.563941
0 4 4.651819
6 22 9.460768
6 23 16.894192
0 1 9.792605
0 16 8.442091
0 19 9.460768
1 10 4.892430
2 1 9.950117
2 18 2.327923
2 18 2.924140
4 19 8.275441
5 10 6.713143
6 23 13.964751
1 1 17.100920
1 8 13.842759
1 9 8.069605
1 18 6.331568
4 23 14.417996
6 15 5.876025
0 19 6.631752
1 1 21.196796
1 12 17.595587
1 21 10.649868
2 6 14.451504
2 18 9.672025
6 20 9.766311
0 0 15.995988
1 0 6.982376
6 14 8.128265
4 0 32.812794
5 22 11.617056
0 8 6.310863
3 3 14.484550
4 0 17.924704
0 3 9.382962
0 3 7.659775
1 19 12.993237
6 16 7.167279
1 17 12.241912
2 14 6.348238
6 21 13.347521
1 1 12.099787
3 10 8.173542
6 6 10.106525
3 18 4.603175
3 20 7.130947
4 10 6.944301
4 23 3.652336
1 20 2.061123
6 22 11.889379
0 1 18.322502
0 1 9.743972
0 2 6.348238
0 4 9.672025
3 13 8.124945
4 14 8.312414
4 20 10.963601
5 21 11.777690
6 5 9.513467
6 11 8.913684
0 7 15.434726
0 10 7.062804
0 10 10.211562
5 22 15.434115
5 19 10.624825
6 21 12.245561
6 20 8.374062
6 20 9.085234
0 14 14.981911
2 19 12.379704
3 11 14.292102
5 18 8.410456
6 23 15.710345
5 21 3.446648
0 1 6.511604
0 2 13.419430
2 20 9.603539
4 0 3.068783
4 16 8.489223
5 19 4.671699
6 15 5.819700
0 0 7.039840
0 1 4.952320
1 18 8.173542
3 13 12.099787
6 0 18.322414
2 19 10.840802
5 11 12.923067
6 17 11.840543
6 19 12.586794
6 21 5.456942
1 7 7.694757
1 10 9.788182
2 15 12.793135
2 20 7.720688
2 22 9.452815
6 19 4.733670
0 23 12.500983
1 11 7.596260
6 14 1.006671
0 16 4.651819
2 10 14.378320
2 22 13.820123
3 7 8.753987
0 21 7.175777
1 17 14.292102
5 16 9.440550
6 20 4.576789
0 0 7.309592
2 14 6.948887
5 0 9.784861
5 13 11.862257
5 20 12.235228
6 0 9.160566
6 18 12.793135
6 19 5.995944
0 1 17.221169
0 1 9.266915
1 2 14.511128
1 20 12.235228
1 23 12.793135
3 21 7.831706
4 21 13.629108
5 22 7.164463
6 2 7.175777
6 21 8.902369
3 11 14.511128
3 19 8.469155
3 21 9.320302
6 14 12.005865
6 15 10.289506
1 0 9.621791
1 17 13.915339
1 19 7.907808
4 19 8.432093
5 21 11.862257
6 19 7.974100
1 3 14.422612
1 14 10.946790
6 9 16.427692
6 18 6.840087
0 6 7.414427
5 11 6.615950
6 21 7.603343
3 9 6.628170
6 17 2.380953
0 0 8.432093
0 2 13.938489
0 2 8.877704
0 19 11.336706
3 23 12.683858
6 16 6.476526
6 19 12.803937
1 10 5.889481
4 19 6.615950
5 15 5.381833
6 0 3.821452
0 20 12.061529
2 6 9.300350
6 6 12.041469
6 21 9.911043
0 2 11.169034
0 21 5.298263
3 19 4.978262
6 8 7.175777
6 21 7.833292
0 1 15.609904
0 1 13.006353
0 19 17.595587
2 1 12.179965
3 0 11.565370
3 3 9.672025
3 11 4.752755
6 1 5.789506
6 23 14.688910
0 8 17.855106
1 4 19.040159
6 0 13.131035
6 1 13.654562
6 10 14.166433
6 21 19.359531
6 23 8.578582
0 0 2.227343
0 23 6.068043
1 0 17.488085
2 3 7.320949
2 10 7.693411
6 10 12.059961
6 16 13.016505
0 15 5.247033
0 18 7.978352
1 19 2.655678
4 0 14.725348
4 9 20.768166
6 10 15.619439
0 16 3.655966
0 22 17.917231
2 6 7.679227
2 21 9.967625
4 5 18.156504
6 18 1.755252
0 0 27.771389
0 2 16.463209
0 7 13.006353
0 22 12.059961
2 8 13.158032
2 9 8.279743
3 21 8.341912
4 23 16.055290
5 11 18.655548
5 12 9.618447
5 18 8.867530
5 18 8.479795
6 20 13.131035
0 7 9.408960
0 15 10.339629
0 18 7.899293
4 18 10.432230
5 10 9.794128
5 22 5.408886
5 5 8.753987
0 7 12.898225
0 17 5.753969
1 21 7.553450
5 7 18.328737
5 23 7.479043
5 23 17.801285
6 16 5.067160
6 19 9.446104
6 20 12.245561
6 20 7.195601
0 1 10.628162
6 12 6.331568
2 18 4.833311
4 12 11.652597
6 6 9.460768
6 6 3.652336
6 7 10.561678
6 11 4.508828
6 12 7.587589
3 16 12.034650
0 3 12.099787
2 15 8.368654
2 17 10.492851
4 22 9.610362
6 8 11.322678
6 13 12.445923
1 10 13.594697
4 20 7.828121
6 8 4.132831
6 18 6.462517
6 20 7.786653
0 0 2.709971
0 22 8.442091
3 16 17.485954
3 20 11.674219
4 9 7.297400
4 19 10.551299
4 21 9.603539
6 15 5.872909
6 23 16.981472
0 1 14.394385
0 7 7.375936
0 18 12.793135
0 22 16.255976
6 23 12.205461
0 7 11.112663
0 15 4.651819
0 18 7.553450
1 0 14.100424
6 23 5.453557
0 4 10.005543
1 2 14.685266
6 5 9.617918
6 12 8.359434
6 23 11.844068
0 0 4.387159
0 0 8.560002
1 13 8.524321
5 2 9.909123
5 19 7.953916
1 3 11.400403
1 15 8.269938
6 19 5.519829
0 10 15.271618
2 13 4.752755
3 17 4.183189
5 6 6.628170
5 6 6.944301
5 7 8.356579
5 12 4.387159
5 20 14.190035
6 2 4.797319
6 19 6.899675
6 10 7.167279
6 20 9.525118
0 2 9.446104
0 14 8.748932
0 18 10.257881
0 21 7.297400
2 17 7.167279
3 11 4.674841
4 12 12.041469
4 14 9.460768
5 17 9.160566
5 19 12.059961
5 22 14.077382
6 9 9.672025
6 17 5.234481
6 20 7.767549
0 12 9.618447
1 1 12.099787
1 1 12.099787
1 8 7.062804
1 9 14.422612
6 10 7.175777
0 15 11.150859
2 0 12.793135
2 21 13.842759
2 23 17.100920
3 10 14.043028
3 12 13.006353
6 17 9.934695
6 18 6.496554
6 19 9.446104
6 20 13.594697
0 17 12.059961
4 3 9.672025
5 17 6.397745
6 7 12.783669
6 14 11.840543
6 23 15.926147
0 21 14.662990
4 3 16.396156
5 21 9.618447
6 0 1.982559
6 1 17.391233
6 3 11.754879
0 9 4.132831
0 10 6.838588
0 11 14.449762
0 13 8.410456
5 19 6.944301
6 2 9.829595
6 18 6.936077
6 20 11.843295
0 0 3.210893
6 10 10.099012
6 13 11.470526
6 16 11.524247
0 3 9.017294
0 21 4.651819
1 14 14.537716
1 21 10.999805
2 23 6.575964
3 0 14.330296
4 1 12.034650
4 20 20.974676
6 10 12.844498
6 13 11.115202
0 22 13.347521
1 22 12.762358
2 9 12.278869
2 12 7.644103
6 17 4.729349
6 18 3.996633
6 20 4.387159
0 22 9.040318
6 1 5.819700
6 20 12.442604
0 14 7.693411
0 23 8.279743
1 2 16.755043
6 4 9.125905
0 5 14.292102
0 16 6.789650
1 6 11.801538
1 7 8.864805
2 5 10.225172
3 5 12.235228
3 6 13.101166
4 5 12.235228
4 23 12.193457
3 5 12.059961
3 6 12.803937
3 6 12.235228
4 5 8.903529
4 5 9.009714
5 6 10.698133
5 6 12.059961
5 10 9.618447
1 5 15.271618
2 5 9.460768
2 5 4.315476
2 6 13.401699
2 11 7.180517
3 5 12.193155
3 6 13.876220
3 7 13.822428
3 7 5.025198
0 20 10.130281
6 12 4.112478
6 23 8.447667
0 2 12.059961
0 23 9.009714
1 16 11.115202
1 20 5.033350
4 16 9.618447
0 16 4.651819
1 20 11.672448
2 3 9.072855
2 22 12.675230
4 17 4.954233
6 16 12.005865
6 19 13.347521
6 20 6.665650
0 16 4.752755
2 20 10.657014
3 0 12.099787
4 8 7.180517
5 22 5.983295
1 9 7.519508
1 21 17.736183
2 1 18.322414
2 1 14.203781
2 2 14.089249
2 7 10.331214
3 7 7.402672
3 10 16.772516
5 1 7.175777
5 1 4.816948
5 2 16.220846
5 23 4.454685
2 20 12.898225
3 19 6.199246
3 21 13.964751
5 12 2.061123
5 20 13.150830
5 20 14.017306
1 22 9.369107
2 0 9.205396
2 18 12.235228
3 15 9.293748
4 17 9.446104
4 19 9.672025
5 10 4.279802
6 0 13.147586
0 13 9.816500
0 13 8.792749
0 18 10.005543
1 11 13.964751
1 16 3.732304
1 18 9.360023
1 20 10.476588
3 18 4.235238
5 10 6.599092
5 20 7.529275
6 1 11.468065
2 20 13.615829
4 3 14.530304
4 22 6.825980
5 19 6.719324
6 15 12.879187
6 23 7.140883
0 2 10.108989
0 14 12.235228
1 9 6.719324
0 16 12.460899
2 9 7.534180
6 20 10.946790
4 19 10.362884
6 0 9.182806
0 1 9.017294
1 19 10.079970
2 12 9.603539
2 23 3.122823
2 23 5.029749
3 0 7.378895
4 16 9.672025
5 1 13.851201
5 2 15.437089
6 5 12.061529
6 6 11.901429
6 8 9.513467
6 18 5.184824
0 0 10.005543
0 2 13.474449
1 16 9.830564
1 17 8.862303
6 13 4.729349
6 17 11.434678
4 0 12.099787
4 20 12.235228
6 22 19.657309
6 23 15.785464
0 11 14.422612
0 16 4.979682
0 16 11.862257
1 10 7.062804
6 13 6.462517
6 13 10.083156
6 19 9.428405
0 3 13.832953
0 7 8.306750
1 21 9.460768
4 8 9.556372
4 14 12.365468
6 5 10.492851
0 12 11.777690
2 0 13.006353
4 8 5.441619
5 20 9.603539
6 5 12.041469
6 11 5.826354
0 3 15.785464
0 11 9.672025
5 20 8.878567
5 22 9.672025
6 5 12.005371
6 23 7.691135
0 16 7.653280
6 21 9.460768
6 23 7.291708
6 2 16.257942
0 22 7.175777
2 14 15.124733
3 20 13.842759
6 18 7.783501
6 20 13.035550
6 20 7.635809
5 13 9.672025
5 21 12.265963
0 0 12.235228
4 23 9.603539
4 23 10.284361
5 22 4.053728
6 7 11.925444
1 17 8.283645
6 1 4.250185
0 13 11.294056
4 19 12.235228
5 9 8.600735
6 11 13.136147
6 13 7.076226
6 14 4.752755
4 6 10.800949
4 9 7.688333
4 19 13.199767
5 5 9.513467
5 10 11.532434
6 2 4.791799
1 2 11.844068
2 21 8.913684
3 2 14.493339
4 21 6.924125
6 16 16.549276
1 0 2.301587
1 0 7.973086
1 20 14.422612
6 20 8.248050
3 0 13.008416
3 7 9.610362
4 0 11.030911
6 0 12.165833
6 17 12.235228
0 2 5.002900
0 18 9.950117
1 18 7.130947
1 18 19.691607
2 9 6.615950
3 13 9.618447
4 15 2.482949
4 23 15.600469
5 20 9.020308
6 0 10.726553
6 1 9.063131
0 2 3.887136
3 12 12.034650
4 4 13.226800
4 11 17.662922
4 14 4.916643
5 18 5.541398
5 20 8.121432
6 4 9.618447
6 23 4.918847
2 23 16.656540
0 2 12.059961
0 23 14.449762
1 6 16.656540
5 4 15.596052
5 11 12.231973
5 15 10.678180
5 18 9.446104
5 19 14.692641
6 2 7.776659
6 22 12.061529
0 0 9.460768
0 5 9.146228
3 14 5.835465
0 1 16.178715
0 8 12.220083
0 11 15.659947
6 6 16.536552
6 11 11.266701
6 11 4.256199
6 14 7.428121
2 0 42.752300
1 22 12.836148
2 0 18.322502
2 21 7.676219
3 12 15.039016
3 21 7.021514
4 17 4.175711
6 14 8.871103
1 20 14.246876
2 7 5.981852
2 11 8.726269
2 16 10.598452
2 17 6.885921
6 4 14.031014
6 9 9.321550
6 9 10.746694
6 18 7.208785
6 18 5.294558
0 1 13.746552
0 22 10.509665
1 9 5.432241
6 21 13.677648
0 18 12.059961
0 19 20.166311
0 21 6.120859
0 22 10.678180
1 13 11.169537
2 12 9.897098
2 18 10.305479
2 20 6.855651
0 13 6.030237
0 19 9.610362
2 13 11.787337
2 17 6.924125
2 18 1.972789
2 20 9.728651
5 2 14.100567
5 3 15.706263
0 13 8.928022
3 17 6.150666
5 0 14.682273
1 2 14.662990
1 1 11.118357
1 2 10.927408
1 7 15.710345
1 22 14.346703
2 10 5.788781
2 19 14.394385
2 21 11.263637
5 1 21.222418
5 22 14.537716
0 21 8.550460
1 0 13.042914
5 12 5.965400
5 19 9.915869
5 22 10.289506
6 3 8.610932
2 16 13.006353
2 19 9.672025
2 22 15.181097
3 20 10.285020
0 9 17.100920
