6 17 8.397592
1 17 5.468122
1 23 6.582969
2 20 4.878489
3 22 7.341868
5 23 4.521602
6 0 9.607098
6 13 8.867912
4 17 5.399619
5 20 11.245765
5 21 8.130962
6 0 7.734343
6 22 2.985762
6 23 4.798514
2 20 8.142583
3 14 5.822500
3 22 10.287874
3 22 9.415936
4 0 9.932762
5 12 24.394690
6 18 11.545437
6 19 7.609595
0 21 9.532785
0 23 12.873560
6 12 10.897662
6 16 6.185498
6 18 4.584187
0 0 7.221509
0 8 11.605897
0 19 6.351818
0 19 6.512830
1 7 4.108023
1 8 9.906653
1 14 8.628201
1 21 8.778771
2 0 3.121125
2 1 2.049823
2 15 14.681539
2 15 3.306627
2 21 12.461275
2 22 11.887984
2 23 18.283606
3 0 9.322838
3 1 9.795873
3 18 9.127486
3 18 5.896610
3 19 7.604434
3 21 7.536004
3 22 5.872223
5 12 5.442669
5 21 3.763650
6 1 8.310402
6 16 7.983127
1 20 10.282713
4 13 8.009311
6 20 6.565023
6 21 6.146523
6 23 6.234165
2 7 7.553026
3 0 10.396441
3 8 8.023013
3 9 5.528613
3 18 9.450027
4 12 12.671774
4 13 8.404344
4 19 9.829061
4 21 7.317866
4 22 15.144667
4 23 14.880615
5 8 7.745013
5 15 7.341868
5 23 3.472611
6 7 12.498456
6 8 3.667350
6 13 9.767216
6 15 9.601311
0 23 8.669575
6 4 9.336228
6 23 6.951390
6 23 3.043598
1 0 9.926223
1 9 7.997706
1 11 7.609595
2 0 7.441898
3 19 14.542562
3 23 10.026488
4 0 5.545238
6 1 8.487111
6 11 7.734343
6 21 8.662277
0 16 3.538671
1 0 4.453093
1 1 7.341868
1 10 8.889154
2 21 8.618132
4 19 5.652003
6 3 9.761333
6 3 10.114143
6 4 14.695208
0 15 1.314800
1 17 5.634677
4 10 12.229750
4 18 5.316616
4 20 11.444685
4 22 11.570739
5 8 11.418175
6 2 5.343712
6 15 1.066724
6 18 6.649776
0 23 7.703017
2 11 11.444685
4 15 12.465866
4 19 7.734343
4 23 14.428386
4 23 15.955755
5 10 9.763497
6 2 9.241389
6 11 5.226699
6 16 9.926223
6 19 9.416923
0 17 5.913572
0 18 7.292739
5 18 1.823755
5 20 9.446450
5 22 12.717849
5 23 6.777109
6 0 8.873939
6 23 4.010213
0 13 5.046713
0 16 8.909205
0 16 5.551021
0 20 14.370092
0 20 9.761333
0 21 8.520731
6 9 9.158381
6 10 11.727497
1 8 11.867476
1 12 16.428839
1 13 2.605125
1 13 8.266631
1 14 4.521602
2 23 12.166907
4 9 7.466307
4 13 10.172400
4 23 10.244467
5 22 9.761333
5 23 8.131113
6 18 3.612572
0 0 4.646180
0 9 6.389221
0 11 8.526008
1 22 7.999966
3 13 3.306627
3 13 9.783384
3 19 4.824967
3 21 5.822500
4 12 4.760419
5 13 8.807772
5 22 4.898402
6 0 6.649776
6 8 11.444685
6 12 9.767216
6 12 3.940917
6 13 6.433637
6 18 7.559155
0 2 18.676535
0 2 9.937949
0 17 4.898402
1 14 12.408915
2 8 7.341868
2 10 9.438741
2 14 2.379702
3 9 7.317866
4 0 9.623001
4 17 3.477659
4 20 8.009311
5 17 4.878489
6 0 7.862526
6 18 7.703017
0 10 12.166907
0 15 8.998381
1 0 7.292739
1 10 6.774591
1 10 11.527232
1 7 11.647381
1 17 12.473793
2 0 8.009311
4 12 9.443661
4 13 10.836969
4 21 9.761333
5 20 9.446450
6 3 9.443661
3 12 8.578090
3 15 7.292739
4 8 4.942744
5 11 9.137925
6 2 8.246466
6 3 2.936815
6 20 2.884245
6 22 6.400176
0 10 7.863249
1 8 8.809491
1 23 15.537522
3 8 12.186680
5 6 13.333194
5 10 14.808107
6 2 13.446949
6 21 5.324363
6 22 7.873751
0 0 2.574184
0 1 4.878489
0 14 9.601311
6 19 8.751881
4 12 7.341868
4 20 7.221509
4 23 9.908398
5 6 15.537522
6 16 8.009311
6 18 6.679640
6 20 4.437823
6 21 7.562726
4 11 12.350120
4 17 5.427358
4 18 8.873939
5 0 1.004823
5 1 12.586060
5 19 7.105033
5 22 9.699301
5 23 8.366428
6 11 3.031991
6 15 5.315582
0 1 11.677597
1 11 10.648726
1 16 17.445557
3 12 9.863420
3 18 6.672047
4 14 7.940378
4 18 7.202308
5 9 9.101364
5 12 3.839408
5 21 9.935496
0 1 8.284733
0 15 9.926223
1 2 9.767216
6 14 4.482316
6 18 11.057225
1 14 7.734343
1 14 7.317866
2 9 9.767216
2 16 7.173186
2 17 5.727049
2 19 7.341868
3 1 6.624253
3 20 8.411281
4 13 5.629128
4 14 9.091557
4 15 10.026488
5 22 8.857694
6 3 7.197902
6 11 10.650448
6 20 7.339252
0 9 10.745399
0 10 9.537194
0 17 16.635714
0 21 6.553313
0 22 4.721118
1 11 5.998044
1 21 8.157631
3 19 4.898402
4 9 7.687227
4 14 10.458570
5 23 5.248288
6 10 8.311549
6 14 11.071185
0 19 4.221846
0 21 7.189039
2 9 14.021881
2 21 12.732172
4 22 11.089744
4 23 10.572085
5 10 12.186680
5 12 6.089848
6 8 5.728837
6 4 7.536004
0 16 9.162667
0 18 9.480779
1 6 5.822500
1 17 10.112627
1 19 5.950524
2 0 16.315262
4 5 10.282713
4 7 11.986898
6 0 9.148606
6 1 2.021117
6 1 6.849999
6 16 4.740389
6 18 7.609595
6 21 9.302111
1 21 9.156765
2 16 8.266631
2 20 9.932762
2 23 9.763654
3 8 7.570207
4 17 2.045815
4 18 4.579488
4 18 28.268198
5 11 6.742168
6 0 5.767763
6 0 7.221509
6 0 7.977709
6 6 7.863249
6 18 8.157631
6 22 10.901984
0 5 10.089991
0 19 7.317866
1 0 7.466307
2 7 7.840571
2 8 7.866287
2 12 8.366857
3 7 14.387940
3 8 41.854897
3 14 7.871919
3 17 9.761333
3 21 6.499699
4 5 9.388336
4 23 2.345398
5 0 7.295984
5 1 5.574115
5 3 7.605354
5 13 13.118699
5 15 9.761333
5 21 2.458104
5 22 4.271667
6 0 8.161547
6 2 7.840571
6 19 10.917187
0 1 2.019157
0 10 12.261508
6 9 10.492956
6 11 9.968646
6 16 9.906653
6 22 6.773826
6 22 4.876440
0 4 8.793044
1 0 8.915047
2 20 9.926223
3 11 13.983643
3 20 9.761333
3 20 4.909930
4 8 9.455348
4 15 3.783116
4 22 1.823755
4 22 7.464557
5 9 10.459680
5 12 8.476999
6 21 3.592266
6 22 12.991024
0 0 5.321988
6 18 2.236862
6 20 6.876264
6 20 25.517879
6 20 5.067400
0 2 3.403184
0 19 5.137543
1 15 9.778628
1 22 8.009279
4 13 5.797974
5 18 6.184113
0 17 7.317866
1 1 8.988630
1 2 11.878362
1 9 12.271493
1 19 7.342082
1 19 5.707039
2 17 4.878489
5 19 15.308240
6 20 5.321988
0 1 6.530811
0 19 6.881043
0 22 7.897192
6 19 6.652606
0 3 6.071282
3 1 9.147167
5 8 13.666307
6 1 8.990043
2 1 7.863249
2 1 10.585879
2 21 7.197902
3 3 6.524981
3 16 9.618323
6 1 7.341868
6 1 9.932762
6 3 12.229750
6 3 7.806327
2 2 12.350120
5 1 6.241628
5 1 12.341722
5 3 12.359609
5 9 12.186680
6 1 7.292739
6 3 8.618132
6 17 9.918062
6 20 13.437923
6 23 3.361737
1 0 12.295127
1 1 9.761333
1 7 9.606022
1 8 11.418175
1 13 17.028639
3 8 12.086822
5 13 6.860500
5 23 8.424929
6 2 9.069241
6 2 11.300870
6 8 9.601311
6 14 7.081806
0 9 3.672782
0 10 7.609595
0 21 8.009311
0 22 9.156765
0 22 9.481769
1 1 11.734354
1 15 3.533525
2 20 8.461764
2 22 13.131815
4 0 4.149418
4 17 6.739927
4 21 7.605354
5 22 9.958207
6 8 9.926779
6 11 6.098222
6 19 7.341868
0 3 8.948812
2 10 9.491735
2 19 9.601311
2 19 4.141695
3 15 9.887598
3 15 10.836969
3 23 9.587085
4 20 8.154724
5 2 9.621929
5 2 4.721118
5 23 8.383907
6 11 6.969397
6 13 5.008338
1 12 5.699164
1 17 1.823755
1 21 6.652485
1 21 7.950146
1 23 9.103025
3 0 6.629798
4 2 9.761333
6 19 8.488115
0 18 7.105033
0 22 3.741111
0 22 3.992060
3 1 7.518577
4 14 7.983127
5 0 7.141619
5 2 6.883001
5 15 6.506588
5 18 1.634762
5 23 9.056989
6 13 3.748479
6 14 5.755027
6 15 9.243405
6 18 4.776917
6 20 4.963111
0 0 10.270455
0 2 9.446450
1 20 8.578090
1 21 12.553196
2 10 16.790766
2 12 5.782077
2 13 9.446450
3 22 6.777109
4 9 8.634473
5 1 10.673999
5 7 3.361737
5 8 7.486846
5 11 3.201655
5 13 6.204396
5 14 4.026084
6 18 8.431522
6 20 9.761333
0 3 14.678348
2 18 9.751462
3 9 4.740389
3 18 7.173186
3 19 4.210724
3 19 5.464501
4 21 3.667350
4 22 3.194420
4 23 6.946440
4 23 9.978909
5 14 8.088570
5 20 9.617371
6 15 2.980155
6 15 3.306627
6 21 4.818101
1 22 10.476081
2 15 3.306627
4 18 7.341868
4 23 4.766272
4 23 10.864208
5 3 8.602052
5 17 9.222957
5 20 3.538671
6 0 8.578090
0 9 7.987494
0 9 6.735249
3 11 7.341868
3 11 4.898402
3 14 7.105033
6 10 13.754402
6 12 9.601311
6 13 9.761333
6 21 3.601861
0 15 10.836969
1 11 4.210724
1 12 7.647044
6 17 9.761333
6 22 9.767216
0 0 2.936815
0 0 8.505024
0 8 10.569715
0 10 15.045800
0 18 6.435267
1 12 11.281934
1 16 3.361737
2 11 5.970094
4 13 8.866368
4 21 9.601311
5 13 5.405226
5 23 3.821206
5 23 12.495733
6 0 4.740389
6 12 9.453559
6 21 8.131113
6 22 3.103142
0 2 7.851130
1 13 4.465279
3 19 10.845924
4 11 7.840571
5 13 12.429249
5 22 4.878489
6 0 7.863249
6 12 6.682222
6 20 5.345565
6 22 7.343647
0 15 6.033534
1 22 1.789945
4 12 6.071282
4 14 7.559155
0 2 9.300383
1 11 39.068863
3 8 4.741106
5 7 4.731609
5 14 7.341868
6 4 6.312870
6 21 8.130962
0 22 7.448753
1 19 9.778628
2 18 7.825899
2 20 7.221509
2 21 8.809491
2 22 9.215959
2 23 9.463189
3 0 7.317866
3 1 7.317866
3 2 7.863249
4 21 5.067689
6 10 12.369689
6 12 8.104510
0 16 7.325412
0 16 3.174688
5 15 3.306627
6 3 7.197902
6 13 12.029262
6 13 7.953921
0 20 9.906653
0 22 6.087421
6 22 10.460997
6 22 8.856948
6 23 2.459025
1 1 6.777109
2 17 6.539106
3 14 8.089884
4 18 9.761333
0 1 7.197902
0 4 10.982664
0 4 15.790704
0 4 18.282408
1 1 7.584047
1 5 14.077369
4 1 11.110188
6 2 4.181414
6 3 6.099821
0 0 4.242165
1 2 10.672138
3 14 7.466307
3 21 12.222762
3 22 5.782414
4 12 4.798514
4 13 5.435222
4 20 4.665145
4 22 6.969397
5 2 3.418716
5 21 4.711366
1 9 6.648091
6 19 9.761333
0 0 7.341868
1 9 15.190072
2 6 4.511490
3 8 9.767216
3 20 8.830050
3 21 10.569715
4 15 11.248869
5 8 9.601311
5 13 9.341957
5 13 8.393952
5 13 8.134396
5 14 8.637492
6 7 9.761333
6 12 14.134518
6 13 7.317866
6 13 9.761333
6 15 7.341868
6 18 9.767216
0 11 7.197902
0 14 7.863249
0 18 9.761333
0 18 7.039074
0 18 3.361737
0 22 7.595036
1 0 7.221509
1 8 6.515659
2 7 14.775468
2 9 7.221509
2 14 7.341868
2 21 4.898402
2 22 10.780734
3 6 9.736272
3 7 12.186680
3 14 7.459719
3 21 15.901544
3 22 9.926223
4 6 9.312286
5 5 7.113321
5 7 8.924650
5 13 5.139672
5 13 9.601311
6 0 7.341868
6 2 9.926223
6 14 11.950628
0 3 9.761333
0 11 13.237453
0 13 7.317866
2 0 9.778628
2 8 9.761333
2 12 3.884893
2 12 10.396441
3 22 5.874880
4 10 7.734343
4 21 10.287874
4 22 9.767216
5 8 9.435899
6 8 7.221509
6 10 9.501948
6 10 8.134396
0 0 2.936815
0 0 9.101364
0 7 9.601311
0 10 7.317866
0 16 10.976800
0 16 9.906653
0 21 9.761333
6 15 4.141313
0 0 4.098375
0 15 9.932762
0 23 13.073656
1 1 6.462944
1 2 6.735249
1 15 9.512328
1 19 5.248288
1 21 6.478119
2 2 8.424910
2 13 7.339252
3 13 7.441898
3 18 4.878489
3 22 2.892271
4 8 7.221509
5 9 2.756088
5 22 3.167014
5 23 8.889154
6 9 3.672782
6 11 8.476999
6 13 8.424910
6 14 7.863249
6 14 5.953515
6 16 7.824923
0 5 10.628385
0 7 9.091557
0 14 9.446450
0 15 3.601861
0 23 4.616050
1 14 8.007722
1 15 8.505024
3 9 6.754954
3 15 8.068769
3 15 7.731840
4 8 1.662835
4 10 6.255309
4 22 6.649776
5 14 3.426885
5 16 5.405226
0 1 10.648726
1 20 5.372098
2 14 12.985867
2 22 9.163053
3 13 2.658308
3 14 5.226953
3 15 5.618105
3 16 5.420544
3 21 11.012802
4 9 7.630737
4 12 7.863249
4 22 8.539199
5 3 8.134443
1 0 5.652003
1 2 9.761333
1 2 9.767216
1 3 7.863249
1 9 4.062988
6 18 9.761333
6 22 10.101729
0 13 3.876312
1 9 9.767216
1 16 7.197902
1 21 3.418716
1 21 15.282015
3 16 3.940917
3 16 7.774097
3 17 3.612572
3 19 9.697448
3 19 5.886022
3 23 9.761333
4 14 6.738119
5 14 4.996743
6 6 5.999824
6 22 5.461030
6 22 7.996524
0 22 7.595036
4 8 6.630188
5 0 8.363124
5 8 13.870358
5 9 4.818101
5 21 2.019157
6 17 4.878489
0 13 4.981426
0 19 9.957243
1 0 5.042606
1 6 6.728030
1 9 7.292739
1 12 10.495165
2 7 18.074064
2 17 5.135252
2 18 7.341868
2 20 9.601311
3 17 4.353842
5 18 7.317866
6 23 5.727049
6 23 11.228042
0 11 8.771256
1 6 9.657459
2 14 7.788274
3 8 11.057225
3 9 8.894675
3 13 7.768827
3 13 7.221509
4 18 6.540763
5 0 4.740389
5 0 6.580673
5 1 11.269865
5 2 6.085548
5 15 9.306181
5 19 6.731141
2 12 8.776684
3 1 8.366428
3 2 7.818399
3 21 5.998044
4 2 12.490299
4 20 6.731759
4 23 8.990043
5 12 7.768827
5 14 8.471386
5 18 5.238551
5 22 7.960125
6 9 8.198037
6 22 10.845924
1 1 7.605354
1 21 6.118223
1 21 4.878489
1 22 6.777109
2 1 12.369689
4 0 2.881489
4 20 7.223680
4 20 9.500933
4 21 9.069241
4 22 7.427481
5 3 11.012997
5 19 12.461275
5 20 5.820045
5 22 6.471127
6 13 9.452145
6 20 5.046804
6 22 43.714699
0 15 4.981426
1 20 6.363362
1 19 3.507598
2 22 7.105033
2 22 3.795504
3 1 4.898402
3 14 8.990043
3 17 9.763497
4 1 7.863249
4 17 7.197902
4 21 7.736488
5 0 5.727049
5 8 8.609255
6 12 15.277618
6 21 7.488808
6 22 8.578090
6 23 2.328910
6 23 3.341111
0 14 6.207828
0 17 7.041069
1 16 6.777109
1 17 8.994055
2 13 7.341868
2 15 4.898402
3 18 5.727049
4 0 7.037997
4 16 12.559444
4 20 4.592252
5 10 5.290024
5 21 7.385867
5 21 3.477659
5 21 9.926223
6 4 7.486846
1 15 6.762484
1 23 15.863424
2 7 5.140327
2 18 8.142583
2 19 12.161429
2 23 9.778628
2 23 10.492956
3 0 4.729101
4 20 21.392792
5 20 8.284377
5 22 3.610261
6 17 6.540763
6 17 7.081806
6 19 10.156992
1 2 8.649178
6 10 11.112522
6 14 13.458077
6 18 7.221509
1 13 6.834980
1 13 5.321988
1 19 9.767216
1 19 12.553542
1 21 8.005342
3 13 9.778628
3 21 8.990043
3 22 7.863249
4 9 8.958804
4 18 4.993648
6 1 9.740953
6 1 6.682222
6 3 11.248869
6 3 9.761333
6 18 6.375607
0 3 7.863249
0 19 8.505024
0 21 6.674426
1 23 7.863249
2 20 7.317866
3 11 6.883001
5 12 8.637372
5 15 7.703017
5 22 8.701717
6 21 4.898402
6 22 4.898402
0 18 7.341868
2 21 7.777441
3 19 9.761333
3 21 9.761333
4 1 9.607098
5 9 5.394850
5 14 4.210724
6 12 8.157631
6 22 6.014685
0 2 6.649776
0 3 9.607098
6 23 8.371900
0 2 15.500756
0 18 7.983127
3 11 7.914594
3 15 8.508191
3 16 2.418713
3 16 7.105033
4 9 9.029634
4 13 7.317866
5 2 7.272194
5 2 7.823266
5 2 7.605354
5 17 6.847503
5 18 4.898402
5 19 6.649776
6 10 6.055500
6 11 8.781440
6 12 3.201655
6 18 4.521602
6 20 3.151629
6 22 6.630188
0 0 7.204531
0 9 7.341868
0 12 7.809066
0 14 2.716795
0 18 7.559155
0 21 4.141695
0 23 7.863249
1 10 7.077940
3 0 9.241347
3 9 6.745274
3 9 7.173186
3 10 5.496531
3 11 8.649178
3 15 12.422840
4 0 7.863249
4 14 7.685141
4 18 8.009311
5 0 6.185498
5 7 13.055390
5 7 8.362759
5 10 8.157631
5 10 2.981458
5 11 4.593517
5 11 8.515993
5 16 5.629026
5 22 5.248288
6 0 3.167014
6 2 6.624253
6 16 2.216530
6 21 4.503221
0 19 12.166907
1 20 9.778628
2 8 8.249013
2 19 9.993485
4 1 11.361377
4 10 6.860500
6 18 3.886822
6 21 9.767216
6 22 7.341868
6 23 7.858293
0 11 6.648091
0 3 7.659407
0 22 4.507937
1 1 4.818101
2 11 6.777109
3 14 5.762826
4 14 7.863249
0 22 8.015143
1 11 7.463646
2 14 5.719464
2 21 5.955023
2 23 26.553799
3 10 6.574807
5 15 3.805740
0 18 10.808011
1 10 10.832170
1 19 13.020725
2 5 4.139719
3 9 5.984122
3 11 4.898402
4 23 6.033534
0 17 4.802482
0 1 5.506401
0 14 7.341868
2 9 7.866287
2 23 6.860500
4 13 13.822094
5 13 9.767216
5 19 6.293030
5 23 4.198631
6 0 5.886022
6 0 9.190935
0 16 5.405226
0 18 3.667350
2 10 2.685680
4 9 8.312221
5 10 9.506086
5 19 6.883001
0 15 7.341868
0 16 8.637492
4 9 10.051849
4 10 13.796242
5 12 7.341868
5 14 7.863249
5 15 9.149141
5 19 8.960653
5 21 7.197902
6 1 7.595179
0 15 8.488115
0 20 9.601311
6 20 8.424910
6 22 9.761333
6 23 11.646650
6 23 18.987007
0 0 11.061433
0 17 11.713598
0 19 8.457009
0 19 7.339252
0 19 7.536004
0 19 9.778628
1 8 4.210334
2 18 3.954985
3 0 14.242321
3 2 5.329040
3 11 16.738466
3 13 8.809491
3 17 4.898402
3 18 7.317866
4 9 9.660482
4 9 9.330622
4 12 9.684673
4 14 4.208714
4 14 12.186521
4 19 15.557464
4 20 10.945160
5 0 9.915181
5 1 8.492626
5 8 9.770989
5 10 6.754954
5 17 9.829658
5 18 6.123003
5 18 9.906653
5 19 6.350081
5 20 12.074836
5 22 3.139181
5 23 5.998044
5 23 3.821206
5 23 3.794124
5 23 12.759122
6 0 9.793059
6 1 4.256251
6 8 6.673829
6 10 12.465866
6 20 9.926779
6 20 5.156213
6 22 3.612572
6 23 5.259946
0 5 1.487800
0 18 7.317866
0 23 6.739927
1 7 5.072535
1 7 9.063631
1 9 7.969208
1 10 10.628385
2 7 11.249243
2 8 7.840571
2 9 13.300098
2 9 6.363362
2 9 6.112776
3 8 10.701408
3 12 5.157077
4 7 10.383188
4 9 7.379485
4 9 13.103303
4 10 7.466307
4 11 5.134510
4 19 12.201665
4 19 9.288831
4 20 9.775032
4 21 9.644401
5 7 8.128514
5 10 3.594157
5 10 7.258383
5 10 3.805740
5 18 7.341868
5 19 7.883748
5 20 7.946022
5 21 6.983061
5 22 9.173492
6 2 7.341868
6 19 7.386768
6 20 12.461275
6 20 12.376683
6 21 14.742051
6 21 17.112823
6 21 9.068523
6 22 4.503221
0 16 16.171061
0 17 10.924488
0 19 8.019318
0 19 8.530962
1 0 4.344838
1 7 6.539106
1 17 6.591509
1 17 9.761333
2 7 12.029262
2 8 6.521113
2 9 5.334907
2 11 3.936326
2 13 6.002987
3 7 7.382184
3 8 11.523288
3 18 4.898402
4 10 9.761333
4 11 7.919364
4 11 6.314094
4 17 1.229052
4 18 22.539730
4 22 21.330873
5 9 11.840915
5 21 10.971975
6 0 6.649776
6 0 5.952866
6 12 6.009016
6 12 5.157077
6 18 10.602591
6 18 9.761333
6 19 9.151249
6 20 7.344862
6 23 7.359812
6 23 8.488115
0 0 17.975658
0 0 14.084108
0 1 9.156765
0 18 11.704809
0 18 9.010461
0 18 10.241708
0 19 10.748862
0 21 15.696096
1 6 9.574016
1 8 9.030807
0 0 7.317866
0 2 5.652003
0 14 5.067313
0 14 16.524906
0 15 8.505024
1 12 3.622616
1 23 7.863249
3 18 7.863249
3 19 7.863249
4 1 7.530396
4 15 10.669695
6 9 5.653640
0 22 7.863249
4 20 9.761333
5 7 17.268419
0 12 4.878489
0 20 9.435032
0 20 6.046238
1 0 12.553196
2 2 7.595179
2 18 6.836943
2 19 7.294060
3 18 7.866287
3 20 16.784950
4 2 10.121874
5 11 2.459025
6 12 7.221509
0 14 8.809491
1 8 9.010461
1 9 7.299163
1 10 14.337950
1 11 10.282713
6 19 5.427358
6 21 9.612937
0 9 9.763497
0 18 3.601861
0 23 11.070146
1 0 8.131375
3 17 2.543819
3 21 14.029346
3 23 10.013611
4 0 7.226397
4 12 8.231382
4 18 8.009311
4 20 6.071282
4 22 4.898402
5 9 9.010461
5 14 4.878489
5 15 6.375562
5 17 6.674426
5 18 7.139253
5 21 8.776684
5 23 4.437823
6 20 7.341868
6 20 1.232771
6 23 2.841500
0 9 8.388357
0 17 6.883001
0 22 12.644667
1 8 17.828917
1 10 7.173186
6 19 8.251030
1 12 9.151249
2 2 13.675419
2 10 7.609595
2 23 10.836969
3 0 5.343712
4 12 5.107502
0 17 14.250495
0 21 6.540763
0 22 8.960653
2 22 10.647803
2 22 9.063631
3 19 8.733749
3 22 5.921186
4 20 3.271142
4 23 7.341868
5 23 8.471386
6 1 6.741990
6 5 9.887598
6 16 3.477659
1 22 4.898402
1 22 4.581913
2 23 9.744249
3 3 5.281097
4 11 9.372598
0 11 6.883001
1 7 7.881418
1 10 10.886003
1 11 7.341868
1 13 6.836943
1 14 7.734343
1 20 7.463336
1 20 8.505024
6 4 7.996524
6 9 9.576349
6 10 9.446450
6 13 9.761333
6 14 7.609595
6 16 4.407338
0 20 11.217505
2 12 7.862526
2 12 2.405442
2 13 10.104016
2 13 4.239298
3 17 10.840459
3 22 9.993485
4 9 2.341929
4 19 8.457009
5 1 7.863249
5 2 13.749083
5 11 6.969397
5 12 7.595036
5 13 8.620677
5 15 6.674426
5 19 9.761333
6 13 6.298164
6 17 9.018144
1 4 9.329410
1 23 6.553313
2 0 1.431468
3 12 7.221509
3 14 9.767216
3 15 7.105033
3 23 5.111071
5 0 7.960416
5 1 10.655145
5 2 6.456941
5 14 9.607098
5 23 7.734343
6 8 10.637289
6 14 5.984122
6 19 10.448655
0 10 10.097930
1 20 8.658626
2 9 12.437034
2 14 6.539106
2 19 7.000617
3 9 8.187582
3 13 7.341868
4 1 10.282713
5 0 10.478498
5 18 7.595036
6 12 3.866086
6 13 15.024518
6 16 10.074563
6 21 3.418716
6 22 9.151249
0 1 7.221509
0 18 1.229052
6 22 3.010511
6 22 6.109962
1 17 5.970094
1 20 6.969397
2 14 9.296507
4 1 9.069241
4 20 10.448655
4 22 6.992255
5 0 7.197902
5 23 11.042230
6 1 5.079887
6 3 11.064461
6 19 7.105033
6 19 8.807772
6 21 3.403597
0 3 8.047883
0 6 3.418716
0 6 9.761333
0 6 4.878489
0 7 12.222095
0 9 9.607098
1 12 9.761333
3 11 2.691962
3 16 7.685141
3 20 6.969270
3 21 7.087566
3 23 3.361737
3 23 8.830520
4 8 6.570671
4 12 9.628329
4 14 10.003356
5 13 7.324607
5 22 6.234511
5 23 6.288784
6 12 14.088107
6 13 4.469287
0 8 9.302111
0 13 6.529704
1 23 5.107502
2 0 5.405226
2 2 10.296247
2 4 9.926223
2 7 10.290392
2 11 7.341868
2 11 13.939832
2 12 6.815612
2 17 5.602896
2 19 5.879735
2 20 5.970094
3 10 9.255953
3 13 7.341868
4 16 3.418716
4 16 2.211737
4 21 9.761333
5 3 9.069241
6 7 8.274085
6 19 7.317866
0 1 7.734343
0 6 7.221509
0 6 8.632030
0 6 9.767216
0 7 9.601311
0 8 15.483030
0 16 7.869827
1 0 6.620984
1 3 5.026600
6 6 8.103044
6 14 3.036368
6 20 7.123433
1 7 8.159939
1 23 8.645693
2 0 4.299183
2 1 8.776684
2 2 13.094056
2 19 8.702503
2 19 7.608336
2 23 11.819627
3 9 6.836943
4 9 2.500704
6 17 7.728282
0 0 10.394446
1 0 7.175583
1 14 3.306627
2 7 12.229750
2 9 7.341868
2 18 6.930837
2 22 12.865363
2 22 8.266631
3 11 6.510301
3 19 9.250881
3 21 7.584047
4 8 9.761333
4 10 12.579609
4 11 8.134396
4 19 7.871919
5 21 8.371900
5 21 6.717702
6 9 8.942514
6 9 8.603450
1 1 20.720779
2 1 10.585817
2 9 3.361737
2 16 6.945466
3 8 5.147834
4 8 8.952657
5 6 11.835241
5 18 6.860500
5 21 4.259480
6 8 7.081806
6 14 7.685141
6 14 4.521602
6 23 11.561829
0 0 4.759528
0 1 7.277379
0 20 8.984215
1 9 10.487390
0 1 10.836969
0 1 6.474945
1 13 9.761333
1 19 15.030375
1 20 9.957955
3 15 6.539106
3 16 5.653640
4 15 7.864143
4 16 6.539106
4 18 7.341868
4 19 3.955532
4 23 10.648726
5 9 10.597113
5 15 3.361737
6 22 9.761333
2 17 4.237825
2 18 3.047504
3 20 7.983127
4 9 12.229750
4 10 9.818316
4 12 2.112615
5 10 5.226953
5 14 9.761333
5 19 7.341868
6 12 5.872223
6 16 3.103142
6 20 10.982664
0 0 7.703017
0 10 8.505024
1 19 10.344238
2 8 12.879399
2 9 12.029262
4 16 7.221509
4 17 7.341868
4 19 3.612572
4 22 12.572930
5 8 13.992016
5 9 6.540763
5 12 6.865427
5 19 4.009717
5 22 8.769750
5 23 7.000572
6 10 2.484888
6 20 6.648091
0 0 5.862318
6 10 7.341868
6 22 7.221509
0 19 5.602896
0 20 15.568765
1 16 7.999966
1 16 7.467277
5 15 7.292739
5 23 4.898402
6 0 13.178946
6 9 10.302176
6 18 8.901791
6 23 3.884893
0 0 4.583855
0 1 5.984122
0 23 4.818101
4 6 6.433637
4 19 9.761333
5 18 4.858521
5 22 6.880839
6 21 1.212888
0 11 6.860500
0 13 7.341868
0 13 6.752879
0 14 7.685141
0 14 7.804281
1 21 5.124812
2 20 8.476999
6 2 7.863249
6 4 6.951135
6 7 10.836969
6 13 12.186680
6 13 7.317866
6 14 5.107502
6 22 5.129248
0 12 6.539106
1 19 4.166427
1 21 14.783648
1 23 6.682222
2 19 3.306627
3 9 4.818101
3 10 3.361737
3 14 9.296507
4 14 7.734258
4 21 9.906653
5 20 11.017192
6 0 5.283622
6 0 5.316616
6 1 4.210334
0 0 1.828757
0 0 8.755908
0 20 9.464285
2 5 10.244467
2 13 7.734343
2 19 1.901817
4 11 3.207424
4 20 7.983127
4 22 9.446450
4 23 13.939832
6 12 18.732571
6 15 5.023772
0 3 16.319075
0 3 5.243754
0 5 1.465429
0 22 6.133544
0 23 9.601311
1 8 15.756645
2 20 7.221509
4 7 13.250647
5 9 9.452145
5 23 3.876312
6 0 12.345449
6 0 4.824906
0 10 9.532785
0 11 4.593517
0 11 9.576349
1 7 18.165863
6 15 5.656438
0 3 9.101364
0 18 10.380707
0 22 6.071282
1 8 4.210334
1 17 6.624253
1 17 5.107502
2 7 12.903317
2 9 8.807772
2 16 2.981458
2 17 8.909205
2 17 4.745810
2 19 7.341868
2 22 4.210724
2 23 4.735833
3 0 9.317509
3 6 4.521602
3 8 13.588611
3 20 9.601311
3 20 10.960413
3 21 2.979684
3 23 16.449873
4 0 7.486846
4 0 10.419167
4 6 3.288723
4 17 7.317866
4 17 4.818101
4 19 9.761333
4 20 3.361737
4 20 7.341868
4 22 9.610353
4 23 7.113321
4 23 2.459025
5 0 7.467277
5 0 7.292739
5 17 7.221509
5 18 6.253280
5 21 6.883001
5 22 7.317866
5 23 3.306627
6 0 4.961175
6 17 4.818101
6 21 1.496511
0 12 9.250881
0 13 4.503221
0 20 4.898402
1 1 4.818101
1 5 8.816381
1 19 3.928345
2 10 4.881065
3 9 9.321669
3 16 7.221509
3 22 7.533045
4 19 7.197902
4 22 10.226244
5 0 15.761122
5 17 6.341512
5 17 8.273506
5 22 2.985762
5 23 7.919364
6 0 4.265301
1 11 5.496531
3 17 5.801867
3 18 3.375236
3 18 7.977878
3 22 8.927797
3 22 8.306757
4 0 2.813240
4 20 12.953005
4 20 5.107502
4 23 1.900209
5 16 14.092839
0 0 1.893835
0 16 1.528011
0 20 4.141695
0 23 6.676723
6 22 26.074356
0 0 2.590348
0 0 10.212761
3 7 11.705327
3 10 9.322429
3 13 5.373978
3 20 10.414315
3 22 3.884893
5 2 10.569715
5 19 7.488808
5 19 10.789959
6 19 10.399402
1 11 8.393952
2 9 7.813773
3 22 7.595179
4 5 9.778628
4 7 6.363362
4 9 6.023275
4 11 7.341868
4 11 5.257933
4 13 5.046713
4 19 7.685141
4 23 2.588448
6 0 5.399457
6 23 5.700056
6 23 6.401680
1 6 7.863249
1 8 7.292739
1 9 12.229750
1 10 12.828084
1 12 7.173186
1 12 12.498743
1 13 7.292739
1 14 10.281280
1 16 7.466307
2 21 6.389221
3 0 9.157039
1 8 9.443661
1 10 7.254302
1 12 10.210977
2 0 9.829658
2 1 9.763497
6 8 10.104016
6 8 7.809066
6 18 13.284768
6 19 6.674426
6 19 4.572540
6 20 11.644362
0 15 11.523982
0 17 4.351252
2 18 5.244192
2 18 7.603783
2 19 7.195921
2 20 5.720936
2 20 7.630737
2 23 5.506674
3 15 6.995667
4 8 13.692335
4 23 4.074894
5 16 1.487800
6 14 27.752642
6 22 6.860500
1 16 4.513041
2 22 8.146120
3 9 6.185498
3 18 7.939772
3 20 7.916097
4 17 7.983127
5 11 8.134396
0 11 10.828607
0 11 9.789158
0 22 7.402954
3 19 9.010461
3 19 8.973055
5 7 12.564996
6 19 9.761333
0 0 4.898402
0 1 26.449144
4 14 6.883001
4 15 7.209498
1 21 12.222095
2 4 9.446450
2 10 7.317866
2 13 9.761333
3 15 9.056989
5 23 5.046713
6 0 10.655145
0 20 11.427488
0 20 11.677597
1 8 8.183217
1 8 14.670359
1 9 11.248869
1 16 9.006049
1 19 9.069241
3 20 1.521453
3 20 8.338032
3 23 10.924488
6 12 7.341868
6 13 6.955318
6 14 7.861685
6 18 9.761333
1 1 8.476999
2 15 10.924488
2 15 9.823079
2 20 9.778628
4 0 4.517643
4 19 3.361737
5 12 9.601311
5 17 2.691962
5 19 9.426464
6 19 8.277103
6 19 10.346254
0 6 9.761333
1 14 7.559155
1 15 8.383272
1 18 3.361737
2 10 7.292739
2 23 14.353405
3 15 4.898402
5 9 7.862526
5 18 5.984122
6 0 4.721118
6 3 6.912644
6 5 11.187936
6 15 4.919616
6 21 5.023772
6 23 6.084096
0 16 8.365598
1 14 4.108945
1 20 16.436832
2 19 12.938644
3 17 11.754717
4 13 9.587085
4 15 15.640862
5 8 4.141695
5 8 2.418713
5 21 5.727049
6 13 3.612572
6 16 4.981426
0 0 6.270039
0 2 7.289697
0 6 10.902348
0 11 7.488808
0 12 5.067313
1 9 8.266631
2 9 7.882338
2 15 9.336913
2 15 10.065311
2 21 8.803175
2 22 10.097930
3 9 10.104016
3 19 4.355518
4 0 2.012277
4 21 9.434909
4 23 17.095329
5 1 6.691807
5 2 9.932762
6 18 7.559155
1 8 12.587937
1 23 7.041715
2 8 14.337271
4 8 9.607098
4 20 7.595036
4 22 9.601311
5 2 7.221509
5 2 14.611203
5 7 12.275678
5 8 10.561191
6 0 6.652606
6 16 7.690885
6 21 4.898402
3 10 9.757155
4 3 9.607098
5 14 6.945466
6 0 5.702318
6 0 7.241095
6 7 8.825410
6 13 4.881749
6 13 6.351544
6 14 5.029475
6 14 5.160520
6 16 10.488383
0 7 9.926779
0 21 5.796212
0 23 6.992255
1 0 9.551670
1 1 9.100800
1 1 6.208785
6 17 1.713224
6 22 4.377859
0 16 10.648726
2 20 9.767216
2 22 15.388590
3 0 9.296507
4 9 9.010461
4 12 4.878489
4 13 7.863249
5 0 10.428057
5 16 9.410377
5 23 2.737589
6 21 2.691962
0 1 6.133544
0 19 11.248869
0 20 9.761333
0 21 4.864287
1 1 5.107502
1 16 3.361737
4 22 7.317866
5 16 7.466307
5 23 11.911468
6 1 7.716921
0 8 8.398268
0 9 3.361737
0 9 9.767216
2 16 3.667350
3 20 3.477659
4 19 9.607098
4 21 9.763497
5 7 12.022388
5 10 5.549847
5 11 8.873939
6 2 4.034385
0 0 4.453093
3 20 4.692116
4 23 7.110327
5 9 12.209020
5 15 5.272907
6 3 8.771256
6 11 8.284150
6 12 8.057996
0 1 3.870390
1 0 13.637335
1 11 3.508586
3 16 7.221509
4 7 14.134867
4 13 18.774874
4 18 4.503221
5 10 12.022388
5 13 6.223789
5 19 12.388480
5 23 11.455690
6 2 7.252463
6 2 6.303257
6 3 9.744249
0 15 8.260305
1 23 10.942705
2 9 11.419791
3 15 4.386629
3 18 7.317866
4 7 15.282809
4 16 9.091557
4 22 3.345939
5 1 8.920565
6 19 11.338261
1 11 7.537065
6 17 8.539199
0 0 8.486925
1 8 9.906653
1 10 4.148334
1 12 13.089662
1 15 7.742871
2 11 9.330622
2 14 7.041715
2 15 7.197902
2 19 7.258383
3 10 11.064461
4 11 9.446450
4 12 3.878928
4 17 14.370092
4 19 6.531203
4 20 10.648726
4 20 8.400738
5 12 10.282713
6 17 9.763497
6 19 13.023946
1 13 7.197902
1 14 12.186680
2 12 6.739927
3 14 7.197902
4 14 4.818101
5 8 9.926223
5 12 9.778628
0 0 10.648726
1 14 5.970094
1 15 9.926779
3 22 8.122014
3 22 6.540763
4 19 4.469287
4 22 2.953777
5 15 9.617371
5 15 6.682222
5 16 5.984122
5 18 6.955318
5 20 2.569836
6 17 4.210724
6 17 7.559155
6 17 4.981426
6 11 13.057158
6 12 5.399619
6 14 2.654003
6 15 2.563773
6 15 4.898402
0 1 10.013031
1 23 10.739071
2 10 12.229750
2 11 9.761333
2 15 5.046713
3 20 14.213930
4 1 7.530396
4 12 6.883001
4 18 6.674426
4 21 5.308006
4 22 3.637770
5 1 8.505024
5 10 7.994013
5 14 8.389899
6 2 8.047883
6 17 10.097930
0 3 8.184288
1 2 7.605354
1 3 9.761333
1 18 4.482316
1 19 3.361737
2 9 14.649214
3 10 4.898402
3 23 4.898402
4 11 15.388590
4 17 22.526152
5 2 5.571820
5 11 2.634670
5 15 6.396529
5 17 7.197902
6 12 10.722611
6 15 5.358915
6 18 7.479705
6 19 7.466307
6 20 9.435899
2 19 3.526619
2 20 7.841600
4 12 7.599311
4 18 8.471386
4 21 8.131113
5 11 12.637708
5 21 3.609192
5 22 9.165986
6 3 9.761333
6 15 8.578090
6 23 2.305336
0 18 2.559225
0 21 9.453559
0 8 3.003006
0 14 5.225438
0 16 9.532785
1 0 7.466307
1 13 8.990043
1 17 9.763497
1 22 3.612572
3 0 7.197902
3 4 4.818101
4 16 7.995790
4 16 4.595149
4 20 7.488808
4 22 2.459025
5 9 11.219598
5 15 4.878489
5 22 9.601311
6 0 2.897073
6 3 7.863249
6 3 7.221509
6 4 7.863249
0 1 11.263076
0 17 4.291580
0 22 5.872223
2 3 9.993485
2 15 11.794873
2 15 7.568538
2 16 7.486846
2 16 11.973831
3 4 9.937949
3 9 14.347971
3 9 10.005911
4 4 12.222095
5 14 4.202172
5 16 8.636070
5 16 5.683018
5 17 11.952652
5 21 4.122667
5 23 7.341868
5 23 5.762826
6 13 3.673802
6 16 2.985762
6 22 10.099123
1 2 7.943355
1 10 5.814794
2 0 6.253280
2 12 7.317866
2 19 7.341868
4 3 13.666307
4 14 9.767216
4 19 8.932153
4 23 4.437823
6 8 7.142438
0 9 6.175259
0 9 9.761333
1 9 9.172312
1 9 13.375934
1 11 14.310997
6 11 8.341519
0 8 10.451468
1 22 5.311100
2 13 10.024370
3 15 9.778628
3 23 2.750912
3 23 6.652606
4 0 10.886003
4 0 8.578090
5 8 13.494206
5 8 8.809491
6 12 4.592252
6 17 4.437823
0 0 9.607098
0 9 3.368579
1 9 7.364111
1 12 9.255625
2 1 8.397592
2 7 10.913445
3 1 9.761333
3 7 5.451466
3 12 6.652606
3 15 9.601311
4 7 10.226244
4 8 6.649776
5 7 6.540763
5 7 15.730021
5 8 10.386047
5 8 5.751554
5 13 11.520828
6 20 6.744837
0 4 7.863249
0 12 9.119590
0 12 4.898402
0 23 10.974560
1 1 8.736943
1 8 7.124760
1 9 9.926223
1 10 12.229750
1 13 12.369689
1 14 8.316938
2 7 7.570207
2 13 9.185146
2 14 9.177335
2 17 7.341868
3 11 6.680213
3 12 1.314800
3 23 6.837607
4 4 9.887598
4 8 7.048666
4 13 4.818101
4 22 4.038314
4 22 9.069241
5 2 15.966770
5 9 6.834980
5 22 15.681143
6 20 9.101364
0 3 10.309490
0 4 4.798514
6 4 11.442546
6 14 11.950628
0 17 3.361737
1 9 12.271493
2 1 6.540763
2 9 1.066724
2 19 13.390340
2 22 13.745642
3 0 7.865988
3 14 12.022388
3 22 9.154653
3 23 9.761333
4 14 7.824923
5 12 4.878489
0 7 11.223136
0 7 10.906830
0 14 9.376510
0 21 4.961175
1 6 5.600008
1 8 8.632030
1 9 8.628034
2 0 4.094889
2 9 7.155094
2 20 5.667166
3 11 39.316242
3 19 6.293030
3 19 2.974469
4 15 9.932762
4 21 11.245172
5 1 5.107502
5 14 7.197902
6 8 8.952162
6 11 4.898402
0 22 7.840571
1 9 3.306627
1 22 13.525136
2 17 4.503221
4 10 4.322120
5 12 3.276007
6 22 9.661972
0 13 4.382414
0 18 6.652606
0 21 9.446450
0 22 8.312539
6 3 7.317866
6 12 5.419317
6 21 9.010461
6 23 10.674206
0 23 2.977931
2 1 11.873588
2 11 12.369689
3 19 9.783384
3 22 6.674426
3 23 9.761333
4 8 5.427358
4 21 9.607098
5 9 11.248869
5 13 9.601311
6 9 9.926779
6 11 7.170434
0 0 9.463189
0 0 6.742982
0 11 8.673144
0 15 8.920565
0 23 7.809066
1 19 8.957692
2 1 5.976057
2 2 7.459719
2 3 9.601311
2 18 4.299858
2 20 7.999310
3 8 14.649214
3 9 7.317866
5 13 5.970094
6 1 9.557836
6 2 6.034412
6 2 32.557388
6 12 4.583069
6 21 10.679039
0 15 8.879288
0 21 12.413217
1 10 9.761333
2 1 2.049823
2 2 5.998044
2 21 6.630188
3 1 9.603723
3 13 3.612572
3 22 7.462617
5 8 7.603783
5 9 6.020404
5 23 8.512503
6 3 8.244766
6 3 3.582652
0 2 2.796637
0 8 4.898402
1 8 6.754954
2 1 9.778628
6 22 9.452145
0 19 7.609595
0 22 7.197902
0 22 4.740389
0 22 7.380831
0 22 3.940917
0 22 12.022388
1 13 9.063631
2 9 12.186680
2 10 10.186846
2 12 10.648726
5 11 4.961175
5 14 1.210139
5 19 3.103142
5 19 6.138255
5 23 6.098222
6 0 7.341868
6 2 7.221509
6 14 4.961175
6 15 3.135436
6 22 8.476999
0 3 11.757042
0 15 17.347137
1 18 4.898402
1 19 6.629763
2 16 8.284377
5 22 11.816949
6 13 4.748868
6 13 5.955023
6 16 7.595036
0 23 7.865988
2 0 12.186680
2 7 23.379717
2 11 7.734343
2 11 11.121755
2 12 13.620463
2 14 26.643724
2 20 6.002002
3 0 9.151249
3 9 9.156765
3 11 7.595036
3 12 4.898402
3 14 7.813773
3 14 9.812895
3 14 9.767216
3 17 7.866287
3 22 8.873939
6 9 10.114143
6 12 5.288157
6 15 7.863249
0 17 2.923250
0 21 9.435899
1 14 7.258383
1 20 7.840571
6 22 7.570207
0 1 8.909205
0 1 9.047216
0 5 6.760771
0 19 10.852462
1 9 4.898402
1 22 11.860994
3 20 8.277103
4 11 2.252746
4 12 6.768039
5 20 8.974212
5 21 6.401680
6 19 11.560699
4 8 4.008299
4 11 7.840571
1 9 7.341868
6 12 8.113318
6 21 5.172101
0 17 4.918051
2 9 9.906653
2 12 7.292739
2 18 6.168205
3 0 6.440160
3 1 10.802620
3 8 8.435008
4 22 9.540454
0 0 8.897750
4 1 11.840915
4 21 5.343712
4 23 2.459025
5 23 5.067400
0 3 5.171904
4 22 4.981426
5 13 6.363247
5 22 4.573584
5 23 17.496550
6 20 5.499683
6 23 2.944113
0 2 11.029137
0 14 7.985045
3 14 4.878489
6 3 4.898402
2 15 7.292739
3 13 7.762908
5 11 9.238155
6 18 7.728282
3 0 10.326276
4 8 9.767216
5 10 7.911253
5 13 9.015892
5 15 4.898402
6 5 9.767216
6 8 7.197902
0 11 10.995696
0 18 7.863249
6 15 5.545361
2 10 4.878489
2 21 11.756166
2 21 13.094521
3 1 8.637492
3 21 2.843583
6 21 4.665145
0 19 9.778628
4 1 6.611778
4 9 12.589283
4 14 6.363247
4 18 2.418713
6 3 11.523288
6 15 7.317866
6 16 7.550858
6 21 13.372670
0 23 2.045815
0 23 11.001669
3 9 8.157631
3 15 13.692335
3 18 5.067313
3 20 7.609595
3 21 7.341868
4 11 9.097959
6 18 5.042606
6 21 4.210724
0 1 6.849333
6 14 7.206379
6 20 10.744197
6 22 2.612085
0 23 7.341868
1 13 3.201655
2 22 9.783384
3 1 4.898402
3 21 8.628201
4 2 5.630604
4 13 11.816914
4 14 8.068170
5 3 8.771256
6 0 14.670653
0 2 5.634677
0 3 7.728282
0 3 5.777510
0 3 7.441898
0 4 10.654594
0 18 7.341868
0 19 9.926779
0 20 9.926223
0 21 7.339252
2 8 4.781524
2 10 7.031803
2 12 15.126413
2 12 9.238155
2 13 8.769310
2 14 7.488808
2 15 9.452145
3 10 6.398791
3 14 8.941918
4 10 9.827609
4 19 6.521496
5 2 7.728282
5 8 14.135177
5 9 2.596315
5 18 5.602976
6 21 6.729906
6 23 9.895751
0 2 10.754054
2 10 5.399619
2 15 2.892971
5 20 7.148408
5 20 8.673697
5 21 9.761333
6 1 6.938160
6 8 9.717043
6 12 4.242165
0 0 7.983127
1 10 12.464209
0 5 9.704748
1 9 6.731759
4 21 4.898402
6 2 13.458077
6 17 10.655145
0 0 2.274898
1 2 9.761333
1 11 6.008826
4 6 9.446450
4 11 5.857528
6 14 7.630737
6 17 5.973660
0 17 9.063631
0 18 5.872624
0 21 1.346105
1 23 14.004654
2 21 5.283622
4 10 10.464874
5 18 1.009578
5 22 3.770797
6 0 6.469444
6 5 8.047883
6 20 6.217576
0 7 7.734343
2 11 4.898402
2 11 7.734343
2 19 2.975600
3 9 6.731759
3 14 8.453521
3 23 5.852975
5 9 4.470955
5 19 2.647832
6 3 9.775868
6 19 23.754869
6 22 2.254506
6 22 7.221509
6 23 15.119348
6 23 5.078814
0 2 7.173186
0 22 10.637289
0 22 9.296507
1 13 5.822500
1 20 10.039065
1 20 11.756166
1 21 10.749780
1 21 9.101364
1 21 7.687765
1 22 2.500704
2 12 9.453546
2 13 9.642760
4 2 8.958804
4 7 13.480960
4 22 11.064461
6 7 5.950524
6 21 4.919575
0 11 9.601311
0 22 10.293293
1 0 9.237576
1 22 13.603605
2 10 4.509337
4 22 1.713224
5 14 14.458859
6 23 4.210724
0 9 10.458570
0 9 10.268506
0 10 9.250881
0 11 8.509736
0 11 7.292739
0 12 7.341868
0 15 2.588448
0 19 11.986898
1 1 5.107502
6 4 5.727049
6 10 4.818101
6 14 11.565125
6 22 9.761333
0 0 9.761333
0 1 9.069241
0 9 11.926269
1 10 5.634677
2 1 8.952478
2 2 5.107502
2 3 6.099821
2 20 7.863249
3 2 7.339252
6 1 12.651768
6 3 7.863249
6 5 10.808011
6 20 6.215436
6 21 5.329718
0 1 10.732259
1 3 8.758624
3 2 1.662835
3 22 7.973460
5 14 5.157077
5 22 12.799907
6 2 8.578090
6 8 2.261456
6 9 10.918329
6 11 10.648726
0 2 6.184113
0 3 8.488115
0 10 11.720659
0 20 21.051178
1 1 6.992255
1 3 10.407209
2 11 12.464209
2 23 9.063631
3 0 11.986898
3 3 10.280638
6 6 5.634677
6 6 8.612940
6 7 29.248032
6 8 6.345655
6 9 9.926223
6 10 12.183900
6 18 3.878928
0 2 11.720659
0 7 9.775032
1 10 7.919364
1 11 7.983127
1 19 8.366857
2 5 7.734343
2 6 9.778628
2 6 12.029262
2 11 3.151629
2 11 2.447238
2 12 5.865021
2 13 5.293181
3 5 7.197902
3 11 8.388357
3 12 6.034412
3 16 10.945160
3 17 7.416345
3 17 8.758431
3 18 1.598650
3 21 2.793895
4 6 3.317683
5 9 8.249013
5 12 10.648726
5 18 8.990043
5 19 6.281822
6 2 12.525035
6 3 4.898402
6 11 5.685803
6 23 7.863249
0 2 7.863249
0 3 9.545043
0 13 8.810763
0 20 10.458570
0 21 5.970094
0 21 7.914594
1 8 7.288109
1 13 9.101686
1 14 9.443661
1 19 7.734343
2 6 13.749589
2 7 18.794563
2 7 9.793059
2 14 7.863249
2 18 7.139253
2 19 8.870008
3 5 11.442341
3 7 8.503156
3 13 9.545043
3 13 4.714617
3 17 5.399619
3 19 3.151629
4 5 9.463189
4 6 10.917187
4 6 5.458593
4 9 15.901544
4 11 11.975078
5 5 16.430296
5 6 19.143496
5 6 15.979029
5 12 4.878489
5 12 5.872223
5 22 8.808084
6 7 5.730085
6 21 6.880548
6 22 5.073064
6 23 3.056125
0 3 9.443661
0 7 7.563707
0 10 7.699638
0 10 6.760771
0 10 6.553313
0 14 2.459025
0 14 17.470781
1 5 13.775359
1 7 14.618407
1 12 6.837607
1 18 4.993648
1 19 9.754704
2 6 11.807878
2 6 12.186680
2 8 7.620503
2 11 7.341868
3 5 8.050361
3 6 7.341868
3 7 9.778628
3 7 9.090561
3 18 3.954985
3 19 9.906653
3 21 11.146182
4 20 6.633438
5 5 8.756981
5 7 17.807961
5 16 7.866287
6 6 9.761333
6 7 9.926779
6 9 8.148857
6 11 9.778628
0 0 15.380122
0 10 3.582652
0 14 7.863249
0 19 9.818654
0 21 8.023013
0 22 6.877336
1 1 10.003356
1 7 6.648091
6 11 6.269708
6 12 6.034412
6 14 6.528133
6 16 5.758572
0 8 7.774097
1 16 4.291580
1 18 1.628254
1 19 6.742564
2 5 9.778628
2 9 7.364111
2 17 10.305819
2 21 6.284309
3 9 5.799129
3 20 10.722611
4 11 3.418716
4 12 6.293030
5 22 8.383790
5 23 5.680233
6 15 9.576349
0 16 12.222762
0 17 6.830416
0 18 10.478498
1 0 8.669548
1 21 10.685874
1 21 6.648091
2 16 9.034500
2 17 7.466307
2 21 14.370092
3 13 6.001825
3 17 5.343712
3 20 5.822500
3 20 10.597113
3 21 6.401680
3 22 8.375952
3 22 2.980155
3 22 9.607098
3 23 7.317866
4 23 9.023839
5 12 7.593841
5 16 9.926223
6 20 9.854028
6 23 2.925533
1 22 8.184288
2 9 9.524230
2 19 16.142588
2 21 13.935013
2 21 7.728282
3 10 7.863249
3 16 8.578090
4 3 9.951013
4 23 9.601311
5 10 7.466307
5 13 5.523805
6 7 11.288520
6 8 2.326568
6 10 14.370092
6 10 8.988630
6 12 10.458570
6 20 9.601311
0 5 11.993547
0 22 12.762809
6 14 4.898402
6 16 7.602005
0 9 9.601311
0 12 8.009311
0 12 7.541917
0 23 12.738012
1 19 10.836969
1 20 9.763497
1 21 10.104016
1 21 13.781972
2 14 8.741491
6 8 9.453546
6 12 1.921709
6 18 8.311549
0 10 7.197902
0 21 7.317866
3 11 12.042483
6 2 5.072535
6 19 6.754954
6 20 7.863249
0 13 6.232585
0 14 8.134396
0 14 12.553542
0 14 7.341868
2 11 9.151249
3 9 4.368796
3 13 4.898402
3 13 4.721118
3 16 4.291580
4 2 7.466307
4 2 6.753646
5 9 6.302028
5 11 8.476999
5 16 14.807761
6 8 7.197902
6 14 7.105033
6 17 6.144080
0 8 13.234663
0 12 4.824906
1 1 18.611519
6 18 2.148544
6 20 4.878489
2 9 10.648726
2 9 4.567797
2 10 8.665073
2 13 4.141695
2 16 5.046713
2 17 3.612572
2 18 11.248869
3 8 8.505024
4 16 5.998044
5 6 6.777109
5 15 7.855141
5 16 14.684923
5 16 8.366857
5 17 3.271142
5 18 4.818101
5 20 14.340755
5 20 13.333194
1 3 7.863249
1 11 9.926223
1 12 8.469602
1 16 9.926779
2 11 6.674426
2 12 7.730853
3 12 6.777109
3 14 12.764007
3 17 28.819279
5 11 6.204396
5 19 13.758158
6 8 8.505024
6 13 7.696851
0 15 16.393435
0 17 13.312857
0 20 4.898402
0 20 8.424910
3 23 6.175259
3 23 9.928761
4 17 6.509974
4 19 9.739495
4 20 9.926223
4 20 7.863249
6 14 7.341868
6 18 6.652606
6 23 10.213698
0 18 10.648726
0 23 10.751657
6 7 10.836969
6 13 12.186680
6 13 7.317866
6 14 5.107502
0 0 2.784788
0 0 5.063357
0 1 25.544186
1 0 12.804245
1 22 12.596913
2 12 7.197902
2 14 5.417607
2 14 4.824906
2 17 14.370092
2 18 10.134625
3 8 8.505024
5 5 12.712402
6 8 10.275086
6 16 10.097930
0 22 5.815288
1 7 8.262924
6 20 5.220968
6 23 6.858815
0 3 4.434990
1 7 6.654350
1 8 7.753974
1 8 8.626847
1 9 10.298299
1 13 9.156765
2 12 13.033860
3 19 7.912768
4 8 7.857695
4 8 8.935505
4 11 3.594157
4 11 5.200140
4 18 5.629710
4 22 25.024641
5 13 4.573584
5 14 10.582294
5 17 3.306627
6 21 9.749351
1 4 6.520215
3 18 8.637492
6 15 2.801448
6 17 2.763072
6 18 5.050457
6 21 2.114326
0 13 4.898402
1 19 10.094858
2 9 6.879079
4 0 8.401259
4 13 10.104605
4 19 7.540236
5 4 9.601311
5 11 5.376476
5 14 15.248982
6 17 4.810010
6 18 4.210334
6 19 7.107763
6 22 5.545361
6 23 12.195825
0 21 6.512830
1 8 4.210724
0 1 9.540997
0 1 3.418716
0 2 7.863249
0 17 6.648091
2 10 7.863249
2 14 6.648091
3 1 11.295181
3 2 16.443533
3 22 7.863249
4 2 9.607098
4 15 9.101364
4 17 6.389221
4 20 10.106389
5 2 11.064461
5 20 4.798514
5 22 9.944368
6 2 9.761333
6 2 11.873588
6 3 9.601311
6 15 9.767216
6 15 8.952162
6 19 7.863249
0 19 4.141695
1 7 6.296734
2 14 11.281934
2 18 5.970094
2 20 7.341868
2 20 7.609595
2 20 11.407336
3 10 4.878489
3 11 6.099821
3 13 7.341868
4 2 12.222095
4 3 9.767216
4 3 13.630245
5 2 7.221509
5 3 13.074457
5 18 7.341868
5 19 9.065578
5 20 4.208714
5 23 6.682222
6 3 12.222095
6 19 4.898402
6 19 5.839974
1 11 8.616105
1 16 7.341868
1 22 7.341868
2 18 7.341868
2 22 4.878489
3 2 6.955318
3 18 12.541385
3 18 4.745810
3 20 4.898402
3 20 11.058860
5 8 11.986898
5 21 9.761333
6 3 10.275086
6 10 6.435267
6 12 7.341868
0 2 13.692335
0 3 12.448933
0 15 4.210724
6 23 5.067313
1 0 4.740389
1 22 2.093940
2 11 9.967365
2 18 6.834980
2 18 4.798514
2 19 7.282619
2 20 7.221509
3 22 10.780734
4 2 10.145326
4 8 14.029346
0 18 7.339252
1 16 3.361737
3 10 6.992255
3 18 8.781440
3 23 9.783384
4 15 13.458077
4 17 3.361737
4 18 12.350604
5 1 10.165642
5 16 13.922149
6 20 7.466307
0 12 5.316616
0 19 8.637372
0 20 7.536004
0 20 11.590950
1 20 10.104016
3 18 6.574807
4 8 10.845924
5 11 9.698694
5 11 9.124493
5 16 7.341868
6 0 8.952162
6 1 7.863249
6 15 6.630188
0 20 4.210724
0 22 7.341868
1 3 10.275086
6 21 2.689390
0 18 9.778628
0 21 7.584047
3 3 5.886022
3 13 16.171061
4 1 9.851171
4 7 19.211565
4 15 9.443661
4 22 10.845924
4 23 5.791086
5 0 9.767216
5 21 6.014685
5 22 10.478498
5 23 6.969397
6 1 7.317866
6 8 7.613741
6 11 3.601861
6 15 11.988512
0 4 9.296507
0 4 9.601311
0 17 9.101364
0 18 8.746760
0 19 8.009311
1 1 10.787903
1 9 4.652021
2 12 7.734343
2 19 10.464874
3 9 15.612446
4 12 10.648726
4 12 15.027515
5 1 7.850791
5 11 11.490842
5 13 9.926223
6 9 8.859289
6 9 8.678913
6 10 8.915047
6 17 5.248288
6 19 3.538671
0 8 6.652606
0 20 11.257067
0 22 9.525020
1 0 8.820781
1 10 7.570207
2 7 12.852339
2 7 4.584187
2 10 5.166380
2 10 7.263195
2 10 6.071282
2 10 4.038314
2 11 7.441898
2 14 8.293301
2 17 7.411254
3 1 14.311701
3 19 5.374615
4 8 9.113267
4 10 2.012277
4 20 7.488808
5 7 9.063631
5 14 9.302111
5 17 12.069637
5 19 7.317866
5 21 12.572930
6 2 9.222957
6 18 7.888493
6 20 8.194686
6 23 9.644882
6 23 6.541494
0 1 4.222652
0 10 9.607098
1 1 8.488115
6 4 7.734343
6 4 17.347137
6 12 8.539199
6 13 7.415366
0 3 11.776695
0 4 7.734343
0 15 9.601311
0 21 5.984122
3 5 13.325472
4 6 6.649776
5 14 2.727753
2 10 14.134518
5 18 3.612572
6 10 7.317866
6 11 19.160124
6 14 7.441898
6 14 7.218936
6 17 5.316616
0 0 6.777109
0 4 9.255625
1 7 13.333194
1 10 3.642087
1 19 9.767216
2 22 9.010461
3 7 10.812497
3 8 10.257713
3 11 7.996524
3 22 11.131489
3 22 8.920565
4 9 8.637492
4 11 4.162385
4 23 7.031622
5 13 7.197902
5 23 6.184294
0 1 18.663235
0 23 6.512830
1 0 9.103025
1 1 8.130962
1 9 9.607098
1 15 2.308228
1 22 7.466307
2 7 8.435008
2 11 8.702785
3 7 9.245646
4 7 13.467871
6 19 12.369689
0 8 10.924488
0 15 11.236776
0 15 6.630188
0 15 7.729832
0 17 3.253294
0 18 7.197902
0 18 6.138255
0 19 7.639624
0 20 6.252762
0 20 14.156334
1 7 14.360258
1 14 7.173186
1 15 3.361737
1 16 11.444685
1 22 6.128947
2 7 9.993485
2 22 2.019157
3 7 8.167468
3 18 7.147751
3 21 7.173186
4 7 12.470530
4 8 7.840571
4 22 10.614272
4 23 3.533525
5 0 9.756660
5 8 7.703017
5 9 7.317866
5 16 11.465390
5 19 10.752397
5 20 7.863249
6 21 5.970094
6 23 3.884893
0 9 9.550142
0 18 13.522920
1 7 14.505023
2 12 7.863249
2 17 8.771256
2 23 9.200560
6 2 6.880288
6 19 7.103773
6 20 5.782414
6 20 8.088734
0 19 4.316199
0 23 5.226953
1 11 11.606362
2 14 7.751890
2 21 9.906653
2 21 7.876697
3 20 8.526008
4 10 10.659314
4 16 11.887984
5 3 16.800322
5 11 6.777109
5 15 6.296197
5 18 10.655145
5 23 4.942744
6 3 6.616195
6 9 2.982343
6 15 9.761333
6 21 7.317866
0 0 10.807259
1 9 15.901544
1 10 6.633438
1 15 6.441908
2 9 6.994046
2 11 4.898402
2 12 11.530551
2 12 4.898402
2 21 7.197902
3 18 7.218936
4 0 3.361737
4 0 6.409054
4 6 7.863249
5 0 21.730286
1 14 8.717225
1 15 8.303058
1 22 2.458104
1 23 7.533782
2 1 9.761333
6 21 7.197902
1 10 7.479131
1 13 4.721118
1 21 10.346920
2 12 8.100023
2 14 7.609595
3 9 9.761333
4 19 6.992255
5 9 10.790956
5 22 5.022516
6 1 4.210724
6 1 5.999824
6 20 6.001825
6 22 10.275086
0 0 10.281280
0 19 9.767216
0 20 5.984122
1 11 13.340600
1 18 5.400923
2 19 7.341868
4 10 8.673144
4 18 7.341868
4 21 7.403995
4 23 1.465429
5 1 10.930350
5 11 19.937963
5 15 7.317866
6 8 7.341868
6 8 10.823908
6 10 7.486846
6 13 9.607098
6 22 7.341868
0 7 6.588773
0 9 9.761333
0 11 9.906653
1 9 5.400923
1 12 4.981426
1 22 4.959437
2 8 6.603564
2 18 5.822500
2 22 5.727049
3 0 5.686995
3 9 8.807772
3 10 4.818101
3 22 8.873939
4 1 4.583069
4 4 9.601311
4 8 16.430801
4 11 6.969397
4 21 12.052360
5 8 11.458839
5 11 8.505024
5 12 6.862576
5 14 8.134396
5 16 9.131538
5 16 5.399619
5 17 3.699898
5 22 4.215472
6 13 6.649776
0 14 7.317866
0 18 7.616440
0 18 7.441898
1 0 6.308813
1 1 9.446450
1 1 7.734343
1 8 9.372598
1 8 9.601311
0 10 14.917264
0 12 12.135152
2 15 7.317866
2 21 5.886022
4 9 14.672438
4 19 9.514912
6 19 15.103890
6 19 7.441898
0 21 2.844922
3 9 5.720936
3 9 13.020596
5 16 3.361737
0 11 10.115823
4 17 6.672047
4 23 8.146120
0 1 5.685209
0 3 7.863249
0 12 10.966125
0 15 4.911785
1 0 9.607098
1 0 20.266235
1 19 9.704166
2 17 7.221509
3 1 11.540176
3 1 12.022388
3 16 4.919616
4 17 5.970094
0 1 10.870427
0 5 9.767216
0 11 8.461035
0 14 7.341868
0 17 9.761333
1 7 11.321547
2 8 8.251030
2 16 8.403586
2 16 6.418156
3 13 4.818101
3 16 6.416311
3 17 10.093426
3 18 7.221509
3 23 8.075887
4 0 9.926223
4 1 7.317866
4 2 17.729195
4 12 7.317866
4 18 4.210724
5 1 8.637372
6 11 7.221509
6 18 6.250919
0 1 8.925787
0 21 13.372670
1 17 8.266631
1 23 5.062143
2 17 9.926223
2 17 4.989439
2 23 4.034085
4 1 10.448655
4 1 10.496576
4 2 7.341868
4 14 7.317866
5 1 8.972563
5 2 12.553775
5 16 9.017840
5 16 2.647832
5 16 6.572678
6 11 9.601311
6 17 11.331963
6 18 3.940917
6 23 10.648726
6 23 6.253280
6 23 7.315252
0 2 7.341868
0 9 7.795079
0 13 8.915047
0 13 11.417893
0 19 12.166907
0 22 6.762484
0 23 9.778628
1 9 2.732250
1 9 11.520828
6 12 6.865427
0 14 3.667350
0 17 3.859423
1 9 11.249243
1 20 8.021621
1 23 14.959778
3 6 13.253769
3 23 5.886022
4 9 4.210724
4 10 9.606022
4 22 7.499155
5 9 13.333759
6 15 3.873016
6 15 4.740389
0 2 7.341868
0 6 9.101364
0 13 8.901791
2 19 6.071282
6 14 8.050347
0 10 11.924743
0 20 9.618869
1 14 6.787807
1 19 9.761333
2 10 7.416345
2 17 9.761333
4 8 11.835241
4 22 3.207424
5 12 6.020607
5 13 3.971678
5 14 7.466307
6 4 9.893717
6 7 7.148408
6 14 6.880839
6 18 10.807259
0 6 9.837299
0 10 12.369689
0 10 6.398791
0 12 9.761333
0 13 17.634764
6 6 6.023275
6 13 3.886822
6 14 12.544914
2 0 8.889663
2 0 7.037997
4 15 7.737038
5 22 3.151629
5 22 9.723652
6 7 7.762908
6 19 3.306627
6 22 7.084330
6 22 3.884893
0 23 9.601311
1 0 8.311549
1 16 10.275086
1 18 7.254302
1 19 7.994789
1 20 7.955715
1 21 19.021570
1 22 9.979056
1 22 7.602005
2 7 9.601311
2 8 16.449873
2 12 7.815895
2 13 8.541829
3 13 10.648726
3 15 9.463189
3 19 3.941705
3 20 1.229052
5 0 5.522127
5 9 7.081806
6 4 8.424910
6 21 6.700312
0 17 8.612940
0 22 8.253985
0 22 11.443147
0 23 3.115374
0 23 2.157708
1 14 3.561265
3 22 10.026488
4 1 11.269865
4 2 11.540176
5 22 6.860467
6 13 5.970094
6 20 8.873939
0 9 7.341868
0 17 16.100695
6 8 2.500704
4 1 8.505024
4 11 4.898402
4 16 1.373839
5 13 13.015110
6 7 5.867450
6 7 15.003076
6 13 10.852462
0 7 8.389992
0 19 7.000572
1 14 8.117949
1 19 8.183259
2 23 10.458570
3 18 3.103142
3 23 18.163181
4 22 12.158639
5 17 2.058207
5 17 4.414160
5 18 7.734343
6 0 11.704809
6 0 2.605125
6 7 6.649776
6 8 10.160739
6 8 6.861474
6 9 9.151249
6 9 6.464500
6 16 5.400923
6 21 11.861984
0 11 2.985762
0 11 12.829355
0 13 7.570207
0 18 44.378231
1 10 5.413250
3 12 12.259878
3 17 8.275458
3 18 3.295754
4 20 5.067313
6 22 7.341868
6 22 13.865536
1 9 9.610353
1 20 8.501803
1 20 9.607098
6 23 7.197902
0 14 18.026451
3 7 17.470781
4 15 7.609595
5 12 6.922533
5 23 9.101364
6 10 2.808201
6 11 13.983643
6 11 5.002210
6 13 9.932762
6 14 1.465429
1 8 10.282713
1 11 20.741144
1 11 9.767216
1 13 7.221509
1 15 6.630188
2 8 12.350120
4 7 6.648091
4 10 11.967841
4 14 14.134518
4 15 7.705884
4 18 9.010461
5 8 12.229750
5 22 9.926779
5 23 1.732245
5 23 10.059854
6 14 7.762908
0 17 4.878489
2 21 7.341868
2 22 8.789788
3 19 7.317866
4 12 3.182303
0 16 9.607098
0 17 6.396529
1 12 5.970094
1 13 9.926223
1 16 8.130962
1 18 11.650366
1 20 5.191386
1 23 9.767216
6 10 10.011639
6 15 9.091557
0 13 9.796804
0 17 26.716902
0 20 3.911633
0 22 17.588497
1 12 15.241006
1 15 9.113206
3 0 6.624253
3 0 10.448655
3 0 6.652606
3 1 6.652606
3 8 12.229750
3 8 4.898402
3 11 7.060638
3 15 6.539106
3 19 14.023437
3 23 9.587085
4 8 6.649776
5 2 8.539199
5 2 6.001825
5 2 10.091073
5 8 11.453334
5 8 9.151249
5 8 10.094463
5 19 8.530962
6 15 7.317866
6 23 3.325670
6 23 9.968646
1 3 4.405339
1 3 12.556624
1 9 7.197902
1 16 8.131113
1 17 7.264073
1 17 8.157631
1 18 9.993485
1 18 7.292739
2 0 8.612940
2 18 7.466307
2 19 13.278477
3 8 14.293487
3 9 5.652003
3 21 9.139027
4 0 17.892721
4 19 7.317866
5 9 8.003983
5 10 9.767216
5 22 6.682222
5 23 9.928145
6 9 8.263630
6 10 6.649776
6 21 19.940193
6 21 7.952055
0 9 10.104605
0 9 6.521496
0 15 8.667966
0 23 9.051315
1 10 9.740953
1 11 19.187286
2 1 11.148893
2 9 8.746315
2 9 6.858815
2 23 4.215642
2 23 9.255625
3 0 2.663104
3 1 6.649776
3 1 7.530396
3 8 13.498643
3 9 4.521602
3 13 4.878489
4 13 9.920231
4 20 5.837409
5 12 10.649991
5 14 5.002210
6 13 9.493974
6 15 7.204820
0 2 5.896780
1 1 13.413138
1 9 4.592252
2 14 8.809491
2 17 8.807772
3 16 2.355683
4 7 8.497154
4 8 12.879399
4 13 9.151249
4 19 9.757155
4 20 12.222762
4 23 10.653140
5 1 4.721118
5 7 8.406744
5 21 8.588420
5 21 6.992255
6 14 7.728282
6 23 1.378937
0 7 9.532785
0 18 3.500813
1 6 9.761333
1 18 9.778628
1 20 7.105033
1 20 11.045857
1 22 10.823908
2 15 11.223136
2 15 2.366009
2 16 7.251964
2 22 7.221509
2 23 1.009578
2 23 2.305240
3 18 7.448753
3 19 9.767216
4 1 7.863249
4 1 9.932762
4 11 9.607098
4 16 6.204396
4 20 7.054067
4 20 5.630657
5 21 9.010461
5 23 11.248869
6 0 4.977065
6 5 4.141313
6 23 7.728282
0 1 9.767216
0 3 4.995726
0 18 9.302111
0 19 7.317866
0 20 6.649776
0 23 18.407501
1 1 15.388590
1 21 10.660336
2 6 7.863249
2 13 9.601311
2 16 7.191884
2 21 12.828084
2 22 3.878928
2 23 3.940917
2 23 14.000482
3 18 3.876312
3 19 9.316828
3 20 2.691962
3 22 7.197902
4 14 6.969397
4 21 11.678939
1 12 10.268506
6 8 8.857105
6 9 11.093510
6 17 5.273186
0 18 11.263076
0 21 2.459025
1 14 10.426327
2 9 14.737233
2 17 5.686212
2 23 7.583190
3 17 9.151249
4 0 14.370092
4 0 7.486846
4 22 9.906653
5 1 8.338032
5 2 7.734343
5 2 12.369689
5 3 7.459719
0 14 6.754954
1 13 9.926779
1 15 6.629763
3 13 5.078814
4 19 2.605125
4 19 7.289697
5 12 7.955715
0 0 7.341868
0 18 8.383907
0 20 4.210724
0 22 9.032892
1 22 9.278208
2 8 10.780734
3 9 12.271493
3 17 2.401241
4 0 8.134443
4 0 1.491178
4 0 9.601311
4 0 9.453546
4 8 10.275086
4 19 12.369689
5 0 3.235402
5 18 2.784788
6 17 6.071282
6 22 7.955052
0 1 10.982664
0 15 6.652606
0 16 7.148408
0 19 8.810242
0 23 9.278208
1 0 8.009311
1 0 4.818101
6 18 3.361737
0 0 6.649776
0 1 5.162250
0 14 5.551759
0 15 6.321533
0 18 8.578090
2 23 8.736943
3 0 7.845566
3 16 7.983127
5 11 14.865613
6 10 7.574584
6 10 6.639129
0 10 10.241708
1 0 7.221509
1 16 6.969397
3 9 12.447577
3 14 9.783384
3 14 4.103810
3 15 5.200635
3 17 7.317866
3 19 7.360281
4 19 6.465240
4 23 6.674426
4 23 9.341957
5 16 11.255555
0 2 29.176987
0 6 4.583069
0 20 7.197902
0 21 8.578090
1 18 3.361737
2 11 7.595036
2 14 6.731759
4 20 9.452145
4 20 10.548450
5 14 7.317866
5 19 7.948706
6 18 38.868172
0 1 10.097930
1 3 9.601311
0 19 11.713598
1 1 7.863249
1 6 6.839693
1 8 10.653140
1 15 4.898402
2 22 8.366857
3 17 4.671392
3 19 6.648091
4 8 9.767216
4 9 13.233963
4 10 5.973660
4 11 7.333114
4 12 7.863249
4 13 7.734343
4 14 9.010461
5 18 2.795117
5 21 9.761333
5 23 7.507477
6 1 8.475675
2 8 4.735833
2 11 9.010461
2 11 9.982461
2 12 7.983127
2 14 5.952866
2 15 5.015957
2 16 7.840571
3 1 7.081806
3 8 9.640043
3 9 10.282713
4 23 7.341868
6 3 12.350120
6 20 7.995790
6 21 7.884805
6 23 9.296507
0 19 10.094463
1 17 7.081806
1 22 9.438807
2 7 8.889154
2 8 9.906653
2 9 6.969397
2 14 8.266631
2 19 9.162667
4 20 11.112522
4 22 11.167912
5 23 7.863249
5 23 12.585299
6 0 4.919616
6 22 5.782411
0 8 4.740389
1 7 14.525845
1 11 6.912530
1 14 10.022840
1 15 8.371607
