3 16 4.388336
0 1 5.072406
2 6 14.165203
2 9 9.918189
0 13 14.000805
0 19 9.287406
1 16 12.512809
0 13 10.850936
6 12 7.414924
5 8 8.019485
5 17 15.255529
4 21 9.864969
0 9 11.639861
0 23 7.341779
2 21 1.380562
5 9 18.576105
4 19 9.127577
3 8 7.475450
5 13 7.451022
5 22 8.596052
4 9 10.511640
1 13 14.528883
3 1 14.165203
4 0 6.206087
5 9 14.257922
1 11 11.100480
4 17 12.682805
2 13 9.781714
2 19 11.361680
1 2 16.216242
2 9 6.213331
2 14 11.531148
2 21 8.723285
6 19 15.496517
1 19 10.665882
0 12 9.533473
6 15 7.279224
0 2 7.201072
1 16 13.580052
2 18 11.056209
0 18 8.207901
1 0 6.258546
6 3 5.681474
5 13 11.626999
3 22 3.154224
4 4 11.290874
4 12 11.112580
6 2 7.886717
1 16 15.736310
2 16 9.455657
5 2 16.840176
1 1 2.395613
1 13 8.026726
5 17 11.919565
5 17 9.871183
0 2 10.640462
1 1 7.886717
4 19 12.986407
6 14 9.767789
2 16 14.027956
3 16 4.693910
4 14 8.852058
6 0 7.333920
0 7 4.122996
5 17 12.612411
4 8 9.442196
5 13 6.303502
6 21 14.176691
4 12 9.677647
6 21 6.535887
4 11 12.884561
4 20 10.300577
1 0 12.494482
1 20 13.995773
1 22 10.862028
6 15 7.570138
4 22 14.678862
5 14 6.492002
5 14 6.805818
0 23 17.103163
4 21 11.276053
6 2 6.297129
4 2 13.995773
5 13 4.798755
0 7 11.057245
0 8 5.997265
0 14 9.433252
2 3 6.514271
3 11 13.495605
2 11 7.757426
3 15 8.575684
1 6 10.721944
3 5 13.330914
4 6 9.450632
5 5 6.316887
6 7 8.452978
0 3 10.840733
0 4 8.709304
0 5 6.034850
2 7 10.351829
2 11 10.192570
4 6 14.765739
4 15 14.165203
1 6 10.297185
2 4 15.478337
3 5 13.932986
3 17 11.591997
4 12 11.122386
5 5 14.194106
6 6 7.273271
0 1 6.611757
1 4 12.877457
2 6 9.442196
0 3 7.889446
1 3 12.405649
0 20 10.174911
3 3 9.005816
6 19 15.751879
2 23 7.757426
0 23 10.009386
1 11 9.520143
0 20 7.994281
0 21 9.248286
3 12 4.233402
3 13 4.148274
3 15 10.246029
3 16 13.948869
5 20 6.086864
4 19 8.093187
5 15 13.196792
5 10 12.297845
5 22 15.993979
0 15 5.882478
5 6 7.729917
5 23 11.020147
4 9 8.065605
2 18 11.122386
5 11 9.675512
0 7 9.173086
0 9 9.000602
2 18 4.681714
6 19 31.473986
3 22 13.857516
5 13 9.461613
6 17 14.667089
3 0 10.416425
6 20 9.439086
1 22 5.072745
4 20 13.948705
6 17 13.330914
0 22 9.123682
1 0 7.315944
1 20 6.316887
3 6 6.921364
4 9 8.301807
1 6 9.446494
3 18 10.613116
4 21 8.616016
3 13 6.869595
2 11 7.632307
4 10 9.275099
6 8 12.973889
6 17 7.675728
0 4 2.086182
3 23 7.938433
5 13 12.600724
6 9 11.682616
2 21 9.781778
0 6 8.093187
6 3 15.470382
4 12 11.031785
1 10 9.300646
5 17 11.578382
3 18 12.049897
5 4 6.316887
5 4 8.754246
2 9 13.025786
6 18 9.442196
1 11 11.100480
2 2 12.506123
2 12 11.100480
6 21 9.409425
3 2 8.100541
3 23 8.616016
1 8 9.442196
2 20 14.512488
1 22 12.591594
6 15 9.471771
0 19 9.455657
5 17 10.054947
3 8 6.806798
4 7 9.461613
6 21 6.190451
6 22 14.687202
6 1 8.332472
2 10 8.239418
1 18 9.549503
3 0 6.303502
0 1 14.165203
0 7 11.679782
0 7 10.490574
6 12 8.252007
2 9 9.442196
2 23 16.568769
6 10 6.403860
0 20 11.277670
0 23 8.992567
2 12 6.303502
6 9 9.721897
0 3 16.504013
1 10 11.019572
6 6 13.735099
1 1 5.997265
6 9 10.840733
6 21 10.842119
5 6 12.591594
6 15 8.499135
2 12 10.185847
1 12 12.474891
5 11 15.993979
2 10 12.591242
1 15 16.573565
1 21 13.995773
6 22 6.996810
1 9 7.110303
0 12 6.316887
4 7 5.277439
6 5 9.284347
6 8 4.727299
3 19 11.916842
4 16 11.022821
6 17 13.330914
0 3 15.750122
4 12 6.763659
6 12 9.960345
5 21 8.347946
6 14 3.144974
0 13 4.923062
6 11 7.060033
3 7 6.303502
4 7 13.795367
6 7 11.288624
1 8 5.812734
3 6 7.885827
3 7 9.767789
4 6 12.792239
4 13 12.394156
5 7 7.760111
5 13 10.842119
3 7 12.005254
4 6 8.713002
5 7 3.144974
0 8 13.118454
1 9 5.659451
4 15 4.915800
0 18 13.520683
0 1 13.422929
5 19 14.697095
0 21 11.890130
1 21 12.494482
4 7 9.462992
4 13 16.678143
2 21 7.885827
6 7 10.416425
4 19 8.270096
3 23 12.777514
6 20 7.710770
2 21 12.877457
0 11 15.268116
1 20 9.471771
0 9 10.860592
0 22 9.284347
3 18 9.871183
0 18 9.020202
3 19 8.278385
0 1 12.317568
2 19 10.909151
1 22 13.758993
2 22 9.239239
0 2 9.462992
6 9 7.886717
0 11 11.022821
6 15 11.449326
5 20 6.303502
0 16 11.475561
3 8 8.127247
1 13 9.455657
1 12 4.971417
6 8 11.041950
5 13 18.200115
0 22 7.757426
2 19 6.297129
0 10 4.795799
