3 16 9.446621
4 22 7.195839
0 1 15.762177
2 6 14.165203
2 9 9.918189
0 13 14.000805
0 19 9.287406
1 16 12.512809
0 13 10.850936
6 12 11.631293
5 8 1.652453
5 17 15.255529
4 21 13.932396
0 9 17.327265
0 22 10.450922
4 20 9.741254
0 23 7.341779
2 21 7.877560
5 9 18.576105
4 19 12.808119
3 8 11.012326
5 13 7.451022
5 22 8.596052
1 13 14.528883
6 1 12.244700
3 1 14.165203
4 0 6.206087
5 9 14.257922
1 11 15.113334
3 23 11.449787
4 17 9.861785
5 1 15.798443
6 13 3.947363
2 13 9.781714
2 19 11.361680
0 1 12.155862
1 2 5.966079
2 9 36.717789
2 14 11.531148
2 21 8.723285
6 16 9.615963
6 19 15.496517
1 19 14.653037
0 12 11.127277
6 15 5.051676
0 2 18.187126
1 1 8.204797
1 16 5.144803
2 18 11.455062
3 7 14.791729
0 18 13.224277
1 0 17.740211
1 0 7.951457
1 0 7.407538
6 3 9.723732
5 13 14.174988
4 4 4.796003
4 12 11.112580
6 2 7.886717
1 7 8.562709
1 16 15.736310
2 16 9.455657
5 2 9.784330
1 2 19.837460
1 13 8.026726
5 17 15.337599
5 17 9.871183
3 3 9.710292
0 2 12.886353
1 1 7.886717
4 19 11.454104
6 14 9.767789
2 16 14.027956
3 7 4.436712
4 14 8.852058
6 3 7.690729
6 0 7.333920
0 7 12.194098
5 17 12.612411
4 8 9.442196
5 13 10.664739
6 21 14.176691
4 12 9.677647
6 21 19.679985
4 4 3.229528
4 22 15.402215
4 11 7.787250
4 20 10.300577
0 21 15.113581
1 0 6.297223
4 23 4.918145
1 20 13.995773
1 22 13.165751
6 14 6.291437
6 15 9.458186
4 22 14.678862
5 14 6.805818
0 23 17.103163
0 16 39.473629
2 14 11.012326
4 21 11.276053
6 2 6.297129
4 2 13.995773
5 13 4.716070
0 7 11.057245
0 8 5.997265
0 14 9.433252
2 3 6.514271
5 17 5.162719
3 11 14.653037
2 11 7.757426
3 15 8.575684
1 6 10.721944
3 5 13.330914
4 6 9.450632
5 5 12.599515
6 7 15.746927
0 3 12.419414
0 4 8.709304
0 5 12.599515
2 7 16.915632
2 11 8.011372
4 6 14.765739
4 15 14.165203
5 21 12.036255
1 6 13.949349
2 4 15.478337
3 5 13.932986
4 12 5.320908
5 5 14.194106
6 6 11.994905
0 1 6.611757
1 4 12.877457
2 6 9.442196
0 3 15.488781
1 3 12.405649
0 20 10.174911
3 3 15.746927
6 19 15.751879
2 23 7.757426
0 23 13.511694
0 15 8.738107
1 11 3.943744
0 20 7.994281
0 21 9.248286
3 12 9.934638
3 13 11.254069
3 15 5.475845
3 16 13.948869
5 20 6.086864
4 19 10.839571
5 15 13.196792
5 10 12.297845
5 22 15.993979
0 15 7.748420
5 6 13.942611
5 23 11.020147
4 9 6.809563
0 23 9.888871
6 7 6.868808
2 18 7.115335
5 11 11.812045
0 7 9.437906
0 9 9.000602
2 13 6.023881
2 16 9.008805
2 18 5.880676
6 19 31.473986
3 22 12.155862
5 13 14.174988
6 17 14.667089
0 14 5.812915
3 0 10.416425
6 20 7.560974
1 22 9.291758
4 20 13.948705
6 17 13.330914
1 7 9.988844
0 22 9.450716
1 0 12.155862
1 20 11.630322
3 6 12.022069
4 9 8.301807
1 6 9.446494
4 21 14.164602
3 13 6.869595
3 14 8.526957
2 11 7.632307
4 10 14.164602
6 8 4.654911
6 17 4.353295
0 4 14.174988
3 23 15.743988
5 13 12.600724
6 9 11.682616
2 21 9.781778
0 6 9.283186
0 13 8.850756
6 3 15.470382
4 12 11.031785
1 10 9.300646
4 10 8.221944
1 19 23.441498
5 17 9.291758
0 11 8.594016
3 18 5.175799
0 13 12.768526
5 4 2.155964
5 4 3.536173
2 9 13.025786
6 18 9.442196
1 11 8.459661
2 2 11.246785
2 2 12.506123
2 12 8.594016
3 14 6.827065
6 21 8.719957
3 2 8.100541
3 15 6.192318
3 19 5.893622
3 23 4.562804
3 23 10.931031
1 8 9.442196
2 20 17.045879
1 22 12.591594
6 15 3.152155
0 19 9.455657
6 14 7.065944
5 17 10.054947
3 8 7.446425
4 7 4.238053
1 8 7.877560
6 22 14.687202
6 1 8.332472
2 10 2.242614
2 15 12.352327
5 11 9.749585
1 18 7.610609
3 0 9.283186
0 1 14.165203
0 7 10.490574
6 12 8.252007
6 12 11.656443
1 14 12.929138
1 20 8.932146
2 9 9.442196
2 23 14.176342
4 16 8.911156
6 10 6.403860
0 20 8.171886
0 23 8.992567
2 12 11.994905
6 9 12.194098
6 15 8.408217
0 3 16.504013
1 10 11.019572
6 6 13.735099
1 1 5.997265
6 9 9.830370
6 21 10.842119
1 20 14.470996
5 6 12.591594
4 12 9.825092
6 15 4.723310
2 12 11.012326
2 12 10.185847
1 12 4.714898
5 11 15.993979
2 10 12.591242
1 15 16.573565
1 21 13.995773
6 22 6.996810
1 9 7.110303
5 12 10.487929
0 12 13.490098
4 7 11.213856
6 5 3.152155
6 8 10.165224
3 19 7.877560
4 16 11.022821
6 17 13.330914
2 16 5.444638
0 12 6.869697
0 3 15.750122
4 12 13.497366
1 21 11.812045
2 1 12.599515
6 13 11.833190
5 21 9.767360
6 14 6.827065
0 13 9.133457
6 11 7.060033
3 7 11.020230
4 7 13.795367
6 7 6.514368
1 8 5.812734
3 6 4.160204
3 7 9.767789
4 6 12.573591
4 13 12.394156
5 7 9.141891
5 13 10.842119
1 6 8.203444
3 7 12.005254
4 6 5.144803
5 7 12.594650
6 20 6.177998
6 14 6.315781
1 9 5.659451
4 15 9.172602
0 18 13.520683
0 18 10.831796
0 1 6.868808
1 19 5.639090
5 19 14.697095
0 22 5.051676
1 21 7.385483
0 14 12.792274
4 7 14.164602
4 13 16.678143
6 0 13.942611
2 21 11.246785
6 7 10.416425
4 19 8.270096
3 23 5.188954
6 20 7.710770
1 23 5.337941
2 21 12.877457
0 11 15.268116
5 15 6.072866
1 20 12.098917
0 9 10.860592
0 22 7.877848
4 21 6.088787
2 7 8.420675
3 18 9.871183
0 18 12.599515
3 19 11.118148
6 0 13.618216
0 1 12.317568
0 7 6.473128
2 19 5.046242
1 22 13.758993
2 22 14.551055
0 2 10.956100
6 9 7.886717
3 2 8.622952
2 20 8.303790
0 11 11.022821
6 15 11.449326
5 20 4.638757
0 16 11.475561
0 7 12.599515
1 13 9.455657
1 12 4.971417
6 8 7.361003
5 20 4.353295
2 19 12.115950
5 13 18.200115
0 22 7.757426
4 20 12.392203
2 19 6.297129
