5 21 4.061518
1 19 4.600185
6 23 5.882092
6 17 6.355376
6 11 11.635992
6 16 3.335647
2 22 8.911084
5 1 9.110074
1 20 10.312697
1 20 10.466179
6 10 10.077736
6 21 6.628097
2 22 6.546499
3 8 9.743073
4 21 4.480444
1 0 3.820832
4 1 8.035010
6 11 5.293916
0 14 6.394791
1 14 11.625585
3 10 5.239769
5 2 10.451750
6 3 9.035027
6 8 16.066206
6 14 6.264388
2 9 6.834481
3 1 14.958817
1 11 3.389448
6 13 6.140785
0 17 4.930665
0 17 6.028152
3 18 8.726994
6 11 8.379043
6 21 6.876309
0 9 10.129625
1 9 9.102774
1 10 9.520357
2 15 5.227185
3 12 7.723808
3 12 4.284499
6 0 6.453151
6 3 3.502429
6 16 11.018188
0 9 9.137855
0 11 11.779776
0 18 6.553982
2 18 11.140843
3 11 5.811886
4 11 6.445417
4 11 6.990914
4 19 10.467279
1 13 3.875733
5 23 11.428943
1 13 9.670693
5 8 5.078202
5 13 5.153871
6 0 8.597099
6 23 14.284016
3 5 13.142254
6 1 6.350271
0 6 10.329553
6 23 6.978793
0 10 9.418576
1 22 5.519143
2 13 3.488159
3 6 15.172504
4 7 6.569326
6 12 12.230392
2 0 5.282224
3 13 4.190365
4 23 7.900521
6 11 6.456770
6 15 8.694070
1 18 11.508937
4 23 11.418850
5 22 10.467279
5 23 7.358857
0 23 4.602532
4 23 11.140843
1 17 5.153871
4 21 10.692160
5 0 9.743355
6 0 10.215157
6 12 5.112122
0 20 6.602538
1 5 9.350350
2 18 7.015473
2 21 6.468260
3 21 5.735994
4 1 6.654827
6 22 9.299343
2 0 8.057229
2 7 11.214942
1 6 17.964769
6 14 8.901999
3 7 6.876309
4 0 8.058870
5 3 6.990914
6 19 6.304641
0 16 10.467279
1 15 10.253729
3 0 7.728433
6 18 12.022923
4 21 4.900486
6 8 8.476516
0 9 7.626451
0 2 8.405830
1 2 5.924777
5 2 6.781240
0 1 5.981823
0 4 8.715670
0 20 11.289593
1 0 8.715670
5 5 12.230392
6 7 13.766216
6 10 10.304837
6 20 40.293491
2 2 6.540299
2 5 10.474945
4 1 8.733859
6 1 4.025936
6 14 4.978271
0 2 7.249566
3 22 8.153595
6 19 5.519143
1 6 10.507288
0 1 8.341801
0 4 5.929329
3 3 7.767682
3 14 3.322057
0 21 8.229217
4 12 4.681061
6 2 6.904463
1 2 6.880165
1 21 10.828219
4 23 7.225390
0 9 5.075284
1 0 4.763426
4 0 10.635124
4 22 3.502429
2 7 7.809516
4 19 7.588690
3 6 11.508937
4 0 3.283527
0 9 4.122360
0 10 7.164249
5 1 10.640615
5 15 8.445477
4 13 6.569326
1 10 8.874909
2 4 9.670644
6 21 4.978271
6 23 5.070744
0 7 13.286963
0 8 5.282526
0 23 5.239769
6 7 8.971953
0 17 3.488159
1 1 11.018188
6 1 6.370256
6 17 6.892408
2 20 3.502429
6 15 15.733684
6 17 8.715670
6 21 6.994834
0 0 12.437687
0 23 11.067323
6 10 12.541957
3 21 4.900486
5 6 11.508937
5 11 7.080157
0 2 6.344357
0 15 9.218761
2 8 3.488159
4 21 8.434519
6 20 8.916507
6 11 3.375638
1 20 7.785868
3 13 6.892408
6 10 6.990914
1 1 12.203359
1 4 5.343266
6 7 8.572790
6 13 5.586028
0 7 5.656475
0 8 6.152954
0 10 8.568770
0 10 11.026258
0 11 11.984424
0 12 8.772693
1 22 12.437687
4 6 7.680180
5 5 6.751276
6 0 8.170940
6 17 14.375734
6 22 4.452970
1 6 20.513090
2 6 8.733859
4 5 8.594321
4 23 8.771527
5 6 6.978793
5 12 8.112870
5 19 3.701674
0 11 5.282526
0 18 11.999706
1 5 5.328578
2 6 8.737560
3 23 6.978793
4 5 12.230392
6 18 15.660001
0 14 3.671747
6 22 15.616281
4 2 7.401879
4 4 11.142156
1 3 10.304785
1 10 13.580329
2 2 10.232395
2 23 10.474945
3 23 5.227185
4 4 6.994834
1 4 14.406890
3 2 9.501591
3 6 5.762756
4 4 10.213642
4 9 8.209596
0 11 5.282526
0 20 10.458097
4 20 5.499782
0 2 12.029894
0 22 9.698378
2 21 13.464963
2 17 5.947900
6 14 3.547281
1 17 6.511351
3 18 9.520357
4 0 2.906052
4 23 11.811001
5 10 11.018188
0 23 5.239769
4 15 3.502429
5 3 12.659509
6 18 5.153871
0 9 8.863393
3 14 6.864387
4 0 10.267052
0 7 6.603158
0 7 10.280410
0 15 5.702383
0 17 8.726994
0 18 9.621338
3 21 11.320266
6 22 3.283527
0 2 6.179840
0 8 6.454174
0 6 10.304785
6 22 7.088301
1 13 7.097078
3 4 1.763404
4 4 8.181557
6 13 6.453151
2 4 5.282526
6 20 6.990914
3 11 5.227185
4 21 8.907347
5 18 8.181557
5 22 8.737560
3 13 4.480444
1 7 10.131063
1 18 5.377626
2 2 9.670644
2 6 10.467279
2 9 13.522553
2 17 11.181562
3 0 9.772393
3 0 8.594321
3 23 4.912283
3 23 6.982535
0 5 8.583928
1 0 9.954047
1 7 8.381268
1 10 8.615302
1 11 7.109404
3 3 12.199701
5 7 12.884700
5 21 8.509424
0 19 10.652487
1 23 10.521820
1 23 13.374364
2 6 10.929364
5 8 11.991145
6 11 9.345390
6 8 7.700289
0 13 5.449618
3 2 13.872790
1 1 12.314445
3 2 10.476531
0 2 13.029979
0 9 8.901999
0 11 6.876309
6 0 10.476584
6 22 7.097078
0 19 9.725862
6 21 7.852021
2 12 6.619873
2 20 4.024799
2 23 11.165595
3 0 8.881890
4 7 8.615302
0 18 7.007281
4 4 6.978793
4 19 10.791523
4 23 12.331003
5 21 9.027925
0 23 10.451750
3 1 6.876309
4 8 3.551609
6 0 14.378039
6 9 12.148648
0 8 12.203359
4 2 13.736135
0 0 8.638496
1 8 6.994834
1 16 6.658013
2 22 8.408738
3 21 3.488159
6 0 7.815218
0 17 9.035027
2 21 9.065115
2 21 8.831767
3 23 5.420450
4 20 6.646470
0 10 7.516622
1 0 3.771717
1 20 6.978793
2 3 12.222345
2 19 10.474945
6 3 6.968287
0 23 4.176687
1 4 10.368652
2 22 6.990914
2 9 6.864387
3 0 12.837740
1 7 8.049317
0 5 8.583928
3 6 10.467423
4 6 7.900521
6 13 5.560554
0 6 10.474945
1 21 10.837790
2 0 6.441963
2 1 7.700289
3 9 5.227185
0 20 3.488159
0 21 8.863393
0 21 7.962628
0 23 5.328578
1 1 6.658013
1 3 7.231980
1 20 3.752603
1 23 5.931813
2 0 7.962628
2 1 11.050065
2 1 11.018188
2 3 15.706376
3 6 7.346098
0 11 3.488159
6 21 8.311422
6 10 6.978793
6 0 3.686768
6 23 5.987237
1 20 7.066759
2 13 6.990914
3 21 7.982990
4 23 7.053617
6 0 8.738643
6 18 6.978793
0 6 5.716111
1 20 3.616540
2 21 5.236019
4 22 5.895059
3 13 6.978793
0 7 8.881890
0 8 3.502429
0 11 3.430976
6 15 5.153871
0 18 10.736605
0 19 10.303225
0 20 9.031018
2 6 6.765400
4 19 8.874909
5 17 8.874909
6 19 3.445012
1 7 8.907347
6 15 6.765400
1 6 8.737560
3 6 10.304837
1 19 6.456770
1 20 8.726994
4 5 5.239769
4 22 3.233011
5 18 5.980218
5 21 5.460219
5 23 5.282526
2 7 11.428943
2 17 10.310106
3 21 11.613055
4 7 4.176687
5 22 6.416043
6 12 3.404289
0 17 8.217231
1 16 6.990914
2 4 15.706376
3 4 3.616540
4 22 4.545363
5 13 5.702383
0 0 12.203359
2 6 10.467279
2 7 5.141493
2 9 9.618569
3 10 5.846228
3 10 6.370256
3 13 3.547281
4 22 9.819860
6 14 6.101679
1 6 9.515708
2 22 3.743287
3 6 6.876309
3 13 8.715670
4 6 6.978793
6 2 6.933145
1 7 10.948613
2 6 12.828471
3 13 3.283527
5 6 9.662104
0 0 5.147795
1 7 7.939872
2 22 8.631336
4 1 6.689066
4 7 4.876178
4 20 5.612456
5 6 8.572790
6 1 6.876710
6 7 8.572790
6 18 5.095049
6 18 7.046803
6 20 1.824211
1 1 10.467279
2 3 10.476531
5 1 11.320266
1 22 12.890835
2 2 9.520357
2 5 8.711974
2 18 8.737560
5 6 2.351206
5 8 6.743650
6 22 11.126387
1 11 6.344357
5 0 13.370926
5 3 7.094874
0 16 3.737314
0 21 9.787532
1 0 3.559191
1 0 6.082465
5 1 6.978793
6 1 10.295684
0 2 9.186309
0 4 11.508937
1 3 5.651392
6 1 10.230606
0 0 6.864387
3 14 6.978793
0 0 4.271568
0 1 5.515546
6 23 5.195927
0 10 12.406475
0 11 8.726994
0 21 11.490640
2 12 6.355376
2 20 8.716406
2 23 3.389448
3 6 5.420450
1 6 6.757023
2 8 11.418850
4 7 5.515546
5 1 8.726994
5 6 10.280410
1 7 11.018188
2 21 8.715670
5 6 10.048357
1 1 11.860285
1 6 13.736135
1 7 6.264031
1 12 2.784323
1 20 5.614038
3 22 3.488159
1 5 5.668309
3 19 15.613267
6 18 9.696660
6 23 7.477279
4 0 1.679433
4 2 10.467279
6 8 7.700289
0 5 6.990914
1 19 9.696660
3 4 13.980133
3 20 10.451750
5 3 8.726994
1 14 3.545383
2 5 15.209494
3 7 6.619873
5 0 8.726994
5 20 9.647769
6 2 9.381968
6 5 4.904653
6 11 3.123725
6 19 9.866796
2 5 14.970767
3 17 8.590681
6 3 9.904527
4 20 3.445012
4 22 3.283527
6 18 6.978793
3 1 11.142439
0 0 5.255672
0 8 10.812155
3 18 4.679242
5 0 5.678149
5 21 9.065115
1 19 2.685896
2 8 6.430850
5 2 6.462389
6 21 6.306326
0 5 3.610840
1 9 9.065115
4 2 7.761827
6 4 9.801631
2 14 4.937530
3 2 8.858251
5 0 8.743543
6 1 5.227185
6 20 3.445012
0 4 2.276342
0 16 5.227185
5 18 8.516163
1 3 10.476531
2 12 16.058981
2 15 6.453151
4 21 5.972428
5 10 10.419016
5 10 7.075941
0 21 21.014576
1 2 10.069609
1 3 6.876309
6 9 8.733859
3 7 8.726994
4 2 6.864387
4 6 8.594321
6 7 6.990914
6 16 5.013473
0 22 8.726994
1 23 6.391671
2 18 4.408511
2 18 9.372330
4 11 3.445012
6 0 10.114596
6 6 7.933631
6 7 8.055687
6 9 6.986358
0 15 3.805265
2 0 11.214942
3 20 12.817889
0 7 11.017076
0 13 10.467279
2 0 2.994265
0 9 6.110854
6 21 4.899258
0 1 15.525061
0 2 7.686139
1 4 5.527516
5 23 5.931813
6 21 13.957991
2 12 5.907815
6 0 4.825093
5 4 8.812868
5 4 6.990914
0 16 5.311741
0 23 9.381309
1 18 5.968979
5 18 8.852066
5 22 10.640615
0 12 6.344357
6 19 5.030805
3 0 5.227185
4 22 8.045234
0 1 10.226147
6 23 24.183546
0 14 11.508937
3 22 4.978271
6 1 7.588690
2 6 12.230392
2 5 10.513957
2 23 6.810104
3 5 10.303225
5 5 10.476531
6 5 8.726994
6 19 1.763404
2 9 12.865626
3 23 9.264174
6 13 5.464682
6 18 3.270149
6 3 8.726994
0 3 10.450106
0 3 5.756032
2 19 6.079056
4 1 8.341801
4 2 4.900486
5 0 7.700037
0 19 10.280410
6 1 9.857697
6 3 6.034972
1 21 7.333982
2 21 8.726994
4 3 3.488159
6 11 8.874909
6 21 4.358203
1 9 8.601490
4 7 6.880165
6 6 6.272622
6 22 8.311422
6 22 6.468400
0 0 6.068516
0 9 9.186309
0 19 12.203359
1 5 6.990914
1 23 7.192132
2 11 7.477279
3 1 12.251137
5 16 5.515546
1 0 7.767682
1 2 8.455703
0 10 8.445477
2 0 10.476584
2 23 8.726994
6 23 14.094001
0 9 7.522817
2 3 12.329558
2 4 10.304785
3 2 7.750937
3 20 5.282526
4 2 10.476531
4 21 3.430976
5 23 9.977649
6 0 14.967311
0 2 9.350350
1 3 10.654099
3 22 13.506794
4 1 8.733859
5 23 12.203359
6 2 6.990914
6 3 12.278743
6 6 5.239769
0 14 8.572790
1 1 11.809702
6 10 7.417866
3 23 8.572790
6 3 9.662104
0 2 12.175441
0 3 10.467279
1 3 7.700289
1 9 9.684077
1 20 12.451975
1 17 6.180758
4 22 8.726994
0 2 12.369921
0 0 15.917425
0 10 7.199135
0 12 6.130323
1 22 14.975990
2 23 5.815661
4 16 8.812868
6 0 10.295684
6 11 5.427766
6 12 14.618490
3 21 9.574987
6 21 4.222739
0 12 5.227185
1 6 6.994834
2 12 4.978271
2 20 4.978271
3 6 10.295684
3 16 9.070010
4 8 8.737560
5 23 6.264031
0 3 10.513957
0 15 4.887111
1 3 12.420933
0 1 6.713072
0 2 7.069203
0 7 12.422599
1 5 12.223304
1 21 8.185916
4 11 5.088825
6 11 5.420450
6 17 8.583928
1 22 8.737560
2 22 6.569326
3 13 7.843783
6 15 9.350350
6 21 6.440838
1 19 6.929452
6 17 4.575308
6 23 9.027925
0 1 16.519901
1 6 8.831767
1 7 8.965729
0 23 11.153134
5 5 12.029894
6 2 8.224605
1 2 13.096397
1 6 10.467279
1 9 5.227185
1 13 11.469771
2 10 6.990914
2 16 9.377706
6 13 5.058566
6 23 7.387169
0 1 8.726994
3 22 5.539661
4 19 5.744614
5 14 6.978793
0 3 9.928641
0 19 12.203359
0 22 12.992101
1 5 4.176687
0 2 11.418850
0 4 9.357706
0 9 5.917567
3 19 5.156601
4 17 13.935385
4 23 12.782611
5 4 6.864387
3 23 6.267547
4 1 10.568713
1 18 7.365355
5 3 10.295684
1 20 8.758891
4 2 7.219233
5 20 6.876309
6 21 5.614038
0 16 5.282526
2 15 8.715670
5 2 11.320266
0 15 10.303225
2 14 7.785868
3 22 6.345423
6 2 5.502299
6 3 10.789628
0 14 5.153871
0 21 10.513957
0 1 7.346581
0 18 11.508937
0 20 5.811886
4 4 6.892408
5 0 15.269059
2 18 3.837525
4 21 6.732074
6 20 7.231980
1 19 9.662104
3 16 4.069395
5 1 8.445477
5 2 8.583928
1 0 12.090932
6 22 7.394958
0 2 5.016840
6 0 8.386036
6 12 8.408738
0 8 6.978793
1 1 8.055687
6 1 10.085318
1 6 8.715670
4 19 7.095838
6 1 11.283051
0 0 11.647220
0 11 6.864387
1 1 5.916327
0 8 8.565104
0 9 5.929329
0 10 10.472393
0 10 6.682612
6 20 7.991557
1 12 6.864387
3 8 6.834481
4 20 8.726994
5 16 6.006241
5 18 8.726994
0 1 7.824681
3 9 3.820832
0 13 5.315781
0 14 3.965014
5 6 5.227185
6 0 7.788475
0 18 8.653296
2 13 8.901999
5 19 6.180758
0 16 11.640590
0 19 6.990914
3 12 2.959799
3 21 4.592724
5 20 8.715670
5 22 8.723492
1 7 10.474945
5 1 10.645628
5 22 9.136244
5 22 6.548733
6 23 7.769765
6 2 13.580383
0 2 13.029979
0 7 8.583928
4 21 6.111652
6 0 8.336894
6 23 3.219840
0 1 12.309589
0 2 12.230392
5 18 3.488159
6 0 4.825093
4 10 10.162581
1 18 7.097078
1 20 9.816833
2 20 4.120505
2 20 4.679242
3 0 12.329558
4 21 8.964375
5 22 3.502429
6 5 4.679242
6 8 4.491230
1 1 6.579095
1 19 3.430976
2 20 5.153871
3 17 4.809285
3 18 6.430850
3 23 8.982460
4 1 8.715670
3 21 9.813074
5 1 11.320266
6 20 12.022923
0 9 4.876178
6 9 1.653192
0 18 7.933631
6 5 8.498546
1 21 8.615302
0 22 6.411791
2 6 6.068516
2 22 9.864802
3 17 9.061585
0 5 9.418576
6 21 4.191815
0 8 7.327439
2 22 6.326065
3 19 3.445012
4 20 6.990914
6 0 3.815407
0 0 7.983636
0 2 5.420450
6 8 9.174389
3 23 6.994834
4 23 6.887162
6 8 4.633802
0 0 2.777847
1 9 9.520357
1 18 7.820255
1 18 7.785733
3 10 4.627092
4 20 6.017359
5 21 11.508937
5 22 3.948860
6 0 5.609872
6 0 6.212386
3 11 6.280879
4 11 6.990914
6 21 7.007281
6 23 11.073427
0 0 8.036652
0 13 23.006336
1 19 10.908742
1 20 6.468260
4 20 6.453775
0 10 5.104627
5 11 2.619884
1 0 11.093963
3 19 10.474945
5 21 13.075027
0 23 4.447553
3 23 9.520357
4 20 7.939872
5 13 8.062024
0 2 5.420450
1 10 10.129625
2 23 8.162294
4 23 7.768657
5 0 4.352430
5 10 5.711073
5 19 7.359712
3 10 4.185791
5 0 16.467642
6 1 10.719678
6 6 13.729598
6 10 10.952590
1 5 11.018188
1 17 8.726994
2 7 9.197432
2 21 3.561792
4 16 5.181359
5 7 3.123725
6 23 4.427973
0 19 8.572790
2 9 7.059485
5 6 9.350350
6 15 8.374552
5 1 5.702383
5 2 11.860562
0 8 10.948613
0 9 10.476531
0 11 7.007281
0 17 6.182896
2 15 5.195927
3 8 7.566708
6 2 9.361671
6 3 14.261440
6 11 2.801943
6 16 7.815218
0 4 6.994834
3 1 12.230392
6 1 9.506261
6 12 8.642836
1 11 8.758891
1 11 8.863393
1 15 1.490201
2 23 5.762756
4 22 9.670644
0 23 12.230392
3 19 6.553982
3 19 4.883938
5 3 12.296176
5 17 12.349702
5 22 3.502429
1 2 1.846737
6 1 12.077452
3 18 8.726994
5 6 6.978793
5 23 5.512157
0 16 13.966594
2 8 7.824681
2 12 10.474945
2 12 7.613229
5 1 12.223304
5 2 12.223304
5 2 14.078411
5 6 8.726994
6 22 10.472393
0 1 12.560735
0 7 13.810724
1 15 9.520357
