6 20 8.423929
6 19 10.461417
1 20 7.679978
2 10 6.836215
2 19 10.709949
3 17 6.280917
4 18 18.617435
1 12 3.487386
2 16 7.486168
3 1 14.221358
4 16 8.997540
6 19 7.532413
3 19 6.139488
4 0 12.670114
3 17 6.847344
3 18 4.042198
6 13 7.080567
0 17 9.963255
0 19 5.746683
0 20 9.308631
1 10 5.755770
1 12 1.750522
1 23 9.482338
2 11 13.791028
3 19 9.368434
4 14 9.740737
4 14 9.856563
4 14 4.654240
5 14 9.035030
5 15 6.830307
6 21 6.035455
1 0 5.721753
2 9 7.847335
2 9 6.382745
3 20 21.050285
4 8 6.736903
4 12 7.083347
0 10 5.709116
0 12 9.266322
4 20 7.933224
4 20 7.702518
5 9 6.004416
5 20 6.667497
1 18 12.375105
1 18 9.172824
6 11 9.241827
3 13 4.806665
3 15 7.079457
4 13 6.643510
2 13 4.763925
2 14 3.191473
3 15 6.292926
6 14 5.094965
2 9 5.801222
2 15 8.187996
2 15 9.316878
3 14 7.594327
4 12 5.579165
4 12 10.282505
0 18 13.014008
2 21 8.397704
3 13 8.262926
3 16 10.834636
4 12 8.733862
4 20 6.425969
0 7 8.260036
1 8 7.325386
1 15 10.461417
5 15 3.753315
5 22 8.873222
6 9 10.480635
4 13 4.663183
4 13 6.274780
4 10 7.044255
6 11 9.497840
1 21 8.957246
2 12 1.522193
2 18 7.845493
3 17 9.662102
3 18 7.409739
6 13 11.015213
6 15 8.673484
0 11 8.825068
5 12 5.244577
0 18 7.156350
0 20 10.088211
1 14 3.445808
4 22 12.190184
5 20 9.518796
2 21 9.179344
2 22 9.825009
3 22 13.076772
5 21 16.324608
6 14 10.035288
6 15 11.068408
1 13 12.787609
1 16 11.089714
2 10 10.275132
1 14 10.424064
1 15 7.276921
2 21 9.651251
2 22 12.337151
3 21 6.930693
4 14 13.981963
4 17 10.275132
1 13 4.965092
1 17 7.462812
1 18 3.159136
3 9 6.424344
6 16 9.995777
6 18 8.009760
6 21 9.674323
1 10 6.649271
6 9 8.861880
2 0 8.032461
2 12 6.961466
2 23 11.034593
3 11 11.865681
3 19 8.877063
4 14 6.847344
5 13 7.981408
1 13 10.478601
2 20 10.977265
2 19 6.930693
4 16 8.733862
6 14 8.502673
2 20 12.016596
6 22 8.790027
0 19 9.752614
6 18 12.070867
1 16 10.334733
2 11 5.262571
3 17 29.207632
4 17 18.379145
5 4 11.451590
6 3 15.984511
6 8 10.326762
6 15 9.281956
3 15 7.594327
0 14 11.710967
2 11 5.804268
4 13 5.296034
4 19 2.603835
1 14 5.709116
2 19 6.654351
3 8 4.121456
2 12 13.481209
2 19 6.961466
5 7 11.201912
5 16 10.506978
1 9 2.917536
1 20 11.933943
2 12 7.823422
5 8 5.520608
5 19 2.387520
1 18 12.130848
2 15 4.138981
4 13 6.979867
0 0 9.175453
1 15 4.888647
2 16 7.654696
4 20 7.062500
2 17 10.506978
3 13 6.954313
6 14 5.200060
6 14 7.964767
1 9 7.409986
3 15 7.850565
6 21 7.385165
4 8 3.454504
4 14 5.200060
4 14 4.800056
4 23 6.074869
6 12 8.452125
0 16 11.623797
4 14 1.750522
3 10 8.393851
3 11 10.480168
3 14 6.961466
4 10 4.565228
4 10 8.341036
4 10 6.201363
5 12 8.714077
5 12 8.019346
6 19 10.167889
6 20 7.255826
0 3 10.854543
3 12 5.209214
3 13 5.574772
4 10 9.084120
4 10 6.899059
4 11 5.441502
5 10 17.059322
5 12 10.506978
5 14 8.112782
1 12 6.055615
3 8 7.458714
4 9 11.978933
6 9 11.929492
0 12 9.114415
1 19 7.107267
4 12 5.527874
3 13 1.810885
3 14 7.449544
1 18 9.760506
1 21 13.901178
1 21 14.363615
3 7 8.433080
3 9 6.847344
4 7 8.733862
1 18 5.244577
1 19 10.294438
4 19 12.599412
0 15 15.429469
0 20 19.964243
0 8 7.464422
3 11 8.590684
1 15 5.709116
2 19 3.397873
3 15 8.776540
3 22 10.077245
4 12 5.486921
6 20 5.374770
6 23 7.068073
1 15 7.079457
2 15 9.704291
2 19 9.017110
2 19 7.443671
2 20 10.275132
3 9 5.244577
3 16 7.257582
4 8 11.262377
5 10 2.839349
5 20 11.174117
6 15 9.379286
1 8 7.380498
1 9 6.142534
1 20 9.075999
2 18 5.600157
2 20 14.146975
3 22 5.709116
4 0 12.477275
4 8 6.210577
4 21 10.299479
5 17 5.244577
5 21 8.009845
4 14 10.461417
1 17 6.961466
1 18 7.676676
1 19 9.827406
1 20 8.452125
1 21 9.767695
2 16 7.508251
2 17 8.059262
2 22 12.145494
4 0 9.266322
6 20 8.080921
0 13 8.877063
6 12 6.723807
6 23 8.397704
2 9 9.763716
3 0 7.325386
4 18 6.268165
4 20 8.229893
4 22 7.596245
5 14 5.121413
2 14 6.128644
4 22 10.509705
5 18 10.108715
1 14 7.079457
3 10 5.276608
4 11 6.139687
4 21 18.170950
5 19 7.191952
5 20 4.707004
5 20 6.335685
6 21 4.212217
1 21 6.790660
2 10 9.071969
2 13 8.709098
2 18 7.389814
1 19 7.100869
3 8 3.945430
3 10 13.645328
5 11 6.824483
6 9 6.570870
6 9 11.729727
0 7 5.269485
0 8 10.167889
0 14 8.330336
1 19 14.289001
1 20 8.098979
5 9 6.218918
5 9 5.686445
1 14 1.647451
1 14 6.748962
2 11 11.201912
2 15 6.369524
3 23 12.092566
4 15 5.695997
2 13 8.189960
2 13 7.734963
4 5 15.763731
5 12 5.338686
5 15 6.041880
1 13 8.256629
1 19 6.422543
2 19 5.835073
3 8 6.398287
3 11 8.353760
3 14 5.791750
3 15 6.965292
4 19 5.276608
6 14 10.901555
1 8 6.461504
2 10 7.588264
3 19 5.913967
3 20 9.193540
5 13 5.296034
2 8 9.713675
2 11 5.296034
4 16 5.686445
5 14 5.804268
1 10 6.671796
1 12 6.053449
1 15 9.887391
2 19 9.429610
3 22 5.276608
4 1 12.535070
1 11 7.939875
1 13 7.838013
3 9 6.389095
5 20 11.925049
0 22 9.180552
4 9 10.175558
5 12 7.026273
1 10 4.882340
1 15 6.961466
3 5 15.672034
4 9 7.000016
1 8 11.234068
3 9 5.900007
5 23 8.821740
1 22 15.100508
3 1 11.015213
3 8 8.706631
3 8 16.707520
4 14 5.527874
4 15 9.527850
1 10 9.788326
5 14 7.790668
1 18 7.052641
1 18 13.345379
3 14 9.962239
3 20 4.267215
4 13 1.721825
0 12 13.743835
0 0 6.961466
1 15 7.317676
1 16 1.475330
1 16 12.800669
3 11 7.594327
3 12 8.990705
3 17 12.284941
4 13 6.355240
4 16 5.902646
5 0 14.748624
5 20 8.768064
6 19 10.354076
0 10 4.770632
6 17 9.585850
6 18 10.659698
2 12 6.961466
2 13 3.474170
2 13 1.432566
2 14 1.865039
2 14 2.561739
3 17 4.438480
3 21 1.795135
4 13 6.751695
0 16 7.096652
0 17 5.804268
0 18 8.970931
2 13 8.714183
4 15 8.997540
4 21 7.469299
4 12 8.043860
5 13 6.431593
5 18 10.003091
5 19 9.114415
1 19 10.326762
2 19 9.675121
3 19 2.839319
3 20 9.807579
3 21 14.331665
4 16 5.871479
2 12 4.622156
2 18 6.234149
2 20 12.574230
3 0 11.955826
3 17 6.529585
3 20 8.871316
4 16 8.583948
5 23 12.787609
1 18 6.961466
3 18 5.209214
5 19 10.289919
0 20 6.697233
6 10 7.982360
6 14 10.495074
6 19 10.461417
0 14 6.230229
0 22 9.304589
1 7 12.738245
2 15 6.243750
6 15 9.897254
0 21 25.419722
0 23 11.015213
2 19 3.562615
3 17 5.209214
3 17 9.222953
4 9 11.438668
0 16 13.823965
3 19 5.617034
6 21 12.647046
6 17 8.733862
6 23 5.617034
0 16 10.901555
1 12 6.532150
3 19 6.629968
4 18 7.201517
4 19 11.395048
6 18 10.123164
6 23 14.083631
2 10 6.965292
2 18 8.590684
2 21 21.105572
4 12 6.476770
4 16 5.600956
6 9 10.176412
1 14 9.797516
2 23 8.687280
4 10 6.142470
5 20 8.379237
6 20 10.834636
0 0 5.547196
0 12 14.735249
0 18 12.647046
0 20 10.837014
1 14 11.694642
2 19 8.794467
3 15 14.455252
4 19 4.025469
2 20 6.109756
3 19 5.322540
5 18 5.310008
5 16 8.733862
1 17 14.238817
1 19 8.239583
1 21 9.527850
1 23 4.700110
2 18 6.111795
2 19 3.550378
2 22 8.475568
4 12 16.031757
2 9 8.583873
4 8 5.581353
4 15 1.750522
4 22 4.556711
6 18 14.074951
1 14 1.647451
1 14 1.807053
1 19 6.026042
3 9 7.508251
5 4 3.182767
6 11 11.861866
0 23 11.958268
3 7 7.739025
3 14 11.563929
5 8 5.709116
6 21 5.139306
2 8 6.697233
3 9 5.446468
4 8 7.327859
5 8 6.786519
6 18 13.950119
0 12 11.670146
0 12 8.063977
0 13 8.553528
0 15 8.639976
0 19 11.651636
6 13 8.997143
0 19 10.167889
2 17 5.047190
5 11 10.478601
5 12 8.416273
6 23 8.044555
2 15 8.529643
2 21 4.184863
4 18 3.503238
5 12 3.848142
6 7 9.519906
4 11 5.209214
2 11 11.486071
3 19 7.255335
3 20 13.133723
5 11 24.623198
5 11 3.503238
5 11 5.582157
6 15 11.669202
3 8 6.614280
5 7 5.357786
5 8 30.941429
0 0 6.967278
1 17 3.233758
1 19 5.527964
3 14 18.070061
3 20 9.884708
3 20 7.330770
0 9 8.427750
2 11 7.930212
2 12 10.013830
5 9 7.796982
5 13 4.284308
5 11 5.991408
6 21 12.577976
2 19 7.178517
2 19 7.088706
2 20 11.803946
2 21 8.391599
2 21 23.492992
3 19 7.276921
3 16 10.461417
3 21 8.881894
4 15 11.208662
4 16 8.063977
4 18 7.508251
6 20 8.620741
6 10 11.594961
6 17 6.961466
6 20 11.525079
1 6 12.787609
2 11 10.461417
2 13 6.961466
2 18 5.458192
3 7 6.899628
3 8 5.244577
4 12 8.397704
5 16 3.188616
5 16 1.647451
5 16 7.086411
1 19 11.015213
3 19 9.265851
3 22 8.169546
4 13 5.804268
4 15 10.837359
4 22 7.458714
5 7 11.594961
5 10 7.079457
5 19 9.029368
1 17 8.169447
2 6 10.461417
2 20 10.113224
2 20 8.185985
3 6 13.460641
3 15 5.709116
3 19 5.709116
3 23 8.733862
4 1 8.344394
4 20 12.101333
4 22 12.016596
5 16 5.212575
5 16 9.007044
1 9 11.015213
2 20 10.005557
3 20 10.983009
3 20 8.730680
3 21 8.963950
3 21 7.634276
5 22 10.629322
6 1 12.577976
6 19 9.866649
3 17 6.961466
0 1 12.976084
1 19 2.442589
3 13 5.554308
3 19 9.144325
4 17 11.015213
4 20 10.088855
4 22 16.806168
4 23 11.699454
5 19 4.343957
6 19 8.400020
0 13 14.556437
3 13 5.344100
6 9 8.249097
2 20 10.013830
4 12 5.804268
5 15 6.435644
4 0 13.527139
4 20 7.204720
5 8 5.704101
6 17 6.560047
3 1 11.563929
3 16 7.000016
6 21 8.334802
2 21 12.212539
4 8 1.750522
5 5 14.198124
5 10 10.527320
1 11 5.709116
2 11 7.429513
4 6 13.479701
1 12 6.799011
4 15 8.636260
5 18 9.266322
6 22 7.942562
0 20 15.370065
0 23 15.637724
2 15 7.850565
4 7 4.495352
5 19 6.961466
5 19 7.520111
2 12 5.197852
6 13 10.108715
4 15 6.390631
6 18 7.594663
1 13 7.506938
1 16 13.436711
2 0 6.961466
3 16 2.917536
5 14 10.850850
0 17 12.101333
0 18 11.206094
2 15 6.847344
2 21 5.709116
3 11 10.552786
3 12 5.938689
0 10 8.191428
2 21 7.981408
1 9 7.889470
1 13 8.727015
1 13 7.100719
2 13 5.207221
2 15 9.676772
2 23 9.114415
5 9 6.218859
1 8 14.061975
4 14 2.703620
4 14 4.811607
5 17 10.003091
5 18 9.198662
3 8 10.917328
3 9 5.114813
6 11 7.917362
4 10 1.976942
4 10 8.336953
6 8 12.155089
6 11 13.142042
6 12 11.318396
0 10 9.964990
1 12 8.733862
3 19 1.897287
4 12 5.424823
2 17 9.401797
3 3 3.178532
6 13 7.108057
0 8 12.214133
3 8 5.709116
0 11 4.888647
2 19 2.246525
2 19 7.730629
5 21 14.055017
3 0 7.385165
3 13 6.449187
4 12 6.961466
5 13 9.928202
6 11 12.120669
1 9 7.502236
1 13 9.114415
1 18 10.442200
0 20 8.652344
6 18 12.577976
1 17 11.563929
2 12 6.068501
2 17 7.518411
2 22 9.807616
5 12 9.685390
0 20 4.643414
1 6 11.015213
1 7 8.504721
1 8 5.136462
1 14 5.468972
6 21 7.638213
0 20 11.458086
1 22 3.457963
2 23 17.363003
3 18 7.318712
3 18 3.936150
3 20 2.344072
4 18 5.709116
4 20 4.343957
5 21 12.375105
3 5 12.254663
5 21 7.681664
2 12 7.185669
4 19 1.647451
4 19 6.970240
4 20 14.131945
5 19 11.833468
5 20 8.959974
0 10 7.944190
4 14 10.834636
5 20 7.844266
0 9 10.011979
0 11 10.125491
0 12 9.114415
4 12 5.212575
5 21 10.506978
4 0 8.598395
4 21 8.751485
5 12 2.919299
5 12 1.721825
5 19 7.079457
2 9 5.804268
4 8 5.212575
6 19 6.331929
1 6 8.856927
1 7 12.239125
0 15 1.780192
2 22 5.202478
2 22 6.878868
4 17 5.902646
5 12 7.385165
5 12 5.296034
5 17 7.674992
6 15 8.239583
0 12 7.409739
0 22 6.961466
4 12 8.260036
4 18 5.197852
4 21 6.526375
4 22 6.331929
5 16 7.255335
3 17 6.961466
3 20 1.497683
3 20 9.615234
3 22 8.733862
5 20 13.004348
0 17 9.266322
3 9 15.346212
3 20 4.806665
6 21 10.095968
2 19 7.880906
2 20 9.831167
3 19 8.426283
3 20 8.733862
4 13 5.392319
1 13 9.085162
3 15 7.455887
1 15 6.328606
4 18 4.814576
6 9 9.266322
2 12 5.902646
5 18 8.733862
2 9 4.560502
2 12 8.733862
6 11 13.480229
5 8 8.403718
5 13 5.640132
2 14 5.486921
6 4 11.119659
6 13 11.563929
1 21 10.077534
2 21 8.687280
3 1 15.429469
5 3 9.585850
6 21 16.127958
6 22 8.809465
2 9 8.036875
2 11 2.334029
5 19 8.428737
6 13 8.733862
0 17 10.055590
5 17 12.741947
3 9 5.804268
0 13 10.659883
2 15 10.486578
2 16 7.903588
2 16 10.709949
3 18 5.349964
5 10 15.058826
5 15 7.721457
2 9 8.524244
2 10 11.442563
2 15 8.062027
2 16 7.706349
2 16 8.733862
2 17 9.527850
2 17 12.101333
2 18 10.698872
2 18 8.043860
2 19 7.385165
2 19 6.697233
2 19 2.900400
2 20 18.055891
2 20 10.848185
2 21 26.062874
2 21 10.084444
5 9 6.278902
0 17 7.205297
0 19 13.004348
1 19 5.032588
5 15 9.308631
5 17 4.712074
5 19 6.255861
6 22 8.871295
0 19 7.508251
0 9 11.552283
0 19 11.015213
3 16 6.238473
3 17 11.902950
4 21 4.905015
1 21 8.397704
2 16 6.912701
2 16 1.967117
3 15 5.527874
3 16 3.717210
3 16 8.590684
3 19 9.360170
4 15 7.033198
4 16 10.851015
5 15 14.792665
2 15 14.403034
2 15 5.785800
2 15 15.564239
3 9 8.590684
3 10 6.736903
3 11 6.847344
3 14 7.889470
3 15 10.506978
3 15 5.386670
4 12 6.961466
4 15 3.768126
5 18 6.961466
0 14 9.417815
0 15 6.930693
2 20 8.733862
2 21 12.787609
3 11 10.351299
3 11 10.251980
3 16 6.490692
3 20 7.353222
4 15 7.508251
4 17 8.636260
5 18 4.943696
6 20 3.385921
1 17 11.015213
0 17 10.834636
2 18 8.057672
3 17 6.185148
3 19 4.941171
3 21 8.997540
4 18 9.548301
0 16 9.756218
6 11 11.861866
0 13 13.091240
1 7 5.709116
2 18 7.734963
3 15 11.226564
3 16 8.583948
3 18 4.667977
4 8 6.805607
4 17 5.276608
6 17 11.015213
3 9 8.159417
3 14 10.167889
3 14 7.754220
3 23 9.193540
6 17 8.590684
6 17 14.476069
6 21 5.755672
6 19 8.861773
0 14 9.109805
2 14 8.571327
0 20 7.385165
0 20 6.035455
1 21 12.101333
2 10 4.946676
2 11 5.440641
1 19 5.902646
2 21 5.050697
3 12 4.343957
6 21 13.503366
0 17 8.571219
2 16 8.881894
3 16 10.123953
3 17 7.459380
5 7 9.601542
5 12 8.997540
0 15 11.552283
0 21 13.203843
3 22 7.784220
3 23 12.295466
6 17 12.337151
0 20 8.662295
1 1 11.015213
2 18 8.397704
3 17 10.685062
5 20 12.578073
6 16 7.330450
1 11 5.158601
6 18 16.836174
2 14 6.730964
3 8 6.736903
0 12 8.590684
0 15 18.280226
2 9 5.133248
2 9 1.675374
2 9 3.599806
2 12 7.000016
3 7 6.961466
3 8 8.733862
3 14 5.251565
3 9 7.266049
3 11 6.478351
3 11 9.336624
3 12 8.831341
3 13 5.709116
4 9 9.357710
4 13 4.505875
4 13 8.062027
5 10 4.942402
1 9 1.750522
2 14 12.374218
3 11 1.694053
3 12 6.961466
4 12 1.875559
4 14 1.721825
4 14 6.669966
2 16 6.095144
3 17 8.797066
3 17 34.498600
5 7 7.486168
5 10 12.289323
6 18 7.402715
6 21 6.950641
0 18 15.147677
5 10 7.475043
6 3 10.108715
1 15 6.961466
2 15 10.088872
2 20 9.114415
3 20 7.535569
5 21 10.198389
2 9 4.560502
2 11 8.175625
2 14 6.847344
5 18 11.015213
2 13 8.189960
4 9 9.193540
4 9 5.227761
0 18 7.325386
4 20 6.348759
0 1 11.132697
1 13 3.503132
1 16 7.446536
6 16 10.388906
4 13 8.590684
4 23 11.015213
6 9 8.967408
6 10 12.647046
6 11 11.395048
1 19 8.176414
1 21 6.035455
4 17 6.961466
4 18 6.961466
5 11 6.847344
5 17 5.709116
6 15 8.397704
0 9 10.019369
1 20 12.029018
2 19 7.446536
3 9 9.091758
3 15 7.266049
3 15 6.096673
3 18 9.035030
3 19 5.365824
3 21 6.961466
4 8 8.036875
5 16 12.553701
5 19 8.714183
5 19 8.189960
6 22 7.710932
5 12 6.531677
0 14 8.959974
2 21 5.147081
2 21 27.819023
4 9 8.023584
4 14 3.890049
5 15 14.139630
5 15 7.508251
1 17 19.276947
2 12 1.594308
2 12 5.226900
3 13 2.200234
3 13 12.816792
3 14 5.296034
4 9 22.832712
4 9 36.603584
4 13 6.834649
4 15 8.733862
5 10 5.491505
5 14 10.453879
5 15 6.351195
0 16 10.038381
2 8 5.200060
2 12 7.331886
4 13 3.503238
5 15 5.270776
6 12 11.012018
6 19 11.015213
1 20 10.034228
3 15 6.429500
4 9 4.129219
2 20 8.450255
3 7 3.257968
3 15 5.357786
4 8 15.279119
1 18 7.844266
1 19 1.458768
1 21 9.161132
2 9 10.538971
3 12 7.942562
6 5 11.066203
6 8 6.801809
6 18 10.490679
1 14 4.654445
2 15 5.197852
4 14 5.441502
4 15 7.594327
6 13 10.506978
1 9 7.401200
2 12 6.965122
2 13 13.356590
2 13 1.945024
2 15 5.027837
3 22 10.919491
0 11 4.649848
1 22 10.990934
1 23 8.877275
2 19 8.062027
2 21 8.189960
3 12 6.866320
5 11 1.721825
0 10 9.416046
1 7 6.139488
4 9 6.948560
4 10 8.733862
4 18 19.615158
5 17 6.211560
5 22 14.304232
0 9 13.004348
3 12 4.767798
3 20 9.527850
0 8 11.015213
1 17 6.961466
3 18 1.400417
5 13 8.298199
1 18 7.079457
1 19 6.331929
4 9 4.723248
4 14 1.721825
4 14 6.935815
4 15 5.496903
5 7 12.279374
5 18 7.688033
5 22 12.101333
6 9 12.541088
6 9 18.173027
6 14 15.834723
6 2 7.056775
0 15 16.225565
3 5 13.818303
3 10 13.852059
5 12 11.123611
0 17 11.887844
6 16 9.836373
0 5 8.967408
0 13 10.354076
1 14 5.721357
3 19 9.383665
4 13 5.244577
4 14 1.750522
6 13 7.428226
6 14 7.432885
6 15 15.830968
0 10 7.903422
0 13 8.719328
1 13 7.945381
2 8 3.397873
2 13 7.278219
3 11 8.960464
3 11 3.450119
5 9 3.454504
5 12 4.888647
5 14 2.717174
5 15 7.844266
0 15 6.798821
1 10 7.585637
1 18 7.523226
4 4 13.201454
4 14 6.177943
4 14 5.314015
5 9 4.222071
5 12 4.605247
0 10 17.110510
2 12 5.777492
2 13 6.601922
2 18 3.636320
2 19 4.641830
3 19 6.730320
4 14 12.256231
5 19 3.910759
6 0 8.783572
6 17 13.818303
4 1 7.325386
4 17 2.234709
5 19 8.714183
5 20 6.961466
5 22 8.499907
6 21 11.959346
0 9 8.881894
1 18 1.750522
2 16 1.721825
2 23 9.950265
3 9 6.479770
3 10 5.646797
4 0 10.694526
6 9 8.553528
6 13 10.943083
0 13 11.015213
0 14 12.470053
1 12 4.649848
2 14 7.972905
3 12 6.637499
4 15 8.379237
2 14 4.599331
2 18 8.495069
2 18 6.439240
6 11 10.011002
6 12 12.787609
2 15 6.965186
4 18 8.278877
4 23 10.486578
2 15 8.881894
3 10 6.951364
1 15 8.079331
3 11 4.560502
3 22 12.470053
4 20 7.321004
1 8 5.585736
1 23 3.503238
4 12 18.842751
4 15 7.634276
5 18 5.357786
3 11 1.647451
3 11 7.086411
0 21 9.311282
1 9 10.314569
2 10 8.733862
2 13 19.595032
2 13 9.264746
3 16 6.961466
1 13 7.596599
