3 12 2.036066
4 23 9.675920
0 1 3.636983
0 2 8.386138
0 9 4.213664
6 16 3.318735
0 14 3.892578
0 23 9.126315
6 22 3.895563
2 16 14.511537
4 7 8.106042
2 19 4.213664
3 11 5.855938
0 7 3.904812
1 15 4.144588
3 9 15.974349
3 10 7.598247
5 18 4.144588
6 18 10.717825
3 7 3.451057
1 12 6.966743
1 21 8.216116
3 19 7.391489
3 19 7.051473
6 13 1.744703
1 17 7.263906
2 11 3.917395
3 22 5.361522
4 17 3.699153
6 21 7.556222
0 19 4.472785
1 6 3.892578
4 22 10.808257
1 19 6.430410
2 19 9.225811
2 23 6.944617
6 20 5.252634
6 20 5.131742
0 10 1.930204
4 16 3.479312
4 14 4.358963
4 16 8.321463
6 13 1.451131
3 14 4.902459
0 10 1.017030
3 8 5.044465
3 11 3.786050
5 1 4.218772
5 1 10.808257
6 14 6.850176
0 12 5.207515
2 21 12.862048
1 19 4.652861
2 20 10.110262
3 9 11.231308
4 8 11.418497
6 13 4.100053
4 10 9.656154
6 18 1.139775
6 19 4.144588
0 9 10.216915
0 10 4.100053
2 22 2.016419
1 18 7.841183
5 11 6.610693
0 0 4.970729
0 19 9.036139
0 23 6.103547
0 21 1.652619
3 18 9.161453
0 1 5.348272
4 19 1.835845
1 17 2.530560
3 10 1.974869
3 19 8.368137
1 22 5.242167
1 4 4.379473
6 21 3.435662
6 21 37.131565
6 15 8.386138
2 10 3.426267
6 18 6.950838
0 15 3.426267
3 11 5.068235
4 10 5.574864
3 10 6.139230
6 16 14.067053
2 14 5.987033
1 20 8.106042
3 11 1.331070
3 20 4.251778
1 9 1.101782
0 12 8.777828
1 10 6.253644
2 17 11.377112
5 19 16.342615
6 21 2.813683
6 21 15.813696
5 9 11.830112
3 9 5.781479
5 13 8.421935
2 0 6.305008
0 21 20.040415
4 16 7.021598
4 23 8.358572
1 18 7.346963
3 19 3.892578
3 19 9.823847
6 9 5.836642
1 13 3.570729
2 6 8.243432
2 8 12.931666
3 20 4.199307
0 23 3.611712
2 21 5.902918
4 10 7.919333
1 20 7.164043
3 18 2.728743
4 21 4.867737
0 19 3.941012
3 9 5.187793
6 20 4.213664
5 9 6.553283
5 14 12.287614
5 7 1.955599
6 11 1.101782
3 6 7.356286
4 6 8.782313
6 23 4.285082
1 23 9.196743
2 8 2.820589
5 10 6.230990
6 16 3.593148
0 17 6.233786
2 14 2.375026
3 23 6.692394
2 21 24.512293
2 21 3.767011
4 0 6.431906
6 14 1.032921
6 19 2.813683
2 5 7.391550
1 19 9.337041
5 7 6.127978
5 9 4.307678
1 6 5.632754
3 15 4.417058
6 8 37.459381
0 14 3.889536
5 4 8.093635
6 1 4.077739
6 16 4.091916
1 14 4.665260
6 21 27.496246
4 0 5.879269
6 8 3.261828
1 20 14.169143
6 20 14.567537
4 16 16.712927
4 16 7.517289
6 18 4.144588
1 13 4.144588
2 11 12.398837
6 2 2.448405
0 14 3.585366
4 1 4.014891
1 18 13.761559
2 12 7.149024
3 21 4.077739
4 20 2.830634
0 22 8.321463
6 6 4.062635
6 9 3.006206
6 11 3.633290
6 11 11.930957
6 15 3.083518
2 20 14.589667
6 8 3.538707
2 1 5.972459
4 13 9.291101
6 10 5.640861
6 14 3.057322
1 8 5.972459
4 7 8.671752
4 7 3.475718
6 14 3.485890
6 21 7.524485
0 16 4.213664
0 14 1.955599
0 20 1.101782
5 12 14.842397
6 16 1.001620
1 20 6.006182
5 14 2.050026
0 19 3.003708
2 15 6.870548
2 23 7.568527
2 20 4.644886
4 12 7.586388
2 8 8.779981
2 13 4.180046
2 0 8.377302
6 0 6.129734
3 20 13.198230
4 7 5.585175
3 9 8.476134
5 16 1.793049
5 19 4.753899
6 20 4.179953
0 20 4.047994
1 12 7.292294
1 12 2.213886
6 19 5.475789
6 21 5.142134
0 5 5.327174
0 14 4.403081
3 4 4.865722
5 3 3.767011
0 5 3.828765
0 15 16.388479
1 21 2.768301
4 4 4.100053
5 2 12.304213
4 14 5.632754
2 7 7.618392
3 22 3.830604
4 14 4.717971
4 14 7.353142
2 21 7.867565
6 11 2.288115
0 17 8.380537
0 21 5.982904
2 17 5.314895
5 15 3.291953
6 21 4.548569
3 17 6.775768
3 9 6.170909
6 11 6.186571
1 11 1.485265
5 19 9.681579
5 20 3.580844
1 18 5.176778
0 14 7.093706
0 13 35.745121
2 18 6.102175
4 17 8.795158
3 7 5.525877
6 10 8.233831
3 22 7.093706
0 20 2.930533
1 11 4.032839
1 21 29.135075
2 6 8.013261
1 9 10.631072
2 21 4.169545
0 15 3.483371
6 21 3.368825
0 13 3.702246
1 1 4.379473
0 12 5.020473
1 20 4.120673
3 4 8.232765
4 23 2.070623
5 14 8.141261
0 19 11.575079
3 7 9.764091
3 7 9.035637
2 11 2.142541
2 5 15.404557
3 7 10.050881
4 5 1.364801
0 15 1.406530
0 20 8.791533
0 21 2.091463
0 23 10.764591
5 23 3.900787
5 23 8.399240
0 20 5.810405
0 21 11.180956
0 20 4.213664
0 1 6.503869
0 2 5.319510
1 6 8.796827
1 9 6.128073
3 8 4.219460
3 11 4.352825
5 14 6.361815
2 22 4.953870
3 7 1.083720
4 23 1.955599
0 0 12.100952
2 8 6.128073
3 17 10.482673
4 1 6.606801
6 8 3.967793
0 17 9.137358
3 11 6.034991
3 17 3.357768
3 22 4.674551
3 23 10.808257
5 11 2.932828
0 11 4.734028
0 11 2.364569
6 16 3.479949
4 21 2.065842
1 5 5.250295
1 11 3.963096
1 12 8.799259
2 11 3.975489
2 11 44.093735
3 5 7.391550
0 5 1.312105
1 0 8.097641
0 10 2.424972
3 17 10.182616
0 1 4.298591
4 1 1.349121
5 19 5.318217
6 2 4.366855
6 5 4.728641
6 7 4.644253
6 7 5.070048
6 12 5.172095
4 14 1.695050
6 16 3.773430
6 21 4.596725
6 18 8.696784
2 19 3.678223
0 20 13.489510
5 20 3.539069
0 13 7.161688
0 20 4.821550
0 20 19.054800
