6 20 17.863758
6 21 25.348972
5 20 5.410960
0 18 3.718702
0 14 9.398627
5 12 6.574184
4 19 27.699816
6 14 2.974962
3 23 8.503772
6 19 4.968462
0 18 16.180454
1 0 12.454133
1 10 8.925394
6 18 12.661701
6 21 2.370834
2 23 8.858106
4 12 38.756847
6 17 4.899888
0 7 8.541450
0 19 8.683807
1 15 6.391158
6 21 1.360926
6 1 8.541450
0 13 3.040074
3 5 2.458447
5 21 5.499958
0 7 15.413558
0 9 5.786377
3 11 8.150818
5 7 6.672233
5 12 8.604838
1 13 16.826000
3 11 2.988365
3 1 17.191322
6 1 1.229223
0 15 4.642661
6 6 9.922380
6 11 6.321769
4 20 8.507109
5 18 6.848474
5 18 11.437844
1 20 6.197041
5 20 4.168465
2 1 10.135647
3 6 13.849908
3 6 1.270198
5 5 1.190810
5 20 2.962349
3 9 9.721525
4 17 5.448438
1 18 3.718702
2 9 2.519371
5 6 7.284505
6 13 7.546722
1 21 4.564430
1 23 4.642661
0 23 1.270198
5 23 16.647223
4 9 1.190810
6 11 5.200672
6 7 9.473245
6 22 1.858826
0 13 4.262431
3 18 15.348473
4 23 19.523706
1 20 6.864958
6 6 10.808555
0 20 10.575204
1 1 15.896794
1 9 15.936051
0 21 9.887247
6 8 7.910314
5 15 1.270198
3 18 16.858458
4 19 3.380638
5 15 2.649207
0 9 4.161532
6 14 6.495352
0 0 6.702816
2 8 7.509934
0 1 3.467636
0 21 41.354450
1 13 14.069433
1 19 4.712996
0 12 14.578850
0 9 12.774043
2 19 21.610659
3 14 13.157121
6 2 11.039371
0 3 14.839187
1 6 3.587076
2 13 17.543478
5 11 3.687048
5 14 13.622860
6 19 4.899888
2 14 9.857896
3 15 6.180830
0 12 7.419990
2 15 7.293709
4 8 2.533588
5 8 9.473245
0 18 10.573028
2 20 3.894834
4 23 4.819561
3 23 13.660706
6 11 4.563447
2 13 15.190863
2 21 6.499651
6 13 15.629172
3 20 16.180454
5 21 3.175494
5 21 17.740133
2 18 13.675526
5 9 7.958182
6 19 6.430311
4 7 4.052675
2 14 7.855200
3 11 14.473012
6 21 3.432648
0 1 3.784581
3 7 1.172490
3 8 23.109694
6 10 8.478085
5 12 7.786301
5 14 6.832644
5 23 4.968322
2 13 14.836031
5 14 4.747279
3 18 4.164740
6 9 14.465033
6 11 8.603894
6 11 9.439812
6 13 6.042813
3 20 2.214888
5 22 3.178661
6 1 9.733484
6 16 4.640503
1 17 5.678568
2 19 10.742980
5 13 14.924240
6 10 15.683789
2 10 2.931225
2 11 1.162012
0 6 7.557391
6 12 5.713025
0 8 5.239818
0 22 12.321766
4 7 5.135602
4 9 2.472593
4 19 6.003262
5 23 19.325453
0 12 4.882799
5 22 16.959070
5 10 9.441911
3 20 19.143480
5 18 3.851054
3 17 2.711759
4 8 13.795418
6 10 5.350830
6 10 19.898834
1 0 14.041184
5 12 6.718293
6 18 13.849908
2 9 12.069592
4 18 3.702936
3 16 4.663708
6 9 5.119168
6 10 6.127236
6 13 2.624283
0 22 5.444320
2 0 3.962205
1 21 5.249879
1 21 21.441881
2 21 25.019451
0 15 6.537695
0 19 13.397290
3 7 6.683753
0 13 8.360891
0 17 4.559259
0 20 5.593857
4 12 4.720039
4 17 20.000273
0 16 2.670087
0 19 5.970364
0 19 6.994213
1 12 16.619917
6 12 2.177961
0 10 4.048998
3 20 7.706532
5 0 7.133526
5 18 20.893936
6 10 4.131891
6 9 3.883568
6 21 3.432648
0 7 3.076233
4 12 7.241165
6 20 2.259799
1 9 3.090741
6 19 34.624767
3 2 5.539246
4 13 11.407268
1 11 27.599365
5 8 6.156572
5 18 9.526482
5 19 5.594432
1 0 7.630989
2 19 4.754987
3 16 6.876882
4 13 3.105467
3 11 6.972795
4 15 4.899888
4 23 12.550738
5 11 33.831478
6 9 5.980468
0 0 15.132309
2 12 9.542344
2 19 11.758074
3 18 3.209212
4 21 5.500626
1 9 1.229223
1 13 1.270198
1 14 3.636166
2 9 4.933979
2 15 8.551327
3 15 16.411232
5 12 1.270198
5 15 1.385670
3 10 12.984288
5 10 3.263605
0 11 9.304052
1 9 30.777573
2 20 4.720039
3 9 30.777573
4 10 16.180454
5 9 8.062804
0 20 14.433350
2 19 3.809906
2 19 13.826869
6 13 8.769629
5 13 31.591471
0 10 14.910257
1 18 12.481052
5 10 5.421555
4 2 12.661701
4 14 2.991040
0 6 1.270198
4 19 6.144685
6 15 5.328301
5 17 4.720039
3 11 6.802223
6 19 20.636930
3 20 18.082342
4 15 4.814974
5 20 11.349986
2 6 2.852992
2 18 2.624283
2 19 1.946965
1 9 15.426678
6 15 3.583224
1 16 10.675652
2 20 14.389716
2 21 5.079933
5 11 18.744390
0 20 12.888735
2 9 2.670087
6 5 17.082813
1 12 4.984540
4 17 5.596660
0 12 9.604703
6 21 3.911917
5 23 7.290044
6 13 1.073406
0 18 6.522542
2 14 10.787791
2 17 6.409814
2 22 29.678373
4 9 11.607742
0 3 2.059780
5 4 11.362888
3 19 7.881185
0 2 2.757721
0 17 1.279831
1 17 6.190041
3 8 3.340832
6 13 7.687318
1 10 8.541450
4 8 8.071212
4 8 1.313998
5 6 13.201069
6 16 20.947199
0 21 13.849908
1 10 1.270198
3 7 8.585667
3 10 9.382024
4 7 9.179359
5 11 6.683753
6 11 11.209785
6 16 3.204105
0 17 4.819561
0 8 1.291726
0 11 12.777891
1 17 11.979673
4 11 17.082516
0 18 4.320519
4 16 9.648675
6 8 1.840265
6 8 4.881798
2 17 5.993531
2 11 4.930472
1 9 4.563447
6 7 12.772016
1 18 18.709362
2 22 8.364902
6 9 3.691480
5 6 8.364902
3 23 4.899888
6 19 5.160264
0 7 3.090741
0 8 12.855743
0 14 3.962205
1 21 10.622782
6 16 4.567780
6 11 2.711759
2 9 15.670451
3 21 22.676710
4 13 3.090741
1 11 6.304771
1 14 8.541450
3 20 11.092890
3 23 27.830778
4 2 15.453833
0 9 15.564515
0 9 17.167046
0 10 1.270198
0 10 12.475022
1 21 6.424366
1 22 1.190810
5 18 17.560362
2 18 6.742723
5 21 6.383992
6 14 5.442419
0 7 5.157776
1 11 5.084937
2 12 9.319627
3 13 6.258325
4 7 4.996598
1 12 1.245316
2 17 14.574389
0 6 8.891327
5 13 17.095037
6 20 3.872480
0 21 3.371718
5 21 1.524237
1 20 14.168698
6 13 6.678451
1 18 4.912809
1 20 12.652517
2 20 10.609356
3 11 14.327491
3 14 12.784530
4 11 6.726773
0 6 6.340806
0 6 7.881185
2 11 3.197319
2 20 11.089694
1 6 18.529177
3 21 38.896324
5 1 18.262167
3 18 4.066443
4 13 4.563447
6 10 7.372665
0 12 6.293208
1 21 5.985199
4 16 6.304771
3 12 4.145198
4 6 7.484745
1 13 4.390889
1 16 8.175616
4 23 9.764791
0 12 2.564798
2 22 4.284052
5 8 18.956867
5 11 2.711759
5 14 4.882799
0 14 4.911487
4 13 6.589132
5 8 3.690876
5 21 5.244819
0 12 10.242786
2 19 4.741827
0 23 11.391849
3 15 3.209212
3 17 1.249375
2 20 8.399807
5 14 2.582628
3 17 10.280622
2 20 10.407628
0 19 16.684340
0 19 3.040074
0 20 10.708327
2 10 4.763241
4 9 5.947236
4 19 4.297084
5 10 2.542274
4 0 5.533211
1 8 10.438892
1 8 13.247897
2 11 13.278831
4 15 17.636379
1 15 10.054827
1 17 18.544449
4 15 8.566953
5 20 4.916541
6 14 4.899888
4 19 1.104520
0 16 2.493463
1 9 2.026337
4 13 6.852142
0 11 6.293208
5 22 4.682446
4 2 3.383137
3 15 6.992453
6 20 34.402126
