4 20 19.444946
5 21 33.614384
1 18 7.166744
4 22 5.253562
1 22 17.362989
5 2 20.780165
2 12 17.609560
5 23 9.735976
4 9 4.290410
4 11 5.215078
6 4 34.304043
5 10 15.869544
6 20 9.488357
5 17 11.357744
6 23 16.987261
5 2 12.338857
0 0 20.685774
6 22 15.588858
0 12 19.386723
5 7 4.611270
0 19 14.403394
6 23 9.235780
0 0 11.951070
6 22 3.969908
1 8 12.826407
1 21 31.167450
4 19 8.194480
0 14 17.637430
5 22 9.706006
4 21 18.929136
3 19 10.801313
6 23 4.249269
0 4 7.685602
0 4 3.354686
1 2 4.481918
6 1 7.123282
6 1 19.401117
6 3 7.061909
1 18 13.992583
1 18 15.738573
5 0 6.218219
6 11 14.311087
2 15 4.438354
0 4 18.117058
0 13 13.927811
6 2 8.341921
0 7 5.700034
1 21 6.007318
1 21 11.915661
2 22 18.670391
2 23 1.815067
4 21 11.222589
6 19 20.162878
0 20 10.758673
6 3 17.082941
6 23 5.509957
3 11 2.593933
5 19 15.847856
4 16 18.897247
5 0 20.845949
1 19 16.787657
1 19 14.663085
0 19 4.290410
0 10 10.713626
1 11 6.428284
5 12 20.243332
1 0 21.126894
5 23 4.321349
5 23 17.331207
0 18 23.462824
2 5 19.338226
0 4 12.677581
0 10 24.805723
3 12 15.396879
5 20 6.026516
5 21 15.934760
6 11 20.767496
3 6 4.074471
4 1 7.358253
2 5 17.030960
5 22 5.896587
2 5 9.625237
2 15 4.516221
5 0 23.751377
5 21 21.455000
6 21 7.818972
0 20 7.874621
0 20 4.481918
3 15 13.497409
5 21 18.309551
2 14 3.354686
3 13 14.663946
2 10 15.331018
0 0 4.018821
6 23 11.505960
4 23 10.779163
5 21 3.414591
3 20 4.684959
5 12 8.010666
5 21 23.902140
6 22 19.244741
5 9 6.566740
1 1 11.890971
2 23 13.562597
6 5 20.055231
4 17 15.328254
2 18 12.630383
3 20 1.471405
0 12 16.338823
6 19 9.417550
2 21 21.782766
0 0 11.691959
0 0 11.236187
3 2 8.794785
4 11 18.387468
6 22 7.162801
0 11 21.991344
0 23 1.690430
0 22 6.799753
4 22 16.338823
1 19 6.219446
1 20 10.689279
3 12 11.546740
6 4 19.832762
4 20 20.860798
6 12 16.433378
0 13 13.732629
3 11 3.625698
1 7 9.049720
4 5 20.210030
1 0 9.151783
1 1 4.290410
0 15 23.251493
6 8 17.620060
1 22 20.273918
6 4 12.407845
1 0 26.080360
5 23 9.005353
6 13 12.391339
2 0 16.926813
6 23 6.165236
3 23 21.110619
1 1 17.881060
0 3 13.271935
6 3 13.973441
5 2 42.933262
6 18 5.017319
0 15 15.522233
0 6 5.412228
1 2 15.031706
5 1 1.571457
0 12 9.361779
6 0 19.689249
4 8 42.365692
5 23 12.423326
0 1 12.283003
0 5 10.880086
2 20 6.637883
4 7 10.742282
2 0 9.074119
5 12 12.708735
0 1 13.040180
0 23 29.158436
1 3 15.554090
3 16 3.607870
1 10 5.129585
6 9 10.758673
6 10 16.378023
0 16 16.296251
4 1 9.834175
5 18 14.788268
1 4 9.301812
6 5 17.100655
2 10 4.220075
5 21 17.542683
2 23 5.046850
6 0 13.552514
1 23 15.007200
1 0 16.269232
3 11 12.551958
6 14 4.290410
3 1 16.475744
5 20 7.596639
5 20 23.160704
2 11 8.222411
5 6 10.707743
6 22 4.044218
5 16 14.410830
2 22 8.027277
3 19 40.118134
1 16 6.120776
6 7 18.717724
6 16 20.191353
2 22 27.101812
1 6 19.087862
5 10 6.730324
1 9 6.529065
2 15 6.637883
6 6 14.598428
6 9 7.972083
2 22 3.084147
1 0 19.375475
1 19 10.979185
4 15 15.347878
6 17 19.971336
0 23 10.383265
0 2 19.724468
1 10 18.198099
5 12 6.955937
5 21 33.634510
