3 19 10.848988
4 23 7.352697
0 22 13.142577
6 22 3.211523
2 13 4.447747
4 0 11.834764
0 1 12.209002
2 2 11.255376
2 11 8.442953
2 14 9.143229
4 8 2.325819
5 22 8.739882
3 16 3.211523
0 21 10.624809
2 0 10.341205
4 1 4.693043
4 21 8.554605
5 0 13.352380
0 22 7.410068
6 13 3.211523
6 18 10.961518
6 22 12.430683
0 1 8.956604
4 1 9.182980
6 19 5.003450
4 11 8.148296
0 9 8.147244
3 16 8.956604
4 0 7.771744
4 9 7.546381
4 23 10.320394
6 18 7.410815
2 12 7.648502
0 1 11.559381
3 9 4.992227
5 12 1.739519
4 0 8.161286
5 6 6.177771
5 8 8.613476
0 0 8.150153
6 2 4.805941
6 2 7.414243
6 23 2.116706
1 12 4.881298
1 14 13.198231
2 17 7.156498
2 20 7.223980
3 11 12.294997
4 20 7.999806
0 1 7.771744
0 13 1.609043
4 14 7.715204
1 20 5.125738
1 22 9.003121
6 0 11.206461
0 23 3.839461
2 1 3.377636
5 14 4.890840
0 0 5.312859
0 23 8.124622
0 23 17.020689
2 21 9.108411
4 14 7.031551
1 3 8.312997
1 22 3.724746
6 20 6.921606
0 21 3.731348
1 17 8.218329
1 6 5.958056
1 6 6.712633
6 19 9.939227
6 21 2.174399
6 22 8.801542
5 10 5.761849
6 19 7.060449
2 1 10.591686
2 20 5.789613
6 21 4.239035
4 7 9.654294
5 2 8.798201
0 0 10.912268
0 12 3.159724
1 9 6.457056
6 0 7.037446
6 6 7.838114
2 0 7.694403
6 2 14.513368
5 20 2.839172
0 11 3.265048
3 5 7.771744
0 20 5.179276
0 22 9.363679
1 2 3.727541
1 5 3.211523
2 1 7.771744
0 23 8.040908
1 7 16.013632
2 5 10.376380
1 5 4.278000
0 1 10.287899
0 3 6.450992
2 23 6.126410
6 4 3.265048
0 0 2.759196
0 3 6.516448
1 12 4.735976
4 16 3.265048
5 22 6.612056
6 9 10.798952
6 19 6.641074
0 22 6.470512
2 1 8.080656
2 20 6.395885
4 23 2.683601
5 3 8.589085
0 2 3.696281
0 22 6.575450
1 7 3.265048
3 22 4.031193
4 4 25.384701
4 18 8.956604
6 15 3.320388
2 0 1.916133
5 18 8.956604
6 11 8.241958
0 4 6.973319
3 5 6.800043
4 16 6.022711
5 1 3.561871
5 3 7.771744
1 9 2.140757
5 3 17.815266
6 0 6.493840
3 1 13.027018
4 18 8.809774
6 20 10.441950
1 19 6.043664
4 18 2.442110
2 13 7.560854
2 14 7.264410
5 1 8.161286
5 1 4.593854
0 2 4.962661
3 18 3.493701
4 0 12.453872
6 0 8.478267
5 17 4.168146
1 17 18.659449
2 9 4.806592
3 13 4.255857
4 14 7.080570
1 1 4.616108
3 23 8.027494
5 20 4.870121
5 21 5.240185
6 2 5.911222
1 22 6.852164
3 2 9.987084
0 23 7.264410
2 9 3.839461
0 13 7.174732
2 21 2.138753
4 0 7.286010
4 10 6.046153
6 22 3.838136
0 16 5.749807
0 17 5.441747
0 23 8.180783
0 1 11.322613
1 0 8.251202
1 1 7.772654
2 16 2.244045
6 21 7.102422
1 2 7.093127
2 3 6.436882
2 21 1.628073
4 1 9.876899
5 8 7.067895
6 0 10.298697
0 11 6.377393
0 11 2.281134
0 13 3.265048
6 4 6.918274
6 4 9.007021
0 15 2.281134
0 18 4.772586
2 10 7.145322
2 18 7.836296
6 5 6.817622
6 0 4.870121
6 1 12.307187
0 18 4.447747
0 19 10.623196
0 23 5.003450
2 2 5.762641
2 20 6.859419
3 1 9.694434
4 0 17.628572
4 1 6.229027
2 11 2.319153
2 14 16.690372
3 2 3.265048
1 9 8.586055
6 23 5.639028
2 18 3.541924
3 15 5.167533
4 0 10.013224
6 6 9.884295
0 8 9.336029
0 9 9.259578
1 17 8.304544
5 17 7.915269
6 1 5.299339
0 6 7.145322
0 12 8.016871
2 1 6.440180
0 17 4.231466
6 23 10.647759
5 10 6.930415
5 23 2.129036
6 11 3.211523
4 17 7.471413
6 20 3.211523
0 21 13.788273
6 15 1.863770
6 12 6.015182
0 19 2.543421
0 21 12.674192
1 9 10.682590
5 23 6.899306
4 22 10.028726
5 20 4.469902
6 22 9.694434
2 8 1.530491
4 23 9.265452
6 12 5.875133
0 0 8.366712
0 1 3.561871
6 9 7.389412
5 21 4.234985
0 9 11.857228
0 20 11.255376
2 7 5.086841
4 2 7.026660
5 2 6.859002
1 3 2.238913
1 5 10.142210
1 18 8.649950
3 21 6.589752
0 2 9.052995
1 14 11.884045
5 15 6.558084
2 22 4.447747
3 6 7.264410
5 9 5.470397
6 16 3.013891
6 0 6.256260
6 20 5.971964
6 21 7.203063
6 22 3.373261
2 15 4.985375
2 16 4.397719
0 11 7.203566
2 13 6.483982
4 19 2.968225
0 20 5.570066
0 23 6.471968
0 23 8.403782
4 6 9.762044
6 8 2.138753
0 7 3.381616
4 23 4.383272
5 20 4.627831
6 0 5.003450
4 20 3.615406
6 18 8.875822
6 20 2.577908
0 0 2.328377
0 0 4.867799
2 10 5.785207
6 4 3.265048
6 21 14.172818
6 23 8.288949
0 1 9.395248
4 0 6.152405
4 2 2.202209
6 3 11.483051
6 22 5.883470
1 7 3.211523
6 22 11.433963
2 2 11.355044
0 18 10.131544
0 19 2.244342
1 8 3.211523
6 12 8.956604
0 8 7.826488
2 0 7.067895
3 22 8.228182
5 1 10.569090
0 23 6.859002
1 2 10.196162
6 2 5.435997
0 23 13.248727
5 0 4.728558
6 3 8.087966
1 21 9.105210
2 2 14.459185
0 1 6.816985
1 1 5.003450
3 1 8.536281
6 7 7.145322
3 1 9.003121
4 12 3.768211
5 3 6.532516
5 20 11.847764
2 23 4.681839
5 1 4.152573
5 20 6.821085
0 0 7.062909
4 0 6.370095
5 20 8.956604
6 19 6.022711
2 9 5.086841
6 22 9.242473
2 2 10.459364
6 1 6.370095
0 10 8.382012
1 21 6.219645
4 2 15.212951
6 11 12.430683
4 20 6.748373
3 5 5.958056
0 21 12.726845
4 10 9.475318
6 5 13.818509
6 17 3.436893
4 0 8.039736
6 12 11.618010
1 20 11.317116
2 5 7.264410
3 22 4.593854
6 5 8.874020
6 12 11.255376
1 23 4.909211
2 13 7.382424
4 0 4.664354
3 8 7.067895
2 15 3.265048
2 16 8.304544
6 16 5.434266
1 2 5.647070
2 16 3.493701
1 15 1.884721
2 16 5.173059
3 23 9.748904
4 0 9.109519
6 1 5.923978
6 21 17.878130
3 0 5.132016
3 0 11.640751
3 2 4.447747
5 2 6.748377
0 0 2.683601
5 16 12.057641
1 18 4.960591
6 1 14.881434
0 3 10.408792
1 21 2.138753
1 23 10.703634
0 15 4.152086
2 1 4.748253
6 11 11.918676
0 1 6.265667
0 17 3.696281
0 0 6.916519
2 6 5.479232
1 5 8.071568
3 9 5.301456
4 21 3.109570
4 22 13.071212
5 20 8.304544
0 12 2.140760
6 18 14.495992
0 7 7.487425
4 20 4.693369
4 21 10.828072
0 19 6.306240
0 19 8.304544
5 4 6.901039
0 13 6.763266
0 14 9.741869
5 3 6.547679
6 19 13.327008
5 18 1.892039
0 1 3.882130
5 18 5.014363
2 19 7.035795
4 8 9.905155
3 9 5.031472
3 11 3.498266
3 18 4.221477
1 0 7.236817
6 19 7.709620
6 21 7.419351
0 8 8.787452
6 1 8.080656
2 19 3.265048
4 23 7.746224
0 8 7.297574
5 20 5.872370
6 3 7.675412
0 8 7.710426
1 10 6.973319
1 21 6.852164
5 7 4.616108
5 22 3.478730
0 1 2.249378
3 2 5.923978
4 9 9.260722
4 0 7.771744
0 17 8.016871
0 0 5.290425
0 0 10.179506
6 2 6.817622
1 15 6.525749
4 1 9.139608
0 22 5.294672
5 10 11.194565
0 7 9.155716
1 1 3.211523
5 18 7.517970
5 10 5.177429
6 11 3.013891
5 19 4.956770
5 22 3.211523
0 0 11.513158
0 9 5.862236
2 10 11.618010
2 20 7.907702
4 11 1.628073
2 21 10.309062
1 0 10.002889
2 23 6.797182
5 10 9.381060
5 1 6.964495
6 1 13.144713
0 5 8.027494
2 1 13.091874
4 1 9.039447
0 23 8.603551
0 23 8.320604
5 0 8.903221
6 12 9.271464
1 15 10.385514
4 7 13.700391
4 15 7.469528
1 2 11.641368
4 21 7.589838
0 12 15.538354
0 7 12.402976
2 0 4.616108
0 7 6.810385
1 2 9.357965
1 1 9.022193
1 10 9.632817
2 18 6.589753
2 20 15.446957
2 20 8.717293
3 1 8.148296
3 20 11.924088
3 22 4.447747
6 10 7.264410
5 11 3.265048
5 16 3.265048
5 21 6.160010
2 17 7.083933
6 2 8.008014
