6 17 5.328138
6 19 8.405821
6 21 7.849535
6 13 15.324737
2 21 3.121980
1 21 14.280364
4 23 8.844675
0 22 11.999646
2 16 10.653363
3 14 9.489791
4 20 3.455198
6 16 16.260012
6 21 7.619212
0 8 12.496878
2 16 32.923489
4 20 10.000326
5 21 11.761318
6 19 5.604472
6 21 13.051273
6 8 8.917315
2 0 12.109437
2 10 3.894782
4 0 4.198273
5 14 3.785328
3 22 17.947603
4 21 6.510792
1 8 7.783070
0 11 7.567998
1 12 9.194060
2 14 1.400212
6 13 16.411486
0 23 7.496321
1 1 4.232894
5 9 10.352499
5 14 1.400212
6 1 11.919759
0 23 11.528907
3 1 16.260408
3 12 13.522403
6 12 6.655088
2 11 4.456484
3 10 15.947870
3 21 27.027567
4 2 6.833485
2 12 4.455595
2 14 6.209710
3 13 6.589334
3 14 26.816442
2 9 4.784235
3 14 3.248828
3 21 5.553130
4 0 10.027283
4 13 11.190451
6 23 12.023959
0 16 5.589289
4 0 19.369400
5 1 10.194404
5 13 4.884126
5 20 20.091925
6 22 2.388300
1 10 24.276186
6 16 7.746199
2 15 15.395126
5 1 18.695526
5 19 6.947159
6 21 10.103737
3 19 3.534317
4 7 8.545918
5 21 2.638293
0 18 3.700043
2 9 9.500529
2 17 15.334026
3 15 7.758763
6 20 7.557110
0 21 9.865552
2 0 8.545918
4 14 5.822177
5 19 9.701097
6 22 10.841753
1 2 12.551192
5 1 11.944461
6 9 8.514524
1 10 5.438737
6 15 5.615279
6 21 40.440819
0 19 6.395887
1 13 5.158835
2 9 4.814620
6 1 5.862897
0 0 10.027283
1 18 6.481971
3 10 5.497120
3 12 2.479369
3 14 31.498720
6 18 6.686492
6 20 10.783021
0 23 7.738665
5 10 7.236003
0 11 12.245440
6 21 7.322345
1 8 9.489791
2 14 14.613772
2 14 5.588738
4 9 27.099762
4 10 13.229844
5 9 6.390686
5 12 3.913644
0 22 7.619212
2 13 3.848417
6 20 2.385456
6 22 21.443066
0 20 12.738641
1 9 5.915690
1 15 4.911146
0 20 7.703132
6 14 28.267475
6 15 7.746199
0 19 9.194060
0 20 10.003048
5 2 9.500529
2 20 7.841823
5 1 12.306705
0 9 11.799928
1 17 9.065937
3 4 11.257865
3 16 2.377739
4 1 6.833485
4 15 32.923489
5 21 4.195597
6 3 5.761329
6 22 14.490257
2 0 2.994100
3 18 7.619212
2 23 3.274432
6 10 30.626299
3 16 12.763990
3 23 7.924193
6 18 4.642081
6 23 16.164415
0 12 1.970088
5 0 8.717798
5 15 2.388300
5 17 7.877490
6 21 13.314426
6 3 9.344783
1 23 19.968681
1 23 7.425457
2 10 6.746088
2 19 9.267640
5 19 5.494555
6 2 7.254300
1 13 3.971650
4 5 4.627901
4 20 9.344783
5 11 12.833753
6 10 22.995516
1 22 3.848417
5 7 21.982273
6 22 8.574197
0 2 6.042542
5 20 1.120326
0 15 10.194404
2 1 21.315182
0 2 4.515087
2 19 8.378036
1 2 16.476740
3 22 5.346714
1 20 11.076035
1 20 3.143805
2 10 14.140112
0 10 4.814620
0 14 12.214441
0 20 13.426223
0 20 8.148986
5 14 5.962005
6 22 2.990984
3 15 8.299499
4 6 17.466486
4 11 3.252212
4 11 6.701018
6 12 9.362612
0 12 3.848417
1 1 9.698752
1 21 13.147566
2 12 12.067913
2 20 7.030623
6 12 9.500529
6 13 31.947536
1 20 8.899034
4 22 3.854302
6 19 4.870799
2 1 10.733932
4 13 3.208009
6 4 3.121980
6 14 8.840605
6 9 4.820808
6 10 4.398156
6 20 8.984982
0 2 35.879009
0 23 10.548407
2 18 24.419703
2 22 7.619212
2 22 8.470836
2 23 7.937004
6 9 13.474422
0 22 2.268533
1 12 17.183054
1 17 31.742096
2 11 5.239442
6 2 10.770991
6 22 8.467400
0 13 19.973337
2 1 11.587509
6 19 4.844366
1 9 2.363109
0 8 12.311261
0 14 2.428105
5 3 6.972410
1 2 9.661555
5 3 4.736965
1 20 13.293570
1 22 12.959225
1 23 32.811802
2 0 14.005886
2 6 23.028593
4 23 6.758766
5 3 9.257383
6 12 6.337192
0 4 12.301438
2 1 1.156924
6 20 4.578868
1 19 6.073643
1 20 10.730951
0 2 10.653363
1 15 5.080671
3 3 12.306360
3 22 17.858465
5 1 10.833928
5 23 6.115420
1 18 3.217429
1 23 11.633195
2 20 3.724274
6 19 9.037362
6 22 19.790188
3 0 9.500529
3 22 9.393392
4 0 4.009192
6 20 10.027283
4 17 7.484056
5 21 3.848417
5 23 13.572185
4 1 7.746199
0 14 6.953387
0 9 11.528907
0 10 11.528907
5 12 13.313498
0 22 10.653363
4 2 7.746199
4 8 7.473638
0 2 22.182127
2 1 3.588835
5 18 16.603012
0 18 6.096806
0 18 4.260497
2 12 23.731524
3 15 10.352499
3 23 4.383460
4 14 9.065130
5 13 7.619212
6 0 4.890246
0 15 4.164289
2 9 7.619212
4 1 5.588738
4 20 8.585921
5 11 5.588738
5 19 15.242356
5 19 10.194404
5 20 8.785779
0 12 32.271130
0 21 8.228087
0 22 9.500529
3 10 37.272125
5 10 3.140534
5 13 9.500529
5 16 8.255997
6 22 3.174895
0 17 14.280364
0 20 8.769719
0 0 10.460340
2 10 2.590037
3 6 5.503389
4 0 14.899234
4 19 3.848417
6 9 5.420004
6 10 2.231417
3 7 3.121980
4 19 2.653972
5 18 4.050965
5 23 2.742723
0 3 14.184746
0 11 13.793932
1 14 6.326874
6 2 9.972263
6 16 5.588738
3 2 3.848417
5 20 8.973082
5 20 8.172935
3 23 3.004325
6 22 5.549934
6 23 3.121980
0 12 5.019674
2 15 5.769682
4 7 5.520643
5 7 3.102828
0 23 20.388807
3 20 14.796054
3 10 3.607891
4 1 13.071792
6 11 2.388300
1 6 18.702847
1 9 4.167772
1 11 6.201933
6 9 3.086002
0 1 11.848463
0 3 6.890024
0 20 9.048122
0 21 13.509213
3 0 30.045465
2 13 15.248178
0 0 2.855031
1 19 10.682397
3 0 15.959115
5 22 6.529971
1 8 5.492454
2 13 4.977827
4 20 6.063056
4 20 8.812422
6 21 6.016755
1 22 4.084916
6 0 9.245340
6 18 8.087501
2 21 5.535238
3 13 23.497013
4 10 7.094659
0 20 3.121980
0 17 7.631171
1 20 10.726614
2 0 17.831650
1 21 5.953566
1 21 8.138221
1 23 9.002706
6 7 10.736537
0 22 32.689949
1 7 10.058445
4 15 9.552602
4 21 13.914165
6 18 28.382318
6 23 9.344783
5 21 8.656704
5 23 10.027283
6 20 9.048122
4 9 8.924630
5 2 11.621851
6 0 15.208215
6 0 9.295438
0 7 24.035931
0 23 5.408457
5 21 8.429985
6 20 34.916691
6 22 9.751890
3 17 4.891823
0 15 2.428105
1 17 4.894864
2 12 10.599139
5 6 4.884126
5 9 4.276019
0 19 3.121980
0 21 4.007037
0 23 10.320791
4 23 25.693779
1 18 2.377739
6 15 4.859773
6 22 5.889401
0 18 10.135826
1 23 22.232862
2 9 11.692319
1 12 5.990304
1 20 11.865378
2 13 9.500529
2 0 10.086516
6 7 11.961072
1 15 4.691036
6 20 9.135880
1 21 12.495563
4 16 3.172739
5 14 6.635150
2 20 6.843353
0 21 5.411905
1 0 7.482752
1 4 18.734337
2 0 3.140534
2 1 8.545918
4 16 4.894864
1 0 6.777483
3 19 3.849557
5 21 29.363213
1 7 8.930491
4 17 11.587509
4 18 4.508424
6 22 9.113174
0 4 9.500529
6 6 7.746199
1 19 10.699377
2 20 7.746199
4 6 4.164289
0 4 8.574883
2 19 2.417368
2 19 20.271210
2 19 8.405821
3 19 10.194404
5 12 6.589334
5 17 9.744714
5 18 7.496321
6 1 10.194404
2 21 10.027283
6 7 5.339851
6 7 8.158634
6 13 5.070917
0 5 11.926455
4 23 3.140534
5 8 7.537281
5 9 9.500529
5 10 2.754689
2 7 6.555213
5 16 22.170399
6 1 10.718016
6 15 1.339540
6 19 14.030180
6 23 9.557254
1 20 15.921996
1 22 20.740051
3 0 5.503389
4 2 9.916719
6 13 2.750112
0 8 12.311261
4 19 12.359172
5 10 31.097698
5 10 9.007709
6 19 3.785328
1 5 13.718121
4 19 11.306760
4 15 9.489791
5 1 11.837070
5 18 4.456484
0 12 27.196224
1 9 15.942615
5 21 5.862897
6 21 12.833753
4 19 7.746199
5 1 18.449528
2 9 5.097955
6 0 16.372486
6 20 17.130184
5 12 4.568752
6 3 10.591654
3 14 10.194404
6 10 4.705836
6 10 19.812090
6 13 7.254934
2 10 21.908186
3 13 10.834444
3 16 8.382820
2 12 9.194060
2 14 2.675983
3 2 9.500529
5 8 7.589808
6 22 14.772790
5 1 20.197790
5 2 12.318363
5 22 8.728682
0 0 8.458331
0 23 7.871394
5 3 6.408664
0 23 5.030182
0 11 7.150337
4 15 6.739927
5 12 2.812418
5 13 12.789576
2 14 1.377258
2 17 11.704280
3 13 21.660191
4 9 2.435400
6 21 1.548089
6 22 11.160785
2 0 29.828436
2 9 21.105459
2 21 5.340553
3 16 9.267640
0 9 2.771059
1 22 3.344979
4 20 3.746376
0 14 2.637129
2 3 9.257383
2 19 6.353948
6 2 10.194404
1 23 13.532796
4 7 3.298643
5 8 13.493233
6 2 21.995604
6 3 10.877700
0 16 7.971307
0 2 12.233285
2 10 3.621121
2 15 5.683463
6 19 9.500529
0 0 7.746199
1 20 7.746199
3 0 11.571395
3 1 7.451652
3 15 6.701018
5 20 5.987934
6 4 12.723266
6 6 2.333687
0 23 5.322608
1 23 5.578504
2 22 5.497120
3 10 8.899034
6 11 5.158835
1 0 23.463678
6 23 5.070160
6 12 3.426037
6 23 8.906746
2 7 1.418870
2 23 25.934355
3 19 5.312801
3 19 5.493141
0 23 7.425088
6 20 7.913311
0 5 10.478718
4 14 5.204031
1 0 4.252123
5 18 5.097955
4 21 13.579377
6 2 8.222293
0 22 11.347239
1 2 9.071030
2 6 10.194404
3 22 16.751543
6 10 3.913644
0 3 9.489791
0 12 10.431439
0 14 4.593484
2 8 2.812418
2 9 28.511923
4 22 9.888764
0 19 10.027271
1 14 7.432198
5 22 5.826725
4 8 16.911615
6 2 5.752626
2 5 18.334440
2 7 11.528907
0 13 3.140534
0 13 8.153893
0 13 5.588738
1 2 10.642068
5 0 8.314662
6 4 8.013309
6 9 11.906012
6 10 7.716334
0 23 12.535983
2 22 32.263016
3 11 11.322895
3 12 7.020777
3 23 4.667374
4 20 9.661555
5 20 29.828436
5 22 11.661779
6 22 9.385890
2 0 5.588738
3 10 29.551691
0 12 13.051273
6 13 25.685324
1 19 10.750131
2 1 18.844982
2 1 3.039226
4 21 10.194404
1 7 3.140534
0 6 5.329906
1 10 7.746199
3 9 7.746199
3 23 13.189324
5 0 10.480619
5 15 3.552385
0 7 5.588738
0 8 5.497120
0 23 10.364213
2 14 5.683463
2 17 8.498321
3 8 23.882639
4 20 5.987934
5 20 5.080671
0 11 10.120111
0 13 10.585000
0 20 11.528907
0 21 9.865552
0 23 10.194404
1 18 7.849917
1 23 29.395971
3 6 8.329655
0 3 5.588738
0 8 1.585146
0 18 11.911195
2 22 15.828600
3 6 4.894864
5 12 8.846849
6 19 14.850687
0 11 2.010137
1 11 7.104355
4 0 3.140534
4 11 5.588738
4 19 8.623681
4 21 12.758223
0 16 10.403884
0 17 4.383460
1 0 13.084327
2 13 12.185636
3 7 3.121980
4 12 3.121980
4 21 5.203083
6 4 2.504680
0 13 3.140534
3 23 8.906746
4 10 4.820808
5 10 18.499409
5 11 7.794289
6 16 8.769719
0 1 8.583236
1 16 16.152842
2 10 5.588738
4 0 9.500529
4 18 2.748798
6 15 10.027283
6 17 2.858005
0 14 3.848417
1 12 12.534245
1 20 12.425931
2 14 9.500529
3 14 4.515087
2 8 6.303604
3 13 14.650145
5 7 4.499762
5 8 3.848417
6 23 7.591833
0 19 8.545918
0 22 10.348315
2 14 7.619212
6 5 10.806735
6 5 7.688912
0 11 1.500227
1 7 12.280351
4 11 1.714546
4 15 23.253471
4 22 7.646959
1 2 10.047879
1 8 8.104195
1 11 10.962149
4 0 7.760661
6 16 6.122446
0 2 9.952458
0 3 5.287305
0 2 9.500529
2 18 4.191740
2 20 6.012315
6 11 9.344783
0 6 11.528907
0 6 5.182921
4 23 4.661775
5 1 10.730951
6 23 5.052545
0 22 44.823265
5 0 19.366102
5 2 4.941068
5 4 8.899034
5 23 23.466450
5 22 21.994911
6 9 5.878167
6 12 2.417368
3 18 2.174423
4 18 9.344783
3 13 7.988013
2 9 18.844982
2 22 9.500529
2 8 9.500529
0 9 11.364241
3 23 7.375381
6 18 3.848417
5 16 12.827957
3 0 3.940253
5 16 11.475605
0 23 7.349077
2 5 18.334440
2 7 11.528907
2 11 6.589334
2 11 3.121980
3 0 19.818697
3 0 5.281389
5 16 2.341485
5 18 12.910695
5 18 18.730627
5 19 2.926857
5 23 12.519926
6 5 8.405821
1 7 8.450398
2 1 9.500529
3 0 5.918535
1 19 10.922576
5 0 11.528907
5 23 2.867765
1 22 13.580212
0 6 9.500529
1 10 3.846173
5 23 9.557254
6 0 7.034994
1 10 7.646808
2 23 8.405821
4 23 11.327116
4 12 13.045381
0 22 9.953932
0 22 21.631136
4 14 8.379629
4 15 14.866501
4 17 5.247841
3 9 4.634429
5 13 8.210556
5 21 3.194799
1 18 9.344783
2 18 3.785328
4 17 4.187378
6 8 2.913726
0 1 5.588738
5 18 1.165957
0 9 1.238979
1 10 7.692064
1 23 3.140534
2 22 3.694746
3 10 4.287007
0 3 28.549940
1 21 5.987934
1 22 10.367190
2 0 6.973382
2 18 10.755316
3 10 5.862897
6 2 8.899034
2 0 7.746199
2 0 9.334221
2 13 5.769682
6 17 4.754342
0 2 18.369761
0 23 8.636845
1 19 9.194060
2 0 7.746199
3 14 3.848417
4 3 11.339909
4 11 7.646808
0 8 5.864267
4 1 3.848417
4 23 4.005899
5 8 10.293347
5 9 18.241400
5 18 10.808649
5 11 5.065811
6 15 4.661775
6 8 6.423576
0 2 7.989317
0 3 3.848417
5 7 8.002584
6 11 28.074106
0 20 1.410243
0 23 3.102828
2 17 23.808094
2 18 1.312699
3 0 4.804059
5 23 8.906746
6 16 2.754689
0 18 5.683463
1 14 10.804539
4 2 13.134367
1 17 3.785328
1 18 8.900329
0 20 8.317669
0 22 17.883307
5 13 10.653363
0 11 3.779473
2 18 2.913726
0 21 5.408457
5 0 9.110660
6 14 12.992585
6 19 8.414418
0 3 9.865552
0 22 15.590182
1 18 7.262061
1 21 10.027283
4 15 10.833928
4 16 2.164807
4 20 8.726290
0 15 5.700873
1 18 14.725775
2 20 7.496321
6 17 15.947870
0 8 10.323104
0 21 10.653363
5 2 10.945436
3 11 14.992642
3 11 9.135880
6 23 16.673050
0 19 6.700519
1 17 6.305817
2 0 7.077562
2 12 5.242923
3 10 2.617111
3 18 4.868729
4 2 10.653363
4 23 43.117733
5 12 5.072013
5 21 12.370554
6 19 14.083998
0 22 2.926857
1 10 11.652500
2 21 4.136504
4 0 2.586104
5 2 3.848417
5 19 9.992487
1 11 5.126420
4 5 5.318820
4 12 6.275556
4 13 15.248178
4 13 4.568491
4 14 12.222960
4 20 13.016459
6 18 9.597970
2 7 10.194404
2 13 7.746199
3 22 9.086896
4 20 8.699682
6 0 8.837875
6 18 10.545936
0 7 3.070800
0 16 11.633301
0 19 7.593853
1 14 5.203300
