0 20 10.147023
0 22 8.140493
1 18 15.178003
1 22 10.848026
3 17 9.372561
5 19 8.501154
5 20 10.709402
6 12 6.980154
2 17 13.867310
6 0 8.703539
6 11 12.415382
6 20 11.460755
6 20 10.370111
6 22 10.696441
0 1 6.486010
3 10 9.497243
4 0 6.797902
4 0 8.216830
0 21 6.972190
6 20 7.494823
0 7 9.316795
3 15 6.434095
3 16 6.991367
4 2 14.760355
4 13 7.373953
4 15 7.791317
5 8 8.485112
6 11 15.695990
0 13 3.246723
2 11 11.067567
3 16 7.597794
4 21 8.049462
5 18 7.116191
5 19 6.878603
6 16 5.200264
4 9 9.283916
3 6 12.223675
4 21 10.915673
5 20 8.591989
6 12 8.746948
4 22 20.948400
4 22 2.330410
6 13 14.645441
0 10 10.230202
5 12 9.957957
6 9 10.339046
6 22 8.890341
1 12 11.095554
4 0 13.642146
4 10 8.890341
6 23 8.009700
6 22 8.049462
0 13 10.037159
0 16 12.507716
0 20 7.597794
0 23 7.554111
4 20 9.872616
0 13 5.160663
2 15 6.855506
5 9 11.520535
6 22 15.932653
0 1 10.848026
0 23 9.322090
3 13 10.565431
5 16 8.183620
6 0 10.370025
0 14 2.605922
0 22 9.350101
1 6 5.762740
3 8 10.583452
5 21 10.548169
0 1 8.216830
1 8 9.038513
1 13 3.300835
3 7 10.059698
4 6 9.747983
5 20 8.183620
3 7 12.842926
4 15 8.343243
5 8 7.974772
5 9 7.161061
0 11 8.183620
3 5 9.038513
3 8 6.663647
4 6 8.059983
4 19 7.975159
5 5 11.095554
3 8 7.997678
6 7 13.043596
0 7 7.727622
6 16 11.277449
2 14 5.610806
5 19 14.124830
5 20 10.509036
3 17 14.514375
5 20 12.449369
6 0 9.872616
3 10 8.438536
3 12 6.304718
3 17 10.400482
3 21 10.363938
5 0 8.072711
5 17 9.372561
0 1 10.400482
1 18 5.402569
2 15 11.761648
1 18 14.906967
3 8 7.554528
3 15 8.363090
4 13 10.204397
0 12 8.774961
0 20 9.667053
6 11 15.403594
0 12 7.597794
0 14 8.576226
1 7 6.422931
1 11 9.528769
2 13 10.059698
3 8 11.465406
3 12 8.770943
5 11 6.991367
5 20 13.433514
0 21 9.126781
4 7 9.409837
5 7 12.744027
1 10 10.771229
3 11 11.067958
3 11 7.565661
3 21 11.277449
1 20 5.668269
3 0 7.793924
3 22 10.207280
4 12 7.967231
4 23 8.163518
1 23 6.180774
0 2 6.855506
0 21 7.014532
5 0 8.988501
1 9 4.939491
6 8 10.037159
0 0 8.890341
1 12 11.140698
2 16 11.700542
3 19 8.555619
3 11 3.246723
4 6 12.055051
5 18 5.910673
6 11 5.861554
5 21 11.155309
4 11 8.039122
2 16 9.995622
6 2 6.140918
1 18 3.682374
3 12 4.350355
5 23 9.538857
6 12 3.975324
2 19 11.465406
2 22 11.298141
4 1 8.608108
5 22 10.709402
1 9 11.251380
4 7 10.059698
5 11 8.183620
6 7 8.982611
1 5 12.071227
1 11 7.395954
1 6 2.097369
6 10 3.779816
1 20 8.049462
0 18 13.137451
1 2 11.277449
1 23 9.991338
3 8 11.465406
3 15 5.858041
2 12 7.597794
0 0 11.921465
1 17 11.465406
2 3 13.696636
3 7 8.123037
4 13 9.350101
6 10 7.420980
3 22 9.735821
1 13 6.363267
1 14 6.878603
1 21 6.857785
2 11 1.796580
4 13 11.860765
4 15 6.391174
6 2 15.856256
6 13 9.505936
1 13 12.499064
2 12 7.107890
2 16 7.940372
5 9 8.363090
5 19 9.733470
1 9 6.405965
6 8 6.277801
0 9 11.313438
1 19 11.517607
2 11 5.055610
4 7 9.539026
6 3 8.183620
0 19 5.762740
0 22 2.833046
1 6 8.725598
3 21 5.229941
4 7 5.531420
4 13 9.352570
5 14 3.813398
6 17 8.947644
0 10 3.356781
1 9 5.762740
3 10 11.932829
3 11 5.762740
5 20 15.861675
0 15 7.793924
6 22 10.447175
0 21 10.650327
1 6 8.465814
4 9 7.194262
4 21 9.570024
1 21 10.697639
3 14 6.512731
4 11 9.732165
5 16 9.894785
6 1 1.752834
6 1 15.740356
6 21 12.480578
0 21 5.200264
2 19 7.597794
3 7 6.201362
4 11 9.915068
4 13 5.986836
4 15 3.300835
4 21 12.998593
6 15 3.474563
6 23 14.360244
0 20 13.910109
0 23 12.336172
1 20 10.059698
2 20 8.768142
4 7 9.590509
5 6 9.604312
0 17 7.957642
6 23 10.215001
0 11 10.059698
1 23 11.293924
5 6 12.315277
5 20 7.328615
6 8 11.101095
6 17 8.445251
6 20 5.319452
0 1 10.059698
0 0 7.107890
0 0 8.047938
1 13 10.059698
2 18 9.885602
3 21 8.890341
4 23 3.797878
5 21 8.558527
6 0 12.764772
0 1 14.233229
0 2 1.878241
3 11 7.897656
5 23 11.757607
2 13 8.494866
3 11 3.543405
5 22 8.988501
0 19 8.890341
0 20 17.752409
6 23 8.327581
1 9 8.666069
3 14 8.937295
5 11 8.183620
5 18 9.261202
0 20 11.424984
2 12 11.465406
4 19 6.803995
5 11 9.221391
6 22 9.038513
1 4 8.873489
4 12 9.684121
5 22 9.995998
6 21 11.659736
0 16 4.727970
2 19 11.789365
4 6 11.133686
5 6 14.919944
6 16 8.183620
6 18 9.782724
0 22 12.068849
1 1 8.183620
2 11 12.948112
3 17 6.512731
5 10 7.743309
6 16 17.300404
2 12 8.587424
3 5 7.074809
4 21 14.976694
1 5 11.860765
6 23 10.633545
1 12 8.072711
1 17 9.811707
0 17 7.726570
0 21 5.429812
6 13 8.927586
1 20 11.277449
3 0 11.345981
4 11 9.087531
5 12 7.228363
0 15 6.523857
2 19 6.512731
4 19 7.116191
6 1 11.520535
0 10 20.593138
0 22 1.629946
3 18 5.610806
4 0 10.030284
4 12 8.344989
3 12 10.059698
4 14 8.343243
6 23 15.006361
2 6 14.919944
3 1 5.860414
3 15 8.747564
4 9 5.762740
6 10 9.038513
1 13 4.288602
6 20 8.387827
6 16 9.420568
0 19 11.581338
0 22 13.163914
6 0 10.790421
6 3 9.860196
6 10 8.049462
6 8 8.937295
6 9 12.920946
0 1 10.919435
0 16 11.277449
1 7 8.843811
5 12 5.930612
1 9 10.533838
1 12 8.890341
5 13 12.275979
2 3 9.350101
2 7 9.610190
0 12 8.450336
6 14 2.912502
0 6 4.890511
0 12 12.574623
2 10 9.350101
5 11 11.836671
0 14 8.473606
3 21 6.485740
4 9 4.024772
5 12 8.514631
4 6 7.704833
6 19 11.277449
6 22 8.135438
2 16 10.848026
5 16 7.754062
6 17 10.037159
6 11 12.480578
2 14 5.762740
3 11 7.107890
5 10 5.658575
6 6 15.006361
1 14 7.554111
3 17 8.622599
0 19 13.956223
0 23 6.011578
1 0 13.067445
6 15 8.049462
0 9 6.863035
0 19 10.040065
5 8 11.152399
5 11 11.465406
6 12 6.403045
2 6 12.499064
0 0 7.859577
0 10 5.961455
0 14 10.991056
0 16 9.145181
0 20 8.856317
0 0 10.423097
1 8 9.518834
4 9 8.311806
5 7 13.913169
5 11 7.328524
5 18 4.091851
4 5 12.920946
5 7 17.315031
6 1 7.859577
2 18 3.414657
3 11 6.101340
6 3 8.183620
6 10 9.699311
0 11 10.727612
0 14 11.277449
0 15 15.006361
0 13 6.991367
3 5 10.059698
3 7 10.892138
4 22 9.885602
6 21 6.644411
0 16 11.932829
0 21 12.979934
1 22 6.304718
1 11 8.288503
4 23 38.816895
0 10 9.094819
1 16 7.885140
0 2 15.287209
3 17 8.094191
3 21 3.194357
3 22 5.762740
4 5 8.072711
5 2 8.216830
6 16 11.277449
3 23 12.224599
0 19 9.652826
1 9 11.066932
0 13 5.735569
0 22 6.626019
5 4 12.480578
5 9 9.080559
6 18 7.919632
6 22 9.590830
2 0 9.261202
3 9 11.465406
5 7 9.145181
5 18 13.292925
5 22 9.698057
6 18 13.083960
0 0 12.315277
0 14 3.300835
0 12 8.183620
1 8 11.886266
1 12 6.404689
3 9 8.920819
4 1 8.363090
5 8 6.512731
0 2 3.246723
1 6 12.254436
1 16 9.038513
2 11 8.049462
4 7 8.413194
4 14 9.038513
5 13 11.152313
5 14 8.421441
5 21 9.735192
1 14 8.107054
2 10 8.363268
3 19 6.157961
4 11 9.528769
6 0 12.480578
0 21 11.369594
0 12 1.723865
3 4 4.645986
3 15 11.277449
5 11 13.811185
1 8 12.125812
2 9 3.842813
2 13 8.544353
4 18 9.806308
4 20 2.132918
5 19 7.554111
6 20 8.049462
4 7 3.833657
5 20 15.422489
6 7 16.126036
0 12 11.926217
1 7 10.709402
1 9 8.054399
2 12 7.597794
6 0 2.857978
3 21 8.447247
6 16 7.927122
0 1 8.183620
6 18 3.493467
3 10 8.494866
0 1 10.150465
3 9 10.370760
3 17 10.583452
4 9 7.122932
5 9 15.367831
5 8 9.680507
5 17 8.698831
5 22 9.512340
6 10 9.627789
0 21 8.013996
4 14 7.515550
4 16 10.709402
5 4 10.697639
5 13 6.647765
4 11 14.039273
4 16 13.488713
6 3 8.322326
6 20 10.166759
0 13 8.049462
0 15 6.750526
1 21 3.779816
3 0 8.512778
4 21 9.062075
4 23 10.633545
5 11 9.872616
5 23 9.073439
6 18 8.905705
6 20 8.015532
0 23 11.340247
1 15 12.739341
2 21 7.988793
3 9 9.667233
4 13 7.122932
5 18 6.979358
5 23 8.631543
0 9 14.038622
0 10 6.500330
0 20 8.545098
2 3 11.465406
4 0 9.505936
5 10 12.275979
6 20 5.740263
0 13 7.170658
1 10 5.762740
2 12 13.685084
2 15 6.376847
2 16 7.116191
2 22 4.038425
4 9 9.191709
3 18 8.716627
5 8 8.183620
1 0 11.420027
1 13 10.748818
3 20 11.260560
4 0 9.038513
2 19 2.829287
6 20 9.600445
3 23 11.446992
6 4 10.709402
6 9 12.480578
1 10 11.465406
6 21 11.345981
0 17 11.251380
1 0 8.183620
3 0 10.059698
6 2 10.969488
3 7 5.668269
5 2 8.682377
6 13 2.294496
1 7 8.198287
1 11 7.690270
1 15 4.024772
0 0 12.299119
1 8 6.335109
2 15 8.766685
3 19 9.125668
5 9 10.363938
6 5 5.668269
6 13 10.919435
1 5 8.677175
3 12 5.402569
4 9 6.105685
4 8 5.920664
4 11 12.480578
4 15 3.690570
0 11 7.473240
0 17 7.726570
5 23 6.797626
6 23 10.591708
6 22 7.921613
0 13 8.890341
0 14 2.097369
3 15 9.038513
5 19 10.715651
1 6 1.869690
1 6 9.038513
2 23 13.121346
3 9 11.150217
5 11 11.465406
6 12 9.038513
1 6 8.450336
3 6 11.057096
3 7 11.465406
2 7 15.328582
2 17 10.799212
3 9 9.038513
4 8 8.572720
5 15 9.350101
6 1 14.206053
6 16 12.480578
1 7 10.748818
1 8 7.352704
2 19 8.582556
6 7 7.042997
0 9 11.554591
2 18 11.860765
2 10 13.053430
3 20 11.465406
4 8 9.283916
5 22 10.059698
6 0 10.037159
0 22 10.467417
1 16 10.533838
0 8 4.716727
0 19 7.473240
4 9 8.567522
0 12 9.038513
1 11 7.859787
3 19 11.581338
1 21 11.282314
2 20 8.911815
4 22 11.251380
5 7 14.720783
2 6 10.037159
4 20 12.095868
5 14 11.465406
6 8 7.554111
6 12 7.473240
1 2 8.768142
1 10 5.860414
1 15 9.350186
0 20 5.961455
0 4 13.165830
2 6 8.049462
3 7 11.939363
4 7 7.672144
5 23 10.700961
0 0 9.860196
4 4 3.679013
4 6 7.566584
4 12 4.328980
0 22 5.752457
0 12 7.729522
0 13 9.580554
1 8 10.956940
4 20 8.094191
5 23 9.038513
6 9 10.709402
6 11 6.806408
6 14 5.668269
6 15 9.189173
6 22 11.717873
0 11 7.473240
0 13 11.251380
1 22 9.851020
2 16 10.709402
3 11 9.265070
3 17 9.528769
3 22 12.963761
4 18 8.856644
4 21 10.059698
5 18 8.614337
0 7 8.447247
2 19 5.488324
6 13 13.928782
6 14 6.250884
1 9 6.066042
2 23 13.863544
3 11 9.528769
1 17 7.107890
2 22 13.941511
2 23 15.861675
6 0 10.709402
6 2 4.411254
2 13 9.124690
3 23 9.038513
5 21 10.228528
0 11 8.049462
0 16 7.919632
0 17 9.038513
0 21 14.016563
1 19 4.645986
2 19 9.735192
4 6 16.618587
5 6 8.473606
5 10 4.496115
5 11 11.791934
6 18 9.350186
1 6 13.873885
2 13 11.066932
2 18 8.890341
1 14 9.350101
2 22 14.683034
4 9 4.496115
1 7 8.072711
3 5 16.037399
4 20 11.152399
5 0 11.903871
6 10 5.928859
6 17 6.817671
0 0 6.453710
0 10 11.465406
4 11 9.528769
1 6 7.107890
4 13 11.362785
5 7 13.707595
5 9 10.583452
1 9 10.412610
6 15 8.049462
0 18 7.473240
1 8 12.507716
0 19 12.499064
1 2 5.488324
6 9 11.277449
0 12 5.221974
0 1 11.450562
6 16 3.536609
1 23 6.754987
3 7 11.925573
3 10 8.903559
5 11 10.037159
5 15 8.362224
0 8 7.235994
0 11 8.641760
4 13 7.919632
5 17 11.535343
5 23 9.505936
0 0 13.913169
2 8 6.392511
2 11 7.597794
6 20 8.807730
1 22 9.038513
3 19 6.040248
3 22 13.956223
5 3 9.528769
5 22 8.890341
0 20 3.896091
0 21 3.300835
1 12 7.919632
3 11 8.795663
3 11 1.503333
3 18 11.277449
4 7 15.006361
4 10 8.465814
6 7 11.298141
6 10 10.442887
4 17 6.304718
4 22 5.149940
5 8 10.040065
6 11 8.890341
0 15 10.453445
1 6 10.976118
1 9 8.698831
1 9 3.983604
1 12 7.597794
2 7 6.803995
2 7 7.997678
2 12 7.473240
2 20 7.328615
3 12 12.077979
4 10 5.762740
6 7 12.692114
6 8 8.183620
6 11 6.980154
6 8 7.597794
0 8 9.625443
0 21 9.312524
1 10 13.298631
1 18 8.288503
2 11 6.803995
4 19 5.762740
0 1 9.862760
1 8 8.183620
6 21 13.635343
0 17 7.975159
6 4 14.522285
1 9 9.409837
2 7 11.362785
4 10 4.024772
2 7 8.567522
6 14 8.049462
1 0 5.576845
1 10 5.238854
0 19 6.663647
1 7 7.927122
2 11 9.528769
4 8 6.980154
4 18 12.712544
6 20 13.678273
0 7 11.465406
1 21 12.480578
2 7 11.254037
3 8 10.589156
4 11 9.706600
6 17 10.964380
0 13 10.754099
5 17 9.283916
6 17 6.647765
1 8 8.183620
3 11 9.528769
3 14 7.375191
5 2 10.709402
6 15 9.872616
1 13 8.183620
1 20 8.933222
4 6 8.746948
6 17 9.372561
6 18 12.480578
0 0 8.813391
0 17 9.559199
2 12 9.221391
3 19 10.878756
4 12 8.947644
1 0 10.059698
4 4 9.038513
4 16 5.037123
0 10 13.556450
0 19 7.638180
2 17 10.363938
2 21 8.578109
4 10 5.489733
4 16 7.859577
6 20 15.048746
0 2 10.560309
0 11 9.430967
0 12 8.049462
6 19 4.698277
6 20 9.430967
0 1 11.321195
0 23 8.049462
2 13 10.127908
6 19 13.136295
6 22 12.275979
0 2 7.597794
0 4 14.921753
0 4 11.465406
0 15 6.182306
6 19 10.407151
1 19 10.308523
5 16 9.825650
6 10 11.930383
2 1 5.762740
2 9 8.049462
2 18 12.275979
3 12 1.402268
3 12 1.303957
5 19 11.396541
6 1 9.038513
0 1 7.605738
1 22 10.059698
4 8 7.789413
4 8 7.975159
0 0 8.473606
0 18 10.207280
0 19 11.095554
0 19 9.350101
6 11 9.038513
6 12 11.067567
0 19 6.160374
1 21 9.528769
5 20 11.067567
0 1 8.049462
3 22 11.339173
4 19 11.646579
0 7 4.401130
4 21 8.209314
2 18 10.059698
5 13 6.011752
5 18 6.750526
6 23 10.219655
0 19 10.778249
4 12 7.271332
6 10 18.730753
0 20 8.049462
0 0 9.463152
0 4 9.322090
3 16 6.331495
5 19 9.651545
5 20 10.267528
5 22 7.515550
6 15 11.273055
0 21 9.527908
1 0 8.407738
3 19 9.358685
4 0 3.452468
6 9 8.473606
6 15 8.216830
0 20 5.482810
5 23 8.813391
5 18 9.283916
0 2 4.806192
0 9 11.388338
1 21 5.501392
3 12 8.538925
3 22 17.520704
6 2 6.317637
0 7 14.760355
0 11 9.184840
6 22 10.974216
6 22 7.554111
0 18 13.559960
1 9 8.580744
4 23 10.230202
5 3 12.480578
0 16 16.279016
3 8 10.709402
3 23 12.499064
6 17 9.244873
0 23 12.056784
2 11 5.362065
0 19 14.056046
0 20 11.562995
6 20 10.447175
6 23 11.509748
0 22 9.038513
1 10 3.000759
5 0 12.910943
5 9 11.645416
5 19 6.907085
6 11 7.561285
6 20 8.894810
6 21 12.123852
6 22 9.278412
0 19 9.053272
5 13 10.235052
3 0 21.813995
2 10 11.259682
3 15 8.049462
3 22 11.067567
