6 9 5.490144
6 17 39.896278
3 21 13.782141
4 11 1.092088
4 14 20.248304
2 10 3.759857
2 18 3.568088
3 12 6.645830
3 12 23.639612
3 15 25.619131
3 15 3.717006
4 14 7.010974
4 21 4.098713
4 21 6.241357
5 21 6.610841
0 12 7.128022
0 13 7.550466
0 15 9.251890
1 22 5.921190
2 7 22.814932
2 11 9.890507
3 13 10.350471
3 15 8.662647
4 7 9.479069
4 7 10.302290
4 20 13.566051
5 11 8.136823
5 12 4.148215
6 23 7.627934
6 23 23.429371
0 21 11.913022
0 23 6.356611
0 23 16.827669
6 18 5.327201
1 8 10.589633
1 14 7.117546
1 15 12.643662
1 22 10.602878
1 22 8.115765
2 1 22.302408
2 10 3.025723
2 22 16.439426
3 22 4.662642
5 9 3.387871
5 17 4.405516
6 2 6.660680
0 1 5.696539
0 9 22.791504
1 10 9.717507
1 10 3.072742
5 10 5.682348
5 19 5.728983
6 22 7.950146
3 16 13.490808
4 16 2.493824
5 8 4.274089
5 18 2.469594
6 5 11.152357
6 8 10.068858
1 8 14.514251
1 10 8.087934
6 15 5.976082
1 0 7.737894
6 1 7.276837
6 21 3.130059
6 23 14.637759
1 16 4.625856
2 12 5.812819
3 8 20.407379
3 10 5.512487
0 21 14.223619
6 3 15.320718
6 9 8.351920
6 14 12.637026
1 20 6.106110
2 11 4.135373
2 13 31.091805
2 21 6.551488
2 21 6.543989
3 13 11.068409
4 18 11.439839
4 20 6.116988
4 21 36.413773
5 7 20.878988
5 10 8.321621
0 13 8.710145
0 21 9.826618
1 1 1.384004
1 1 6.119640
1 2 15.601649
1 15 14.233840
1 15 4.942088
1 18 17.181929
2 20 10.419291
3 13 2.102920
4 15 5.060644
4 21 6.048675
6 16 3.425909
0 8 5.231707
0 8 15.117204
0 8 5.474076
0 14 1.935234
1 22 4.986470
4 0 13.234385
5 23 4.559605
6 0 4.222238
0 21 4.380040
0 21 15.182364
6 14 22.767481
0 15 4.906211
0 23 4.152969
1 21 13.279235
3 11 14.302194
3 13 3.897450
3 15 8.106111
5 14 3.724535
6 0 2.252630
6 18 4.871953
0 1 3.532620
2 8 8.840573
2 9 16.245546
2 16 7.010974
3 8 11.757816
4 8 9.886096
5 13 18.713814
5 13 12.336205
5 13 12.587867
5 18 19.608349
5 20 4.592996
5 20 8.468396
6 13 10.232672
6 21 5.339611
0 19 7.066360
1 13 29.504351
2 0 2.200843
2 10 17.559088
2 11 4.717447
2 16 5.303853
2 19 6.355180
3 10 6.626518
4 22 10.617929
6 18 5.968471
0 23 17.933212
0 3 8.366542
2 11 13.404408
2 11 9.845862
2 20 4.527707
3 6 9.203892
3 6 7.147787
3 13 1.619117
3 16 16.854698
4 3 9.166976
4 11 6.952412
4 12 1.453205
5 3 4.906578
6 0 2.356548
6 1 16.855042
1 14 7.131750
4 0 5.971877
4 1 6.450372
4 21 8.629674
5 1 4.192954
5 23 8.969346
0 12 16.489614
1 9 5.303853
1 23 10.292086
5 10 3.468468
5 13 5.100459
5 21 9.554044
0 1 8.782988
0 5 6.222154
0 22 5.321508
1 0 21.307224
1 10 9.667865
0 20 7.677382
1 10 23.374689
1 16 6.597737
1 17 5.032632
2 21 4.675421
2 22 10.946575
3 3 7.201966
4 12 19.300598
5 9 7.914282
5 21 4.749220
6 8 18.660938
6 8 14.300911
0 10 7.081072
0 11 2.357697
0 14 4.559605
3 8 9.842134
5 0 19.589762
5 8 3.105225
5 21 5.002358
5 21 20.701332
6 15 2.319615
3 12 5.939514
3 18 10.474690
4 19 7.015893
1 10 2.711678
0 14 9.401836
1 16 6.705897
1 23 15.349030
2 18 3.238405
3 9 2.971789
4 15 17.629389
4 20 10.397566
4 20 6.865827
5 17 4.322462
6 6 10.595016
0 19 7.249620
0 22 5.605322
2 19 14.675799
3 19 6.707543
3 21 2.375663
4 22 11.569405
5 23 6.535521
6 22 3.017007
0 11 7.589729
0 23 17.004648
1 15 13.422009
2 0 13.377602
3 19 2.669756
3 19 14.514251
3 21 6.774909
4 20 5.427441
4 21 5.513083
4 22 11.089744
4 23 8.102084
5 1 9.140217
5 10 6.957150
6 18 10.307883
6 23 12.728782
0 0 5.797110
6 13 15.334274
2 16 5.682348
3 14 16.031206
3 19 20.215050
6 0 9.605076
6 1 10.815094
6 2 3.251649
0 0 17.790058
1 12 13.741021
2 2 11.832614
2 16 10.589945
5 14 17.595654
0 20 5.776879
0 21 5.490144
3 7 3.323586
4 9 11.921964
4 22 6.871824
5 9 13.606857
5 10 14.377057
5 16 19.465055
5 22 12.057108
6 18 7.365411
6 19 9.281808
0 3 13.030362
1 9 2.083614
1 14 3.462991
1 23 8.100961
6 23 9.949479
1 19 1.941157
2 13 17.827637
2 14 11.338229
3 17 3.357502
3 20 3.017921
3 21 4.718092
4 0 34.214638
4 9 14.233840
4 15 17.747511
4 19 4.942088
4 20 5.161817
5 20 21.301088
1 23 15.148539
1 23 4.070561
2 14 17.594158
2 18 5.165771
2 19 6.231509
2 21 6.072994
2 23 18.346260
6 20 4.151556
6 21 22.090244
6 22 3.004172
6 23 11.644262
6 23 10.471640
0 0 5.562277
0 18 6.646498
0 19 4.348457
3 14 11.119807
4 9 7.180333
6 13 24.002537
0 17 8.090122
1 10 15.786423
1 16 5.032632
2 2 7.801612
2 16 12.208313
2 22 5.360679
3 10 2.068446
6 0 5.741047
6 14 3.676638
0 4 7.444310
0 12 10.198799
0 22 8.712594
1 1 18.557093
2 3 10.573124
2 16 7.385470
3 2 16.080334
5 8 6.293203
5 12 1.069285
2 2 17.416876
2 2 11.184147
4 20 12.143380
5 2 17.416876
5 4 3.540106
5 5 10.317949
5 5 14.226287
6 12 7.706494
6 12 1.453205
0 2 17.752668
2 23 17.080824
3 13 2.547727
4 20 24.808657
5 1 2.271602
5 10 12.470712
5 19 5.485879
6 1 13.244583
6 1 5.489874
6 21 5.303853
1 1 7.983148
1 7 10.626493
1 13 4.868276
1 13 17.695066
1 19 4.043526
2 14 4.592996
2 17 6.704163
2 18 20.710327
3 1 4.026105
3 11 5.995432
4 9 6.722533
4 10 1.050509
4 15 7.710857
4 23 4.496962
5 18 5.499046
6 2 11.030128
6 14 1.705071
0 15 2.743190
1 0 19.595079
1 13 11.124976
1 21 8.150295
5 22 4.333799
5 23 7.458304
6 13 17.021275
6 19 5.273123
6 22 26.247766
0 20 6.198572
2 1 23.862215
2 19 4.293515
2 21 6.902183
3 16 19.426756
3 17 6.886450
3 19 22.201496
3 23 7.652524
4 7 14.522624
4 19 13.579750
4 19 3.470289
5 6 2.836164
5 6 24.634182
5 9 4.601136
6 19 5.244089
6 19 17.025139
1 15 13.236094
1 15 4.127927
4 1 16.224131
5 20 20.306137
6 22 1.883212
0 1 6.787337
0 19 10.035506
0 22 4.747116
1 19 5.251407
1 23 4.979021
2 0 4.293748
3 15 4.134941
3 15 14.504181
3 16 11.010978
3 16 4.293748
3 18 13.304815
3 18 4.190286
3 21 5.612714
3 23 7.018294
3 23 2.482149
4 19 2.949832
5 1 6.698316
6 3 7.441555
6 21 4.506835
0 0 6.097939
0 12 7.744005
0 12 6.047753
0 13 20.746265
0 20 6.248897
1 5 4.592996
1 23 4.774007
2 10 3.812757
3 4 7.378641
4 9 7.689970
4 22 15.156462
5 14 17.342411
6 2 11.067608
0 7 9.724910
0 11 6.212474
0 13 8.598291
0 20 6.952412
1 2 19.429815
5 0 4.885291
6 0 11.339273
0 19 3.515305
1 13 12.193960
1 14 5.809110
2 18 18.731258
2 18 4.125986
2 19 15.421249
2 20 3.838350
3 10 6.186153
4 18 8.722009
4 18 5.144988
0 0 8.394278
0 13 1.645137
1 11 5.109604
1 19 8.768375
1 20 2.939380
2 15 7.210454
2 20 5.858960
2 21 9.879005
2 22 9.064227
3 22 7.068285
4 2 8.044233
4 21 20.689989
5 0 5.277731
5 14 20.260120
6 14 5.203113
6 21 30.055334
0 22 7.781762
0 11 2.720894
1 23 16.996754
3 21 1.636585
4 1 3.092155
4 23 5.144988
2 7 13.614862
2 7 5.682348
5 9 5.032632
6 12 3.025723
0 14 1.680305
1 13 2.590588
1 17 7.161332
2 10 10.515679
2 13 5.312781
4 11 19.959938
4 11 7.803994
4 15 16.774214
4 23 14.158924
5 2 15.855055
5 21 6.144798
0 0 3.025723
0 10 21.738583
1 0 11.472103
1 1 9.125636
4 11 4.990033
4 12 12.366919
5 14 16.674318
6 13 7.685673
6 17 40.397705
6 19 4.436127
0 3 5.032632
1 0 10.004703
1 3 19.254572
2 21 6.390369
2 21 6.394859
2 22 3.523048
2 23 8.471619
2 23 23.696505
2 23 4.559605
2 23 10.317949
3 7 8.788488
3 8 2.002781
4 8 4.222185
4 11 11.657572
4 12 18.584976
6 11 18.120703
6 12 17.934406
0 23 6.991218
1 22 8.496853
2 11 13.569646
3 12 16.343420
3 13 4.820512
3 22 2.503443
0 9 3.185149
0 22 8.680525
0 23 12.389617
1 9 2.068446
0 17 1.270982
2 18 2.474024
3 11 15.253859
4 13 10.348497
5 13 16.655214
3 16 6.145483
4 17 6.456459
2 22 4.512341
3 9 2.114423
3 10 9.350478
3 19 8.028111
3 23 17.848745
4 15 13.763602
4 20 5.969232
4 22 6.293203
0 17 6.145483
1 9 2.457939
1 22 23.464478
6 11 4.222238
6 22 9.010495
0 14 13.517568
1 11 10.265972
2 6 5.991859
2 6 10.714448
2 7 13.192024
2 7 7.396129
2 7 2.599817
4 15 5.949443
4 22 16.109560
5 13 12.505159
5 14 2.102920
6 13 8.808485
0 18 4.989472
0 22 7.627934
1 7 11.720386
1 7 10.250350
1 7 10.339841
1 7 3.270807
1 7 12.671253
1 7 2.376007
2 7 10.786331
2 14 14.236615
2 18 2.599817
2 18 7.285871
2 21 11.816378
2 22 15.455706
3 6 2.457799
3 9 1.453205
4 14 7.578236
6 8 18.045502
6 23 3.666618
0 11 6.145483
0 19 4.220744
1 18 4.792085
1 22 16.744108
2 6 19.842705
2 6 8.211838
2 6 8.211838
2 6 7.519398
2 8 7.472534
2 9 11.963099
2 12 4.204022
2 12 2.730499
3 20 3.239403
5 6 5.396832
5 10 11.023190
5 10 12.206247
6 20 7.698026
6 22 12.287498
6 22 2.971789
0 7 14.276312
0 21 11.449142
1 8 14.239389
1 10 6.756087
6 15 3.540829
0 8 12.557556
0 8 6.091959
1 0 3.388126
1 19 3.749211
2 23 6.468184
3 22 13.099999
4 15 2.298960
5 9 33.812252
6 0 15.288550
6 3 16.494642
1 21 7.327545
2 9 2.380665
2 23 8.545319
3 8 2.631528
3 11 7.888486
3 15 1.763159
4 19 23.981730
4 20 3.582325
4 22 10.033681
5 1 7.968133
5 14 7.699902
5 18 5.505004
5 21 9.856757
5 22 4.583488
0 1 5.466221
0 21 3.101572
1 12 9.727825
2 0 3.729037
2 1 37.011745
3 8 3.185104
3 10 14.131844
3 10 3.540106
3 20 6.395269
5 2 11.054946
6 23 4.084522
0 1 5.799392
0 7 5.694821
1 7 3.872809
1 8 6.809351
1 15 12.626850
2 12 3.682256
2 18 8.000378
3 14 4.122908
4 0 9.709622
4 9 5.160554
4 14 4.080782
5 7 7.877896
5 23 7.674406
6 18 7.009387
0 15 2.175435
1 7 6.556364
1 13 6.301882
2 6 10.129876
2 12 11.722246
2 14 10.950049
2 14 6.933342
3 20 13.854029
3 20 4.021129
3 22 13.832217
4 8 9.390319
4 9 14.276312
4 13 6.044737
4 18 11.222118
6 17 6.287299
1 21 15.349030
1 23 9.862259
2 0 6.834182
2 17 22.628351
2 18 2.458336
2 20 7.544306
2 23 7.912996
3 13 6.145483
4 7 15.062092
4 14 7.706824
5 7 6.936937
5 7 3.443225
5 8 6.098407
5 10 4.522729
5 14 8.033781
5 18 2.294095
5 21 3.885604
6 20 5.101833
6 20 5.108037
0 20 12.958788
0 22 19.249773
1 2 21.138121
1 5 16.363697
0 2 10.119736
0 19 4.347969
0 22 12.247410
1 4 14.879553
1 15 15.137922
1 23 10.549300
2 11 10.894143
2 11 18.347414
2 14 3.945313
2 19 5.243550
3 8 2.864099
3 9 4.517701
3 13 3.897450
3 22 15.242450
4 19 5.239062
5 14 3.071539
5 19 6.462498
2 12 5.502667
2 14 10.059032
2 16 4.212068
3 7 20.043680
3 8 19.999178
3 8 5.396832
3 11 17.050037
3 19 12.671253
4 15 8.332653
5 18 5.718141
5 22 2.102920
6 16 3.741008
6 21 4.545608
1 15 15.138348
1 22 9.591053
2 11 4.376227
2 22 2.417363
3 11 5.109634
3 14 15.392817
3 20 5.632819
3 22 9.882735
4 16 3.128199
4 22 23.810692
6 1 4.321605
6 9 14.920194
6 22 7.800506
0 19 17.084536
1 22 11.926945
1 23 17.293310
6 16 15.895543
6 19 3.891415
6 19 11.267458
0 21 12.565968
2 22 4.661174
3 17 5.878590
4 1 3.423393
4 6 7.502886
4 19 1.585314
6 6 4.645506
6 14 8.697824
3 8 6.010163
3 15 4.523770
3 16 2.971789
4 0 19.073166
4 12 17.594158
4 17 4.588393
5 0 5.725275
5 11 4.714794
6 4 9.265722
6 4 8.795585
6 8 14.679173
6 12 6.102952
6 22 4.254895
0 12 15.022003
0 12 4.450421
0 19 2.399831
1 2 8.829180
2 8 3.387871
2 17 14.146030
3 6 8.898329
3 15 11.599111
4 9 16.587502
4 10 7.392882
4 18 2.999789
5 1 12.758339
5 13 5.612714
6 11 13.597895
6 20 3.019388
6 21 3.159744
6 23 18.921850
0 10 17.200905
0 11 15.632950
0 11 7.949655
0 11 5.072630
0 15 18.047197
1 2 5.947241
6 11 11.053285
6 18 5.245244
1 20 4.041294
1 22 6.843517
3 23 28.568489
4 1 3.020754
5 1 7.068285
6 1 16.240799
6 3 11.800125
6 23 7.755417
0 20 7.119530
1 20 8.035480
2 0 7.627934
2 22 4.950786
4 18 9.211239
5 0 26.947332
5 20 16.343420
6 15 9.038134
6 15 6.746040
6 21 5.096004
6 21 6.734292
0 10 2.102920
1 19 7.249620
1 20 7.970481
2 17 20.194836
2 23 9.869583
3 0 3.278783
4 1 12.952930
5 8 7.576464
5 21 8.630613
0 12 1.529689
0 17 11.384820
0 17 6.781594
6 19 4.950130
6 23 10.925813
0 18 7.010974
3 14 4.645506
3 14 2.352427
4 1 6.206765
6 12 17.378155
6 12 3.832034
6 18 11.356347
0 0 2.836616
0 2 23.929905
0 10 5.732513
2 9 7.254592
3 21 7.323748
4 2 11.286241
6 18 5.020330
1 15 18.678009
1 15 14.682840
2 10 11.184147
4 14 5.809214
0 9 7.014369
0 1 16.273838
0 1 4.761910
1 22 5.914719
2 4 9.696304
2 14 8.322937
2 14 12.456039
3 9 1.069285
3 15 4.274089
5 22 6.249644
2 13 3.920711
3 10 6.333909
3 10 18.066643
3 10 13.226010
5 12 4.429049
5 18 12.666001
5 18 2.882515
6 13 11.804522
6 21 2.720894
0 0 4.152969
1 12 10.646575
2 13 5.144988
3 11 17.006447
4 21 15.476551
6 16 4.231564
0 14 9.558204
0 14 6.097050
2 22 4.381953
6 0 4.831620
0 18 5.533779
4 21 3.375616
5 20 3.613535
0 1 3.020754
0 17 15.206186
2 23 1.320506
2 23 12.208313
4 23 6.729757
5 21 7.359177
0 21 6.381190
1 9 22.403177
1 23 17.247444
3 11 10.020022
3 11 12.145481
3 18 4.898325
4 9 3.294967
4 14 23.635700
4 14 4.320138
4 14 5.476810
4 17 3.486292
5 0 7.722990
5 16 12.412137
5 21 20.029575
0 23 3.440806
2 10 18.686228
2 13 10.347143
3 13 11.019528
3 14 13.286765
4 13 2.114423
4 15 3.238235
4 18 7.201488
5 14 2.139436
5 14 5.500495
6 23 2.318087
0 1 8.717789
0 1 4.421472
0 17 2.788446
1 17 12.154732
1 19 4.559605
2 9 24.658552
2 22 16.378567
2 22 5.139840
4 9 7.821246
4 9 15.833728
4 13 14.186605
4 13 15.171884
4 17 2.971233
4 20 12.490746
5 9 3.464872
5 10 5.656750
5 14 8.229839
5 14 6.349214
6 2 11.660151
0 4 23.617245
0 2 16.707985
0 3 20.478296
0 15 6.220826
1 23 11.327271
3 14 7.974573
4 0 15.972922
4 14 10.550770
4 18 3.522620
6 0 1.840677
6 0 10.245963
6 23 4.669294
6 23 27.400318
0 23 5.340211
1 18 8.100961
5 14 28.070297
6 12 9.143180
6 12 6.917807
6 19 13.195714
0 10 5.337438
0 10 34.642845
0 10 2.834960
1 22 8.402957
2 16 6.043409
2 23 7.299065
4 10 2.342590
4 20 8.095247
4 23 12.848074
5 12 11.040001
6 9 5.231707
0 3 3.042516
0 5 6.249644
0 6 10.421891
0 6 10.933706
0 7 7.289138
0 7 11.637250
0 7 9.717507
0 7 3.897402
1 8 1.453205
1 11 11.251010
6 23 9.673976
0 0 14.891988
1 11 11.135116
1 15 13.964700
2 20 23.587240
2 21 11.342309
2 23 12.215608
2 23 6.905555
3 10 30.352718
3 12 2.474024
3 13 4.249476
3 18 7.396129
3 22 18.908251
4 9 3.253160
4 17 6.766230
4 18 14.565509
4 18 3.025723
5 9 17.202322
5 10 7.527482
5 10 16.968735
5 18 6.742717
0 7 8.067439
6 18 2.661621
6 19 12.201516
2 10 9.752095
3 14 3.328648
3 17 11.384798
3 21 2.964570
3 22 3.450250
4 23 8.249583
5 1 15.269958
5 8 6.874780
0 22 4.788167
0 22 31.196548
1 1 9.207426
1 1 10.732679
1 1 7.710857
3 9 3.030292
4 21 23.186892
4 21 9.134546
4 23 12.735216
5 23 11.740233
6 8 9.535749
6 13 15.650463
6 16 6.849938
3 9 5.318442
3 10 10.265916
3 19 7.753155
4 1 22.769285
4 2 6.456195
6 2 5.032632
6 12 14.828061
6 10 10.692048
6 16 5.391716
3 13 7.652559
3 13 17.983976
3 15 15.606796
4 11 11.094573
4 12 2.379774
4 16 8.468392
5 14 4.021129
6 14 18.484003
6 20 5.908788
6 21 4.792085
6 22 7.204246
1 0 4.941172
4 16 4.222238
5 14 11.338229
5 23 2.746828
6 10 7.668798
6 10 6.964104
6 18 19.789473
6 18 8.752455
6 19 6.832815
0 14 12.367972
0 14 7.516097
0 23 8.166562
1 13 15.623695
2 5 10.008452
2 9 1.998142
2 19 5.128372
3 18 2.102920
3 21 14.264728
5 9 18.956993
5 13 11.152357
6 21 12.194149
0 1 8.991898
0 9 4.747116
0 13 8.348702
2 17 8.734147
3 12 6.373502
3 14 4.274089
3 22 13.195715
4 21 9.679199
4 23 12.311689
5 20 12.512058
5 22 5.499046
6 20 14.515814
3 10 6.711602
3 14 12.909927
3 16 10.674503
3 16 5.144988
3 16 10.374924
3 17 4.517701
3 17 1.429382
3 18 6.153300
3 18 8.229385
3 19 10.413054
3 19 5.390090
3 19 14.812382
3 20 3.058608
3 21 2.215690
3 22 4.823426
3 23 6.106645
3 23 2.247867
4 12 12.558633
4 15 3.863359
5 22 10.490847
6 19 8.419377
0 13 9.860648
0 22 5.682348
1 13 5.032632
1 21 4.255110
1 23 10.689570
2 10 15.397574
2 10 7.968158
2 17 12.858704
2 18 5.247549
3 3 9.234035
3 10 2.742270
4 9 16.351179
5 12 3.559675
5 14 7.984834
6 16 3.900806
6 16 8.115180
6 16 13.185619
0 9 11.101220
0 11 4.965528
0 16 5.747671
0 22 14.976993
1 0 11.610285
0 7 3.595371
2 1 5.340414
2 2 8.589588
2 3 14.161511
3 9 4.979021
4 8 6.059316
4 13 6.399961
4 19 34.907673
5 22 11.711914
6 2 6.589970
6 12 12.768854
6 17 5.063814
0 0 4.786227
0 0 1.510788
0 22 1.883212
2 8 10.510952
3 11 20.489262
3 16 5.852841
3 16 10.581006
3 16 1.341420
3 19 5.162511
3 20 7.806600
3 20 2.337056
4 6 7.361312
4 16 9.331027
4 16 5.459190
4 16 4.305933
0 23 15.115137
2 10 14.464398
2 16 4.921067
2 17 6.817662
2 20 6.540472
3 8 1.614672
3 11 3.234206
3 12 13.580951
3 12 5.276722
5 6 7.204246
5 18 4.496962
6 20 6.403097
0 0 5.574901
0 17 2.497128
1 7 22.100866
1 9 2.854471
1 9 4.255759
6 6 10.558277
1 15 11.948246
2 6 7.022277
2 11 15.975419
2 12 10.235505
3 21 2.744853
4 8 11.112261
4 12 4.348960
4 21 10.805455
5 7 6.985641
3 15 9.436460
4 13 12.239786
4 22 5.776458
5 16 5.502312
5 22 7.576464
6 0 3.047033
6 18 8.654365
6 23 11.040128
0 0 7.665988
0 11 3.300789
1 18 4.559059
1 19 6.790087
2 8 11.446475
2 8 1.013977
3 22 16.000988
4 17 8.271577
5 0 10.994221
5 16 4.979021
5 20 4.208866
6 16 4.376202
6 10 5.659371
0 20 8.680525
0 21 11.139235
1 16 6.340319
1 16 23.404417
2 1 12.585857
2 10 17.945715
5 20 8.548766
5 20 2.743190
6 11 4.161038
0 2 3.988303
0 19 6.729757
1 23 9.355885
2 0 5.699443
2 20 13.767530
3 20 1.879105
4 9 18.662535
4 10 11.906646
4 13 4.274089
4 19 2.337056
4 19 2.247867
6 20 11.556797
6 22 11.635174
0 2 15.601649
1 9 5.698823
1 18 16.569225
3 22 8.993528
5 4 14.965913
5 18 3.838398
5 21 13.547159
6 15 5.303853
6 19 6.739456
6 18 5.032632
6 23 6.960586
0 1 7.824656
0 15 8.068722
0 23 8.087934
1 6 17.416876
1 7 8.970006
1 7 1.542957
1 23 7.627934
2 11 1.902981
2 22 5.183667
3 17 21.940752
4 7 11.358708
4 9 6.502180
5 23 3.749211
6 18 7.627934
0 1 7.128022
1 14 12.848823
1 23 14.095058
3 0 5.060644
3 9 6.896040
3 9 19.857548
4 0 4.205855
5 22 14.123980
6 13 11.041470
1 8 15.750972
3 8 4.317874
3 23 10.056498
4 6 4.950130
4 7 25.446209
4 7 7.425900
4 7 19.789473
4 7 12.611812
4 7 3.670470
4 20 19.777836
5 22 15.038679
6 10 4.152969
6 10 8.270186
6 13 16.489614
6 23 9.751881
0 12 10.097622
0 18 20.038057
0 23 6.227031
1 7 4.593983
6 6 5.223979
0 0 5.379643
0 18 10.194933
0 19 6.139381
0 20 9.472043
1 9 4.940382
2 17 15.016391
2 18 2.193238
2 19 15.818125
2 22 5.434961
3 0 6.840276
3 16 4.592996
3 19 2.102920
3 23 6.425062
4 17 4.930672
4 18 2.946611
4 22 14.158406
4 23 43.321457
5 1 8.083670
5 8 4.197845
5 13 1.638626
6 1 4.950130
6 20 4.577614
1 6 7.527108
1 16 4.823426
2 7 2.446575
2 16 16.219294
4 1 3.124918
5 14 4.672497
5 17 10.841910
5 17 2.526632
5 18 4.126797
6 14 1.454821
6 19 7.573163
6 20 3.290635
6 20 7.460298
6 21 14.613297
1 16 7.160574
2 18 5.957232
3 18 1.670106
3 18 1.243448
3 20 10.516768
4 1 3.295368
4 8 3.548063
4 20 2.769587
4 20 2.547727
5 23 17.480459
0 12 4.177798
6 4 9.724910
0 12 7.417366
0 22 5.871869
1 0 4.984442
2 13 9.281808
3 9 14.489955
3 11 10.818240
4 12 6.860233
4 18 22.992626
4 22 28.028786
5 8 9.245317
5 9 15.779854
5 19 3.749211
6 20 7.692558
6 20 9.696304
6 21 10.260081
2 10 8.090908
2 13 7.716590
4 18 10.440338
4 18 8.073800
5 10 5.885795
5 11 6.960645
5 11 5.893729
5 13 14.110815
5 13 6.012877
6 23 3.749211
1 8 16.627535
1 9 11.774026
1 9 3.612774
1 12 8.921696
1 14 8.615116
1 19 14.266747
2 8 7.854442
2 20 8.271566
3 0 4.161038
0 18 8.239018
1 9 17.771816
6 7 8.974040
0 13 17.784319
0 14 5.550610
3 15 15.480913
3 19 18.551958
4 19 4.849210
4 19 6.464286
5 0 4.145095
5 0 9.753674
6 14 3.419721
6 20 1.268654
6 21 5.345873
0 3 4.625132
2 20 6.688593
2 20 2.068446
3 20 30.998503
5 12 13.941874
5 13 10.862725
6 2 15.701674
6 10 18.366690
6 10 11.624271
6 12 3.240010
6 16 3.428024
6 19 4.051230
0 19 11.406912
0 22 10.180361
0 23 6.354335
1 13 29.099319
1 14 28.373482
1 14 7.677382
2 15 5.437646
4 18 2.555059
4 23 20.892879
1 10 4.432418
6 23 18.538448
0 15 3.726302
1 1 16.140005
2 5 18.047197
4 11 16.699720
4 11 12.394102
4 11 9.669232
4 12 4.446855
4 12 1.871784
4 13 11.302821
4 14 8.366542
0 21 5.492679
1 19 13.951411
2 0 6.098596
2 4 9.550448
2 22 2.379774
2 22 6.964104
5 8 8.411121
5 22 9.336618
0 0 11.960282
1 21 14.323167
3 17 12.946229
4 9 20.334057
4 12 21.120541
4 19 6.198925
5 14 15.086166
6 4 3.766910
6 9 17.446970
6 11 4.838592
6 17 3.278783
6 23 12.248241
0 6 7.801612
1 12 20.114477
1 14 4.518438
2 12 6.970459
2 14 17.994457
3 6 6.774909
3 21 7.527677
4 23 14.914894
4 23 15.601649
5 8 12.089147
5 11 3.173059
6 5 6.392322
1 6 18.468138
1 13 5.411760
1 15 8.100961
1 19 8.348702
1 19 5.995432
1 19 11.774026
1 19 5.740770
3 8 5.950902
5 10 2.200843
5 12 6.325856
5 21 8.026670
5 22 13.601247
6 10 5.884994
6 11 16.991535
1 5 10.402150
1 14 6.532146
1 20 13.608504
3 12 11.306723
3 15 12.154732
3 15 1.306904
3 15 5.231707
3 22 16.219294
4 6 8.600373
4 12 4.161038
4 15 6.765695
4 17 8.513615
5 9 4.799584
5 13 2.376007
6 10 4.946058
6 11 6.591215
6 13 14.222090
6 17 4.751375
0 14 4.559605
3 13 4.887238
3 21 15.412621
5 5 5.589194
5 13 5.396832
5 18 5.588675
0 0 18.354012
1 1 7.015761
1 8 8.914153
1 19 6.163340
1 20 1.841594
2 8 10.059561
2 13 14.259300
2 19 7.187532
4 22 7.002091
5 1 8.517261
5 17 25.013252
5 21 4.662642
6 17 27.717113
3 7 4.792983
3 10 10.294881
3 23 4.712827
5 0 7.553193
5 11 3.989379
0 11 18.361179
0 11 8.545319
1 11 2.965404
1 13 4.559605
1 14 4.523770
6 3 5.563815
6 8 7.238458
6 23 8.839754
0 7 7.090468
0 7 7.573163
1 2 9.428319
1 14 10.226920
1 22 4.274089
2 9 4.440557
2 10 9.726491
2 10 4.403275
2 13 15.665293
2 21 7.997446
3 8 3.440806
3 13 14.720587
4 9 2.797959
4 22 4.969534
5 8 3.425017
5 16 3.804105
5 16 11.869587
6 2 7.179053
6 3 9.273757
6 22 16.719179
6 23 6.460467
0 0 3.408374
1 20 5.066227
3 0 22.615751
3 10 1.968601
3 12 16.553307
4 11 22.684593
4 16 11.128146
4 17 6.507827
4 22 20.436628
5 2 13.163564
5 11 1.774632
5 11 8.202980
5 12 1.786661
5 16 6.241704
5 17 5.396832
6 1 3.957683
6 3 13.608504
6 20 7.796251
6 22 6.447212
0 3 5.447833
1 15 5.522667
2 16 3.251649
3 20 14.514251
3 20 3.292278
4 9 11.113881
4 10 16.247330
4 10 13.185224
4 19 8.315630
4 21 1.784044
4 21 10.663328
4 21 3.077477
5 6 7.652559
5 8 6.646367
5 8 23.902910
5 8 4.682954
5 9 2.166514
5 13 3.704967
5 17 2.294533
6 17 5.060644
6 17 8.348702
6 17 15.616590
0 3 17.043055
0 8 9.195239
0 8 9.857070
0 8 23.480799
1 16 4.730103
1 21 5.857777
1 21 5.121820
1 23 6.039441
2 15 20.129744
2 22 19.578749
2 23 8.766727
3 6 6.396619
3 10 22.980595
3 20 4.692116
4 13 19.313915
4 13 3.643093
4 20 5.872372
4 23 6.452126
5 8 16.697958
5 13 9.369650
6 1 5.408536
1 2 7.577851
1 7 14.931350
1 11 3.508586
1 12 10.768922
1 14 9.657054
1 19 8.471619
2 14 6.325269
2 14 3.600108
3 16 12.738924
3 16 4.906211
3 20 4.719667
3 20 7.619866
4 13 2.046059
4 18 2.328311
5 4 9.671889
5 9 9.132768
5 18 2.746866
5 23 4.486026
5 23 5.751504
6 9 9.675237
4 10 4.541638
4 22 3.345939
5 18 3.809191
1 4 9.365629
0 14 6.018431
2 18 7.113536
4 17 2.943743
4 18 4.359614
4 19 14.022536
4 19 13.546130
5 11 7.196286
1 6 3.025723
2 13 3.602122
6 19 3.522620
6 19 6.420710
0 8 6.077945
0 8 3.670193
1 10 15.237529
2 22 10.898588
4 17 4.691317
5 16 2.247867
6 21 7.882886
6 22 18.078646
0 0 8.315630
0 16 4.161038
0 19 6.534518
0 21 4.870584
1 22 10.226920
6 10 9.975216
6 22 6.039158
0 3 17.443800
0 21 12.782670
1 15 10.923142
2 15 20.177584
3 20 7.270405
5 15 2.530322
5 20 8.914515
0 19 4.484857
1 10 14.663045
1 12 13.397656
2 10 7.833233
2 13 6.173985
3 10 16.603373
4 14 12.988616
4 20 11.973949
5 21 2.902910
6 22 4.650826
1 21 7.364510
1 21 9.560514
2 20 4.222185
3 10 12.671052
3 10 16.077116
4 2 13.986698
5 10 13.897109
5 18 5.887453
5 19 15.666722
0 0 5.721222
1 22 16.849133
2 12 13.754136
4 17 5.343408
5 10 23.356283
5 11 17.982920
5 22 3.431650
6 11 10.674642
0 20 2.421654
2 15 3.788232
2 21 3.656072
3 4 7.111045
5 23 5.292514
6 11 7.570484
1 10 9.895514
1 10 21.398251
1 18 17.017929
1 23 6.241704
2 1 8.145869
2 21 15.455709
3 10 10.003673
3 10 9.343068
3 12 2.247867
3 16 1.631126
4 21 3.805961
5 10 20.134298
6 16 7.014777
0 9 15.332561
0 11 8.081416
1 0 6.928823
1 9 10.551518
6 8 6.145483
6 8 7.462654
2 11 4.603528
2 19 5.128372
2 21 6.023930
6 13 4.307361
6 23 6.289515
0 15 7.575180
1 15 6.556364
2 1 1.453205
2 15 3.945313
3 1 6.896040
3 11 5.653553
3 13 8.405231
3 23 19.474625
4 11 4.004708
4 11 1.294111
4 15 6.145483
4 19 5.591813
5 3 11.195876
5 7 7.068285
5 8 16.737196
5 9 19.541164
5 19 5.261083
5 22 8.212743
6 20 6.744837
6 22 6.428327
0 21 9.700990
1 2 8.419612
1 3 11.770483
3 14 10.132720
3 20 2.930965
4 0 8.366542
4 0 17.078461
4 5 7.627934
4 15 15.602287
5 10 25.011478
5 21 13.158210
6 3 11.152787
6 13 4.038582
6 22 6.979770
6 6 4.592996
6 7 18.657194
1 13 7.480475
1 23 4.799584
2 9 4.249317
2 9 5.495984
2 18 6.687096
2 23 12.563846
3 14 12.527007
3 17 6.079473
4 17 8.071355
4 22 5.400551
4 22 22.835766
5 17 1.557005
5 21 4.805288
6 9 2.161231
6 23 2.433037
0 7 7.933850
1 16 10.457523
1 16 13.911589
1 16 4.077873
1 16 6.439226
1 17 7.710857
1 19 9.298735
2 17 6.645332
2 20 10.674642
4 15 2.767011
4 19 1.743845
4 23 8.799573
5 12 14.464719
6 16 12.100927
6 17 6.846872
6 17 10.719811
6 17 4.633345
0 9 8.949264
2 7 7.424624
3 22 10.571861
4 14 2.801102
4 22 18.233313
6 12 19.223389
6 13 7.973217
6 14 15.374294
6 19 1.729452
0 12 2.672269
0 14 6.863895
0 14 4.027735
0 22 11.211066
1 0 11.205762
1 0 7.836427
0 23 7.262636
0 23 11.096588
3 11 7.015893
3 19 4.592996
3 21 11.985978
3 22 9.927518
5 2 9.053008
5 9 6.516583
0 23 4.592996
1 9 5.392106
2 2 7.890966
3 8 8.840573
3 20 2.805757
4 23 15.125059
5 21 6.044737
5 22 4.549589
6 16 6.179244
0 21 5.314858
2 11 6.942119
2 16 2.102920
3 1 6.781594
3 12 13.216716
5 8 2.102920
5 21 7.543921
5 23 8.065270
6 11 14.635548
6 11 30.578451
6 15 10.140629
6 16 2.036578
1 21 2.175435
6 21 9.582141
6 21 3.670002
1 0 8.563712
1 8 12.784864
0 15 6.260600
0 17 8.545319
1 19 10.024724
5 22 6.423678
0 18 5.682348
1 1 7.068285
1 23 3.315359
2 0 5.887453
2 2 3.610026
2 2 10.148803
2 2 12.876428
2 20 10.685223
3 0 7.181811
3 17 2.592008
4 14 3.238235
6 10 16.603285
6 22 1.758514
0 17 3.320318
0 17 9.242267
0 20 6.079473
0 23 20.132917
6 5 8.469722
1 9 3.017176
1 19 11.338229
2 23 11.205042
3 20 4.494846
4 14 3.185149
4 15 3.801774
6 3 14.913182
6 11 5.322402
0 6 9.936203
0 9 9.052423
1 5 9.569305
3 5 9.052862
3 13 3.665926
4 11 7.627934
4 11 5.823697
0 8 6.213960
0 8 9.331637
3 12 26.820656
4 12 4.456868
5 20 4.274089
6 22 10.328406
6 23 10.561158
0 1 5.709936
0 6 4.747116
0 10 19.992134
0 12 6.411693
1 10 7.462583
6 12 3.006366
6 20 1.557005
0 23 7.757221
2 9 1.520971
2 10 5.060644
2 22 13.162950
3 7 11.814508
3 11 6.935227
3 13 10.061472
3 21 13.131957
4 8 10.626503
4 9 22.835766
4 9 3.497394
4 9 17.021448
4 10 4.777268
4 22 1.941157
4 23 2.976121
5 18 5.682348
6 0 22.961033
6 20 3.004706
0 0 15.866910
0 1 5.728808
2 23 5.506609
4 13 8.414597
5 0 12.585857
5 23 15.591842
0 14 3.025723
0 14 12.819142
1 11 16.666412
2 9 5.318902
2 13 7.072492
2 20 19.789473
3 0 4.222185
3 7 16.309225
3 8 11.246352
3 8 12.750779
3 9 1.282239
3 14 5.979914
3 14 7.538350
4 11 1.752468
5 11 10.869972
5 20 4.073444
5 23 9.389777
0 19 5.060644
1 9 4.208866
1 10 4.896939
6 16 10.474858
0 3 4.604805
0 8 33.884220
0 15 2.890074
1 7 16.096474
3 20 12.005811
3 20 8.366542
4 15 3.054319
5 14 6.570215
3 14 3.089969
4 15 14.300492
0 1 2.592008
2 9 9.889969
2 12 7.934061
3 1 5.318902
3 19 6.301882
4 10 14.777002
5 12 7.109179
6 7 6.663845
0 13 2.294095
0 17 25.178879
0 18 4.222185
3 18 2.720894
4 2 5.032632
4 17 2.843007
4 19 8.545319
5 1 5.676140
3 9 6.688593
3 10 15.941786
3 11 7.068285
3 20 13.275064
3 22 3.540106
3 23 18.350634
4 2 12.353137
5 10 14.944062
6 16 6.745028
6 19 6.991218
6 22 4.950130
0 23 2.377735
1 13 10.499648
2 8 11.005326
2 8 3.202382
2 14 4.495989
2 19 12.958788
2 22 10.223644
3 15 3.349898
3 15 6.991218
3 17 13.104323
3 20 12.213821
3 23 6.659030
4 17 10.936184
5 10 18.565250
5 10 2.183750
5 14 13.488729
5 15 1.902981
6 16 2.594264
0 1 10.296114
0 10 20.359707
6 7 4.222185
6 14 6.538395
6 23 17.587099
0 0 8.411681
1 13 9.895210
1 13 7.816737
1 13 6.287299
1 15 16.550026
1 16 6.321206
1 16 6.173859
2 12 20.505459
2 20 4.208866
2 20 8.445914
2 22 9.083614
2 22 3.489898
3 7 10.674642
3 7 8.211838
3 7 13.931984
3 8 13.003185
3 8 10.027803
3 8 6.282375
4 19 13.920719
5 8 12.405893
5 8 8.295404
5 8 10.413054
5 8 4.794434
5 10 7.544083
6 13 10.789644
6 13 4.421978
2 8 3.540106
4 6 18.120703
4 6 6.198526
4 10 9.012516
6 15 3.622311
6 15 3.958299
1 13 11.338229
2 14 24.309464
2 15 16.516582
3 6 10.832762
4 6 8.903613
4 7 6.952412
4 11 7.841059
4 14 11.078901
6 13 7.913292
0 20 9.383700
1 7 9.270061
1 7 1.246361
1 8 1.153150
1 8 12.960416
1 8 3.791334
1 16 5.957232
1 21 7.082140
1 22 10.578748
6 8 11.212508
6 8 1.704162
3 9 2.594264
3 9 2.068446
4 1 18.029644
4 1 7.253587
4 4 4.908997
4 5 18.621025
4 5 11.720386
4 5 8.906889
5 5 15.899540
5 7 11.535768
5 10 3.099462
5 18 11.549260
5 18 5.709936
6 11 5.276649
6 21 4.077992
1 11 9.529530
1 15 35.550491
2 6 10.971828
2 6 6.538607
2 6 8.094193
2 6 7.396129
2 6 7.396129
2 7 8.348702
2 7 2.751156
2 13 10.846456
3 17 7.756576
4 7 7.465109
5 8 6.860233
6 17 3.437845
6 19 11.950084
1 15 5.499046
2 11 8.732052
2 11 13.691427
2 14 3.965185
4 19 6.008681
5 5 7.249620
5 6 7.576464
6 0 4.871953
6 4 24.249073
6 4 13.623170
6 4 17.991507
6 20 12.745910
6 20 11.157063
0 11 14.111073
6 19 7.393954
6 19 5.587584
2 11 1.050190
3 19 5.782320
3 23 26.969851
5 7 11.005242
5 23 5.981419
6 8 12.128778
6 20 6.703527
6 20 13.072785
6 21 7.769182
6 23 15.349030
0 22 10.438598
1 21 6.991218
3 5 8.545319
3 12 9.297227
4 20 8.882220
6 2 8.414216
6 8 22.259768
0 19 37.800819
1 0 14.640031
2 0 12.558633
2 10 10.982235
2 10 16.735485
2 15 5.308359
3 1 6.691957
6 7 13.122291
6 19 7.921521
6 20 19.262751
6 22 2.557197
0 9 5.322402
0 10 2.785518
0 13 5.936524
0 23 6.617128
6 8 13.728973
6 13 6.148320
0 1 7.488289
1 5 22.700186
1 11 2.337056
2 3 9.999393
2 7 4.249317
2 7 6.989056
3 7 11.921964
3 7 10.933706
3 8 5.267557
3 22 4.312380
4 2 11.610285
4 6 6.301882
4 14 11.900354
4 15 4.747116
5 11 22.639383
6 21 19.874111
0 5 18.233313
0 7 8.366542
0 7 7.941442
0 14 10.007477
1 14 4.559605
2 1 12.793239
2 14 4.484857
3 3 21.463743
3 21 12.420883
3 23 17.533735
4 2 7.107236
4 3 21.839184
4 20 8.775527
5 10 10.339016
5 12 12.812704
6 22 8.844737
0 4 7.419678
0 8 3.151969
0 8 10.194933
0 9 5.231707
0 10 8.607282
0 12 7.737894
0 20 4.429049
1 3 5.648055
1 8 9.166976
1 23 11.780957
2 5 8.092782
2 18 18.847126
2 18 2.102920
2 20 4.645506
3 3 13.338251
3 4 4.559605
3 5 15.050437
6 16 2.946374
0 22 7.390810
0 23 6.423678
1 13 6.568070
1 16 5.682348
2 17 6.899183
3 19 15.693214
4 22 3.349898
5 7 7.361312
5 13 10.125832
5 13 11.405417
5 16 3.286740
5 17 3.370610
6 14 13.877819
6 18 3.945313
0 19 4.160553
0 23 7.573163
1 14 6.301882
1 14 2.211017
2 22 9.227186
3 12 9.425921
4 11 3.953925
4 11 8.932912
4 16 2.237425
6 0 3.766876
6 13 14.164738
6 13 6.039158
1 8 6.535521
1 11 14.990559
1 20 15.289775
2 6 7.541639
2 17 5.891421
3 19 6.991218
3 20 4.047793
3 21 3.020754
6 17 8.426392
0 11 9.838534
0 21 23.773932
0 3 8.924656
0 8 19.428144
0 20 5.620718
1 13 5.490144
1 19 7.768963
2 1 4.450357
2 5 7.627934
2 9 10.019596
2 15 18.186764
3 20 7.201488
4 10 4.712878
4 10 6.509816
4 10 12.243775
4 10 1.585314
4 12 12.287498
4 18 6.285050
5 0 4.681552
5 11 20.517040
5 11 17.751341
5 12 14.776424
5 12 9.156279
6 19 2.197029
0 2 4.250382
0 21 8.900928
1 6 14.743818
3 10 7.527677
3 12 9.525578
5 11 8.272002
5 18 38.548702
5 18 4.796935
0 18 8.325850
0 20 6.649156
1 13 5.893729
2 14 4.681552
2 19 11.599825
3 1 2.002781
3 2 9.166976
3 18 6.425819
3 22 17.921144
4 6 7.068285
4 13 4.270816
5 8 4.549589
5 15 13.530321
6 9 5.981419
6 14 3.491619
6 19 29.827753
6 22 3.487656
0 7 18.028214
0 7 5.686089
1 1 2.640008
6 15 11.666545
6 15 3.610026
0 23 20.775291
1 11 6.178808
1 16 2.138563
1 17 4.979021
1 17 2.476016
1 18 1.328706
1 18 7.357959
1 19 2.599817
1 19 15.755573
1 19 8.348702
1 19 6.468929
1 20 10.402718
1 20 11.002421
1 20 4.678768
1 20 4.274089
1 20 10.220654
1 21 9.215672
1 21 8.461653
1 21 10.046952
1 21 1.453205
1 22 1.968601
1 22 2.068446
1 23 2.557197
2 13 10.015983
3 11 7.142880
6 13 12.566775
6 18 10.211568
0 14 4.559605
1 0 18.512554
2 12 20.773077
2 13 17.131353
6 2 7.194169
6 14 6.739456
6 16 5.659371
6 16 5.778658
0 19 3.811102
1 12 4.208866
1 20 16.277231
1 21 11.479062
2 7 7.221589
2 16 2.494043
2 22 9.594956
3 10 10.732584
3 15 12.409662
3 21 5.782320
4 10 2.490176
5 12 11.919036
6 18 13.275966
0 7 10.368965
0 7 3.908233
6 4 10.394396
6 16 15.287459
0 6 14.613297
0 7 5.589194
0 22 11.140272
0 22 14.089593
1 19 8.991898
2 14 6.654759
2 18 8.072657
2 18 14.937885
3 8 6.637699
4 8 2.377735
4 13 2.283577
4 21 20.511173
4 21 8.491064
5 16 7.361312
6 19 11.101115
0 0 13.255195
0 14 7.519398
1 16 8.044233
3 11 11.808854
3 20 12.578880
4 9 3.749211
5 20 25.727697
5 20 5.534245
0 21 19.728180
0 21 6.249644
0 21 6.349214
1 17 29.405333
1 19 11.921168
1 20 6.783682
2 8 6.203287
2 10 26.154623
2 18 4.222238
4 0 16.494642
4 10 8.466179
4 17 3.890998
4 18 43.596138
5 13 1.911746
0 12 8.846351
0 14 3.238235
0 16 3.670193
0 22 23.313213
1 10 21.492580
6 15 5.303853
6 19 6.739456
0 13 12.094984
0 17 14.095654
1 11 13.953858
1 16 1.888078
1 16 5.231707
2 6 7.778687
2 6 6.044737
2 14 17.933212
3 6 9.769410
3 8 1.937606
3 11 11.392101
6 1 9.809342
0 20 5.060644
0 23 17.808420
0 23 4.085986
1 3 10.215971
6 14 5.072630
0 0 13.694955
0 3 13.931607
0 15 19.748960
0 15 16.381517
0 16 5.782464
0 16 4.139696
0 22 20.108236
2 13 11.037005
2 23 5.956413
4 20 4.497188
4 22 6.899170
5 3 9.461609
5 19 3.387871
6 16 4.082359
1 2 6.439226
1 21 13.842394
2 0 9.569305
4 1 24.859068
5 4 5.396832
5 14 10.381177
5 22 5.034291
6 23 8.046362
0 11 7.303757
1 8 17.418365
6 15 4.444406
6 21 3.548063
0 1 5.399876
0 1 5.566594
0 2 15.700027
1 10 5.659371
1 12 12.928572
1 17 3.731220
2 10 14.936776
2 17 6.363843
2 18 4.577996
3 18 4.559605
3 21 12.221478
4 11 3.942976
4 16 5.740770
4 17 5.731710
4 20 9.086869
4 21 6.301882
5 1 10.394334
5 1 19.372778
5 20 5.243133
6 2 9.724926
6 3 10.138902
6 15 4.367778
1 11 4.619300
2 1 22.265646
2 14 4.141335
3 17 9.696445
3 21 5.019642
4 2 10.176023
4 17 18.376204
5 3 5.032632
5 18 3.912638
5 22 3.115861
6 3 2.805757
6 23 7.502886
2 17 5.682348
2 18 19.789473
3 2 13.616273
3 17 12.353642
3 18 4.606020
3 21 12.333724
3 21 5.522667
4 11 5.996480
4 13 6.145483
4 15 14.734610
4 20 6.982438
5 18 17.359476
5 18 8.004742
6 3 8.830454
6 3 8.429955
6 10 20.081923
6 10 11.645464
0 1 15.253859
0 12 6.401794
4 18 2.555059
6 22 8.111676
6 23 12.029614
1 10 10.674642
1 10 1.941157
2 1 6.519188
2 10 7.381341
2 18 23.168245
2 21 16.414074
3 5 9.195239
3 22 5.944480
1 21 10.950858
1 23 18.561861
2 20 20.080498
4 5 17.183199
4 15 15.835470
4 15 16.077465
4 18 4.559605
0 20 7.673717
1 0 13.468832
1 0 2.501060
1 1 12.542197
1 3 2.102920
1 3 16.214418
1 21 6.299985
3 9 6.102135
5 17 3.796751
5 19 4.592996
6 17 7.499607
6 18 11.118277
1 1 6.710699
1 13 27.718191
2 20 9.929684
3 7 6.717969
3 7 8.775527
3 7 15.961068
4 16 4.606020
4 22 5.995432
5 2 12.161328
6 0 16.813511
0 0 17.681532
2 7 7.963787
2 16 7.791830
2 17 14.326591
2 18 4.499041
3 13 12.491541
3 18 4.794434
3 20 14.811604
4 17 6.145483
5 1 4.643072
5 17 5.059530
5 22 19.400648
6 0 7.150759
6 0 1.952883
6 2 20.296175
0 18 2.068446
0 19 4.437809
0 19 9.939542
2 17 3.621505
2 22 5.507709
2 22 19.039732
3 7 8.036338
3 13 14.010382
3 17 8.475482
3 18 5.375156
3 20 2.489761
3 21 17.041531
4 8 5.059889
4 10 16.649517
5 8 8.589588
5 9 6.603530
5 14 6.773116
5 14 6.234357
5 17 4.885291
5 23 15.111636
6 15 4.979021
6 20 4.143505
0 0 5.786987
0 7 6.044737
0 9 3.958299
0 13 10.906047
1 7 8.468637
6 14 10.589633
6 21 3.201052
0 3 9.062025
0 3 19.638397
0 7 20.718498
1 0 9.526861
1 6 6.627358
2 9 12.459730
2 13 9.290977
2 14 11.284036
2 20 12.247410
4 7 10.897858
5 22 24.312143
6 22 10.726384
3 9 19.409782
3 22 17.329815
5 5 1.451992
5 5 7.249620
5 8 10.803175
5 12 19.904842
5 13 24.255062
5 16 16.845894
2 6 6.476470
2 10 5.415824
2 10 2.087985
3 5 7.519398
3 5 12.151632
3 5 11.508366
3 11 14.233840
3 17 8.890346
4 12 17.721289
4 19 3.042516
4 19 5.327201
4 21 6.198925
5 12 12.285062
6 19 4.222185
1 5 5.251407
1 11 8.636588
6 10 4.497188
6 17 4.305933
6 18 4.592996
0 0 10.116409
0 5 7.890966
0 9 8.823558
0 13 3.781061
0 21 6.343504
2 15 16.678585
2 20 9.481492
2 20 1.913384
3 15 2.635580
3 15 9.543889
3 21 3.867742
4 17 5.320303
5 18 12.280717
5 20 12.853633
6 13 7.502886
0 1 5.333829
1 17 8.898329
2 22 18.364084
5 19 5.817122
5 22 5.171916
6 10 15.290290
6 21 12.218417
1 5 18.233313
1 20 27.746967
2 18 5.394273
3 4 17.744667
3 16 3.875790
3 18 8.410546
3 21 19.430330
5 15 3.273246
6 10 6.157967
0 20 5.861546
3 2 8.809744
4 11 5.672753
5 17 5.897147
5 17 11.528248
5 21 2.976121
6 21 5.750778
6 22 2.138563
6 23 12.610771
0 17 14.699313
0 20 7.959905
0 22 6.685115
2 13 17.131353
2 22 7.550466
3 0 16.292595
4 14 4.559605
5 4 9.724910
0 0 12.392516
0 0 8.236587
0 1 7.249620
0 20 5.057960
1 10 7.379973
1 14 15.078456
1 21 8.229385
1 23 9.821760
1 23 11.475605
2 0 13.706854
2 23 12.685698
3 9 8.026910
3 10 6.029824
3 17 5.589194
4 1 5.964788
4 18 19.104059
5 11 6.085017
1 0 7.188087
1 1 7.113536
6 17 10.739453
2 14 4.716833
2 14 13.169328
3 9 12.388238
3 16 19.673702
4 15 24.162685
4 19 3.878494
0 19 6.913360
2 19 6.214415
4 10 23.310154
4 11 4.135373
5 11 4.021129
6 19 4.852321
6 20 7.638515
1 8 7.330636
1 8 10.521011
1 10 13.866630
1 22 5.396832
2 15 13.908030
3 10 14.289347
3 23 7.130774
4 2 6.776704
5 17 11.970260
6 7 5.340414
6 10 15.150635
6 13 9.844499
0 16 17.176340
6 11 1.635031
0 10 5.104124
0 11 25.547293
0 14 3.726302
2 16 7.277071
2 20 1.214635
2 21 6.740993
2 21 6.007268
3 11 2.264890
3 11 3.853854
3 19 15.947112
4 9 3.301074
4 13 10.534456
3 14 17.836685
5 19 6.432847
1 10 15.601649
1 19 1.444895
2 11 4.114392
5 10 3.813956
6 19 4.835711
0 0 17.025139
0 0 34.640701
1 17 7.888958
3 9 6.800623
3 9 4.450421
3 15 16.836552
3 15 10.631927
3 16 3.600478
4 7 18.047197
5 2 5.507198
5 16 13.971626
6 13 5.117931
6 16 1.730899
0 9 8.211838
0 9 3.522620
0 10 7.675234
0 11 7.939153
0 14 10.692048
1 22 7.502886
2 14 14.040944
4 0 4.204022
4 2 24.190418
4 18 9.242267
4 19 3.576855
5 14 16.970131
6 18 5.107780
0 10 18.374784
0 20 12.901879
1 14 4.514638
2 0 3.540106
3 12 16.327496
3 15 13.304815
5 6 3.185149
5 9 12.491541
5 9 5.274573
6 11 17.925463
0 10 13.244351
0 13 3.427738
6 4 9.985112
0 6 5.851598
0 20 18.709911
1 9 14.234792
4 6 9.862664
4 9 5.306795
4 10 5.243833
5 0 4.997448
5 18 7.551537
5 21 9.553630
1 15 4.559605
2 17 6.765353
4 9 1.668276
4 17 1.484899
6 12 3.395730
0 10 2.987819
0 11 5.615024
0 20 5.165771
1 23 9.127136
2 7 8.405235
2 10 31.307632
2 10 15.305499
4 8 5.427751
4 23 7.681386
6 19 3.926167
6 21 4.645506
0 0 7.534510
0 5 32.106033
0 18 11.919036
1 8 16.650658
1 8 2.743190
0 15 3.647684
1 15 14.252415
1 15 6.642860
1 17 4.274089
1 21 16.489614
1 21 5.731710
2 19 3.712098
4 12 13.236094
5 21 2.694592
6 7 7.425900
6 7 13.086704
6 7 10.408921
6 8 15.519556
6 8 5.918014
6 13 10.902881
6 16 3.025723
1 18 4.747116
1 21 11.097278
1 23 5.782320
2 8 3.781108
3 15 4.117144
3 18 13.245742
5 18 5.413281
6 17 3.670193
0 20 13.336564
1 10 6.848680
1 19 6.394526
2 18 15.027667
2 18 4.758452
4 4 7.482872
4 4 6.439226
4 10 1.341420
5 20 17.065477
6 11 4.274089
6 22 3.189910
0 8 9.543889
6 10 17.882565
3 19 6.174210
4 10 16.679495
4 13 20.046883
4 13 1.608153
5 11 7.461540
5 20 6.145483
5 22 12.167311
0 19 6.202172
1 14 7.445870
1 20 6.208254
2 20 20.038057
3 20 10.134679
4 14 10.650316
4 18 41.062691
4 18 3.955840
5 10 22.485838
5 13 2.452219
5 13 17.149622
5 18 6.495938
6 21 3.174087
0 11 8.722307
1 22 7.381341
2 11 16.395010
2 11 8.412647
3 0 11.710090
3 17 10.606533
4 0 10.228954
4 0 1.529689
4 17 14.608648
5 11 13.684775
5 11 4.139852
5 11 3.932350
6 7 17.418365
6 8 10.382468
6 11 9.086268
6 22 8.642334
0 8 6.357546
0 10 7.643641
0 11 3.336539
1 9 8.322937
6 19 7.709760
6 22 7.132562
6 23 11.600473
0 0 13.117481
0 12 4.612000
1 23 4.258630
2 15 18.078625
3 15 2.166514
3 16 2.253129
3 17 4.141335
3 17 3.522620
3 17 15.381918
3 17 3.377748
3 18 2.437329
3 19 2.684579
4 8 4.204022
5 16 3.749211
5 17 3.025723
5 23 13.524900
5 23 3.395161
0 20 33.607552
0 20 7.968158
1 5 9.144302
1 22 5.141453
2 15 14.177312
5 8 11.473573
5 9 2.589929
5 18 10.679709
6 10 8.730865
0 21 14.564022
0 23 11.152357
1 0 5.144988
3 11 20.294880
3 11 4.686513
3 14 16.438007
3 14 2.637124
4 16 5.251407
5 11 18.976221
0 23 4.546159
0 3 3.419271
0 4 18.188593
0 7 9.702695
0 16 3.465352
0 22 26.076717
0 22 9.320433
2 14 15.698291
3 19 11.058734
3 22 7.085658
4 0 6.876215
4 13 4.092515
4 14 11.760326
4 16 12.571134
4 17 3.749211
5 0 17.514336
5 12 12.079797
5 13 1.429382
5 15 5.117931
1 7 12.067413
1 7 40.814121
1 8 6.375165
1 8 9.297169
2 15 2.399792
3 10 2.590032
3 10 4.730751
3 16 5.682348
5 9 7.678123
6 0 6.841044
6 13 8.755286
6 22 3.555394
1 18 7.667931
2 0 14.952133
2 1 5.589194
2 9 3.749211
2 10 6.401003
3 9 2.247867
3 14 19.966309
3 15 4.412521
3 22 6.338261
4 12 5.442850
4 14 1.282239
4 15 2.498763
4 16 11.958050
4 18 1.982482
4 21 12.065586
4 21 4.838592
5 11 12.112828
6 14 2.337056
6 16 5.996480
6 19 5.741245
6 23 5.598982
0 2 6.800456
0 8 7.680646
0 15 3.953925
0 22 5.430178
1 9 2.102920
2 17 23.976482
3 14 5.682348
4 12 12.571134
4 12 6.591215
4 21 4.747774
4 21 6.396724
5 8 4.222238
5 13 13.244351
5 21 3.671039
5 22 4.092824
5 23 10.181194
5 23 5.666186
6 23 9.063512
6 23 16.981644
0 16 5.413281
0 17 6.591215
0 19 14.870930
1 8 2.909548
1 22 4.021129
2 13 10.885174
3 13 5.659371
4 11 5.944480
5 2 7.249620
6 15 9.453117
6 15 5.193366
0 10 5.512487
1 22 13.073015
2 19 4.792085
2 20 14.434520
2 22 14.990559
3 11 6.104156
4 14 18.852488
4 23 13.018351
6 21 6.770014
0 6 8.517261
0 7 16.328321
1 18 3.781061
1 21 9.983096
2 9 2.866361
3 9 4.677262
3 14 1.120243
3 16 7.293699
3 17 3.749211
4 14 9.456755
4 17 9.715177
4 22 10.568003
4 23 3.965423
5 0 8.026653
0 22 8.735556
1 9 5.073201
2 21 8.830835
2 21 4.831620
2 22 7.801612
3 9 6.859984
4 17 10.901503
5 11 19.661745
0 2 9.219503
0 19 15.078763
0 22 12.021920
1 9 6.481637
1 17 17.559103
1 20 15.254697
1 20 3.213609
2 12 6.043409
2 19 1.682336
2 20 5.870753
3 9 2.336578
3 15 10.249316
3 15 4.967277
3 17 2.006735
3 19 22.025198
4 15 4.941172
6 11 5.584843
6 13 10.799840
6 15 5.232191
6 16 3.080650
0 11 2.376007
0 16 15.818125
6 11 21.699385
6 12 15.343623
2 13 4.557211
3 13 10.819531
3 13 1.453205
3 16 4.367832
3 16 5.820772
4 15 2.358422
5 11 3.746385
5 14 13.369958
6 20 5.815778
6 20 4.175580
0 9 14.107461
0 9 8.508788
2 22 10.783656
3 10 10.801139
3 15 11.044161
4 0 11.887258
5 10 2.104722
5 14 2.075979
5 19 19.687851
6 12 18.078646
6 16 3.568089
0 16 3.945313
0 21 4.047793
1 16 4.707999
1 18 2.168646
1 19 19.578533
2 0 3.946538
2 0 19.787855
2 14 10.094340
2 21 7.990175
5 2 11.255945
5 2 40.199291
5 12 33.231976
5 12 6.340319
0 8 11.019060
1 1 12.303293
1 11 18.780077
1 11 16.622259
1 16 8.652057
2 0 9.122696
2 23 5.828303
2 23 13.397124
5 1 3.897450
2 10 4.579381
2 15 2.976121
2 20 5.893729
3 9 10.202245
3 15 12.157351
4 21 5.255948
4 21 3.921531
5 11 10.084538
6 5 11.884253
0 17 6.145483
1 9 19.004736
1 9 5.582930
1 11 7.966720
1 23 7.112774
3 9 5.654628
3 19 4.885291
4 22 27.399931
5 13 8.555393
5 14 15.018089
6 0 5.139840
6 12 6.301882
6 19 22.569000
0 8 9.197679
0 18 6.748562
0 19 35.981430
1 7 15.366536
1 9 5.963845
1 10 2.105786
1 12 6.435387
1 13 3.973130
