6 11 5.118857
2 17 12.228230
4 20 9.648087
0 16 7.122452
5 0 4.365237
6 21 5.071118
3 19 7.303909
5 10 4.294334
3 13 4.661817
6 0 7.322121
2 9 6.978344
3 7 8.097558
6 2 8.993963
6 18 13.419021
6 3 5.146046
0 17 8.336279
0 22 3.425325
6 2 12.989516
0 2 10.701906
1 13 9.074024
5 11 16.742292
6 2 7.006922
6 17 7.593513
4 14 11.005407
3 13 12.687899
0 3 4.417810
1 5 14.358707
5 2 8.668821
6 18 5.234190
6 20 7.275396
0 2 7.767805
0 2 8.982882
1 19 7.150192
5 1 2.604844
5 21 7.699467
1 20 3.926225
4 14 5.390938
6 18 13.901734
4 7 7.303909
4 9 4.675919
3 15 4.030067
0 3 4.746577
6 20 4.756347
1 0 4.809506
1 1 8.691257
1 14 4.462635
5 19 5.118877
0 21 6.630206
6 20 7.746287
6 2 7.435701
2 20 8.982882
2 21 10.115153
4 7 11.584640
4 23 15.439680
6 18 5.845726
6 1 9.637222
6 20 8.376715
4 17 14.748845
1 9 3.741632
3 11 5.507172
3 11 6.039060
0 14 7.472737
0 20 14.483799
5 2 14.526213
0 10 6.816982
0 22 20.922352
0 23 8.093126
4 2 10.541474
6 20 5.146046
6 20 4.093037
0 3 9.074024
1 9 9.259539
1 8 15.041793
6 12 3.487988
6 13 7.677277
6 14 7.457524
2 9 8.731243
5 15 4.993338
5 22 7.142057
1 8 5.948723
4 13 5.231813
4 14 4.813603
4 18 7.203336
5 21 9.085238
6 2 9.309470
2 10 6.109729
4 1 5.997276
4 3 9.152234
4 4 9.002129
4 13 6.034738
5 10 5.234190
6 7 4.172705
2 11 3.515683
2 12 4.351029
2 14 7.856263
0 11 4.923899
3 6 7.658105
3 8 7.288032
1 23 9.801288
4 9 7.847753
5 21 13.695593
6 11 5.332010
4 9 10.128002
3 3 5.934159
1 13 5.900546
0 18 9.243418
0 10 13.656338
5 0 10.552342
1 11 17.279591
5 23 4.052877
0 0 4.677040
1 9 1.929143
3 14 5.151436
5 18 7.960452
4 20 6.941735
2 18 8.334232
3 15 5.145538
5 19 4.505872
3 12 8.125869
6 23 10.284670
0 1 5.982820
1 10 11.243809
1 21 17.073738
2 13 5.849431
6 11 7.498799
2 0 5.156306
4 23 4.187973
6 14 14.837331
5 21 5.290960
6 18 4.991161
2 12 15.784699
2 14 3.022354
6 10 5.146046
0 8 4.340572
6 22 7.621819
4 15 6.739284
4 15 5.143227
1 18 8.811584
2 12 6.978344
6 2 22.223108
0 23 13.205647
2 22 4.906736
0 17 6.593510
1 19 13.465160
4 15 6.705228
5 14 8.351802
1 16 7.298318
0 13 3.269989
2 17 1.653551
0 7 12.941522
3 13 5.233852
3 13 4.119318
3 19 10.704025
6 9 7.222058
0 1 7.660543
0 17 14.837331
3 22 6.916804
0 19 3.539133
0 21 9.311717
0 7 4.016335
6 20 5.501755
0 2 6.824105
0 13 7.317675
2 20 3.892335
3 20 6.228375
2 19 6.015691
2 20 12.593817
5 11 3.487988
6 6 7.856263
0 3 6.432584
1 4 18.122847
4 21 13.909998
1 6 6.630206
1 0 6.765304
1 1 12.269590
3 23 13.710139
0 9 9.946714
6 19 5.209687
3 16 12.103545
4 16 12.506782
6 20 6.051773
1 7 4.187973
2 11 8.093126
6 21 4.365906
1 23 8.698066
5 14 1.578390
5 15 5.098905
6 5 10.082250
4 14 9.954926
3 9 6.431294
1 9 8.702538
0 20 9.227821
6 21 3.487988
4 19 9.422791
6 9 6.753239
0 2 8.051939
0 10 1.685039
5 0 2.544616
5 3 5.233852
1 23 6.220877
2 17 19.052660
5 12 6.320410
6 14 5.818790
1 23 16.230446
3 8 4.780148
4 9 7.098360
5 14 8.688717
1 3 11.005407
1 11 10.802828
0 1 1.602673
0 2 5.639750
0 18 19.149734
2 19 4.365906
3 16 3.482762
6 6 6.972771
4 23 6.049584
3 15 4.187973
5 23 5.563918
0 19 6.863731
6 20 6.630206
1 10 7.281477
6 6 5.639710
4 21 3.851728
5 8 2.894271
3 8 5.509318
0 15 12.850566
6 21 3.126440
6 22 5.631165
0 8 7.828954
0 12 5.836877
4 14 4.172705
6 0 9.152234
6 5 18.489664
0 6 6.630206
2 11 8.394095
2 12 9.002197
5 16 5.345189
3 8 7.545089
4 8 6.111771
1 6 9.220214
1 16 11.864779
0 20 8.323305
6 15 8.068315
6 22 6.597079
2 12 6.082379
6 13 4.596783
1 1 15.270312
6 9 4.293676
1 7 8.093126
4 15 1.707766
5 16 9.416480
1 21 11.298154
6 5 5.233852
4 1 9.630991
6 19 3.644418
1 19 11.317794
5 4 1.707766
0 5 19.378868
2 10 6.816982
1 12 6.034738
0 23 12.273909
5 0 13.352783
0 0 5.686117
1 23 4.616306
3 18 15.356383
5 22 11.574860
6 10 13.306987
1 15 3.404237
3 16 10.128002
3 18 7.841385
6 5 12.089217
2 11 6.972771
4 13 7.856263
6 21 10.629259
6 22 4.832277
1 15 6.788589
6 22 8.828865
1 10 5.628421
4 11 5.346349
0 9 4.279716
2 21 19.137123
2 10 2.712033
4 3 8.857000
4 4 6.972771
0 22 13.438343
6 12 9.778918
0 19 4.172705
4 21 5.063046
5 7 5.231813
6 5 8.203276
6 14 4.867143
0 2 18.926998
3 0 12.109268
4 0 6.539794
3 7 5.233852
4 14 9.965679
6 21 6.978919
3 10 4.741102
0 21 3.482414
5 13 13.943928
4 15 11.005407
0 10 6.696191
0 20 4.187973
2 18 8.456744
1 12 5.656197
3 9 5.639750
1 19 10.268805
1 1 5.850182
4 20 7.813788
4 20 4.516455
3 21 11.755317
3 11 6.100428
3 13 12.401635
0 16 5.478054
2 9 7.707739
2 19 9.799507
1 11 4.258956
3 10 5.888129
4 16 11.238676
0 11 5.065579
6 15 4.337756
4 1 12.444214
4 22 10.472045
6 20 8.540677
2 9 5.327810
4 9 4.906736
5 4 15.393618
6 5 8.304098
