3 18 11.380659
5 12 9.583717
3 14 16.956604
1 22 11.661326
4 19 8.837488
4 15 11.940695
5 12 6.924076
6 23 9.033051
0 15 6.122324
6 19 6.428752
0 14 16.748701
5 9 6.671125
3 8 6.780488
3 9 4.414529
4 23 17.511736
0 11 8.385381
0 14 8.415078
0 17 13.086798
6 8 11.587012
0 19 5.515399
0 1 5.339389
2 23 33.660313
3 20 13.618200
2 11 14.282050
0 11 17.812387
1 8 12.018359
2 14 5.924829
0 17 4.272125
1 19 12.388722
3 0 18.837004
6 23 8.485252
1 8 19.311687
3 0 19.034912
2 5 14.174455
4 13 6.893496
5 10 17.525736
1 15 9.675358
2 10 3.757101
5 15 3.388092
5 16 6.780488
0 16 6.047918
0 16 5.208622
5 22 3.962430
5 18 9.743445
2 11 12.689941
4 8 14.528292
4 8 14.312720
2 19 4.467063
0 6 10.090470
2 18 11.613263
6 17 9.900091
6 22 6.503424
3 14 10.241969
0 11 8.942333
1 8 8.942333
1 11 11.987700
2 19 17.947771
0 12 12.405536
5 19 8.366165
0 7 8.129163
2 8 5.877805
3 11 7.793111
6 13 6.160167
3 16 14.613385
4 15 14.946568
0 8 10.533648
2 22 11.803938
0 6 9.686022
0 14 16.468992
4 15 8.837488
2 23 9.085875
4 14 8.576290
3 18 4.879097
2 6 9.239872
4 21 8.110451
4 13 8.898718
1 9 11.530410
3 7 8.492125
5 4 5.565749
5 4 11.949890
5 4 6.453433
5 4 14.486313
5 5 20.085796
0 9 10.679306
1 7 10.671805
6 20 8.460776
3 8 10.491312
3 5 14.923185
3 0 6.927841
6 15 10.232096
3 10 11.213238
3 11 11.587012
4 13 5.509711
6 13 13.618200
3 22 6.780488
1 1 14.946568
3 11 8.922913
6 10 7.609127
2 19 7.351106
3 17 10.729297
6 20 3.267995
3 8 12.715648
4 14 16.167925
4 8 6.842010
2 15 9.911583
0 8 13.904415
2 19 2.474391
2 20 5.018421
2 20 4.449332
2 17 9.925473
2 20 5.548777
6 18 8.254461
5 20 9.672676
6 22 28.153919
2 19 13.492740
5 9 20.447670
5 17 8.942333
6 16 2.091034
0 0 13.618200
4 14 8.653871
4 13 9.581071
4 23 11.349651
6 12 7.556711
6 15 4.524745
6 17 2.474391
6 22 4.603431
1 17 23.870674
2 11 10.149983
2 12 16.167925
1 13 8.348333
5 9 13.567729
0 17 3.893677
1 10 8.610708
3 19 6.306657
5 15 6.122324
2 15 3.846020
1 8 7.852976
4 6 5.777700
6 16 3.388092
2 20 5.299681
0 22 14.410404
5 23 5.490473
0 15 15.738772
3 6 9.542765
4 1 5.392694
4 10 10.981916
2 11 10.088246
5 12 6.729846
5 22 6.185838
2 20 7.579751
4 12 19.255962
4 23 10.616194
6 21 9.821083
1 13 12.507195
3 9 10.539229
6 0 3.388092
0 12 5.123235
4 21 5.247649
3 14 14.655207
5 20 8.542906
0 8 11.397061
0 8 8.402858
0 20 5.034123
4 13 6.366426
6 8 15.037890
6 22 15.341054
5 16 4.639141
5 14 8.830873
4 19 3.566413
4 20 6.226092
4 23 3.857052
2 22 4.449332
2 23 22.925144
2 23 20.077337
6 23 7.668985
4 10 8.192042
1 7 5.808551
6 23 5.227696
0 13 9.774608
0 14 6.927841
2 6 15.516305
3 6 4.449332
6 21 5.079087
5 7 5.123235
1 7 7.378403
2 10 10.766037
6 21 7.718661
0 8 7.009846
1 6 9.085875
3 22 10.178469
5 17 11.497360
1 11 11.213238
4 6 17.801401
4 11 13.163164
0 11 8.942333
0 23 8.898718
2 2 38.623375
1 18 8.942333
2 20 7.067678
5 17 16.579176
6 0 7.106148
0 0 6.409716
3 6 7.757506
5 11 9.743445
4 20 7.664857
5 5 14.410695
6 2 17.801401
5 18 7.736506
2 6 12.715648
3 18 31.899948
4 6 11.397061
0 7 11.783402
5 23 4.449332
6 16 8.020061
6 23 10.962959
1 19 5.241385
1 21 7.928353
4 7 14.044016
4 14 5.332866
6 11 3.388092
2 17 8.441987
3 2 10.933483
0 20 7.505527
3 23 5.979795
3 9 10.576365
3 10 8.795737
1 23 5.979795
0 8 8.687700
2 5 11.162286
0 21 17.612728
3 3 8.087079
5 22 2.784780
4 8 13.813786
5 19 32.884296
4 8 5.362778
3 14 11.380659
4 18 3.535630
0 14 13.725373
2 9 4.639141
6 14 8.188148
1 14 14.946568
2 8 14.925602
3 22 9.085875
6 10 6.333438
4 20 7.205946
0 1 8.251459
3 19 3.933382
3 4 13.813786
4 20 3.903290
3 9 10.427838
0 0 31.930693
0 11 23.527058
2 21 10.064356
0 14 12.874458
0 18 10.490617
4 7 9.148178
0 2 4.524745
4 19 6.125054
6 13 8.505377
6 18 4.954981
2 11 8.415078
5 15 11.380659
6 1 5.701556
0 2 4.414529
2 10 10.074068
6 20 13.086341
1 10 8.277125
