1 21 11.601542
0 0 9.765526
5 20 16.543196
6 1 16.168407
4 20 8.588105
6 21 7.289809
3 10 8.749518
2 19 14.621132
4 14 5.779109
5 8 6.367788
5 22 8.078495
6 13 12.310690
6 13 5.465158
6 20 11.771589
3 17 35.443535
4 10 5.054742
1 1 8.894262
2 23 13.250588
3 0 9.852625
5 5 9.583434
6 6 6.684684
0 1 8.664861
4 10 14.726225
0 21 20.623236
1 11 11.401450
6 21 6.700356
0 16 4.065833
2 18 13.101526
5 23 12.687419
6 11 3.875357
6 22 13.795376
2 23 12.994349
4 10 9.288000
4 22 17.137472
4 23 5.487260
2 8 12.475814
1 21 11.077920
6 9 8.082166
5 3 8.291454
3 0 6.533776
4 10 14.003366
4 14 14.069875
4 22 8.921925
6 3 6.344008
1 13 8.649643
0 4 11.810218
0 4 18.864952
0 4 3.189489
3 11 10.514717
5 8 3.794777
5 9 15.624481
0 2 13.993380
6 23 14.280859
0 5 6.173909
1 5 9.536910
3 13 2.856214
1 20 14.395645
4 13 23.617290
4 13 18.991566
3 14 12.477058
3 14 8.170405
0 19 8.146970
2 22 11.142069
1 16 8.926297
5 21 12.005773
1 11 7.900081
1 15 5.131329
2 13 5.156061
2 13 20.250080
2 22 26.451365
5 16 11.021402
3 12 8.021809
5 14 10.840723
6 14 10.840723
2 12 11.500526
3 7 9.111721
5 0 7.468056
1 13 36.738010
6 22 26.511940
0 2 12.625174
6 8 4.850966
6 10 11.847230
1 1 6.662163
4 10 6.536171
0 6 10.860511
4 22 12.238010
0 4 7.468056
3 0 7.772524
2 17 23.617290
6 19 11.944928
6 14 7.468056
3 8 4.593915
1 10 25.676859
5 12 11.932797
2 9 5.487249
2 10 9.356860
1 19 1.299787
2 13 13.026225
5 21 15.173287
1 18 4.478949
2 6 9.730705
4 2 8.327704
0 22 5.521501
0 2 9.665419
5 13 18.694880
5 22 8.060364
0 16 8.958453
0 23 20.086483
1 18 10.992868
6 1 13.191969
0 21 4.204865
1 7 18.727385
5 1 9.982184
6 15 5.803946
1 7 20.125450
1 0 2.315920
6 7 3.189489
5 21 3.191885
6 22 28.751486
3 15 12.236299
4 12 23.950808
4 14 6.407862
5 12 12.337299
6 14 10.928862
5 16 17.738066
4 12 9.634904
3 9 7.489539
5 10 13.991482
0 5 8.653075
3 20 5.644462
0 21 5.449667
0 22 5.884424
5 3 39.650803
1 23 18.042646
2 20 8.966166
3 21 13.456470
0 1 12.404528
1 1 10.436375
5 21 11.740333
1 15 8.791250
4 7 5.941539
4 8 9.288000
2 11 7.008136
5 13 5.449667
1 11 5.677511
6 3 3.217279
6 3 8.146970
1 2 9.031572
4 2 8.285402
6 3 10.218124
6 17 4.030149
6 19 10.840756
6 19 4.427446
4 1 9.288000
5 20 12.054727
3 1 6.313058
6 21 11.713920
1 7 6.634414
3 10 11.408696
5 23 16.547062
1 9 6.328962
3 2 5.360328
5 2 7.121152
5 20 8.944457
6 18 15.299600
1 1 4.808753
3 20 7.876285
0 10 9.420654
4 23 8.894262
6 12 4.066613
1 21 10.721013
5 12 38.899067
0 17 7.348263
0 3 7.521798
0 11 10.164088
4 14 7.684754
2 22 13.283049
6 3 12.441977
1 4 7.580794
6 2 5.759232
1 19 14.975370
3 1 11.780312
6 3 9.031572
6 21 2.515231
4 21 11.208205
6 3 7.004412
6 3 9.090833
6 20 12.009501
1 14 4.596102
1 15 10.496573
0 3 7.861111
6 17 10.398581
4 7 15.578729
4 18 3.302808
0 15 5.387914
3 20 18.903677
6 19 15.882603
1 4 12.247181
4 14 3.802183
6 12 10.485035
1 11 4.707061
6 4 10.840723
0 20 5.012665
6 12 11.529058
1 22 10.029998
3 20 8.557700
0 13 8.959523
2 17 17.313091
2 21 11.694915
0 23 18.775112
4 13 4.136391
6 11 11.907061
6 12 9.356860
6 18 1.279310
2 13 8.131411
4 14 22.134455
1 3 10.837441
2 8 9.311932
0 15 6.837976
2 13 5.261079
0 15 7.707140
1 12 9.042500
2 15 8.440632
4 16 1.100936
6 9 4.403107
0 4 16.315065
1 7 11.088983
4 17 26.283419
0 15 12.742643
1 7 11.358681
2 11 6.055185
2 20 11.379294
0 10 13.855555
1 22 26.228428
5 2 6.893590
6 21 8.285402
6 23 8.690089
0 23 7.901937
6 10 10.934066
1 0 14.615402
2 23 10.179918
4 2 6.223480
6 13 16.642498
5 10 11.021402
6 9 9.865572
3 13 8.643685
0 0 4.931004
0 14 15.307358
1 0 7.269477
3 13 10.831325
4 2 13.296647
0 9 1.073951
0 23 7.227151
2 0 8.786744
2 9 10.022893
3 15 10.599518
0 3 10.618465
3 21 17.448553
5 1 5.542034
0 1 13.540773
6 6 6.161134
4 7 2.086070
2 19 6.096514
0 5 10.812428
5 13 9.765948
6 20 10.258081
2 10 13.450568
1 22 16.820827
2 0 13.684002
2 0 2.599838
4 8 3.225377
6 4 10.567047
4 1 4.376398
1 23 8.347866
0 19 6.866529
3 13 10.138694
6 20 15.651651
0 0 8.731452
6 17 12.966355
0 14 8.556442
4 18 13.286046
5 23 15.274211
