6 18 11.335308
1 15 10.035162
0 4 13.126131
0 5 11.791768
5 18 3.566248
1 0 5.551055
4 21 27.423449
2 10 14.374189
4 22 8.724515
5 16 1.607845
2 15 1.130690
3 17 4.788289
4 17 8.308719
1 18 14.630173
1 20 13.781989
4 0 4.987592
3 10 6.094023
6 11 8.627477
0 15 32.298138
4 17 5.473725
3 18 16.511929
3 18 6.173929
3 18 33.767960
5 11 4.601613
3 0 4.392689
3 1 13.004738
4 19 9.870651
6 1 9.870651
1 7 8.337421
4 9 3.422007
0 23 7.131652
1 7 4.108248
0 0 10.563329
1 20 5.880134
6 1 4.004437
0 16 10.035162
1 11 3.242044
0 23 12.081080
0 17 4.784244
6 0 8.110989
3 13 10.947450
6 4 11.467607
3 13 3.104393
5 11 6.736799
4 19 6.888967
5 18 12.521948
4 20 5.138467
6 22 33.429256
2 16 3.962498
5 20 6.862911
1 13 5.225560
2 17 5.294769
3 11 9.122875
6 19 12.287954
6 20 11.579034
3 14 1.663287
3 19 8.181005
0 0 4.719500
4 8 9.455445
4 16 9.214085
5 0 4.108248
0 1 11.820882
1 9 16.742634
1 18 31.609419
3 9 11.368840
3 23 4.372875
6 1 5.477347
3 20 7.065297
0 1 10.318651
2 22 14.453547
3 18 9.263227
5 15 5.950086
2 4 17.733423
5 17 3.560600
6 0 9.692277
6 3 44.989014
4 10 13.506349
0 2 32.984421
0 3 5.294769
1 15 3.507785
3 5 19.095764
6 18 11.563997
6 18 7.741875
5 11 4.735890
2 19 5.062750
0 0 8.373727
0 16 2.473607
5 16 5.046772
0 23 11.446058
5 3 10.035162
5 11 22.713482
2 22 4.422901
1 0 10.532183
6 23 7.729604
4 11 12.489050
1 20 6.611207
5 16 6.630343
6 0 10.162644
6 21 11.806073
1 6 2.611794
4 13 6.349229
6 3 1.240317
6 1 12.367646
3 11 1.607845
4 9 8.820777
4 10 9.870651
6 13 2.052567
5 15 10.205250
2 12 3.013731
2 21 9.448020
1 10 8.400548
6 0 6.634124
1 21 13.178266
3 11 4.814821
4 11 4.392689
0 15 11.391959
4 15 2.565025
4 16 6.808322
4 21 3.820980
1 12 4.740355
2 9 7.018452
0 16 1.174899
0 3 6.899767
0 4 37.541389
4 19 33.800236
2 7 1.153964
2 9 10.823504
0 19 6.173929
3 8 6.057590
6 21 9.870651
6 22 9.722786
1 22 10.280793
4 17 12.803422
4 11 8.173350
6 19 5.498312
6 22 11.806073
0 16 9.490224
2 23 10.381203
3 20 7.579106
5 6 6.314668
2 19 7.544149
4 10 9.334647
0 14 7.000101
4 18 8.961147
4 21 9.621284
5 1 6.177292
0 23 8.450490
2 20 10.408229
4 10 8.611209
4 5 18.087030
5 10 5.551055
5 11 31.609419
5 12 10.273575
6 18 31.609419
4 20 9.820304
1 1 11.485822
5 23 12.530910
5 23 14.141708
1 4 4.091385
0 1 12.554358
4 14 5.852543
5 19 10.563329
6 19 9.870651
2 19 9.647067
1 2 9.144032
5 9 41.102890
0 2 13.061440
3 15 4.659504
5 18 5.138467
2 9 9.580172
5 8 7.840566
5 9 7.696127
5 20 9.627051
0 18 3.566248
4 17 1.581486
5 17 11.905854
0 12 23.955770
3 13 14.951567
1 12 3.566248
6 7 9.582309
6 7 3.101085
1 14 10.759712
1 14 38.896885
1 21 10.638733
3 20 39.983391
5 23 8.450490
0 0 36.216324
5 0 10.809121
3 16 5.739356
0 17 12.627936
5 14 9.936736
6 23 9.711448
3 13 10.865223
2 22 8.839666
4 17 10.168097
0 20 5.953399
5 20 4.817313
0 19 8.280783
6 12 27.976080
6 12 8.930447
4 1 8.767776
6 1 10.389499
5 18 1.439861
0 11 7.369374
0 9 4.972856
2 17 9.942014
6 21 8.013472
6 17 4.770342
3 17 5.551055
0 17 11.774026
