5 17 9.770183
5 17 8.374560
4 18 7.643480
6 3 7.281771
0 6 9.995836
0 6 4.590773
2 6 8.285273
2 22 3.876875
0 12 3.818729
0 21 6.301828
4 14 14.805925
6 21 5.748636
1 2 5.007625
3 22 8.305030
5 9 14.077765
6 3 7.211696
6 11 7.177537
4 13 4.092444
6 14 8.058075
3 8 4.441351
0 13 2.255490
1 11 8.516982
4 17 11.634975
6 3 9.221145
2 23 6.129192
6 0 11.865188
2 9 12.644386
6 0 9.419304
6 8 12.876781
0 0 13.440389
0 8 12.040636
0 2 7.518399
3 18 3.378393
6 9 10.317510
6 14 28.743179
5 19 4.096188
6 20 5.682935
4 6 5.518394
0 20 18.943598
4 9 14.110998
0 0 3.778033
0 23 4.484440
6 3 12.711363
1 15 9.504237
5 8 6.702703
5 18 11.556057
5 1 6.901585
6 2 8.411089
5 12 8.781990
1 1 11.479980
1 22 6.788444
3 19 6.444342
4 11 9.638645
4 20 5.863602
4 20 9.818414
5 8 16.939215
6 17 6.771067
5 20 6.389596
2 19 11.893729
2 22 8.044680
0 2 7.680353
3 19 3.717947
5 8 4.667285
2 5 4.903354
5 7 14.312394
0 9 6.836428
5 20 4.760217
6 14 6.648862
0 19 6.254711
3 12 8.224246
6 1 7.718380
2 11 7.077333
3 14 8.032797
3 14 9.763825
0 2 11.879404
5 10 6.818341
0 11 7.649598
3 23 3.809581
4 8 12.899384
6 11 5.014079
6 14 5.347819
6 14 8.872047
6 16 11.622177
5 8 4.903354
1 7 10.162604
2 7 14.186377
0 15 6.359732
2 22 7.692956
3 17 6.806949
1 1 9.296939
4 21 3.983791
0 22 6.785767
1 0 9.194667
2 0 3.693525
5 20 12.866187
6 10 5.305948
6 16 7.410365
0 20 5.956366
6 23 4.195366
0 1 9.294414
0 9 5.576343
4 7 6.486434
3 17 4.312582
0 9 9.266355
6 10 5.093170
6 11 7.755482
4 8 8.853165
5 7 4.173021
0 1 11.185581
0 10 8.469324
0 16 16.997103
5 14 15.496346
4 21 8.076591
1 7 8.995958
2 6 7.899578
6 14 3.286370
6 22 5.462863
5 21 21.909136
2 9 5.715044
3 8 6.889513
3 20 2.943018
0 21 12.967554
4 9 12.197143
0 0 4.746109
5 23 11.883084
1 11 12.089130
2 4 5.173671
3 7 6.839791
5 19 4.111523
6 12 10.057707
2 18 4.167997
0 1 13.747295
1 0 3.140807
3 18 6.007058
5 0 8.338343
0 3 11.217323
4 21 3.633952
6 10 6.903607
2 10 6.380502
0 8 12.521823
0 7 7.441714
0 14 8.812234
1 14 8.316499
1 19 5.031319
0 12 7.479012
5 8 8.806268
2 8 7.001327
3 10 11.722451
0 0 9.985959
6 0 9.961688
6 20 7.982003
5 8 3.522439
2 7 6.236509
2 10 6.214198
1 13 5.385378
6 8 7.975739
5 6 6.188116
3 6 4.667285
1 20 8.933605
1 20 12.222030
3 0 8.192376
5 8 6.961088
0 20 10.045197
0 21 6.315598
4 18 4.667285
1 19 7.813966
1 21 4.848475
1 14 13.931570
1 17 6.079840
0 0 12.017573
4 23 5.771890
0 2 6.655632
1 7 7.447615
6 20 8.374560
5 0 20.740395
5 9 5.092500
2 17 16.426796
2 17 13.635148
4 22 9.827288
0 3 6.648570
6 6 4.375580
4 6 9.143433
0 19 4.822971
2 12 7.109310
3 5 8.474872
6 7 8.580760
0 2 10.248633
1 7 7.216609
2 4 16.834139
0 4 5.674944
6 23 6.174304
0 0 7.899578
0 8 11.235425
0 20 14.164099
0 20 9.409809
6 22 6.515747
0 21 6.870851
5 21 3.836125
0 6 7.899578
1 3 6.068413
3 6 6.496089
5 6 3.944185
5 6 7.586249
5 11 9.487246
6 8 6.669020
0 16 6.758764
1 5 7.899578
1 11 9.295823
3 5 5.185873
4 7 4.746392
6 5 15.613521
3 6 8.454589
3 6 7.371187
3 11 7.804744
4 4 7.181435
2 7 6.315804
6 23 7.447615
0 4 6.836428
3 18 6.151418
3 21 9.291977
6 0 14.015894
4 20 9.915817
5 1 6.393967
5 14 3.910017
6 11 5.984704
4 23 7.004801
5 3 8.033469
4 20 4.925533
5 20 8.827668
5 21 4.910634
3 16 13.281406
6 14 6.766559
0 15 6.836253
2 20 5.961846
6 14 4.603897
0 4 5.564028
0 1 9.837184
1 22 11.614067
0 0 3.310707
0 18 8.270379
0 0 7.693588
6 21 4.060236
2 21 34.391674
3 0 16.117743
3 20 10.730624
6 11 2.321466
5 22 6.336988
0 14 25.742628
5 21 5.663833
4 0 6.648570
4 16 7.821847
5 19 5.932636
6 15 7.811627
1 14 8.058075
3 13 9.345325
6 20 9.541636
0 23 12.500983
3 7 3.337108
5 10 8.076428
5 11 5.550766
2 7 4.667285
6 2 5.763616
6 20 6.724356
6 22 12.018329
2 14 5.980170
5 20 6.548283
6 18 10.416139
6 8 8.296969
0 1 4.671965
1 23 8.919808
5 23 8.331230
3 11 11.632446
6 15 5.984704
6 12 4.712531
6 12 14.900663
2 5 7.941821
6 17 3.738294
0 19 12.056708
5 6 9.348204
5 8 8.617722
0 0 5.338374
2 3 8.184093
5 21 7.907365
4 7 9.268586
0 7 9.408960
5 10 8.428445
5 15 4.667285
2 20 9.517456
5 20 5.007625
5 7 12.018299
5 22 6.831099
4 9 8.838853
3 6 10.706316
6 6 8.609263
6 8 8.964394
6 20 7.122694
2 6 4.445034
3 10 8.713884
3 16 17.485954
0 7 11.210039
1 0 6.648570
1 7 9.086495
2 10 6.177314
0 6 9.613209
5 6 11.291009
1 7 9.628045
0 21 4.667285
1 1 6.901585
1 2 7.860461
1 3 7.786608
0 15 6.539577
6 18 3.522439
4 1 11.154598
0 21 32.285278
3 22 8.996863
4 0 3.180358
4 3 11.940987
6 2 12.719997
3 21 4.859164
1 22 10.936294
6 20 3.550956
0 16 9.394855
3 6 7.437551
3 5 8.673613
5 7 8.777546
1 9 3.461327
4 22 8.428445
4 17 15.342854
0 19 3.354703
5 2 13.264199
1 7 4.098768
0 1 11.799177
1 0 5.007625
3 15 3.720419
6 0 13.147586
5 19 2.539843
1 18 11.883084
2 23 22.342844
5 7 7.133827
0 11 3.405499
1 6 6.648570
1 16 6.053971
4 8 4.590773
2 11 4.283136
5 7 8.058075
1 7 3.286370
5 7 6.271137
2 9 5.115174
4 8 7.122694
6 11 7.577439
6 11 7.595038
3 6 10.086099
0 0 5.438460
0 19 14.805925
4 20 8.192376
5 14 14.065549
5 21 11.203812
4 23 10.284361
0 15 8.192376
4 19 8.777546
5 18 6.197207
2 21 4.766994
4 21 9.959810
5 0 8.890162
1 7 5.092500
4 0 6.841439
6 17 4.925533
1 18 1.011721
1 18 7.635670
5 20 6.847335
0 2 12.689193
1 22 6.131785
2 19 8.192376
0 1 7.387973
0 2 8.261095
5 22 3.286370
0 11 5.157731
6 7 9.596632
6 12 8.374560
1 20 5.487223
5 19 3.521111
6 9 3.004067
3 15 8.514136
0 20 17.615454
3 19 9.178216
5 22 9.873484
5 0 8.608743
