4 23 13.407801
5 12 11.134190
5 9 11.210853
1 23 17.263557
5 15 7.851599
2 21 13.367640
3 13 10.316291
5 15 6.786421
3 1 7.309439
3 5 14.627278
3 23 8.742846
6 1 13.813229
1 19 14.303141
1 21 5.174646
6 5 13.813229
1 8 6.899528
3 18 3.025884
1 17 7.016469
4 22 13.813229
5 21 9.070126
1 18 9.772082
0 1 13.996172
0 3 11.013866
0 4 17.556160
2 11 6.383061
0 17 7.885366
1 1 13.818206
0 3 5.537771
4 14 11.059106
6 3 14.464786
3 12 17.279263
6 22 8.988080
0 8 16.707714
4 9 7.838225
4 10 8.568230
4 20 12.381824
6 11 8.631779
3 11 11.612057
5 11 9.719884
1 4 18.513494
1 13 9.418703
5 21 3.759964
4 2 7.026893
3 20 13.163213
0 5 11.511024
0 21 12.441451
6 9 7.865467
0 5 10.259214
3 6 13.822256
3 22 16.561594
4 5 14.805221
6 0 12.924878
4 3 8.727288
5 4 14.797336
5 4 17.282108
6 10 12.432403
3 20 15.172502
6 6 9.553715
0 23 9.418487
0 3 15.074407
2 23 13.813229
0 3 13.801329
6 18 9.007073
0 2 10.367876
0 1 11.512382
1 5 15.950089
2 3 16.362469
0 2 16.980549
3 15 15.938977
4 5 14.786790
6 15 5.631417
1 5 16.782299
2 20 19.937611
3 12 8.631779
5 13 9.124930
6 11 11.302184
6 17 4.504494
2 7 6.899528
6 15 16.575874
2 20 12.011503
6 11 6.801622
6 6 16.989866
6 20 6.899528
0 6 14.421788
5 8 8.391809
6 8 5.866172
3 10 6.982594
1 8 7.342390
6 5 10.349857
2 9 6.899528
6 16 6.609924
2 4 15.708420
6 0 8.787407
6 9 16.185730
6 6 12.098205
2 23 13.328411
5 0 9.409601
0 23 8.532714
2 5 12.954568
3 11 10.625598
4 6 20.716270
2 21 12.011503
2 3 15.053561
6 6 17.269678
6 22 10.905616
0 2 15.944083
0 8 12.441100
1 21 12.962221
6 6 11.389612
3 22 11.073262
5 8 7.218244
0 13 8.691613
1 10 6.007915
4 12 5.339003
4 21 13.484341
1 5 19.351013
6 5 15.029469
6 6 15.694143
5 16 3.555969
5 3 16.721867
4 7 6.368795
0 10 11.197314
2 3 8.871306
6 8 12.799454
1 0 10.360335
1 1 13.599708
1 18 10.915673
2 11 11.844176
5 8 9.954082
0 2 13.060400
0 23 11.089133
1 23 11.684256
2 18 6.801622
3 22 8.639896
5 2 13.818206
1 5 13.818206
5 10 5.843647
5 13 9.719884
0 7 9.427464
1 8 8.135274
6 12 7.835996
1 18 9.878547
4 19 11.716820
3 21 13.483786
4 23 13.244397
6 1 12.001155
0 2 6.691919
1 7 9.866986
2 11 6.914983
3 2 13.499814
3 12 8.271922
5 20 11.499842
0 22 10.913554
0 2 13.591678
1 10 6.786421
3 7 6.899528
5 1 18.173450
1 1 9.857007
1 11 7.202572
3 15 16.199308
0 0 12.551175
0 1 16.505636
2 15 17.269678
5 1 15.074407
2 4 19.182932
4 11 8.886751
6 2 10.015991
2 4 12.938745
0 10 13.826369
0 18 9.858091
6 3 12.554564
2 3 16.442513
0 9 15.934639
6 11 9.502876
2 19 6.806266
5 21 14.294696
6 10 9.086083
0 21 13.160196
0 22 9.563386
2 13 19.257668
4 5 15.460870
0 12 6.691919
1 12 9.866986
1 16 9.418487
2 14 7.666142
6 1 15.694143
1 9 10.905616
3 6 12.661609
6 3 11.171147
4 20 11.310410
5 18 17.562384
2 5 9.290518
4 6 14.393388
6 3 22.519093
1 2 10.535934
1 10 7.978826
4 0 16.456440
4 12 9.719884
5 9 6.899528
1 8 6.899528
2 12 10.360335
3 7 9.857007
4 12 13.813328
0 0 11.707940
2 11 13.826369
0 2 9.019084
0 15 8.888056
6 18 8.634839
4 20 13.818206
6 22 9.148126
6 5 3.446634
6 11 8.506732
2 18 10.005358
2 4 12.938745
0 3 5.691283
0 1 13.126952
3 0 12.755267
6 2 16.070000
5 13 10.190494
3 2 15.457035
3 20 15.500052
5 19 5.999589
6 10 7.381769
1 7 12.429019
5 19 6.599877
3 14 16.899586
3 1 16.831085
6 23 5.892006
5 4 3.759964
6 17 7.543617
0 4 13.997479
5 0 14.767821
3 11 10.135517
6 2 16.239992
5 3 13.319039
6 20 10.367876
1 1 15.368873
1 3 10.339903
5 10 7.526758
1 16 10.021395
