4 23 13.407801
5 12 11.134190
5 9 8.640619
1 23 13.820906
4 23 10.170589
5 15 7.851599
2 21 10.365251
3 13 10.316291
5 15 17.271236
3 5 16.268862
3 23 8.742846
6 1 13.820334
1 19 14.448411
1 21 16.714100
6 5 16.448797
1 8 8.119765
3 18 5.588849
1 17 15.955998
4 22 10.365251
5 11 13.632705
5 21 9.070126
1 18 9.772082
6 9 11.296030
0 1 13.996172
0 3 14.595411
0 4 16.997938
0 17 7.885366
1 1 3.451470
0 3 5.537771
4 14 11.059106
6 3 10.378202
3 12 7.529237
6 22 6.914921
0 3 11.912919
0 8 13.591618
4 9 10.736072
4 10 6.679162
4 20 14.294633
6 11 6.996541
3 11 11.612057
5 11 6.573143
1 0 10.540933
1 4 11.734246
4 8 8.719683
1 13 9.418703
5 21 13.820461
6 15 10.043422
0 2 11.247302
4 2 7.026893
3 20 13.163213
0 5 13.828532
0 21 8.948878
6 9 3.235753
0 5 10.259214
3 6 13.822256
3 22 16.561594
4 5 15.951912
4 18 7.342294
6 0 13.655436
4 3 14.055159
4 5 14.253102
5 4 10.554104
5 4 17.282108
6 10 8.875453
3 20 10.371399
6 6 6.801562
0 23 15.248316
0 3 17.281239
2 23 7.394786
0 3 13.801329
6 18 8.895602
0 2 14.556350
0 1 3.619888
1 5 13.601834
2 3 16.362469
0 2 9.576863
3 15 38.830105
4 5 14.786790
6 15 5.631417
1 5 16.782299
2 20 6.089824
3 12 13.162767
5 13 9.124930
6 11 5.519932
0 2 7.484135
6 17 10.184945
2 7 10.365251
6 15 6.274364
2 20 13.828532
6 11 10.354694
6 6 16.989866
6 20 13.793028
0 6 14.421788
5 8 11.105626
6 8 19.756918
3 10 6.982594
1 8 7.342390
6 5 20.402254
2 9 7.394786
6 16 7.032123
2 4 13.828532
6 0 8.787407
6 9 16.185730
6 6 12.098205
2 23 13.328411
3 17 8.607787
3 17 9.019463
5 21 9.642492
5 0 10.208068
0 23 8.532714
2 5 7.964931
6 7 19.461657
0 1 10.354694
3 10 7.850562
3 11 10.625598
4 6 2.876225
2 21 10.365251
1 23 8.966867
2 3 13.591618
0 2 4.060553
6 6 17.269678
6 22 10.354694
0 2 9.884002
0 8 12.441100
1 21 10.711753
6 6 12.757759
3 22 13.601834
0 13 6.470438
1 10 4.501918
4 12 5.339003
0 23 9.553575
4 21 10.365251
1 5 11.357379
6 5 15.029469
6 6 10.378202
5 16 3.555969
5 3 11.734246
3 2 10.415439
4 7 8.119765
0 10 11.197314
2 3 10.378202
6 3 11.610044
6 8 12.438301
1 0 17.281425
1 18 10.915673
2 11 4.402418
0 9 4.770162
5 8 6.370893
0 2 13.060400
1 23 10.354694
2 18 8.068593
3 22 14.062914
5 2 10.378202
1 5 13.594334
5 10 13.375070
5 13 17.271236
0 7 9.427464
1 8 8.750446
6 12 7.835996
1 18 13.819692
6 21 9.534098
3 21 13.483786
4 23 13.244397
0 5 8.900466
6 1 12.001155
0 2 9.558180
1 7 10.043422
2 11 14.052351
3 2 12.965477
3 11 2.142803
5 20 9.729565
0 22 6.470438
2 19 13.820906
0 2 9.521052
1 10 10.365784
3 7 6.901801
5 1 18.173450
1 1 3.451470
1 11 13.591618
0 0 12.551175
0 1 16.505636
2 15 17.269678
5 1 15.233062
2 4 15.710386
4 11 6.901801
2 4 12.938745
0 10 10.909061
0 18 9.858091
6 4 1.953340
6 3 12.554564
2 3 13.818145
0 9 15.934639
6 11 5.319170
2 19 9.434730
5 21 6.914921
6 10 7.543550
0 21 6.691859
0 22 11.769071
2 13 19.257668
4 5 10.899678
0 12 13.818145
1 12 10.711753
1 16 10.184945
2 14 12.383759
6 1 12.852377
0 19 8.325274
1 9 9.648727
3 6 12.661609
6 3 11.171147
4 20 9.282314
2 11 5.840925
5 18 17.562384
4 6 14.393388
6 3 11.054516
0 8 8.635618
1 2 12.561950
1 10 6.801562
3 11 11.606836
4 0 6.573143
4 12 10.540933
5 9 7.265053
1 8 14.279588
3 7 10.378202
4 11 6.585639
0 0 11.707940
2 11 13.594334
3 10 6.537445
0 2 9.019084
1 1 17.281239
0 15 8.888056
1 17 3.343373
6 18 8.634839
4 20 12.284280
6 22 6.573143
6 11 8.467250
2 18 10.005358
2 4 12.938745
0 3 12.251031
0 1 18.852259
3 0 10.208068
1 6 4.929876
6 2 16.070000
1 2 13.136217
3 2 15.457035
3 20 15.500052
5 19 10.365251
6 10 7.381769
1 7 12.429019
5 19 6.599877
3 14 16.899586
3 1 10.208068
5 17 6.788656
6 23 5.892006
5 0 17.276133
3 11 10.135517
6 2 7.140973
5 3 13.319039
6 20 6.901801
1 1 13.601834
5 2 10.768331
5 10 9.429438
1 16 8.229250
