6 16 6.429088
1 21 17.362669
2 12 4.488087
1 11 18.608568
2 15 14.341811
3 3 1.851881
0 23 18.648794
3 22 15.783875
4 0 13.559530
4 15 10.120449
5 9 11.610003
6 3 1.639370
0 3 2.272763
0 5 4.400085
4 18 8.171393
4 21 14.071211
0 20 5.421446
5 12 19.366055
3 21 3.874624
4 5 11.652721
0 13 15.701340
3 21 17.982765
4 16 15.734920
0 11 17.068388
1 1 8.557820
3 1 15.867536
5 3 18.309725
0 2 3.717858
0 3 10.488465
0 21 15.492844
6 9 20.551731
6 13 7.019110
1 0 4.155636
5 20 16.669703
0 3 8.803102
0 3 16.638317
0 4 5.218705
0 23 16.660757
6 9 10.517090
6 12 4.315468
6 12 15.553321
4 22 14.343376
5 0 4.400085
3 0 7.540555
4 1 6.551630
0 2 4.647086
0 5 14.032337
3 9 5.923432
0 2 19.000658
2 19 16.783915
5 8 1.851881
0 15 7.540555
1 12 14.587176
6 19 3.551133
6 13 7.553011
2 14 16.508768
4 11 6.890507
5 0 1.754414
5 8 43.108353
5 8 7.896901
6 5 19.745781
4 6 16.783915
6 2 2.857188
1 13 17.260290
5 5 4.155636
5 16 7.799011
6 5 7.895810
1 3 8.688031
3 0 14.071211
0 23 20.979893
1 16 13.083757
1 20 1.562525
4 22 4.007220
3 5 8.688031
3 3 14.573460
6 15 14.071211
0 1 7.012635
0 7 16.508768
5 12 2.325618
0 4 1.470612
3 0 8.803102
6 3 15.967464
6 3 9.564623
3 1 14.341811
4 13 15.998382
6 1 5.331089
0 12 8.326030
3 23 8.410272
6 11 5.899769
0 22 3.740072
3 4 7.685565
6 9 33.839184
1 8 3.740072
5 10 7.836263
2 2 14.758148
3 11 7.400915
4 15 17.982765
6 15 4.080079
6 20 7.390845
3 11 4.315468
4 11 14.849590
6 1 12.489044
6 16 5.610108
0 16 7.685565
2 14 9.203693
3 11 9.033255
3 22 12.640240
4 13 14.595015
5 14 3.869040
5 23 12.640240
6 22 11.093569
1 1 9.564623
1 13 17.301556
4 2 6.682134
6 3 2.380990
0 20 16.822865
0 21 4.675090
1 10 5.815733
6 1 18.309725
0 14 18.648794
6 6 14.915483
5 23 3.936918
0 20 17.445932
2 23 10.162412
3 1 21.426273
2 19 18.648794
3 19 6.660823
5 21 9.203693
6 3 10.839906
0 1 14.573460
2 2 9.945959
4 16 13.692970
0 20 16.928362
1 8 40.517902
4 10 12.429569
4 21 26.425755
6 12 5.331089
1 22 19.366055
2 21 14.071211
3 20 17.856009
0 12 9.614427
5 10 40.366577
5 1 15.443941
6 3 4.233732
5 1 4.825538
6 1 28.683622
6 8 17.480776
0 8 9.299744
0 18 8.390457
3 7 14.179771
4 6 13.559530
4 15 16.820543
5 7 14.994681
5 15 21.426273
6 5 4.986763
0 6 17.982765
2 7 4.878355
3 4 3.598475
4 15 6.870363
5 4 23.715948
0 6 8.869014
1 13 10.162412
3 4 21.892061
4 8 9.943656
4 16 13.810633
6 1 4.878355
6 7 20.551731
0 9 13.708012
0 6 4.400085
2 20 4.007220
5 3 17.068388
0 4 14.341811
2 13 15.219881
2 23 16.242498
6 2 19.000658
1 7 5.628865
1 23 7.400915
3 14 4.080079
3 22 7.540555
6 1 19.366055
6 9 4.488087
2 10 6.773719
4 22 6.773719
6 14 16.783915
3 0 19.745781
6 13 18.309725
6 23 3.740072
2 14 4.234044
1 0 14.071211
4 13 9.777383
5 2 16.212482
2 5 9.564623
1 15 9.380688
1 22 18.248344
2 22 19.321775
1 3 13.317396
5 2 15.177153
0 18 5.000079
3 3 7.136597
4 3 16.783915
4 3 3.316424
0 6 8.156111
0 3 13.608579
1 7 6.660823
1 21 4.234044
4 2 2.000032
0 23 15.405849
0 2 20.140697
0 16 3.869040
3 4 14.346933
4 19 6.890507
5 2 4.488087
0 3 16.212482
0 13 43.653111
4 14 6.551630
5 6 7.742790
5 22 16.508768
0 20 4.080079
2 22 5.502070
4 0 16.075665
5 21 8.326030
0 22 9.411541
5 23 8.603748
6 7 18.248344
0 15 1.851881
1 19 10.301171
5 20 8.869014
0 3 21.892061
0 22 1.666693
1 3 2.959277
5 1 17.468828
6 2 4.579680
2 9 8.869014
1 5 25.821407
6 11 16.508768
5 13 15.967464
5 22 26.256918
1 0 16.312075
6 8 3.349318
6 10 4.315468
1 14 2.040849
5 13 7.266353
0 22 1.724165
3 21 1.818211
5 10 13.810633
2 17 4.007220
1 21 2.272763
6 3 14.613883
3 18 1.666693
4 1 20.966183
0 1 5.243694
0 23 5.923432
1 13 10.162412
0 2 3.170654
1 2 17.049530
2 13 22.887156
3 10 15.984680
2 13 12.273736
2 20 7.657210
3 23 9.955015
1 4 18.257294
2 20 14.071211
4 12 12.429569
0 8 4.315468
0 22 8.803102
0 3 1.923107
1 15 4.234044
5 2 5.610108
6 1 17.982765
1 21 1.612929
3 19 20.179113
5 13 6.511217
6 1 8.098972
4 22 10.604256
2 14 6.660823
4 21 11.101373
5 15 6.660823
6 4 8.503179
6 5 20.140697
0 23 24.859138
4 21 15.783875
0 11 3.452374
1 16 13.944357
6 6 11.537312
6 7 4.774560
4 4 6.576172
4 7 9.456813
6 0 15.258103
6 4 4.400085
3 14 7.388536
4 1 8.710638
0 5 15.604654
6 17 8.129930
1 3 18.248344
3 0 4.080079
4 2 21.426273
6 18 12.858175
3 8 1.666693
4 2 17.362669
6 17 8.710638
0 2 12.273736
2 12 26.500917
5 19 17.667278
6 1 4.986763
6 23 13.083757
4 6 7.019110
4 17 12.429569
0 1 11.837686
1 23 19.000658
2 16 2.127693
3 0 19.745781
5 5 9.755915
0 7 36.159443
5 16 3.740072
6 14 5.815733
2 13 18.648794
3 23 4.007220
6 1 11.772767
1 1 14.704958
6 5 18.907179
3 3 15.344577
4 22 8.881098
6 14 17.982765
3 1 2.173948
3 2 9.321309
3 14 1.960815
3 16 16.152185
5 2 22.571150
6 19 7.996652
1 2 16.783915
1 16 9.321309
4 23 29.618671
4 16 12.429569
6 14 3.529445
0 4 5.342960
1 13 12.225806
4 2 20.979893
5 13 20.140697
0 13 17.982765
2 23 8.949821
4 13 9.747547
2 20 7.836263
5 13 7.836263
3 8 16.508768
4 12 13.559530
6 0 15.719193
6 3 16.638317
0 3 18.542778
6 8 16.759735
4 12 16.242498
1 6 27.621265
2 2 4.878355
3 21 13.476365
5 13 15.754150
6 12 3.936918
4 14 17.667278
0 23 17.049530
0 3 7.996652
1 22 13.810633
2 1 18.950203
0 3 4.774560
4 14 9.614427
0 12 13.810633
1 23 4.234044
6 2 15.754150
6 3 19.000658
1 21 8.949821
3 1 17.362669
4 19 17.531353
2 1 1.666693
3 21 9.380688
5 10 10.070349
1 13 14.188994
1 20 17.982765
6 3 18.648794
4 19 15.219881
5 22 8.422932
3 12 16.242498
6 8 7.657210
0 9 7.136597
2 7 1.418870
3 6 9.777383
4 7 13.559530
6 9 17.068388
1 11 8.503179
2 5 15.492844
2 15 6.890507
3 15 19.366055
4 2 14.266210
4 17 8.881098
5 13 10.488465
6 16 12.429569
0 8 14.200117
1 7 6.551630
2 7 16.783915
2 8 12.429569
3 6 8.129930
4 6 4.080079
5 6 13.258569
6 13 14.071211
0 10 16.783915
1 7 7.400915
6 14 1.666693
0 19 9.955015
1 7 2.731641
3 13 7.996652
4 7 8.129930
6 18 17.068388
0 16 11.537312
3 1 17.667278
5 3 8.326030
6 4 13.941934
4 0 18.648794
3 2 3.869040
3 23 14.746276
0 20 22.599216
4 0 17.068388
6 4 2.959277
3 2 21.426273
3 3 15.093026
6 9 16.783777
0 4 13.810633
0 23 16.783915
2 14 1.538486
6 8 37.337887
0 19 6.660823
1 1 3.400066
0 13 14.341811
1 10 8.881098
4 11 9.380688
5 21 11.344087
6 0 9.380688
0 18 10.682696
1 15 3.803463
0 20 19.807520
0 20 15.563138
6 17 44.219685
1 4 15.590962
4 15 17.982765
0 21 16.783915
3 4 16.660757
3 22 20.551731
0 4 10.120449
0 21 8.136201
4 14 13.559530
0 21 8.949821
6 6 14.341811
0 5 21.892061
0 8 1.818211
0 22 9.763441
1 1 1.785743
3 10 3.205776
1 11 4.488087
1 21 17.371220
3 22 4.774560
5 14 4.234044
0 13 11.355943
1 3 9.294172
5 8 4.155636
2 6 7.992988
3 5 16.075665
5 1 17.119452
6 5 15.998382
0 20 15.734920
2 9 6.890507
2 22 19.000658
3 14 20.551731
5 22 17.362669
2 12 17.982765
3 6 12.429569
4 12 16.783915
5 11 1.785743
1 2 14.573460
5 20 4.234044
0 11 14.468044
0 23 1.960815
0 14 8.557820
0 23 17.362669
1 20 3.109147
2 6 8.129930
6 13 8.949821
0 12 7.929144
1 2 20.140697
1 8 4.080079
0 10 24.105610
1 6 14.671247
6 8 1.666693
0 0 4.080079
1 5 16.822865
1 16 7.136597
2 10 6.660823
2 16 18.309725
2 23 14.071211
3 10 17.362669
4 8 43.653111
6 8 16.783915
1 4 7.540555
1 16 6.233454
2 5 13.559530
2 6 6.551630
3 9 16.505566
3 16 19.000658
4 6 16.070408
4 16 14.573460
5 6 12.429569
6 9 12.503294
0 1 4.155636
0 7 7.266353
1 7 8.557820
1 8 12.225806
2 8 3.678760
3 10 1.666693
3 16 11.418554
4 7 6.904042
4 22 10.120449
5 7 43.796890
6 1 4.878355
0 1 3.744522
0 8 12.429569
0 10 6.660823
1 7 15.177153
1 17 13.258569
4 3 7.836263
6 17 16.154272
5 0 7.400915
6 4 7.766370
4 11 10.120449
5 9 3.740072
6 3 4.315468
0 3 16.977875
2 1 7.266353
2 15 16.783915
5 3 24.034405
0 20 14.587176
0 22 4.488087
6 23 14.100268
0 22 18.052444
1 16 16.312075
4 9 1.754414
1 23 20.140697
5 15 20.961401
3 22 23.977020
1 23 15.614421
2 18 10.488465
4 10 20.737700
4 16 17.362669
6 5 13.083757
0 14 10.664365
2 19 11.772767
6 5 17.667278
1 15 16.508768
3 20 3.228302
0 2 13.559530
2 15 14.977272
3 1 7.836263
4 3 9.033255
6 14 17.775101
2 11 17.362669
3 22 17.667278
4 2 13.549882
6 9 8.949821
6 9 16.508768
6 10 16.949413
0 9 13.810633
1 4 14.071211
1 10 8.156111
2 5 12.018033
3 7 7.836263
4 7 20.001678
1 5 19.745781
6 10 16.783915
0 9 18.310720
0 10 12.640240
1 6 14.066206
5 6 13.479545
6 10 20.979893
0 9 9.155360
6 11 10.078030
0 11 6.849631
3 22 14.071211
5 6 4.488087
1 11 15.443419
2 2 3.561973
4 0 4.774109
4 23 13.972616
0 5 4.675090
1 21 8.503179
3 8 2.439063
6 7 16.608959
6 9 8.410272
3 23 16.508768
6 9 14.341811
6 22 8.503179
5 6 6.551630
6 9 14.266210
6 2 20.979893
2 12 13.810633
1 14 3.452374
2 6 6.890507
5 20 15.553321
1 0 17.362669
0 16 8.949821
0 16 12.836730
6 2 20.529387
3 2 13.937021
4 5 1.639370
0 8 1.587327
0 14 19.626675
2 15 4.155636
4 1 7.400915
2 20 9.203693
5 3 4.007220
2 22 1.818211
4 8 3.803463
5 1 7.011393
5 2 3.965715
3 18 8.391957
1 16 6.294176
3 21 3.619425
4 18 21.474962
6 8 20.958925
0 11 8.257776
4 12 16.242498
4 3 27.973190
0 3 8.869014
5 20 17.640802
0 17 13.944357
4 3 19.745781
5 15 18.608099
5 16 16.783915
