3 18 8.151270
5 19 3.064759
4 20 7.091744
3 13 4.870969
4 8 13.879132
4 9 14.186799
0 8 9.163439
5 10 8.194282
6 14 4.417084
4 19 16.018024
1 0 11.889318
2 12 8.895408
3 10 10.094493
4 23 13.047398
1 1 15.339058
6 15 14.663261
0 4 11.479585
5 0 11.005976
5 1 4.117171
4 1 7.236546
5 18 7.205588
6 2 8.613014
6 21 15.593982
1 14 8.846479
1 14 8.715885
1 14 36.775219
6 22 6.313706
0 13 26.160299
3 21 4.103415
5 22 9.914541
6 21 3.547369
6 1 9.215144
4 21 5.408199
5 0 11.945570
4 20 16.094299
0 2 5.739792
5 0 6.644164
5 19 7.005223
5 21 7.006544
6 12 10.025709
6 15 7.979704
0 2 10.184076
2 9 8.308200
2 10 8.991254
4 23 10.595433
0 2 14.457341
2 11 9.081228
3 11 8.003014
1 12 11.386370
6 2 11.652575
6 21 6.146178
0 3 24.013435
6 17 3.335056
1 22 11.896875
2 23 11.978079
3 0 8.347998
1 16 9.151679
1 10 5.293029
5 22 9.805371
0 21 13.178628
4 12 9.442464
2 16 19.041956
3 14 4.158222
5 10 16.148981
4 2 7.706096
4 10 15.503425
4 15 4.205065
4 23 4.239218
6 3 8.233578
1 10 7.700347
1 15 6.440979
1 20 6.694843
0 3 1.404686
0 8 5.561354
2 16 8.895408
4 1 10.722909
5 23 23.669193
3 20 7.566695
5 7 5.067462
6 14 14.245642
3 13 14.256329
6 0 5.123671
3 12 3.210282
6 18 12.305110
6 8 8.478436
4 7 8.380936
5 12 13.662230
6 8 7.831367
1 0 11.063077
6 15 7.253954
6 8 8.478436
0 12 10.852398
0 15 5.269373
3 15 13.247098
6 1 12.332270
1 21 14.220556
5 4 12.087473
5 22 8.052759
5 23 9.440930
6 20 10.703039
3 19 8.271849
6 20 9.643786
0 21 15.622030
6 14 2.502887
0 13 4.541135
1 2 12.172967
1 6 9.218566
1 19 2.954459
3 1 4.028808
1 20 9.983650
2 4 3.956865
4 14 6.385393
4 15 12.158596
3 6 11.454309
2 19 9.891332
2 18 8.347998
1 17 8.895408
6 2 13.162200
1 1 5.636931
3 9 10.561486
6 21 9.001652
3 0 11.922256
6 20 9.355515
4 11 16.594616
1 1 7.253954
1 11 11.206139
5 18 7.332701
6 18 4.890823
1 11 4.557309
1 17 10.762111
4 9 5.802743
6 0 14.183488
6 23 7.888974
0 18 13.245675
6 7 9.043665
6 23 11.927380
1 23 4.785174
2 23 9.628534
2 23 9.722836
3 3 8.372640
6 20 6.874280
5 15 3.951046
6 19 2.593124
4 0 7.712403
4 23 4.161159
6 22 14.391385
3 23 2.431373
5 18 6.320486
6 12 3.968679
6 20 10.048516
0 19 9.043665
2 13 7.354002
5 9 8.895408
3 23 7.326783
6 19 5.763705
2 12 6.583664
2 19 1.636022
3 22 11.015396
6 14 6.300246
0 1 3.693074
0 11 13.930099
6 14 2.637075
6 7 12.292356
2 1 6.737744
4 21 5.931367
5 8 15.949587
4 22 8.347998
5 13 9.789010
5 14 8.347998
6 23 9.418810
2 18 6.423003
6 16 6.434330
1 14 11.484770
4 20 14.413630
4 18 4.521832
6 16 1.132812
5 22 10.766682
2 22 1.206573
5 16 9.643786
6 3 8.247928
6 22 7.834531
6 22 9.921366
0 20 2.589193
6 7 4.101578
6 8 11.705719
1 21 7.751712
4 0 7.850124
6 19 7.374853
4 11 10.725824
0 19 7.440583
6 2 10.799767
6 10 7.233445
6 6 4.087021
1 7 11.743881
2 14 16.804234
2 22 1.663289
6 17 6.189806
2 0 1.388261
0 9 8.828020
2 19 5.636931
3 0 12.617636
6 7 9.043665
2 22 12.430081
5 14 6.894377
3 7 9.043665
1 6 20.015030
3 7 2.274269
4 17 7.354002
0 1 9.811407
0 18 6.988717
1 12 11.479585
1 23 20.083965
5 13 9.043665
1 11 6.673625
3 9 4.278106
5 16 7.479558
4 15 12.651923
2 14 6.559847
0 13 7.867570
4 0 10.410750
3 0 13.913330
5 7 6.982074
5 17 9.043665
0 8 14.245642
0 9 5.676371
6 1 16.759579
6 20 1.017889
3 21 8.770194
5 10 7.069573
4 3 10.226296
5 12 6.181761
5 13 10.349545
6 23 12.547569
0 18 9.222998
1 18 9.332481
6 13 6.574912
0 20 12.617636
0 21 8.478436
5 13 9.997026
6 0 15.601608
3 21 7.860414
2 21 12.851295
3 20 5.195835
3 14 8.895408
0 18 8.895408
3 11 10.593283
1 10 8.478436
0 1 9.286733
6 19 4.306507
4 5 15.594709
5 15 14.653705
0 2 3.160785
3 19 6.818346
2 0 17.159399
1 21 4.458569
1 22 18.596001
3 2 7.842292
4 6 14.526886
3 2 18.903019
6 14 7.374853
0 14 11.550521
2 5 8.108132
4 15 12.722538
6 7 4.837457
0 11 11.796084
6 23 12.734244
2 21 4.404252
5 23 7.136954
0 8 13.514408
1 13 3.175253
1 14 8.751933
4 9 10.648415
2 13 7.486701
6 4 16.893154
0 12 4.954939
5 12 6.834497
2 17 7.697155
5 23 11.966181
2 0 4.087021
2 18 6.084808
0 21 8.430997
2 11 15.424263
3 11 1.409479
0 3 8.621930
0 13 14.852104
1 5 2.469641
1 6 1.663289
1 6 2.593124
1 8 2.322200
3 20 4.448912
6 1 10.559630
0 7 15.912886
1 5 12.450754
6 21 18.722340
5 16 9.355515
4 2 3.693074
1 7 8.485387
0 16 10.349545
2 14 12.811322
4 3 12.505152
6 14 8.478436
5 11 4.616781
5 22 10.852398
4 21 8.180265
0 8 9.043665
0 9 6.554453
1 9 12.513972
6 5 3.261518
6 6 7.338910
1 20 8.678967
5 17 9.043665
6 4 8.188811
2 22 11.460505
5 0 3.462256
5 22 9.151679
6 10 21.072611
3 15 6.489970
5 11 2.739895
2 9 8.977489
5 21 7.146038
2 18 13.913330
2 18 6.538083
0 13 11.399899
0 21 6.949659
6 23 7.234361
0 2 11.291395
2 19 8.478436
3 9 8.494164
3 23 9.267534
6 4 13.355289
6 22 7.433149
1 7 8.098804
1 19 9.975039
3 17 14.112549
5 20 8.430997
6 13 9.646950
2 20 10.057536
2 22 9.939436
2 22 5.770977
6 8 5.956546
6 10 5.465612
0 9 4.640615
6 0 4.428160
6 22 11.345311
1 18 9.651740
2 15 9.749744
5 21 12.083774
0 16 8.715885
0 14 9.467255
4 20 2.874738
5 2 9.043665
2 15 2.509475
6 21 5.755939
0 16 10.284273
2 1 9.966776
3 1 10.572872
2 22 11.818578
5 22 7.354002
3 16 8.950691
4 20 5.537077
5 12 15.339058
5 13 13.336867
