0 17 2.589999
0 17 13.126031
2 7 5.463847
2 17 6.067335
4 0 15.925042
2 11 8.673075
4 12 8.578687
0 2 8.883611
5 10 6.533898
6 11 31.523075
3 15 6.292926
4 12 7.469249
6 13 8.377154
0 7 13.362527
0 10 11.677118
0 10 3.847298
0 8 8.004506
4 22 6.947880
0 10 10.180964
3 19 5.502623
5 18 6.457139
2 15 7.526810
2 17 3.355501
2 23 7.563526
6 18 6.695068
3 19 6.751694
2 20 5.570081
4 23 11.365810
1 10 12.104756
6 20 6.800776
4 17 16.271606
6 13 12.441252
6 13 8.856757
6 15 8.965023
0 11 3.521869
2 19 1.858705
2 22 3.543548
2 22 6.917018
2 17 6.256950
5 18 15.040721
0 9 7.485092
5 8 4.188727
6 0 6.252151
1 23 4.224426
6 16 12.153156
2 11 4.409882
3 7 6.993070
6 0 9.665592
4 9 3.355048
4 10 6.146596
2 8 7.436154
2 9 6.759038
3 8 7.657094
3 8 7.109621
3 11 10.393877
1 8 8.231262
3 6 16.865412
6 12 5.210126
4 17 12.566368
0 9 9.553786
0 9 8.106083
5 13 11.164668
3 21 7.711232
3 21 6.051082
2 10 9.071969
6 14 5.647074
6 14 7.228254
0 7 6.023545
0 8 2.546602
3 14 13.174152
3 14 11.744946
4 20 17.878529
3 14 6.309523
5 14 5.299416
0 21 13.865412
3 11 8.215554
4 18 4.964490
3 22 8.504081
3 23 11.125732
1 12 8.246287
1 13 3.685053
0 22 6.232333
3 11 9.725755
1 10 6.911985
5 9 3.662641
2 15 15.000395
2 15 10.051943
4 11 6.332257
4 21 4.042812
1 18 5.381989
3 14 1.550469
0 12 6.760301
1 15 14.144770
3 18 4.495765
0 23 13.113885
3 12 5.851479
1 20 6.045833
4 2 7.019003
5 13 10.622582
6 10 8.658708
6 13 4.510346
0 15 8.634913
3 18 9.965082
3 19 8.516814
3 15 6.828397
3 16 6.322188
3 20 6.760301
4 18 3.306870
6 20 14.808925
5 21 8.518418
1 14 8.528681
6 21 9.278645
1 11 5.210126
1 15 6.440079
1 15 5.416234
2 20 6.903938
4 23 2.225680
3 16 12.285820
1 15 5.931102
2 18 8.749165
4 17 6.493113
0 13 7.620703
5 20 1.999449
0 20 7.397043
1 11 4.188727
4 8 6.712268
2 9 6.983160
6 18 6.760301
1 2 5.278573
5 6 6.993070
3 8 5.948319
5 18 11.461148
0 8 20.029087
2 17 7.019003
2 21 5.756658
3 7 3.405882
4 23 7.595937
5 19 9.706965
3 21 9.507140
4 0 9.151821
3 17 6.168458
6 22 4.300392
0 18 6.381163
0 7 10.850413
0 8 4.781710
0 8 7.396285
0 8 23.622793
2 19 7.769238
6 12 8.713814
2 21 23.492992
4 18 5.028324
4 12 3.512316
0 2 5.865849
1 19 6.287536
0 18 6.216524
6 20 6.366825
4 13 5.898255
2 11 5.192449
3 22 6.381163
5 20 23.547430
1 9 7.269943
3 11 6.561887
4 8 7.204263
6 22 7.971040
5 23 3.166032
5 23 22.422060
2 21 5.905698
5 14 6.985644
0 8 12.610770
0 9 8.568583
6 16 6.969743
4 14 5.905698
5 21 8.260244
4 22 7.365527
6 21 6.493113
0 21 13.583184
2 18 7.530617
2 20 10.508975
3 8 5.683774
5 10 6.250776
6 22 7.397043
1 17 4.273081
1 9 7.915674
3 23 13.034496
2 19 9.115286
3 19 6.257139
3 23 11.495733
6 21 3.621138
0 0 7.761827
2 18 4.188727
1 9 3.770365
2 15 5.850866
4 20 6.190011
5 11 22.760706
0 12 6.263534
4 19 3.528244
4 14 6.792174
1 12 11.254122
2 19 8.733350
5 7 25.145834
1 2 5.630617
0 2 6.168458
0 8 8.032658
2 9 11.962321
3 19 9.205658
1 11 7.018852
3 10 10.154446
3 19 5.415202
6 22 9.151821
3 11 3.875398
4 2 7.638737
5 19 8.406559
1 13 7.278305
3 16 12.284474
3 16 5.536592
2 15 8.641703
3 16 5.937736
4 12 8.568583
6 16 8.694580
2 0 6.751694
2 2 13.004004
2 16 7.643610
4 7 9.432220
2 19 7.675544
3 8 3.746471
2 19 2.082514
3 16 7.773031
3 18 4.800508
4 17 4.203031
3 17 4.074277
3 18 4.512828
6 17 7.773031
6 21 8.500970
3 22 11.110106
3 22 10.848512
4 19 5.091013
1 12 2.576479
5 17 5.644788
6 13 15.851468
6 20 6.983135
1 20 16.487629
0 10 17.886393
4 17 5.670253
3 8 4.585519
4 9 3.338181
4 9 5.095021
5 10 3.944382
4 13 10.221847
1 11 3.746471
4 22 9.001791
0 18 9.037019
0 19 5.268511
5 10 7.475043
6 2 5.630617
3 20 4.168653
4 17 5.727838
0 13 3.415605
3 10 5.322577
1 15 3.166032
6 12 13.707413
2 14 7.407173
2 15 3.464133
4 17 7.111972
4 19 6.250776
5 0 4.188727
6 19 7.810432
1 12 6.285675
2 17 7.078817
2 8 5.194897
4 9 11.090270
6 14 2.633166
1 7 4.437599
1 14 3.250334
6 12 3.944382
1 15 5.447928
1 15 5.978251
2 9 2.711973
2 12 3.535451
2 18 12.171143
2 18 3.472214
1 20 7.391871
2 13 5.941882
0 14 5.105908
5 6 9.455969
6 15 4.680340
4 10 6.483836
5 18 17.068409
5 20 8.376040
4 18 4.087059
0 12 6.146596
1 22 12.332283
5 22 5.808883
1 18 6.168458
3 17 8.205254
3 17 6.007340
3 18 9.878003
5 9 6.995544
1 8 3.654962
1 8 5.701406
5 10 7.595916
2 8 7.941702
5 12 5.657804
3 17 7.520360
5 9 6.129560
5 19 6.045833
5 19 4.889104
1 14 12.248982
1 9 4.056640
4 18 4.580971
2 12 11.773911
3 17 6.871126
3 21 7.892207
3 22 13.213756
5 9 4.241288
4 14 8.901062
2 12 6.903938
0 18 7.552686
2 18 22.066153
