0 19 5.402359
6 15 5.644255
6 12 7.896197
5 8 4.515965
0 14 13.500990
0 22 1.770828
0 22 6.299005
1 13 13.700442
6 1 9.196142
3 1 14.712424
4 0 13.990253
0 3 15.564841
1 8 11.245466
2 12 12.598606
2 19 9.584255
2 14 11.417913
2 21 15.054784
1 19 11.224389
0 12 12.267657
4 18 14.329759
6 15 6.186926
0 2 10.707701
1 1 8.204797
2 18 8.850545
3 7 11.322221
0 17 6.934459
1 0 8.272687
6 3 21.262718
5 12 12.020360
2 16 11.507414
1 1 12.592017
4 23 7.076215
1 13 12.187372
4 14 11.706341
5 17 7.153328
3 3 4.717476
5 23 9.735034
6 14 11.505702
2 16 6.369100
3 7 3.109353
6 23 5.332981
0 7 10.181164
6 16 7.649962
6 21 19.309420
6 21 15.426865
1 22 8.466322
4 20 11.037316
0 21 10.499993
1 19 6.747059
5 12 4.673263
4 21 6.793707
6 2 10.074523
5 13 12.020360
0 7 10.847139
0 8 5.237842
0 14 7.423618
2 3 11.792913
5 17 10.179695
2 11 9.458468
1 6 13.204635
6 17 11.599587
0 4 9.301996
0 4 12.619739
3 2 11.792913
5 20 8.106236
0 1 8.877831
4 8 5.465493
0 15 6.153230
0 20 10.349604
3 13 9.965842
3 16 10.847139
5 10 8.205228
6 0 8.072383
6 6 14.344625
0 15 9.833469
5 23 9.736237
6 7 9.455901
6 19 8.692921
5 13 10.700923
6 17 13.943645
0 14 4.774996
1 21 8.991165
0 22 11.648990
1 20 13.233509
3 6 9.303411
1 6 6.095811
2 4 9.964687
3 13 8.892894
0 0 13.279296
2 10 7.651729
6 7 7.520188
4 10 9.458468
0 4 7.859053
3 22 11.409925
5 13 12.187372
6 9 8.420414
0 6 11.034027
0 16 12.323228
1 10 13.928105
4 10 12.609452
6 3 10.859893
5 4 7.432177
1 14 5.446456
2 2 12.591228
3 14 10.037174
1 12 15.256082
0 13 12.591228
1 22 15.983921
0 18 17.834362
0 19 7.879390
6 14 15.143686
5 13 5.623913
3 1 11.598593
0 0 10.361152
6 22 5.244891
6 1 7.522314
2 9 10.794530
0 5 11.328697
0 15 6.186926
5 13 11.208300
0 1 12.018799
2 21 12.609452
6 12 10.812210
1 20 8.932146
2 9 6.747059
4 16 11.027925
0 1 11.629483
6 10 13.530472
0 20 13.195945
0 23 14.078360
2 12 11.034027
0 3 12.385592
1 10 13.048893
6 6 12.592017
6 8 9.126887
6 21 13.374441
1 20 4.905977
5 6 15.778311
2 12 12.592017
2 10 13.073080
6 14 10.075988
0 12 15.029515
1 7 10.643669
1 10 17.075253
3 11 7.713067
5 6 11.100073
3 19 15.762896
4 16 13.295996
4 16 4.923046
6 22 3.676358
0 12 11.040892
0 3 10.665962
1 21 16.689232
2 1 3.353153
0 10 10.953986
6 12 9.316350
6 10 10.127678
0 22 11.650805
4 6 12.792239
6 20 6.177998
6 14 6.833959
0 8 15.203963
1 9 8.710114
4 15 17.241884
0 1 14.846751
1 19 9.031929
5 19 6.861863
0 21 13.521149
0 14 5.391464
3 22 8.400196
4 7 10.642494
1 12 5.990515
1 22 9.791883
2 21 15.748633
6 7 10.845286
6 19 12.190294
6 21 10.678091
1 23 2.070480
2 21 10.291425
5 21 7.504301
0 10 17.333170
1 21 4.896972
0 9 9.454127
0 22 6.290041
2 7 5.776502
3 18 10.350836
3 19 11.018663
6 0 6.567561
0 1 7.667927
6 1 12.619739
0 7 11.018663
3 20 5.146338
6 9 6.768169
3 11 9.457029
5 20 6.195742
6 19 6.099437
1 12 15.447536
2 19 12.115950
5 13 12.082233
4 20 10.465828
2 19 9.285818
0 10 10.885767
