1212313040  7.456896
1211128958  0.000000
1211128987  2.821465
1211710665  9.611396
1212343529  9.360785
1211648577  7.315906
1211118946  5.948421
1212448236  2.529589
1211737040  7.622582
1211864995  12.431243
1212821750  12.023662
1212431609  5.948421
1211245553  6.862491
1211919346  7.197907
1212464686  0.000000
1212464697  0.000000
1212464791  0.000000
1212464852  0.000000
1212464887  0.000000
1212464889  8.393384
1211208451  5.868902
1211331570  4.888654
1212475337  9.074533
1211097279  0.000000
1211097281  0.000000
1211097315  8.420194
1211879703  7.956578
1212189583  6.979764
1213000356  12.501558
1211208524  2.405183
1211419426  6.865696
1212115878  7.337633
1212438182  11.112778
1211338268  4.624605
1212168347  3.810490
1212395351  8.765721
1211784836  10.186713
1211941149  0.000000
1211941176  8.594600
1212805714  5.333076
1211200929  4.808512
1211642161  4.889230
1212681880  9.169760
1211020280  5.871977
1211128539  5.432478
1211132900  2.405183
1211778656  408.698822
1212049837  9.849237
1212462768  0.000000
1212462770  4.971512
1211136089  2.471503
1211139759  2.445269
1211752928  239.438263
1211846122  10.761123
1212304782  10.330035
1212558703  13.324890
1212871658  5.026834
1211350803  6.233748
1211042228  6.862491
1211693847  0.000000
1211693872  0.000000
1211693874  8.114005
1211728390  14.667439
1212893692  8.114005
1211081029  12.224056
1211488419  10.231555
1212446441  6.027792
1211776083  4.506372
1212818158  6.137845
1212567532  13.096281
1211774763  2.445269
1212092869  8.085103
1212385745  9.069922
1212566383  13.324701
1212191721  0.000000
1212191743  0.000000
1212191753  0.000000
1212191841  11.505988
1212220781  0.000000
1212220813  10.824575
1212563650  0.000000
1212563709  7.250417
1212982123  8.887846
1213020108  8.522464
1211087297  5.989543
1211947391  7.211926
1212023889  4.921385
1212198863  9.881800
1212292538  6.002615
1212461439  7.799734
1211250769  8.470114
1211263126  0.000000
1211263131  9.339499
1212830980  8.522800
1211241219  3.869113
1211675133  6.540087
1212474206  9.881800
1213020849  9.019926
1211077612  9.849237
1212042867  6.862491
1211519711  5.333076
1211684389  9.139414
1211592548  6.526339
1211161437  10.367618
1212723856  2.529589
1212329324  13.396644
1211124201  5.486018
1211920997  10.629373
1211137884  5.057228
1211145573  7.999216
1211401630  6.862491
1211794518  6.634923
1212312877  11.855882
1212640545  4.489907
1212802357  4.377899
1212992842  9.753206
1212825379  4.191539
1212946287  2.123135
1211132697  2.445269
1211136842  3.666063
1211349056  11.283744
1211953411  0.000000
1211953489  0.000000
1211953492  0.000000
1211953572  0.000000
1211953579  7.871864
1211831917  9.121661
1212700826  9.563642
1211086629  9.460171
1211092486  10.016173
1212184456  4.513136
1212199035  8.626030
1211104566  7.527545
1211128941  6.448522
1212027471  4.167129
1211264327  27.657545
1211783842  7.718927
1212180824  5.941539
1212206202  11.494065
1212238212  7.456896
1212699451  10.475209
1211125977  2.445269
1211128178  2.716966
1212122387  0.000000
1212122405  0.000000
1212122504  10.001824
1212122998  4.731513
1212214148  4.809079
1212315335  10.587642
1212438151  11.725904
1211124903  4.205947
1211202899  10.330188
1211855713  9.771586
1211942192  3.810490
1211129938  4.889230
1211432947  8.621987
1212116250  9.184108
1211155475  4.889230
1211286099  4.520844
1211606799  7.563903
1211135562  5.333706
1211260532  6.584539
1212300927  9.753206
1212968390  0.000000
1212968450  6.616385
1211124601  4.888654
1211520513  8.301073
1211329805  9.274582
1212988408  7.315906
1213027896  7.332614
1211050588  4.583653
1211166251  4.889230
1211167245  9.166225
1212262447  7.693731
1212662174  12.293199
1212743064  8.885901
1211697184  15.989642
1212898260  6.375761
1211043763  8.300519
1211130630  3.412004
1212079408  4.809079
1212448330  7.332614
1212448994  4.888654
1212644026  0.000000
1212644088  20.959452
1212755878  6.747172
1211943188  12.224056
1212774853  4.972099
1212339740  6.389215
1212473837  0.300106
1212826801  9.937206
1212971587  10.358604
1212454087  0.000000
1212454152  0.000000
1212454221  0.000000
1212454233  9.142279
1211623406  8.055967
1211654535  6.176241
1211664154  4.240556
1211675813  6.375289
1212470610  6.746995
1212805408  6.562798
1211698564  8.622128
1211104072  9.849237
1211897174  6.280924
1211436465  8.393384
1211944090  14.713717
1212107219  0.000000
1212107243  0.000000
1212107284  0.000000
1212107290  8.380754
1211469848  7.719068
1212508320  11.280946
1212606934  5.534325
1212320163  7.456896
1212468265  7.108846
1212539539  5.333706
1212892247  7.277681
