1211059593  0.000000
1211059653  4.681108
1211259552  4.881960
1211416771  4.881960
1211433431  7.206658
1211513219  9.773355
1211645158  9.773355
1211653077  2.438610
1211655339  2.398632
1211685857  2.398632
1211854425  9.773355
1211935551  4.881960
1212024191  3.854098
1212099859  4.881960
1212111039  5.325775
1212200607  6.359352
1212256315  17.508745
1212463561  5.149218
1212508940  2.438610
1212641696  7.592569
1212722817  5.825024
1211042057  2.090237
1211429383  5.160722
1212011809  9.364080
1212523415  2.183830
1212610085  8.562102
1212719692  5.858352
1212814386  12.838902
1212988971  2.398632
1211093769  6.618623
1211387018  7.449969
1211426304  4.174601
1211503743  2.612796
1211517154  9.783228
1211550722  9.307958
1211815700  7.592569
1211995726  5.225592
1212003961  7.628266
1212006636  2.522700
1211127522  5.733842
1211509726  12.219472
1211517268  8.403238
1211549382  7.468101
1211567151  5.160722
1211654584  2.438610
1211694162  9.783228
1211963357  2.438610
1212034896  4.881960
1212038725  2.438610
1212128985  5.064805
1212230465  0.000000
1212230498  0.000000
1212230499  2.438610
1212372872  2.438610
1212611979  9.845554
1212899843  7.741084
1212940598  3.669938
1211138819  2.398632
1211216027  4.801928
1211610277  4.758286
1211768270  2.438610
1211985100  9.783228
1211997049  6.186975
1212074952  7.326769
1212111316  4.801928
1212212065  24.059322
1212419941  9.458086
1212514982  2.438610
1212593656  6.730803
1212641285  3.976451
1212688201  7.339876
1212717322  3.328609
1212825574  2.612796
1212978875  5.160722
1211022694  7.617274
1211208735  4.881960
1211313572  7.934912
1211340851  0.000000
1211340911  7.339876
1211425538  2.612796
1211478101  2.438610
1211499390  4.724477
1211548085  5.818935
1211716596  2.359945
1211834005  4.881960
1211896567  9.613136
1211953805  6.893021
1211997819  4.724477
1212025057  4.964705
1212045360  4.922365
1212123702  2.438610
1212196236  4.801928
1212882031  5.424400
1212906774  2.522700
1211242020  5.050303
1211308184  9.773355
1211312766  2.438610
1211317087  2.438610
1211379135  0.000000
1211379188  4.763744
1211550193  4.904017
1212068250  4.245357
1212109726  8.404671
1212359792  0.000000
1212359853  5.149218
1212541393  7.144332
1212712859  3.768858
1212755217  6.485853
1212896143  3.874675
1212973784  5.829406
1211042477  7.604073
1211069205  7.166009
1211081383  10.257709
1211100185  5.818935
1211134171  2.438610
1211212902  13.088995
1211252013  5.160722
1211254072  2.438610
1211261574  2.438610
1211608460  6.139408
1211610835  12.326824
1211760833  5.301774
1211904183  5.149218
1211936153  4.881960
1212174607  6.561285
1212287167  7.579416
1212520400  10.705410
1212614256  2.926332
1212807853  2.522700
1212902522  6.862578
1212903440  7.472221
1211083648  5.794639
1211160808  2.612796
1211305416  3.657914
1211328839  5.876623
1211336407  7.326769
1211403610  7.103106
1211433526  7.817465
1211490658  2.183830
1211850206  9.613136
1211928347  4.394317
1211949982  0.000000
1211950049  5.721354
1211967638  2.438610
1212029330  6.217320
1212066211  4.964705
1212501844  5.424400
1212513453  19.691093
1212517250  2.438610
1212517792  3.578229
1212526933  4.881960
1212588260  6.288800
1212611912  49.627636
1212888653  40.222778
1212888726  26.441559
1211061649  2.286196
1211143776  2.251024
1211150089  4.175273
1211181127  7.206658
1211253901  7.339876
1211313923  4.801928
1211417906  3.954502
1211505150  9.773355
1211528351  4.801928
1211607975  10.794937
1211688621  5.941406
1211822641  13.212045
1211877211  7.456589
1211902618  4.801928
1211904158  5.818935
1211949001  6.096524
1211704050  8.417174
1212004331  4.838935
1212074288  5.941406
1212106430  3.559017
1212375773  7.942667
1212484060  7.104578
1212725753  11.197423
1212821694  0.000000
1212821759  0.000000
1212821776  13.301507
1212904337  6.156137
1212973721  2.438610
1211186546  4.881960
1211356208  7.468101
1211358156  15.066422
1211573051  2.359945
1211624606  2.398632
1211703366  5.149218
1211879245  9.647010
1212089876  7.726185
1212138856  4.758286
1212256409  4.964705
1212256468  10.511033
1212483292  0.000000
1212483352  2.438610
1212489758  0.000000
1212489787  0.000000
1212489841  0.000000
1212489842  9.058171
1212507620  7.450952
1212554699  0.000000
1212554735  3.325377
1212563648  2.479942
1212669096  10.774673
1212737313  4.758286
1212809519  6.992776
1212823749  10.957295
1211104224  2.438610
1211134157  4.118373
1211156462  2.438610
1211232524  0.000000
1211232584  3.048262
1211246682  4.371904
1211254795  4.801928
1211361875  16.321711
1211362985  2.522700
1211403733  2.090237
1211774249  10.306121
1211835793  20.164221
1211835820  6.885209
1211919389  5.617329
1212066633  4.881960
1212276526  0.000000
1212276528  0.000000
1212276592  2.566957
1212675524  4.881960
1213026617  4.881960
1211102014  8.841398
1211586463  2.660301
1212139221  2.479942
1212505734  4.758286
1212824081  4.881960
1212910042  6.297300
1212913276  9.742341
1211126836  4.801928
1211355684  0.000000
1211355745  10.930805
1211579257  4.064349
1211842190  4.881960
1211912087  18.495798
1211918437  0.000000
1211918499  10.768693
1212018013  17.197571
1212312897  8.136600
1212553721  5.468987
1212636071  12.598216
1211167177  2.438610
1211657241  2.438610
1211717838  0.000000
1211717888  3.954502
1211724051  4.758286
1211894907  5.149218
1212064249  4.392264
1212248536  5.076120
1212429823  4.881960
1212495594  5.149218
1212761242  14.018175
1212853312  0.000000
1212853336  6.485853
1211563693  0.000000
1211563709  2.251024
1211683257  5.917561
1211725142  10.461343
1211728702  4.724477
1211963300  4.801928
1211992180  5.977910
1212025579  1.329837
1212418124  2.398632
1212480217  7.008525
1212871871  3.048262
1212940640  1.209228
1211338128  2.868953
1212223104  13.467650
1212452641  4.801928
1212468356  6.932797
1212550334  5.064805
1212554114  4.881960
1212559815  4.881960
1212635521  0.000000
1212635548  13.764717
1212725233  5.160722
1212829943  4.801928
1213070917  13.220779
1211038431  9.773355
1211144111  4.680281
1211179434  9.773355
1211179494  13.210327
1211179880  10.931643
1211289016  7.118033
1211303397  5.149218
1211457874  6.932797
1211459602  7.326769
1211462806  7.468101
1211554210  9.773355
1211556953  7.582972
1211570837  5.977910
1211575680  2.438610
1211638249  6.816916
1211643880  2.438610
1211664851  7.206658
1211688520  2.183830
1211752675  0.000000
1211752693  2.438610
1211784593  13.182506
1211808779  7.339876
1211814277  14.713940
1211834479  5.064805
1211899925  4.881960
1211979380  5.149218
1211981271  4.881960
1211984075  4.881960
1211988059  7.755709
1212065384  13.220779
1212068699  6.816916
1212095108  6.179062
1212149030  8.927083
1212254800  2.438610
1212264787  4.881960
1212268333  4.175273
1212586441  9.646445
1212601072  0.000000
1212601121  12.388246
1212608131  2.438610
1212610077  3.887232
1212669050  12.219472
1212754903  2.398632
1212848615  5.064805
1212948658  2.398632
1211044702  4.649486
1211078287  2.438610
1211103029  2.151714
1211136065  2.612796
1211182247  8.623549
1211253973  8.412972
1211254621  5.818935
1211419339  10.768693
1211429159  5.149218
1211569308  2.438610
1211572722  7.349726
1211740867  4.758286
1211835591  5.554306
1211867848  8.379356
1211925665  4.477581
1212009717  2.151714
1212039095  4.245183
1212099494  4.576838
1212179532  2.359945
1212196960  11.064176
1212208955  9.622847
1212226233  10.955588
1212300059  7.326769
1212304024  11.498065
1212314701  9.845467
1212345407  5.424400
1212347460  2.322485
1212544041  3.568697
1212593450  4.881960
1212600408  2.216918
1212631822  4.125600
1212683628  6.783652
1211054244  8.272756
1211120543  4.964705
1211169807  2.438610
1211201369  4.758286
1211210226  6.624018
1211246491  4.881960
1211251519  4.881960
1211290798  4.881960
1211292040  2.438610
1211375249  7.339876
1211380715  4.881960
1211389847  2.398632
1211462138  4.881960
1211479206  7.468101
1211577768  14.877715
1211606716  0.000000
1211606777  9.118594
1211618012  9.773340
1211779048  14.831595
1211788006  5.475657
1211810606  0.000000
1211810666  7.219550
1211828757  0.000000
1211828816  0.000000
1211828824  7.464281
1211895441  7.103106
1212093297  7.349726
1212423147  4.881960
1212428825  4.106826
1212462430  4.801928
1212470076  9.773355
1212499882  7.219550
1212586058  12.862602
1212609404  2.438610
1212626365  7.326769
1212628181  9.773355
1212669077  7.592569
1212690861  0.000000
1212690921  6.193213
1212804739  4.724477
1212960055  7.090422
1211053057  0.000000
1211053071  7.441794
1211503536  10.661842
1211784467  22.457096
1211953531  10.421316
1212047996  4.758286
1212054273  2.438610
1212078154  0.000000
1212078214  9.754438
1212126741  0.000000
1212126742  0.000000
1212126804  5.160722
1212187863  7.712389
1212421052  4.964705
1212552602  7.219550
1212681099  0.000000
1212681164  0.000000
1212681167  7.339876
1212793047  2.438610
1211242549  2.709566
1211331021  2.060797
1211504868  5.050303
1211509856  2.926332
1211525388  5.149218
1212005319  2.522700
1212021656  8.453964
1212086471  6.096524
1212156999  5.941406
1212294539  11.225176
1212363653  2.479942
1212400227  2.438610
1212619098  12.829847
1212717958  7.090422
1212728415  5.296460
1212896143  2.612796
1212899493  0.000000
1212899554  0.000000
1212899632  8.134054
1211054501  4.801928
1211249390  7.048344
1211318447  12.019153
1211334956  4.881960
1211342004  6.618623
1211345428  4.881960
1211348248  12.185160
1211375234  7.468101
1211465744  5.230671
1211468073  8.056795
1211514775  5.526747
1211704484  5.076120
1211708977  12.219472
1211868780  2.398632
1211922352  2.438610
1211942371  2.398632
1211946635  2.438610
1212017970  9.773355
1212018865  4.881960
1212113438  4.881960
1212114830  8.714935
1212115087  7.326769
1212304969  2.398632
1212469623  0.000000
1212469684  5.248192
1212553462  2.398632
1212627276  4.881960
1212648571  2.438610
1212703115  6.532622
1212909582  5.076120
1212917373  0.000000
1212917433  2.438610
1211067896  4.881960
1211086317  2.479942
1211493362  8.898464
1211531965  4.758286
1211752206  3.345793
1211949741  2.251024
1212038492  9.141779
1212334007  2.438610
1212365055  2.398632
1212441362  3.976451
1212647005  5.064805
1212952857  3.861914
1213024727  4.638445
1211070157  3.483728
1211097805  3.048262
1211229639  2.660301
1211307060  6.185026
1211386753  4.881960
1211389683  2.322485
1211548567  4.911295
1211810216  5.064805
1212459121  7.326769
1212923004  17.508745
1212923119  18.871149
1211587796  4.801928
1211778572  4.881960
1211902827  0.000000
1211902887  2.183830
1211908764  13.533678
1212162979  8.137672
1212166918  2.660301
1212198221  4.881960
1212363674  4.912086
1212448916  2.438610
1211229476  7.090422
1211328598  4.881960
1211329795  0.000000
1211329861  2.612796
1211349249  7.090422
1211436582  5.149218
1211441915  9.783228
1211463684  6.974229
1211544197  3.657914
1211549544  3.905568
1211687580  4.810987
1211790459  11.994671
1211813192  9.187063
1211867922  12.219472
1211955317  7.592569
1211968026  7.326769
1212068237  7.090934
1212085141  12.194582
1212181843  2.286196
1212553859  2.438610
1212563240  8.137137
1212585269  19.081347
1212625465  4.576838
1212632624  9.433028
1212648982  11.739873
1212655365  11.003754
1212672052  7.519232
1212758769  7.992839
1212797564  9.613136
1211320036  6.109499
1211649829  7.349726
1211664190  2.438610
1212154462  8.056319
1212161074  4.724477
1212544905  12.219472
1212613316  2.398632
1212683292  10.859283
1212851539  3.905568
1212940253  2.522700
1212942059  10.471452
1213020326  4.245357
1212305208  11.165626
1212535967  4.174601
1212681892  0.000000
1212681952  5.236493
1212775064  3.083343
1212932094  4.477581
1212996601  0.000000
1212996661  4.680281
1211332388  5.149218
1211383191  4.318552
1211470490  4.725963
1211471776  8.671042
1211472368  7.857630
1211475960  0.000000
1211475995  6.436523
1211933551  5.050303
1212016361  4.604793
1212362975  2.926332
1212455907  6.367774
1212597293  10.768693
1212768133  10.661842
1212853080  2.438610
1212936410  9.773355
1213022390  4.801928
1213031837  17.621525
1211574039  2.438610
1211591371  11.276948
1211817926  4.801928
1211841787  8.157062
1212012088  11.158286
1212259850  2.986053
1212265392  4.724477
1212527151  2.398632
1212819130  2.322485
1212945029  4.576838
1211087301  4.175273
1211105099  9.872830
1211130051  2.438610
1211131278  5.149218
1211326266  2.816515
1211422792  4.881960
1211662398  7.579416
1211821732  11.543055
1211907945  2.438610
1211938532  2.438610
1211944255  2.438610
1212036672  7.395966
1212221235  7.334350
1212237966  7.854382
1212497631  9.783228
1212508681  4.881960
1212592210  8.152797
1212706502  11.197423
1212802585  6.102450
1212815069  5.050303
1212995744  12.515821
1211166451  14.300025
1211258791  0.000000
1211258852  6.967456
1211272417  8.123375
1211400339  6.509976
1211792517  2.438610
1211815334  13.314437
1211855152  4.438146
1211876710  9.783228
1211931049  7.326769
1211982684  0.000000
1211982738  4.827392
1212067859  11.276948
1212071701  9.051461
1212242246  0.000000
1212242306  2.398632
1212427878  5.149218
1212512033  5.149218
1212525768  2.438610
1212585897  9.773355
1212587175  7.326769
1212671238  5.149218
1212680728  2.912512
1212807471  0.000000
1212807476  6.311950
1212807958  3.684065
1212848046  2.438610
1212993186  8.790849
1213019271  4.174601
1211030090  5.064805
1211042562  10.615745
1211197977  0.000000
1211198037  0.000000
1211198128  0.000000
1211198189  0.000000
1211198249  0.000000
1211198310  0.000000
1211198370  0.000000
1211198431  0.000000
1211198442  0.000000
1211198500  0.000000
1211198560  0.000000
1211198621  0.000000
1211198681  0.000000
1211198742  10.602628
1211338236  4.681108
1211387640  4.106164
1211413512  4.881960
1211476279  7.604073
1211511846  7.326769
1211609138  4.680281
1211683191  9.307958
1211928055  5.138906
1211931697  4.838935
1211938338  2.183830
1211944491  5.325775
1211946310  4.964705
1212019241  2.398632
1212037166  2.612796
1212068871  5.064805
1212075432  4.881960
1212086343  10.482030
1212091381  2.438610
1212118743  7.206658
1212122449  2.438610
1212123417  2.438610
1212193638  4.801928
1212200405  5.325775
1212205873  4.758286
1212218594  4.881960
1212453016  9.613136
1212460682  10.471452
1212495637  4.175273
1212531709  15.734820
1212541499  2.286196
1212544443  2.398632
1212620957  7.579416
1212633483  7.326769
1212634734  4.506424
1212636168  7.339876
1212642335  4.758286
1212686556  7.468101
1212690771  12.388246
1212703335  5.325775
1212728512  9.773355
1212781410  4.801928
1212789902  4.881960
1212888600  5.551815
1212890209  9.644506
1211066388  2.438610
1211094327  2.398632
1211251265  7.450952
1211688313  6.099746
1212064127  20.550888
1212066487  12.219472
1212343875  5.149218
1212814243  4.460893
1212955643  11.767291
1211054938  0.000000
1211054995  5.149218
1211122956  23.904402
1211125126  4.438146
1211143296  12.387799
1211165357  15.495835
1211859774  2.438610
1211922907  12.388246
1212172384  2.438610
1212317885  6.726237
1212360671  5.149218
1212391936  11.562315
1212592018  4.801928
1212857365  7.048344
1212941468  9.872830
1211378556  4.881960
1211565682  5.149218
1211614712  2.566957
1211672178  7.721257
1212216705  6.259005
1212242326  6.109362
1212288331  3.683471
1212301324  0.000000
1212301352  3.479394
1212451029  6.191636
1212503110  7.850110
1212543808  0.000000
1212543841  2.479942
1212828946  13.083878
1211052479  2.438610
1211370034  2.398632
1211375964  5.149218
1211379716  4.174601
1211695212  7.138048
1211896534  12.197949
1211997351  4.078531
1212006279  2.438610
1212104847  2.251024
1212106631  4.506424
1212118077  2.359945
1212412208  3.083607
1212416351  4.881960
1212565926  9.955766
1211033818  5.818153
1211102667  4.040587
1211143738  6.775270
1211228077  2.522700
1211322475  4.506424
1211330325  4.506424
1211376501  5.149218
1211401523  2.398632
1211432010  4.392264
1211813433  6.618623
1211894702  7.144332
1211921097  7.280716
1211948224  2.438610
1211984737  5.138906
1212088191  2.438610
1212095072  2.660301
1212126460  16.479551
1212153736  14.375850
1212196763  0.000000
1212196824  2.438610
1212303527  0.000000
1212303529  6.792929
1212413932  7.144332
1212458887  2.398632
1212517828  2.438610
1212673413  10.423295
1212674004  4.881960
1212723273  1.875854
1212757633  5.858352
1212774480  7.330016
1212775034  2.090237
1212778740  8.134895
1212785598  4.931054
1211093908  7.048344
1211183830  4.801928
1211937546  0.000000
1211937606  2.120530
1212160401  5.064805
1212417814  7.231018
1212426550  4.068300
1212432880  2.438610
1212447327  4.881960
1212644076  5.064805
1212768696  7.450952
1212920080  4.881960
1211105386  5.829406
1211597033  4.881960
1211929793  4.758286
1211952292  4.838177
1212228441  7.280716
1212296456  7.107412
1212466599  4.758286
1212547872  4.758286
1212874584  11.158286
1212909695  7.339876
1212924681  0.000000
1212924742  7.048344
1212997771  2.398632
1211210375  5.977910
1211289562  7.592975
1211303533  9.106852
1211338033  2.438610
1211400104  4.649486
1211431118  0.000000
1211431151  0.000000
1211431152  2.574609
1211541656  7.992839
1211602946  5.064805
1211815162  5.149218
1211852570  2.438610
1212022509  2.286196
1212183827  12.019153
1212241144  7.726185
1212290191  0.000000
1212290246  12.060840
1212420127  9.773355
1212511005  2.522700
1212553844  2.398632
1212631146  11.341762
1212793766  4.183016
1212885265  11.909509
1212984015  9.273147
1212998778  7.592569
1213002036  5.829406
1213002198  2.398632
1211139122  2.286196
1211246873  4.881960
1211443524  8.155417
1211589305  8.856355
1211590077  13.676668
1211683413  13.381763
1211706585  10.975364
1211706707  31.729870
1211849725  9.773355
1212040304  2.251024
1212049270  0.000000
1212049298  12.982809
1212228517  7.721257
1212299597  2.438610
1212650754  9.613136
1212655990  9.773355
1211118975  7.592569
1211126901  23.818398
1211134245  4.139229
1211348679  7.208066
1211369775  5.149218
1211464475  5.325775
1211484394  4.649486
1211492446  4.881960
1211588853  15.399732
1211702090  7.519232
1211979481  5.818935
1212131557  7.339876
1212155947  9.488307
1212193477  7.322940
1212260660  9.613136
1212680654  5.818935
1212682462  4.756920
1212683965  8.081005
1212711423  4.881960
1212766817  5.064805
1213013827  10.768693
1213018072  14.657685
1211054753  2.438610
1211404104  2.359945
1211460620  7.726669
1212726578  4.758286
1212727768  7.712389
1212786914  0.000000
1212786960  3.739051
1212886539  2.438610
1211097334  6.849926
1211097622  6.978818
1211121839  9.467640
1211221453  0.000000
1211221514  5.064805
1211231125  0.000000
1211231188  4.180473
1211422329  4.371904
1211613239  7.184956
1211714366  3.325377
1211773134  8.436188
1211916143  4.881960
1211922829  8.157912
1211990936  4.801928
1212076596  4.881960
1212175467  6.670033
1212271177  5.230671
1212302855  6.792929
1212515912  2.612796
1212526408  2.322485
1212542748  5.424400
1212605513  2.926332
1212772587  0.000000
1212772654  6.881134
1212858212  5.743483
1212905031  0.000000
1212905091  6.897435
1212915035  0.000000
1212915047  2.438610
1211145900  7.598869
1211173417  5.009521
1211359797  18.295818
1211530530  2.438610
1211531321  8.772457
1211562327  18.285086
1211583493  2.090237
1211617809  0.000000
1211617869  5.149218
1212005980  12.219472
1212724394  2.438610
1212866363  2.438610
1212952234  13.427520
1211039981  2.438610
1211334146  4.881960
1211382720  9.014156
1211636630  4.881960
1211726824  2.612796
1211915827  4.881960
1212251469  4.983114
1212289510  5.935998
1212326885  2.438610
1212346937  2.760690
1212698917  2.438610
1212739654  6.619889
1212820703  2.660301
1211085349  2.438610
1211143006  0.000000
1211143067  7.349726
1211327776  6.660699
1211562960  2.398632
1211594360  4.758286
1211697868  5.541843
1211849305  9.021559
1212569102  9.609361
1212627606  4.881960
1212872841  5.586298
1211142884  2.438610
1211427805  4.964705
1211602259  5.160722
1211987231  3.113119
1212333055  2.438610
1212690676  5.064805
1212770591  5.149218
1212830343  7.103106
1213072088  8.087060
1211036851  7.592975
1211089139  7.184956
1211252874  0.000000
1211252927  5.149218
1211257410  4.506424
1211609319  5.371326
1211850573  2.398632
1211933530  4.881960
1212008604  4.801928
1212196190  8.619728
1212374007  6.966972
1212385182  13.092292
1212629670  4.394317
1213038112  2.398632
1211100812  0.000000
1211100854  261.448059
1211322538  5.138906
1211572559  5.928209
1211734544  11.455755
1212197788  4.881960
1212724372  7.339876
1213026123  5.149218
1211175737  5.160722
1211355040  0.000000
1211355069  4.983114
1211430054  2.986053
1211466309  11.276948
1212131197  11.620556
1212584514  9.609361
1212673180  12.426582
1212676265  4.506424
1212804076  6.931747
1211091338  4.174601
1211153255  4.506424
1211230759  0.000000
1211230763  2.251024
1211488649  5.149218
1211832886  2.438610
1211892372  5.149218
1211960233  5.160722
1212282679  5.911264
1212412093  7.992839
1212569486  0.000000
1212569546  4.758286
1212594295  5.064805
1212757122  10.975364
1212761862  5.064805
1212972797  2.398632
1211239701  11.896978
1211239792  12.027982
1211250657  4.531701
1211353497  7.592569
1211429896  4.801928
1211440619  9.773355
1211524405  11.158286
1211661101  4.680281
1211959555  2.438610
1212026465  5.149218
1212028614  4.175273
1212042203  4.801928
1212042398  8.802839
1212080038  0.000000
1212080099  2.398632
1212116985  3.402711
1212788366  2.438610
1211127450  6.226851
1211196601  18.396532
1211917285  4.114875
1211931772  4.881960
1212033581  4.718056
1212328563  2.359945
1212329516  2.438610
1212330525  7.339876
1212458516  4.638445
1212826187  6.820978
1211466147  9.196231
1211982894  4.881960
1211992464  4.576838
1212059331  0.000000
1212059391  12.185160
1212363248  6.934848
1212454670  4.801928
1212593914  2.398632
1212750534  0.000000
1212750594  7.166009
1212890999  11.560634
1211063652  7.151802
1211123594  4.801928
1211208557  4.881960
1211628904  9.559407
1211786931  9.317360
1212136559  5.236493
1212198314  8.453964
1212264866  2.438610
1212267931  5.570264
1212310983  4.174601
1212396352  3.113119
1212524864  7.339876
1212632031  6.657218
1213034892  5.149218
1211058056  7.326769
1211063480  9.118594
1211212132  4.801928
1211271504  2.438610
1211447152  14.002194
1211486703  11.347410
1211578217  0.000000
1211578274  0.000000
1211578335  8.289631
1211692235  2.479942
1211728773  2.926332
1211855348  7.712389
1212338678  2.438610
1212354455  5.339848
1212415915  5.326777
1212421906  4.881960
1212457667  6.880963
1212464736  2.438610
1212469838  36.570171
1212498706  5.149218
1211312643  6.650753
1211439261  5.956347
1211509764  6.359352
1211526340  5.013238
1211570535  7.992839
1211817374  6.022002
1211851229  6.877451
1211866061  12.598216
1212099265  2.438610
1212110759  7.992839
1212121114  5.149218
1212163824  4.012378
1212248364  0.000000
1212248391  5.709943
1212283949  5.465068
1212460856  3.483728
1212601494  33.481983
1212668174  11.553065
1212729418  9.366780
1212754794  6.118563
1212793506  4.881960
1212890324  4.087318
1211128903  0.000000
1211128943  8.057836
1211235545  5.230671
1211260151  4.881960
1211779527  7.339876
1211907408  2.438610
1211911345  4.438146
1211978080  4.472786
1211999656  2.438610
1212004691  4.649486
1212121776  2.398632
1212146405  11.561946
1212225847  7.326769
1212418241  6.969326
1212473664  4.758286
1212514263  4.361174
1212529980  4.801928
1212547265  6.932797
1212584802  14.421133
1212680997  4.604793
1212685109  10.257488
1212782076  7.187925
1212805201  5.809922
1212817043  5.059877
1212892938  5.064805
1212952214  2.438610
1213017245  7.339876
1211059874  5.064805
1211119356  11.994671
1211124528  9.622847
1211136887  4.983114
1211157049  4.039936
1211375035  9.949045
1211427438  7.592569
1211474243  7.592569
1211513213  2.359945
1211775000  5.149218
1211950749  2.438610
1212075944  4.106164
1212102675  4.506424
1212287496  0.000000
1212287499  0.000000
1212287526  3.954502
1212348186  2.438610
1212357412  2.398632
1212803786  4.758286
1211030912  7.083577
1211147714  8.289631
1211200808  9.962584
1211227787  2.398632
1211258893  6.877815
1211380552  0.000000
1211380568  3.751707
1211385264  0.000000
1211385325  5.149218
1211463170  7.219550
1211518891  5.149218
1211520549  7.246537
1211553250  7.326769
1211605845  3.854098
1211640517  7.592569
1211642684  2.438610
1211651554  7.339876
1211805367  9.872830
1211807284  7.326769
1211818200  9.773355
1211820604  7.326769
1211833804  7.339876
1211844077  7.326769
1211844943  4.039936
1211859045  10.792674
1211908926  7.326769
1211922223  5.517020
1211935827  5.380990
1211938680  9.773355
1212017835  5.598786
1212165839  2.251024
1212170954  4.881960
1212174957  4.801928
1212354069  2.438610
1212457452  6.618623
1212464557  0.000000
1212464564  7.339876
1212502101  5.230671
1212517665  4.964705
1212519304  0.000000
1212519366  5.928209
1212620363  2.185824
1212634766  2.398632
1212640518  4.881960
1212675453  4.801928
1212682203  12.219472
1212767181  4.801928
1212774430  6.280088
1212778470  2.760690
1212800350  4.604793
1213027522  4.881960
1211054938  0.000000
1211054995  5.149218
1211226216  4.881960
1211336475  4.724477
1212758430  4.881960
1213023149  7.592569
1211100595  12.081256
1211124031  2.479942
1211215848  7.604073
1211216304  5.149218
1211313650  7.085983
1211340352  4.174601
1211422613  3.572166
1211531436  2.760690
1211531960  8.619728
1212026342  5.230671
1212031660  4.345827
1212034969  4.242763
1212044611  4.418620
1212323849  8.134895
1212475631  9.491695
1212670565  4.881960
1212758343  4.801928
1212764278  4.881960
1212776508  2.438610
1212861383  5.617329
1211117319  6.110156
1211145501  2.322485
1211493997  2.398632
1211505341  4.724477
1211582246  5.818935
1211599119  0.000000
1211599134  7.339876
1211851091  7.326769
1211944482  2.438610
1212193389  4.106826
1212253419  5.149218
1212274158  4.801928
1212526782  2.438610
1212632599  4.758286
1212777663  15.379297
1212792699  7.322940
1212957543  2.438610
1211040433  2.438610
1211051713  6.881134
1211078234  2.887484
1211088302  0.000000
1211088363  4.680281
1211155232  11.894900
1211408847  4.506424
1211432774  8.510934
1211636894  4.801928
1211984345  7.604073
1212024629  7.090422
1212055458  2.438610
1212067837  4.801928
1212075522  5.230671
1212111361  1.560056
1212125161  12.955330
1212261064  7.231182
1212317053  0.000000
1212317096  2.522700
1212543741  2.438610
1212717216  5.338678
1212866296  15.931744
1212880405  0.000000
1212880455  2.251024
1211100278  5.733842
1211269009  2.251024
1211316633  0.000000
1211316674  5.160722
1211354646  11.146214
1211400029  7.322940
1211421066  0.000000
1211421121  7.049280
1211435944  7.450952
1211657463  2.438610
1211726852  0.000000
1211726913  4.838935
1211789234  4.758286
1211816037  4.506424
1211956291  9.622847
1212152753  7.219550
1212157498  3.913688
1212207582  2.926332
1212250337  5.149218
1212357422  2.398632
1212451134  4.881960
1212475220  4.649486
1212539739  2.438610
1212553757  2.359945
1212599805  4.758286
1212603415  2.438610
1212712484  15.786573
1212799362  6.142689
1212821418  4.881960
1212949609  2.438610
1211041168  2.398632
1211120829  3.854098
1211284398  7.326769
1211313598  9.153675
1211028273  2.398632
1211083133  6.881134
1211091459  15.412518
1211244508  4.438146
1211460253  5.818935
1211512316  2.660301
1211547620  7.219550
1211553232  4.881960
1211590583  7.201637
1211703803  4.175273
1211704818  10.592157
1211727588  4.838935
1211777475  7.479416
1212157795  5.617329
1212758413  7.326769
1212766320  5.818935
1212823875  7.592569
1212825320  2.251024
1212848735  2.438610
1212862555  4.801928
1211315792  7.339876
1211466632  4.801928
1211490707  5.723543
1211941589  5.829406
1211993197  7.118033
1212027748  0.000000
1212027804  4.838935
1212295846  3.854098
1212470169  10.754333
1212509063  0.000000
1212509166  0.000000
1212509226  0.000000
1212509243  0.000000
1212509248  2.438610
1212517461  2.322485
1212638964  2.438610
1212818241  5.617329
1213035697  2.438610
1213050861  5.225930
1211236082  7.755709
1211385596  5.064805
1211420214  2.926332
1211563043  4.638445
1211657990  2.398632
1211736599  2.438610
1211784157  11.298907
1211825103  5.225592
1211919055  2.398632
1212089292  2.438610
1212268471  5.957096
1212313368  9.591374
1212537288  7.326769
1212540133  7.206658
1212541388  4.649486
1212546573  5.050303
1212561257  2.813780
1212601328  9.488307
1212864637  2.398632
1212871313  2.398632
1212915219  8.272756
1212936109  2.438610
1212984769  2.438610
1211133696  7.219550
1211509385  7.206658
1212218020  5.076120
1212704402  4.724477
1211095279  7.166009
1211156093  5.733842
1211246503  2.151714
1211262836  4.339709
1211424045  4.506424
1211583997  5.050303
1211697329  15.411438
1211703905  5.326777
1211853897  11.279512
1211931576  16.049683
1211931636  15.237571
1211934805  4.801928
1211945254  6.772337
1211958948  2.438610
1212029486  4.724477
1212134433  4.175273
1212364214  0.000000
1212364274  5.829406
1212535088  4.180183
1212638087  7.349726
1212883837  0.000000
1212883873  4.758286
1212994062  10.298134
1211030981  2.438610
1211039278  7.235390
1211057001  2.398632
1211101316  0.000000
1211101340  4.983114
1211120425  2.251024
1211205196  4.881960
1211339818  7.090422
1211412737  4.881960
1211518494  7.592569
1211551914  0.000000
1211551925  5.419132
1211641163  2.438610
1211707331  5.818935
1211831362  2.438610
1211876754  2.438610
1212203338  0.000000
1212203400  9.273147
1212211855  10.790643
1212220188  5.076120
1212222381  7.992178
1212298720  8.354277
1212308129  5.866556
1212384573  5.325775
1212450971  3.113119
1212458013  4.758286
1212521912  0.000000
1212521969  2.322485
1212632191  4.881960
1212765191  7.992839
1212793113  4.801928
1212911562  2.216918
1212981503  2.760690
1211347974  2.438610
1211350258  9.559407
1211436486  8.541048
1211650843  4.180473
1211656776  4.801928
1211937885  0.000000
1211937945  0.000000
1211938011  9.273147
1212008111  13.040258
1212126471  2.612796
1212217733  6.291130
1212472140  10.095650
1212774004  0.000000
1212774068  5.149218
1212783737  0.000000
1212783750  6.436523
1212824437  2.438610
1212958461  6.521191
1211035182  5.143593
1211429928  5.149218
1211513682  10.015906
1211664614  6.836081
1211816232  4.758286
1212094848  35.467617
1212244823  4.881960
1212330894  4.663525
1212422201  6.647665
1211054935  3.761381
1211254716  5.230671
1211861087  4.881960
1211939740  4.801928
1211943011  7.201637
1212202376  3.325377
1212254449  2.479942
1212629771  7.326769
1212769973  10.158660
1213023686  7.592569
1213040408  6.775270
1213042165  24.899815
1213043361  2.438610
1211138810  5.631227
1211238831  4.881960
1211315584  0.000000
1211315624  2.926332
1211419243  12.794303
1211468541  4.881960
1211574400  8.430599
1211577147  5.617329
1211914794  5.064805
1212010547  5.859141
1212015181  4.881960
1212095312  6.639469
1212172272  7.778515
1212420963  4.718338
1212424644  5.149218
1212458178  2.813780
1212522540  7.339876
1212529508  6.868846
1212609687  0.000000
1212609747  4.065172
1212790725  2.479942
1212793251  14.227097
1211345697  5.064805
1211488917  2.479942
1211698742  3.910667
1211720695  7.339876
1211781372  5.149218
1211924858  2.612796
1211947479  7.048344
1212108973  3.751707
1212207135  7.592569
1212467310  7.468101
1212509073  5.064805
1212542672  4.881960
1212547700  5.050303
1212560648  4.881960
1211250242  7.326769
1211383568  2.438610
1211505650  14.667319
1211510538  4.801928
1211528177  7.166009
1211534496  2.183830
1211728529  2.251024
1211824546  4.758286
1211835820  8.272756
1211863621  16.788689
1212345237  7.721257
1212469824  8.619728
1212830478  12.995454
1211222956  2.398632
1211655372  5.064805
1211688526  11.009379
1211690248  4.964705
1211726391  7.339876
1211733304  5.149218
1211777098  5.149218
1211783647  9.490711
1211826016  4.801928
1211906953  7.604073
1212024012  4.801928
1212036273  2.986053
1212101387  4.801928
1212115411  4.749488
1212442372  0.000000
1212442431  5.149218
1212732774  7.592975
1212955444  2.398632
1211167836  9.762616
1211475831  7.103106
1211930678  4.881960
1212036566  4.325715
1212069812  2.438610
1212122371  2.438610
1212128323  9.783228
1212179229  7.326769
1212203109  7.326769
1212211161  4.758286
1212218360  3.568715
1212256717  7.008525
1212427776  2.398632
1212434843  5.149218
1212468621  8.846155
1212635412  2.438610
1212725197  12.284897
1212784523  2.438610
1212900093  13.030594
1212913366  0.000000
1212913424  0.000000
1212913425  12.388246
