1211070424  7.281171
1211500107  9.572440
1211517782  5.996465
1211588729  9.572440
1212207149  5.934338
1212562073  4.705289
1211100192  10.719661
1211154207  6.303043
1211162611  17.605564
1211167419  4.083795
1211241288  5.767719
1211333828  8.797220
1211351257  0.000000
1211351319  5.715028
1211585260  5.105850
1211599425  18.478437
1211701624  12.528395
1211923687  9.061377
1212206964  4.593363
1212219423  4.783711
1212305947  7.269615
1212550555  6.106997
1212720704  5.673640
1212736632  7.910003
1212841301  30.827808
1212862644  2.199494
1211096527  5.624314
1211232967  4.194167
1211265435  6.430654
1211266095  6.645010
1211439276  5.996465
1211567106  13.164495
1211842860  6.645010
1211943505  8.802782
1212038290  6.874147
1212131193  359.787872
1212985900  8.769876
1211092260  5.996465
1211247396  6.171897
1211249042  12.142906
1211311681  4.705289
1211397745  9.438087
1211472295  6.536075
1211510852  7.005191
1211516303  13.154815
1211522020  5.290998
1211526191  155.184189
1211528368  4.440451
1211600716  8.663054
1211662095  12.937521
1211774047  28.818060
1211789153  27.864744
1211837550  3.306515
1211914752  12.301250
1211987708  12.301250
1212000952  17.795296
1212221944  13.246135
1212281149  6.061971
1212331179  7.532246
1212475666  9.574955
1212689243  3.795778
1212816944  4.866513
1212868833  3.103037
1211078424  28.149279
1211148769  5.996465
1211150459  4.705289
1211243259  3.361623
1211387849  9.096208
1211439252  6.229696
1211569329  8.947089
1211596628  7.249101
1211681296  6.430654
1211838299  8.797220
1211911890  4.440451
1212038991  6.645010
1212202429  9.923136
1212303795  17.121801
1212371319  2.821531
1212475156  0.000000
1212475222  0.000000
1212475277  0.000000
1212475338  0.000000
1212475398  0.000000
1212475459  0.000000
1212475519  0.000000
1212475591  0.000000
1212475645  2.586403
1212517400  5.351179
1212558046  5.996465
1212619141  12.506270
1212630200  19.031158
1212635305  11.392091
1212646461  4.514458
1212650760  6.645010
1212694749  20.550249
1212796769  4.540049
1212818316  2.630240
1212883493  11.293515
1212906829  5.464155
1211023643  5.288534
1211104462  4.232305
1211338520  9.096208
1211537714  11.293515
1211615802  8.947089
1211691571  4.514458
1212048759  6.312068
1212201788  20.091925
1213030868  24.276186
1211086489  459.463654
1211182764  9.096208
1211186602  3.361623
1211189761  8.310849
1211215564  13.377778
1211256179  2.821531
1211528278  6.851217
1211528364  14.534916
1211639590  13.895856
1211675632  10.549117
1212292514  3.517295
1212398418  7.833584
1212729278  5.518534
1212729680  3.525494
1212908615  6.889358
1211096664  4.440451
1211225076  4.783711
1211359542  37.793846
1211511147  9.096208
1211511958  13.096916
1211536152  6.328580
1211602660  2.544003
1211712941  6.645010
1211758426  632.456726
1211941050  8.323861
1212092754  6.645010
1212302099  10.168036
1212351513  14.625941
1212552927  4.440451
1212555296  31.019243
1212768432  6.536075
1212849470  12.506270
1211292273  1.287334
1211613244  11.544250
1211754868  5.536434
1211857496  7.119653
1211926163  5.369946
1211984055  30.159941
1212004780  5.600416
1212008420  31.498720
1212041738  62.922901
1212046132  12.506270
1212113989  11.323309
1212179515  5.369968
1212386929  9.250381
1212387777  0.000000
1212387800  11.996209
1212608558  8.797220
1212769024  9.158044
1213066242  4.232305
1213066970  12.718241
1211096580  7.995286
1211124993  25.477324
1211149067  5.747982
1211153382  0.000000
1211153420  7.053827
1211224353  4.440451
1211310525  6.645010
1211391440  12.506270
1211407485  5.451332
1211472438  27.099762
1211542808  6.098100
1211568593  11.508937
1211575334  6.645010
1211742500  19.386723
1211744515  10.915449
1211780236  14.094444
1211923828  31.325994
1211681081  3.056021
1211681199  22.395676
1211733247  5.905529
1211946551  5.996465
1212180019  0.000000
1212180078  4.333109
1212465199  6.645010
1212475938  7.159308
1212598556  11.612180
1212807520  9.365315
1212861615  12.540025
1212898735  11.199645
1212922820  4.440451
1211058487  4.062149
1211163633  4.629397
1211324406  0.000000
1211324466  5.214317
1211534209  9.096208
1211535450  3.361623
1211568019  9.409870
1211878071  6.645010
1211937104  5.190948
1211962383  5.105850
1211966319  4.514458
1212063277  24.857258
1212114904  0.000000
1212114923  9.061377
1212136377  6.645010
1212263990  6.662738
1212337878  6.133855
1212359861  6.098100
1212395396  8.653003
1212450552  4.629397
1212486862  12.911979
1212652342  9.209227
1212720082  10.924144
1212763948  4.206055
1212883624  0.000000
1212883652  8.242835
1212895656  5.190948
1211242078  0.000000
1211242136  2.854674
1211250081  5.996465
1211252546  7.281171
1211268825  2.873781
1211322384  50.043877
1211469939  5.996465
1211487495  6.536075
1211511358  7.439732
1211526461  8.513438
1211529387  8.247068
1211832278  7.281171
1211848732  4.291434
1212002274  6.536075
1212239364  12.100195
1212244228  8.950355
1212254540  30.626299
1212651442  4.863792
1212803991  5.996465
1213064242  0.000000
1213064303  18.357096
1213065144  5.762783
1213069334  7.522652
1213075516  8.449363
1213082663  6.994747
1211091492  19.273472
1211339909  6.644982
1211342172  5.621686
1211347792  10.800694
1211350747  5.898162
1211353290  31.911144
1211356965  8.310849
1211360862  6.687905
1211365111  12.237884
1211436620  7.676100
1212011250  6.994747
1212038963  4.104053
1212215997  10.495625
1212301189  22.378839
1212302411  19.626675
1212428893  6.645010
1212464389  31.167450
1212473613  20.602741
1212477107  8.396500
1212481720  3.734556
1212716933  8.194480
1211107119  2.807876
1211181881  2.586403
1211189327  5.905529
1211194218  10.513794
1211350104  13.790977
1211710985  11.037533
1211748731  17.637430
1212219437  0.000000
1212219441  5.898162
1212313475  3.644264
1212725281  20.014681
1212744092  18.907209
1212921129  11.221492
1212966802  7.924319
1211048128  3.795778
1211095682  28.149279
1211227167  41.555954
1211263086  7.417153
1211425240  4.007984
1211688291  6.229696
1211888668  14.274723
1211919903  5.747982
1212206364  9.905650
1212235017  12.301250
1212290965  8.947089
1212295986  13.258150
1212305945  6.541598
1212472557  6.662738
1212807303  9.596967
1212874371  2.544003
1212908590  6.536075
1212914297  8.310849
1211633338  5.898162
1211641677  12.506270
1211691649  5.561729
1211947971  5.190948
1211957119  10.513794
1211960641  11.700753
1212208940  1776.906616
1212396803  4.299484
1212945154  8.262822
1211094612  8.557923
1211440080  7.987395
1211496108  5.190948
1211611698  6.258788
1212462201  8.802782
1212470253  4.719043
1212910675  21.632877
1211047814  14.311087
1211077971  3.538551
1211085739  6.312068
1211144589  5.190948
1211189054  0.000000
1211189056  0.000000
1211189117  6.645010
1211191761  8.310849
1211313759  5.966168
1211770071  9.100573
1211893325  6.645010
1212315912  10.341436
1212423893  19.921507
1212435117  5.996465
1212905763  7.664391
1211130818  3.020459
1211141023  4.514458
1211271476  8.145858
1211616624  4.514458
1211659122  31.947536
1211708933  11.508937
1211858777  10.368846
1211955941  7.847286
1212044700  11.645198
1212222538  64.193398
1212315277  7.649756
1212354260  4.554277
1212398532  20.652824
1212477113  6.645010
1212481138  6.536075
1212547624  6.343719
1212559419  7.796750
1212748793  11.221492
1212871183  5.617840
1212894291  0.000000
1212894334  17.940914
1211102268  35.879009
1211165182  10.775691
1211224206  6.645010
1211322959  13.154815
1211661049  5.388733
1211730837  8.797220
1211750811  4.514458
1211845759  31.742096
1212343245  0.000000
1212343293  21.830343
1212409479  28.910366
1212423775  6.328580
1212438278  0.000000
1212438338  7.987395
1212471205  5.231842
1212471645  9.096208
1212473253  5.898162
1212478414  2.463241
1212511596  6.899797
1212591461  2.424753
1212639511  4.440451
1212892240  5.401703
1212935707  6.536075
1211037855  25.903334
1211363773  8.310849
1211444219  9.923136
1211493741  0.000000
1211493797  4.433834
1211568355  8.088381
1211570976  9.322965
1211771969  4.104053
1211977658  8.480412
1211987079  6.331453
1212047135  7.264449
1212102042  5.190948
1212122011  4.752061
1212136706  7.321926
1212198435  15.847856
1212468409  4.440451
1212473503  32.811802
1212473693  7.054664
1212477035  17.203663
1212500898  6.196147
1212560999  3.733934
1212574574  6.137595
1212664176  7.797520
1212861278  4.486388
1212950394  12.506270
1213083010  6.430654
1211078597  5.007087
1211079909  8.306262
1211153973  5.035485
1211250669  4.697688
1211313442  3.418600
1211595516  26.060534
1211661931  7.415639
1211908433  5.246060
1211990453  5.313151
1212039459  4.435573
1212191147  0.000000
1212191176  2.807876
1212210584  5.067435
1212229905  9.250381
1212259487  4.798483
1212266960  5.190948
1212286061  8.653003
1212396590  9.096208
1212505061  9.260063
1212526151  7.054664
1212551392  2.821531
1212616694  5.525175
1212624473  0.000000
1212624491  0.000000
1212624542  0.000000
1212624602  3.355688
1212708080  0.000000
1212708101  18.897247
1212721237  7.128092
1212760739  10.535135
1212866799  8.401351
1211077155  2.351276
1211083405  7.801255
1211428595  8.513438
1211512285  8.086300
1211518410  3.306515
1211530529  3.361623
1211604557  9.857105
1211622417  4.514458
1211757268  5.898162
1211852428  9.119451
1211858297  15.476253
1211872063  6.645010
1212042807  9.210962
1212107517  5.710918
1212126333  2.282120
1212209364  9.028913
1212213849  11.323309
1212555650  6.645010
1212965837  12.301250
1211348292  9.364478
1211585303  18.819740
1211700042  13.543369
1211768625  5.535198
1211774171  5.905529
1211793959  8.120511
1211990219  19.490904
1212224578  85.888138
1212336674  6.918998
1212434414  7.195757
1212552947  6.203239
1212962672  4.440451
1211408819  7.420229
1211459436  8.860012
1211665201  3.795778
1211815009  6.350418
1212073756  15.431071
1212087935  7.281171
1212099400  5.996465
1212149121  8.573064
1212508827  5.621686
1211164774  29.118727
1211309830  23.731524
1211358307  13.154815
1211597558  2.718737
1211904181  0.000000
1211904197  10.921757
1212345143  32.271130
1212381552  28.759764
1212599920  37.272125
1212600140  11.724628
1212782880  725.340393
1212872149  21.290064
1212951675  6.645010
1211283785  25.442924
1211360451  11.836560
1211397984  48.241417
1211488564  6.660674
1211705164  5.646657
1212091798  7.878108
1212442734  4.911345
1212459904  7.801255
1212612299  6.005623
1212695573  8.396500
1211353382  10.544589
1211613988  11.631384
1211768974  9.096208
1211782809  8.653003
1212101376  6.767092
1212113601  6.098100
1212272305  14.094444
1212425469  4.415733
1212513808  0.499197
1212888619  2.586403
1212905541  6.392158
1212948697  8.653003
1213030086  23.064236
1212428983  9.425592
1212785439  4.719043
1212908010  0.000000
1212908068  0.000000
1212908088  20.221615
1211076744  5.888424
1211514756  10.630468
1211698041  6.662738
1211753140  2.586403
1212039338  8.102654
1212115793  6.485886
1212171909  6.645010
1212271895  7.821476
1212414210  9.160496
1212474490  7.522652
1212602334  5.996465
1212629413  5.803030
1212631230  3.151522
1212652177  0.000000
1212652204  4.159749
1212652450  13.071792
1212658159  9.096208
1212792714  11.700753
1212857041  20.270172
1212864214  2.586403
1212882776  9.574955
1211353666  30.045465
1211925544  5.745562
1212026340  8.367160
1212190164  4.232305
1212312264  12.320198
1212314170  12.939162
1212322245  8.296514
1212522569  10.725276
1212569570  22.055807
1212766038  13.154815
1212950595  6.645010
1211159077  4.299484
1211261113  6.362618
1211275818  8.449363
1211287576  13.790977
1211620892  3.361623
1211677423  5.474268
1211690598  3.373569
1211767830  10.876339
1211776258  20.359762
1211900787  9.533921
1212004707  5.401703
1212023093  4.983757
1212115183  2.854674
1212125847  7.797520
1212132074  23.751377
1212135327  3.306515
1212294447  7.818972
1212298352  8.947089
1212298932  12.528395
1212300578  5.190948
1212333564  16.761335
1212372857  13.895856
1212386236  8.797220
1212542353  7.020452
1212574261  7.281171
1212613457  7.161808
1212800822  6.645010
1213017830  5.715028
1211378972  8.946325
1211397825  5.369968
1211860208  29.630819
1212590670  3.306515
1211400831  14.663946
1211907102  15.331018
1212552010  4.783711
1212906842  4.018821
1211093220  17.775164
1211246317  7.331017
1211263912  8.947089
1211269163  4.440451
1211643583  16.719494
1211645602  21.652155
1211654460  24.374672
1212214349  0.000000
1212214372  5.905529
1212248848  6.737932
1212442543  8.557923
1212743774  49.339668
1212745861  16.765327
1211060336  7.801255
1211038197  9.901316
1211181970  0.000000
1211181971  6.536075
1211201580  12.506270
1211252608  4.514458
1211617405  4.440451
1211646277  16.462271
1211725734  24.035931
1211755876  5.996465
1211818050  4.822580
1211847945  0.000000
1211848021  0.000000
1211848081  0.000000
1211848129  0.000000
1211848186  0.000000
1211848209  4.948666
1212153002  7.249101
1212212468  3.355688
1212353366  8.056392
1212457091  4.629397
1212876646  18.274811
1212886077  5.431774
1212891193  6.536075
1212903321  7.522652
1211047579  14.713935
1211123158  0.000000
1211123182  5.026983
1211228333  6.536075
1211467777  19.510027
1211490962  3.734556
1211512740  10.084317
1211791609  5.105850
1211801896  12.730466
1211807449  7.924520
1211925786  4.029139
1212148377  9.096208
1212175947  6.771685
1212206872  3.795778
1212292586  4.839280
1212507023  10.719661
1212987023  15.658804
1211102604  5.525175
1211146632  11.544250
1211161194  5.290998
1211164699  9.574955
1211464863  3.859041
1211595822  8.947089
1211602958  5.968623
1211692629  19.244741
1211769051  5.246060
1211906005  8.573064
1211984850  8.947089
1212517809  9.158044
1212527445  2.249046
1212973367  3.103684
1211031697  4.943759
1211118500  14.616461
1211307121  4.100324
1211425676  4.582765
1211706356  4.629677
1211934002  8.664354
1211938711  5.104600
1212039368  32.697414
1212041442  3.171815
1212048437  5.467801
1212529352  3.418600
1212552486  4.848910
1212646032  38.385380
1212648895  0.000000
1212648927  0.000000
1212648929  2.762588
1212660579  5.868361
1212733751  10.520148
1212779761  4.997054
1212904592  32.815384
1211024435  20.055231
1211772818  2.675590
1211841978  23.012728
1211842889  9.058255
1211852071  2.553132
1212207057  29.363213
1212275587  5.005941
1212300371  3.795778
1212373538  9.425592
1212460650  18.122753
1212711235  0.000000
1212711301  0.000000
1212711334  15.328254
1212746629  6.645010
1212898193  13.108973
1211036038  29.891272
1211065807  0.000000
1211065867  5.905529
1211078904  12.932015
1211093677  2.216917
1211099538  4.849506
1211249041  8.411680
1211322059  6.645010
1211569483  5.898162
1211675384  2.762588
1211675924  4.514458
1211926572  5.710918
1212427408  0.000000
1212427438  3.301791
1212542799  2.854674
1212629628  0.000000
1212629690  0.000000
1212629749  0.000000
1212629810  0.000000
1212629870  0.000000
1212629911  0.000000
1212629971  0.000000
1212630035  10.642305
1212704667  7.987395
1212832591  3.201546
1211039815  9.096208
1211191451  6.536075
1211527984  0.000000
1211528006  7.974011
1211564755  6.229696
1211573385  5.278930
1212019242  7.364486
1212141697  4.413582
1212176095  76.016945
1212187548  22.170399
1212226443  13.311523
1212517836  4.791644
1212604073  11.700753
1212619202  0.000000
1212619251  62.431454
1212831479  0.000000
1212831481  4.194167
1212839073  3.361623
1212990569  4.943759
1212996135  12.929041
1213079854  0.000000
1213079902  6.209802
1211036922  8.120511
1211257911  20.740051
1211960135  23.389242
1212132890  6.645010
1212184264  4.783711
1212184514  10.116408
1212307428  14.827067
1212313265  9.352433
1212725902  7.974011
1212781743  9.096208
1211123987  4.924863
1211149242  9.864969
1211510329  12.506270
1211783341  1.690430
1211852282  8.653003
1212003551  11.700753
1212024706  9.581648
1212162059  11.581459
1212247655  2.387449
1212360050  6.645010
1212527359  8.175889
1212558344  7.042444
1212887697  5.190948
1212958794  11.571019
1211329357  2.675590
1212011852  0.601394
1212595947  3.361623
1212796643  7.281171
1211043459  7.997473
1211072646  5.787096
1211174068  13.647137
1211417558  4.344620
1211783404  5.561729
1211820830  7.735837
1211856877  10.689279
1211951254  15.476253
1212094062  0.000000
1212094123  12.080561
1212216118  3.878796
1212222356  6.479473
1212301946  23.971910
1212546477  2.821531
1212629068  5.107274
1212718139  29.829220
1212781231  0.000000
1212781275  4.783711
1212926065  10.725276
1211280002  6.536075
1211524381  30.015724
1211620493  0.000000
1211620511  8.775314
1211881980  6.536075
1212114952  20.860798
1212206551  5.023498
1212259347  3.570387
1212394194  6.645010
1212427963  9.096208
1212533988  9.096208
1212686171  9.322965
1212747001  12.288300
1212962653  15.476253
1212964981  28.755360
1211307507  17.055389
1211603229  16.053392
1211859769  7.249101
1211944302  6.749846
1212032352  11.116745
1212044424  3.611567
1212167288  5.525175
1212290711  26.545736
1212400379  8.797220
1212446066  0.729820
1212638046  13.643204
1212666510  7.796508
1212833380  5.662852
1212989720  7.281171
1212998903  4.629397
1211052673  0.000000
1211052690  12.275190
1211292288  1.150169
1211347119  4.580248
1211567082  5.190948
1211688970  8.409414
1211921916  17.238722
1212125450  0.000000
1212125451  5.387846
1212330757  0.000000
1212330773  5.368663
1212336539  6.788450
1212344924  4.514458
1212472584  7.195757
1212475640  29.828436
1212519638  5.527908
1212843783  5.615501
1212950937  7.014879
1212998644  12.142906
1211879495  8.797220
1211960479  9.759412
1211962673  8.947089
1211599108  3.762048
1211699694  6.536075
1212140614  5.695722
1212184775  2.854674
1212200739  4.670129
1212205575  14.959167
1212224372  7.281171
1212362596  12.301250
1212476757  16.926813
1212477577  2.586403
1212483185  6.645010
1212514698  14.713260
1212637519  10.181780
1212745080  9.210962
1212991218  9.640046
1213071061  6.645010
1213080256  11.438970
1211398574  6.645010
1211721889  0.000000
1211721915  0.000000
1211721919  6.757637
1211730051  6.328580
1211956666  8.527695
1212082965  8.269279
1212894417  12.506270
1212901308  6.088336
1211594437  4.189152
1211680330  12.102842
1211947826  6.541598
1212079176  5.274437
1212509481  12.730466
1212892073  6.270525
1211120868  6.536075
1211620253  6.645010
1212943218  9.210962
1211091493  28.337759
1211528730  3.361623
1211603658  6.536075
1211739168  5.898162
1211843497  5.593282
1212121186  5.898162
1212167245  4.514458
1212724285  7.532246
1212879804  4.514458
1211088598  6.984858
1211150214  0.000000
1211150274  0.000000
1211150334  0.000000
1211150394  0.000000
1211150454  0.000000
1211150515  0.000000
1211150580  0.000000
1211150634  0.000000
1211150704  0.000000
1211150761  0.000000
1211150783  0.000000
1211150838  0.000000
1211150903  0.000000
1211150959  0.000000
1211151025  0.000000
1211151058  0.000000
1211151060  2.854674
1211195665  10.223091
1211263298  5.996465
1211377556  8.651579
1211658370  6.645010
1211743409  3.361623
1211905694  5.451258
1212358464  11.654346
1212483355  8.120511
1212619721  7.909746
1212670763  8.797220
1212673293  8.513438
1212720886  100.744400
1212742786  42.933262
1213071385  4.232305
1213073331  9.523198
1211071405  3.691417
1211090225  7.686936
1211169915  10.358300
1211439601  11.471537
1211638743  6.424563
1211686489  19.608936
1212671079  4.473545
1211183145  9.125120
1211185964  2.854674
1211256326  10.701421
1211592862  9.409870
1211661612  6.328580
1211776282  4.440451
1211796575  3.477541
1211798373  51.153381
1211942620  8.651579
1211987284  0.000000
1211987302  5.415522
1212000762  0.000000
1212000794  6.645010
1212203303  29.828436
1212209974  22.249960
1212597990  7.796508
1212598404  29.551691
1212886966  8.797220
1212890721  7.545996
1212892371  12.104227
1211121930  8.653003
1211603241  6.541598
1211723604  4.514458
1211749985  9.096208
1211873679  5.747562
1212205698  6.895488
1212451626  8.797220
1212474698  3.954851
1211114561  1219.674561
1211123907  19.994665
1211342442  5.190948
1211419111  7.247541
1211520298  4.702551
1211581550  11.677271
1211712644  15.406399
1211715236  9.320354
1211766765  9.409870
1212129061  0.000000
1212129065  0.000000
1212129110  10.895213
1212387779  0.000000
1212387811  13.818104
1212437373  8.653003
1212550097  6.203239
1212850363  13.794816
1211159256  5.305830
1211167082  5.950755
1211173370  6.757637
1211240445  2.586403
1211247061  12.415334
1211266183  5.996465
1211283671  8.860012
1212108761  26.673895
1212174551  21.215982
1212212719  5.996465
1212284688  5.803030
1212289322  12.142906
1212295809  6.337022
1212456054  5.600901
1212477091  4.719043
1212627489  17.433949
1212641763  8.797220
1212795721  0.000000
1212795729  7.522652
1212967384  7.754256
1211814917  13.154815
1211856292  4.948666
1211871481  12.506270
1211916913  6.536075
1211981998  27.400331
1212024232  2.010655
1212372287  4.083795
1212390668  5.930710
1212616417  19.291048
1211134227  4.514458
1211178936  7.281171
1211187330  9.096208
1211237851  9.272106
1211250338  8.797220
1211338485  8.894067
1211549701  11.293515
1211872479  9.074119
1212150010  12.939162
1212222331  7.950246
1212288458  2.586403
1212300315  5.218594
1212430773  7.161808
1212442672  9.096208
1212451458  7.532246
1212650717  13.154815
1212777072  0.000000
1212777132  16.743233
1212793499  0.000000
1212793529  9.128482
1212987708  9.923136
1212998023  9.096208
1211060336  7.801255
1211127393  3.859041
1211127814  8.378304
1211153606  9.058255
1211163773  6.645010
1211389389  7.106734
1212903451  10.345613
1212968127  6.109168
1213002346  10.728276
1213036489  36.740936
1211047412  8.120511
1211068503  16.973906
1211145756  7.987395
1211167951  26.862717
1211310530  4.921274
1211574259  8.802782
1211588472  7.684121
1211669208  5.078057
1211798518  12.669433
1211841341  0.000000
1211841391  0.000000
1211841451  0.000000
1211841513  0.000000
1211841546  0.000000
1211841667  0.000000
1211841721  0.000000
1211841781  2.518830
1211920991  7.630926
1212300721  5.139827
1212462451  6.645010
1212811212  6.331453
1213004871  12.506270
1211070754  19.577061
1211166208  9.096208
1211482958  5.464155
1211508849  7.630926
1211585412  5.105850
1211597838  6.229696
1211764889  9.693923
1211836231  4.514458
1211851960  10.106897
1211935311  10.368846
1212298208  7.655061
1212313109  5.905529
1212629364  8.047012
1212709597  8.797220
1211101768  5.894591
1211136496  5.966168
1211175983  8.310849
1211444308  0.000000
1211444321  4.783711
1211456879  6.711766
1211457088  7.545987
1211943132  6.040917
1212131371  8.894067
1212141004  3.361623
1212142172  19.772551
1212191804  0.000000
1212191862  7.389723
1212396333  2.586403
1212642395  8.792133
1212658429  8.947089
1212816650  0.000000
1212816652  7.441547
1212908661  6.216347
1212924711  4.629397
1211055245  0.000000
1211055247  5.451258
1211153375  0.000000
1211153435  11.937245
1211269737  24.017012
1211588201  5.996465
1211590552  8.352527
1211711130  4.158895
1212192454  5.898162
1212206433  11.940610
1212211447  7.066885
1212288688  6.826098
1212289023  30.458019
1212296438  5.245910
1212301029  2.718737
1212449119  8.432522
1212509239  12.939162
1212510404  6.133855
1212589519  23.918554
1212657432  12.528395
1212657947  7.856454
1212768099  9.923136
1212814486  9.101464
1212931543  15.406399
1212955213  10.637048
1211113614  11.767770
1211123300  6.327353
1211140175  9.271441
1211985990  9.209227
1211033120  13.514361
1211112531  6.328580
1211114048  6.536075
1211126485  3.361623
1211166166  8.026066
1211369659  22.373894
1211657379  7.161808
1211659656  3.361623
1211662387  8.482990
1212127658  6.645010
1212311888  109.749519
1212450429  7.801255
1212467385  11.544250
1212484065  8.663054
1212535519  7.716719
1212554116  6.360197
1211348512  6.536075
1211597115  13.154815
1211621859  8.802782
1211665196  2.544003
1211812129  76.229660
1212043376  43.178440
1212127854  8.797220
1212145135  9.572440
1212437714  7.249101
1212458817  8.946325
1212476564  17.267300
1211062198  21.622721
1211222150  0.890284
1211250429  13.154815
1211766918  6.536075
1211802517  9.096208
1212286025  6.229696
1212303967  21.632877
1212758306  10.707743
1212975898  6.229696
1211155788  0.153733
1211860143  22.585154
1212174652  4.189152
1212176231  8.210556
1212366132  20.576345
1212686910  0.000000
1212686974  0.000000
1212687024  0.000000
1212687089  0.000000
1212687149  0.000000
1211161530  9.209227
1211328424  2.544003
1211652697  8.592573
1211790356  9.467903
1211859246  11.293515
1211951297  6.645010
1212121157  1.166416
1212441469  0.000000
1212441494  6.536075
1212554303  8.090190
1212729847  13.154815
1212944459  12.301250
1213023514  8.449363
1211098665  3.103684
1211153056  6.536075
1211237477  4.783711
1211247695  3.103037
1211436013  7.817658
1211565689  13.399575
1211593148  6.994747
1211595389  4.590974
1211598025  3.056021
1211708391  28.549940
1211864278  14.738254
1212003857  5.905529
1212029152  0.000000
1212029173  4.783711
1212100727  0.000000
1212100758  7.053827
1212116869  6.645010
1212118419  5.023498
1212191364  8.947089
1212194299  0.000000
1212194301  4.433834
1212199402  4.514458
1212223688  2.586403
1212232054  8.797220
1212288189  5.950755
1212290621  18.267601
1212358473  6.482123
1212369386  7.383344
1212448889  5.808717
1212449255  5.190948
1212527412  6.098100
1212531549  7.817658
1212548902  7.249101
1212628517  3.805246
1212713398  4.362258
1212715036  4.542143
1212720579  7.161808
1212796523  7.161808
1212858462  2.586403
1212873691  4.010935
1212883557  21.348455
1212906148  4.440451
1212934698  12.102842
1211100325  18.369761
1211241299  11.700753
1211340935  66.441154
1211444497  5.105850
1211854007  7.348341
1211857652  7.161808
1212303858  9.692821
1212743750  0.000000
1212743758  5.315234
1212878701  5.905529
1212970820  5.767719
1211611564  5.214317
1211707509  7.249101
1211716170  4.514458
1211806829  19.087862
1212315439  3.092668
1212734163  10.049097
1212800594  145.933243
1211292286  1.165639
1211405922  6.645010
1211413660  4.440451
1211419790  3.418301
1211428176  26.168032
1211432999  0.000000
1211433000  5.170718
1211435090  26.157930
1211468371  3.361623
1211652428  28.074106
1211771520  6.645010
1212170059  32.592644
1212357090  5.808717
1212424972  5.311127
1212542533  6.563589
1212560515  9.096208
1212569166  13.154815
1212621188  21.928623
1212672479  11.700753
1212677952  6.536075
1212766349  8.056392
1212801711  14.417253
1213015455  13.154815
1213039573  5.898162
1213044967  5.905529
1213055412  13.399575
1213080844  4.482164
1211161425  6.997083
1211426505  8.396500
1211876573  26.969774
1211952492  10.832271
1211963198  5.905529
1212029302  30.102077
1212033585  5.996465
1212076834  6.207367
1212377945  12.332639
1212723128  6.699788
1212725022  7.347373
1212725799  9.425592
1212734698  9.110660
1211405586  6.203239
1211594087  8.396500
1211612635  58.648132
1211743435  13.328737
1211783718  4.783711
1212194662  7.493687
1212286765  14.024722
1212461505  7.909746
1212635431  8.513438
1212699431  7.404581
1212718564  9.302103
1212722162  13.164495
1212950923  9.096208
1211118525  8.802782
1211120443  13.311523
1211507340  2.724029
1211524147  3.723488
1212197828  0.000000
1212197854  5.647377
1212904253  7.592821
1211059800  2.463241
1211062864  27.687815
1211175471  10.383265
1211179890  3.667225
1211303800  8.653003
1211648541  13.895856
1211682675  6.203239
1211702494  3.103037
1211742191  6.536075
1211870734  23.779062
1212111935  0.000000
1212111977  19.988214
1212148517  9.209227
1212171786  3.694862
1212181596  3.418600
1212194471  6.536075
1212199514  4.580248
1212205509  13.164495
1212208406  10.215795
1212260020  1.583512
1212261194  6.040917
1212281796  6.400896
1212287268  20.672451
1212290840  4.449384
1212360444  7.799412
1212635873  12.506270
1212648899  13.644312
1212684449  6.645010
1212987738  27.687815
1211060945  12.301250
1211241526  117.007530
1211250433  19.382002
1211340678  10.032129
1211491715  2.630240
1211498539  7.270208
1212109837  3.477541
1212199501  5.105850
1212364112  9.096208
1212552890  5.996465
1212589881  8.573064
