1211170466  25.053774
1212551587  27.784058
1211568548  72.925400
1212047557  27.626724
1212215435  14.482845
1211315303  15.580611
1211435466  28.816519
1212096350  41.297890
1211239548  8.253520
1211485539  12.813852
1211574541  8.445459
1212438457  22.734079
1212716095  7.868271
1211251113  6.779794
1211307328  5.223903
1211409427  2.383480
1211576145  22.900665
1211582846  2.813391
1212269380  5.048178
1212964311  9.259882
1213000753  3.525299
1211371152  55.334846
1211944271  37.887371
1212069361  27.778009
1211186145  9.875453
1212684720  2.423877
1212726694  25.805698
1212954237  25.607414
1211346067  84.218620
1211351012  27.123095
1211804687  7.613976
1211995386  6.876998
1211997911  11.923169
1212044251  16.903091
1212087966  2.806778
1212447555  11.203876
1212565209  38.865192
1211345794  14.965793
1212214947  9.869954
1211168391  28.973196
1212510294  9.399261
1212731854  13.772571
1211222406  81.351707
1211446197  7.413392
1212679683  6.028562
1212739314  9.399851
1212963061  12.927710
1211224272  27.003166
1212385663  11.564874
1211111457  0.677989
1211174189  53.058994
1212258984  27.575939
1212610714  30.641987
1212986610  32.414082
1211997216  29.350010
1212468311  14.341390
1211651263  10.360922
1211924550  8.941314
1212459614  36.401836
1211694173  4.444940
1212432283  14.848705
1212385736  14.410869
1212523214  86.909363
1211097570  13.347169
1211573798  9.961042
1212654472  16.848118
1212810707  27.286650
1212161887  4.073533
1212692485  9.144799
1211523868  27.212339
1211659973  6.989504
1212372835  31.920176
1212634000  23.452631
1212828150  6.086871
1211140280  31.556087
1211048969  38.254025
1211120920  16.541988
1211383306  13.467389
1211386310  10.619189
1212590537  11.660287
1211186926  32.169479
1211422616  31.126598
1211514280  29.818449
1212458099  105.736588
1212553091  40.665180
1211425786  32.839970
1211522259  10.812265
1211875979  7.472966
1212009663  12.283917
1212696578  10.619189
1212975790  6.003853
1212674486  32.533287
1211701393  21.569527
1212513191  18.509636
1212744845  31.724672
1212612061  7.527527
1212271289  13.778849
1212733280  10.470555
1212954456  31.451246
1211303627  11.111255
1211385178  15.039946
1212010742  11.944864
1212126417  22.880419
1211095434  16.032265
1211097845  20.290173
1211823027  22.649239
1211981530  13.628489
1211994983  32.192802
1212131278  33.224758
1212164036  4.884146
1212202404  7.830105
1212773678  12.509842
1212854980  104.693024
1212958851  16.296824
1212986125  33.138809
1211375149  20.611433
1212847896  11.678872
1211427635  29.186752
1211733472  13.144688
1211814466  12.203816
1212985823  85.078392
1211861827  29.663549
1211046385  6.148494
1211170690  12.899970
1212971573  25.652342
1212334242  20.760893
1212578564  11.997486
1212287335  9.740671
1212294471  11.255689
1212462746  17.515589
1212785108  98.255058
1212528589  27.660543
1211221504  37.898117
1211229886  32.424751
1211640102  7.400448
1211703423  2.088844
1212422604  2.960906
1212662173  20.149479
1212843128  6.017066
1211220250  26.091896
1211464765  13.450145
1211891402  25.786213
1211982392  8.917206
1212584352  14.792243
1212671075  9.748764
1212732624  25.056633
1212759128  10.486680
1212929780  8.041512
1211334913  112.889153
1211482462  29.667053
1211632504  32.559582
1212037286  27.890345
1212124618  33.957523
1212221598  25.751575
1212466562  27.174562
1212613626  22.611687
1212721593  32.100899
1212737322  33.787399
1212786013  152.755768
1212886613  30.941353
1212980626  36.683659
1213016880  29.208416
1211831002  13.691846
1211151944  97.338318
1211695435  11.577106
1212030748  33.619473
1212220014  4.005966
1212564405  33.251099
1213028827  25.980940
1211192274  14.230087
1212179620  31.588194
1211127891  12.135193
1212102031  8.438439
1212187539  12.390108
1212505092  62.139259
1212532202  10.316724
1212926591  2.502174
1211730234  31.158604
1212186198  6.617302
1212333936  27.369785
1212443199  9.911243
1212918107  14.163979
1211035474  11.260658
1211172421  13.320743
1211239021  6.090183
1211885984  14.541572
1211052293  32.231525
1211899522  14.866865
1212248054  6.075839
1212909376  24.778109
1211613777  25.821150
1211046720  84.107773
1211859222  96.849777
1211928886  77.889023
1212047489  12.557658
1212118061  29.873884
1212195206  27.047289
1212795681  89.443283
1212446580  75.952255
1211132910  6.915711
1212088180  25.137024
1212490395  15.697209
1211353764  44.164963
1211420342  84.218620
1211431106  31.550667
1211525970  25.032295
1211131096  10.145817
1212383570  67.135773
1211025366  7.609898
1212165247  16.367500
1212234258  24.847513
1212336406  14.946178
1212338414  14.672885
1212711893  8.561724
1211023038  4.627895
1212606275  6.655735
1212875596  9.248836
1212975161  9.911243
1212991927  34.677841
1212555900  15.248067
1212600768  18.125643
1211304632  64.754372
1211304767  3.950766
1212924394  12.415518
1211120241  48.258076
1211343674  28.209240
1211525686  26.887428
1211545075  25.422907
1211173033  25.453234
1211554531  6.755247
1211783464  13.060247
1211056660  25.565989
1211282347  19.247387
1211366584  17.881598
1211367863  14.035351
1212319380  15.725906
1211840417  9.911243
1212160321  8.389352
1212730602  43.962425
1211104210  50.630474
1212277099  26.339733
1212549631  29.962990
1212560067  32.154308
1212817441  30.105270
1211155183  19.857130
1211494890  10.791715
1212031116  0.178266
1212248542  14.307246
1211872021  6052.876465
1212599848  85.934929
1212612943  86.109169
1212360701  13.850712
1212403927  11.843027
1211124808  8.949808
1211336589  37.700954
1211467737  0.000000
1211467797  0.000000
1211467857  0.000000
1211467923  0.000000
1211467977  2.344406
1211840423  40.667065
1211916909  29.168512
1211987538  10.290321
1212264851  49.124649
1212986301  23.822784
1212644894  4476.870117
1211484601  92.345741
1212690688  28.691832
1212699086  26.200272
1212863111  9.137401
1212870904  28.754612
1212951216  29.245350
1211430139  22.657755
1211777245  29.162321
1212124481  26.569395
1212305280  27.475378
1212857065  74.181145
1213084292  12.578076
1212611920  89.983093
1212787098  26.686506
1211729792  8.586217
1212323210  21.117729
1212849557  3.483659
1212850239  8.633018
1211632963  15.436369
1212134347  10.432888
1212148902  14.524096
1212275595  8.014733
1212294612  117.531807
1211669788  9.911243
1212264686  4.091865
1212621100  66.009384
1211205655  9.591526
1211230568  10.320065
1211566322  71.464317
1211580593  3.404471
1212015625  0.000000
1212015659  11.433899
1212149284  14.341236
1212542423  39.284008
1212768773  11.448344
1212947284  8.356824
1213020579  9.927094
