1211045472  0.000000
1211045493  0.000000
1211045503  3.589185
1211070052  0.000000
1211070063  14.189052
1211070183  4.732502
1211510755  27.372602
1211674860  13.016851
1211125457  0.000000
1211125475  6.005292
1211521131  13.847432
1211659797  9.391537
1211700988  10.961562
1211927607  7.940636
1212931647  4.715388
1212940745  13.633574
1212944881  17.572163
1211128968  0.000000
1211128989  0.000000
1211128991  0.515227
1211129023  7.179504
1212038239  5.803117
1212279967  9.728160
1212905462  12.377708
1211398362  6.933209
1211066576  4.715393
1211319654  2.142928
1211736576  9.231921
1212603852  4.914630
1212910476  4.443871
1211159760  4.128220
1212199557  9.701097
1211082300  2.877578
1211851612  6.481971
1212002118  18.674498
1212011779  4.418899
1212039941  14.920665
1212386093  9.994003
1211682708  2.385456
1211780632  15.844151
1212599992  7.906925
1211853478  9.307084
1211945790  5.151267
1212115726  7.208576
1212156571  11.812674
1212179989  12.201334
1211079643  5.688623
1211088065  9.334984
1211267593  8.400490
1211385709  5.651696
1211418974  5.513792
1211483245  0.000000
1211483258  6.284608
1211500842  4.779983
1211760513  5.868672
1212279394  7.565801
1212635390  2.670533
1212649556  59.584984
1212811870  12.447928
1212957284  7.276791
1212191114  5.081758
1212291696  0.000000
1212291713  0.000000
1212291774  6.704352
1212383699  5.393037
1212642575  10.235915
1211522953  2.142928
1211915394  3.218997
1212866528  6.212399
1211095742  6.961466
1212987646  13.899133
1212928488  4.118569
1211091256  7.063519
1211866546  5.356723
1212457989  20.747103
1211087800  8.889506
1211749940  12.214441
1212149618  14.220321
1212179800  4.998451
1212288248  6.900575
1212459710  7.438480
1212615446  7.705790
1211659178  6.933209
1211737751  6.218835
1211824011  10.657244
1212037961  15.258153
1212286432  4.870799
1212305993  6.276218
1212698211  6.218835
1211214259  2.142928
1211348826  7.937004
1211845759  31.742096
1212121978  3.319653
1212393586  14.186862
1212038348  10.737700
1211079043  2.178643
1211908279  21.115944
1212521781  12.474499
1211053172  9.632072
1211088341  6.694633
1212904993  7.157499
1211348472  6.847344
1212541364  2.044526
1212213060  9.868648
1211333272  7.685938
1211571619  6.825525
1211597241  4.740042
1212308564  14.120488
1212345143  32.271130
1212770255  13.976464
1211211822  6.490149
1212114549  5.599945
1212429774  10.879560
1212450978  4.778757
1212651922  7.955153
1211393166  18.841047
1212223978  9.972263
1212297243  7.081793
1212311573  7.490357
1212714536  7.376081
1212720030  12.353641
1211477162  13.950862
1212814628  4.741020
1211096242  7.697892
1211504290  8.218618
1211917163  4.839493
1211945204  12.963071
1212098985  13.279311
1212130446  8.684655
1212290089  13.736485
1212302822  12.426454
1212704859  11.153907
1212704900  30.920681
1212718074  4.222740
1212966762  6.590538
1212982990  10.577603
1211065167  0.000000
1211065226  0.000000
1211065286  0.000000
1211065350  0.000000
1211065411  0.000000
1211065469  0.000000
1211065532  0.000000
1211065590  8.208294
1211270145  12.887579
1212210381  4.582336
1212283168  8.087501
1212607967  23.497013
1211070107  5.749367
1211547556  2.042478
1212848465  10.736537
1211675881  4.558980
1212080559  8.511816
1212780857  5.144064
1211472175  3.519076
1212822661  13.477331
1211070040  0.383425
1211070083  9.651362
1211098505  12.017321
1211524491  12.490579
1211921642  14.137789
1212264194  3.595358
1212292876  5.896809
1212821599  16.154797
1212935297  4.503969
1211134656  9.632072
1211692812  6.847344
1213083188  14.375096
1211684219  9.135880
1212182738  6.635150
1212216535  246.016602
1212287681  13.384840
1212309439  5.679081
1211267563  13.180034
1212427584  10.154256
1212665555  9.405288
1212761547  13.739636
1212902996  14.883349
1211151444  6.630307
1211153953  2.142928
1211331092  8.994979
1211419059  5.818449
1212137681  12.064724
1212848944  8.158634
1212531602  28.237295
1212869626  2.750112
1212062928  7.040719
1212624070  7.222422
1211920234  10.592044
1212117630  8.854314
1212188052  8.275037
1212254280  7.040719
1212311316  4.652816
1212511828  103.340286
1212918139  9.360572
1211554533  7.589808
1212675827  13.305361
1212815278  9.958343
1213028110  8.968631
1211346957  20.670443
1211394408  14.377224
1211567547  5.518794
1211577035  8.086930
1212077691  2.435400
1212103387  5.518198
1212435705  11.591267
1212714177  14.130785
1212976378  6.282236
1211535862  7.079457
1211749520  10.347827
1212964283  5.438644
1213064408  2.886390
1212231492  2.495015
1212887540  5.213190
1212905752  7.974826
1211051530  5.875352
1211094362  4.877992
1211390874  2.376702
1212027521  5.312801
1212785785  16.135313
1212419680  5.285236
1211092249  15.116859
1211591823  0.000000
1211591883  36.225895
1212225081  8.222293
1211426741  12.475736
1212438716  7.432198
1211468438  6.491643
1212716969  10.826838
1211303242  7.072328
1211392937  9.117961
1211598761  2.253769
1211625102  5.780588
1212042049  13.049479
1212210073  11.661779
1211267075  13.958041
1212159239  10.165831
1211306536  8.400416
1211519091  14.920665
1212175964  4.666773
1212408546  13.177172
1212467211  8.006409
1212472373  5.144064
1212943513  8.684655
1211622400  13.179122
1211950132  6.955332
1211995080  4.732502
1212455829  0.000000
1212455885  26.187237
1212698113  9.779710
1212936413  6.499125
1211978560  12.963071
1212687008  13.477331
1212906620  10.665678
1213020668  8.492165
1211089542  4.411160
1211741522  22.998117
1212271372  5.469383
1212905018  3.995711
1211068145  0.366384
1211068190  0.000000
1211068193  0.000000
1211068253  5.983450
1211133635  8.219509
1212276160  7.550106
1212285622  13.265956
1211158728  4.715393
1211938052  0.000000
1211938054  0.000000
1211938056  0.274788
1211938116  3.827317
1212355521  8.510700
1211696571  6.240289
1211776396  6.491643
1212159663  5.973274
1212164593  10.863647
1212396004  4.703599
1212770907  8.469598
1212908778  8.474383
1212558909  5.401169
1211124210  0.000000
1211124258  0.000000
1211124318  0.000000
1211124387  0.000000
1211124430  0.000000
1211124436  8.935576
1211148072  9.769243
1212504432  4.503969
1211196705  4.715393
1211369439  6.715493
1212188968  12.827957
1212202088  4.194269
1211303242  7.072328
1212044137  6.894513
1212258910  6.300591
1212733672  8.464759
1211504131  4.222740
1211729367  8.708415
1212374777  9.693166
1212690823  13.045381
1212826615  6.584884
1212868991  0.000000
1212869052  10.309008
1211173859  8.655524
1211481649  2.334261
1211491156  4.963571
1212046465  5.803117
1211115800  6.121732
1211418832  10.127128
1211708450  8.367030
1211752090  6.074516
1211873206  6.973382
1212523328  9.754687
1211094658  17.017223
1212332245  12.963634
1212090782  2.420715
1211262422  14.306115
1211770723  4.490850
1213058759  8.900329
1211078976  13.982226
1212822660  3.162818
1212823739  12.126323
1212968629  5.973274
1212116286  6.238544
1212710597  3.760098
1211075767  3.375445
1211412318  9.533597
1211996779  7.621836
1211997588  9.135880
1212264303  12.712778
1212507667  4.636251
1212978116  3.982298
1211753864  5.682365
1211873485  6.847344
1211954091  8.033559
1211993863  9.941525
1212542940  6.955332
1212803032  9.992487
1212992676  15.272945
1211066203  0.377875
1211218838  21.065905
1211300202  6.429643
1211438977  15.409328
1212480821  8.580186
