1211034087  5.833098
1211101853  11.868653
1211173024  5.833098
1211709957  7.032115
1211710128  6.034916
1211757919  2.961151
1211819989  11.868653
1212504564  4.570251
1212798039  10.964319
1211206321  7.960569
1211724126  3.117002
1211826907  12.775816
1212365479  6.501014
1211252864  8.903500
1212521244  8.606021
1211532022  2.961151
1211707667  9.055759
1212140313  5.934334
1212481844  5.934334
1211120408  5.930316
1211568013  2.733371
1211677185  10.508043
1212402816  11.868653
1212421893  5.833098
1212728783  11.394131
1212907040  9.883862
1211691245  8.899488
1211421451  8.753595
1211771825  7.969691
1211161921  12.945979
1211784160  5.934334
1212983302  8.759422
1212173840  14.125043
1211321901  8.757541
1211516128  7.415820
1211598465  7.856029
1212435990  6.755750
1212633822  9.851291
1212651080  12.735695
1212900878  8.618141
1212329990  7.856029
1212523231  10.685796
1211047114  5.837049
1211777354  6.034916
1211788300  0.000000
1211788329  0.000000
1211788389  0.000000
1211788444  0.000000
1211788505  0.000000
1211788567  0.000000
1211788571  0.000000
1211788625  0.000000
1211788689  0.000000
1211788745  0.000000
1211788773  0.000000
1211788774  5.310731
1212484449  5.742904
1211784229  8.475703
1211796273  7.667203
1212102817  6.593704
1212386458  13.714032
1211190932  5.930316
1211191354  5.837049
1211370758  11.672605
1211380088  5.833098
1211491208  9.367883
1211761492  11.674086
1211803089  5.930316
1211976029  8.758849
1212097333  8.757541
1212284358  5.837049
1212432839  2.912608
1211275000  11.484337
1211603457  5.742904
1211695183  0.000000
1211695217  5.930316
1211855729  0.000000
1211855826  8.368339
1211757310  5.930316
1211047573  5.482458
1212489374  0.000000
1212489417  19.741009
1212491841  14.440265
1211796232  11.672605
1212282607  7.738686
1211690228  2.961151
1211859619  8.903500
1212321599  10.341904
1212646657  11.867147
1212881527  5.930316
1211421586  5.837049
1211161468  6.858512
1212917281  2.961151
1211102255  7.031155
1211574856  8.371180
1211989547  8.559662
1211994114  9.552767
1212811166  4.744253
1211508050  7.543109
1211848522  0.000000
1211848610  0.000000
1211848631  12.735695
1212122666  5.391197
1211141184  16.529306
1211936374  5.739016
1212194628  0.000000
1212194632  2.742249
1212829763  7.415820
1211336511  2.961151
1211658227  5.934334
1211769275  10.507108
1211122653  11.878012
1211200429  15.355000
1212114536  8.899488
1212401659  8.757541
1212438753  6.246667
1212730062  11.867147
1211700190  8.343270
1212204469  10.954290
1212222353  8.509511
1212487387  8.753595
1211699663  8.903500
1212213050  13.961350
1212824687  0.000000
1212824722  8.904830
1211041326  10.268641
1212016920  2.865630
1212286008  13.546249
1211094855  6.353911
1211660112  4.561782
1211104070  14.843166
1211141332  10.836671
1212564610  2.733371
1211502953  8.094090
1211529933  5.934334
1211619001  4.495329
1211960817  5.930316
1212211791  10.472354
1212566505  11.867147
1212809831  5.837049
1211089567  9.539464
1212280673  0.000000
1212280726  12.947956
1212719236  12.530280
1211717338  11.892575
1211904638  5.742904
1212895757  1.670470
1211051680  5.934334
1212479460  12.947956
1212565649  5.742904
1212567413  8.983730
1211199277  10.170048
1212665148  11.867147
1211507991  8.219843
1212242917  10.789685
1211527783  8.214912
1211626003  7.416154
1211950290  5.391197
1211923020  2.912608
1212031966  6.848845
1212217138  6.786294
1212431546  9.373506
1212700510  5.833098
1212733883  11.021834
1211331746  8.757541
1211507950  8.753595
1211795971  8.899488
1211796455  11.672605
1211797435  6.172661
1212052158  7.288278
1212294106  10.414000
1212644815  13.096911
1211140656  9.033458
1211940864  12.947956
1212258937  6.358215
1212565469  8.075868
1212910084  7.852489
1213083072  5.083128
1213083799  5.739016
1211427268  4.629251
1211345694  9.055759
1212046164  5.474138
1212425657  2.961151
1211687205  7.419583
1211702180  7.575745
1211843181  8.757541
1212195752  9.539464
1212897575  5.851560
1211677229  5.833098
1212809921  0.000000
1212809928  3.220355
1211261573  0.000000
1211261630  0.000000
1211261696  6.858163
1211275434  0.000000
1211275494  0.000000
1211275554  11.919364
1212031582  15.084657
1212031764  22.852127
1212193868  9.708532
1212469930  12.735695
1212745086  17.022911
1212767251  5.930316
1211215537  8.214912
1211556398  7.415820
1212291904  2.961151
1212309825  5.934334
1212199770  5.934334
1212823245  4.495329
1211478024  6.030830
1211974851  11.135636
1212024232  2.010655
1212831945  8.790480
1212911518  2.961151
1211103496  5.934334
1211616342  8.090444
1212915849  15.182011
1211773706  2.961151
1212593360  3.352247
1212009193  3.063260
1211152479  8.612408
1211534475  15.478696
1211685282  10.268641
1212464920  5.742904
1212552028  0.000000
1212552122  0.000000
1212552188  0.000000
1212552193  3.862371
1211432677  10.274804
1212214528  4.069671
1212600722  2.961151
1211335785  9.712909
1211723722  5.833098
1212311537  2.961151
1212356542  2.776079
1212483427  5.713019
1212024189  10.941935
1212821620  10.627296
1211645686  8.479524
1212001677  10.627296
1212124963  12.276360
1212161594  2.961151
1211696300  17.690153
1211595104  0.000000
1211595154  0.000000
1211595177  5.335024
1211349387  5.563438
1211626737  5.225561
1211627086  11.683290
1211676915  9.206367
1212712474  6.208945
1212832378  5.930316
1212230327  9.372105
1212294563  7.266531
1212844331  13.394438
1211694081  7.735196
1212528407  11.867147
1211379314  5.837049
1211348534  8.757541
1211477896  5.651746
1212825022  6.469436
1211206206  10.869422
1212470777  12.735695
