1212600405  4.877845
1212900471  5.926617
1212026204  8.421624
1212828949  6.861405
1211145004  6.001650
1212279030  0.000000
1212279041  4.739121
1212286037  6.001650
1212445454  5.903263
1212226636  11.414145
1212291268  2.259786
1212421700  8.545098
1212477993  7.275332
1211260831  7.348960
1211353887  7.388510
1211354586  5.642421
1211356729  7.204475
1212721095  11.014846
1211036890  9.710755
1212287802  5.807551
1212725542  25.949980
1212117534  11.834131
1212283367  3.675021
1212511058  16.633736
1212911989  3.766310
1211041335  2.448102
1211641611  4.877845
1211854175  5.653476
1211864863  6.426341
1212425444  13.053649
1212820650  9.372260
1212892521  9.402122
1211879787  5.169315
1211082845  4.877845
1212903222  1.791294
1211437501  7.843543
1211962682  6.639412
1212600117  5.305257
1212613528  5.875444
1211097182  8.172483
1211599359  0.000000
1211599361  11.528875
1211599423  12.722378
1212594631  0.000000
1212594636  0.000000
1212594681  4.235040
1212822199  5.903263
1211443956  11.585150
1211798369  5.156951
1211751474  3.614775
1212291067  11.547822
1212590326  13.747915
1212615872  9.511035
1211335706  20.268494
1211572878  0.000000
1211572943  0.000000
1211573003  0.000000
1211573074  3.338320
1211990498  7.274025
1211289195  7.938280
1211347886  7.520602
1211671999  5.512603
1211829789  6.547799
1211358600  5.340397
1211446120  8.248178
1211789837  6.969659
1212286672  5.903263
1212377920  11.607606
1212546192  12.681193
1212643638  6.333243
1212943922  9.812835
1212033617  8.366038
1212197458  11.414145
1212799046  3.255499
1211289269  9.842783
1211617048  10.491864
1212157335  11.414145
1212292941  9.006187
1211336598  6.192390
1211535809  8.704934
1211655306  8.737879
1211851397  11.994378
1212123371  7.736357
1212213589  8.251190
1212257172  0.000000
1212257174  0.000000
1212257192  0.000000
1212257203  2.622966
1212647186  4.034686
1211831968  9.980762
1211149347  8.638147
1211394566  1.388581
1211567661  0.000000
1211567684  4.466042
1211611343  0.000000
1211611359  5.012904
1211266462  6.044122
1211436763  7.423426
1212477880  12.526913
1212569344  7.275332
1212655467  12.882064
1212449297  5.914949
1212680699  5.386533
1211308517  4.167195
1211346618  10.527680
1211843480  4.241605
1212050704  10.195196
1212340795  6.317527
1211078253  3.500020
1211084008  11.836832
1211087481  5.210512
1211511567  6.208604
1212026170  6.211693
1212394220  8.726763
1212727509  8.269449
1212931653  10.019867
1211222958  5.178590
1211257778  5.456499
1211262864  5.940765
1211268106  5.502066
1212156942  6.581891
1212473908  6.697702
1212508329  3.968757
1211085989  5.648597
1211382329  4.774732
1211683547  4.098880
1211690872  5.812965
1212126807  7.266206
1212858479  4.009114
1212467193  11.035844
1212954839  34.343220
1212210145  4.797881
1212934934  7.399464
1213018948  7.916261
1211497164  13.915567
1211688829  10.195196
1211774375  6.773585
1212472146  9.023735
1212897075  4.426275
1211676608  7.555153
1213074766  6.594889
1211708923  13.933748
1212585033  0.157090
1211187204  8.981491
1211865485  12.197741
1212777328  5.394114
1211618873  10.837831
1212215076  4.877845
1212223823  5.536157
1212875053  0.000000
1212875107  7.690706
1211023301  10.527691
1212907944  21.463537
1211794936  6.758485
1211961890  6.001650
1213000768  7.327662
1211141124  9.005593
1211152270  8.972350
1211794611  6.541088
1212172991  0.000000
1212173044  9.833469
1212412537  3.635155
1211807238  7.734320
1212787141  0.000000
1212787155  0.000000
1212787215  0.000000
1212787241  5.802664
1211613816  9.692953
1211680717  5.929337
1212292510  13.957507
1212228064  12.164053
1211029170  5.305686
1211520816  6.440458
1211610569  4.797881
1211992340  0.000000
1211992411  0.000000
1211992415  0.000000
1211992489  9.244073
1212050381  9.248615
1212215366  3.675021
1212739788  10.453543
1212740825  6.725769
1212781817  6.930723
1212934301  7.395258
1211775699  5.875444
1212291964  7.553532
1212631373  7.768271
1212818360  6.264761
1212898579  3.675021
1211679705  4.101931
1211679765  13.080028
1211704613  7.502063
1212115865  6.928306
1212361615  3.675021
1213017834  5.315454
1211387884  6.547255
1212817499  15.763151
1211066243  4.902583
1211079996  7.451860
1211103128  11.257785
1211598758  8.188608
1211600571  7.034548
1212043031  6.676641
1211031758  5.991664
1211266589  6.141456
1212036006  4.774732
1212689694  5.729678
1213073962  5.625450
1213078468  6.770905
1211487948  0.000000
1211487950  3.264135
1211704632  10.326667
1212032808  4.774732
1212951940  7.160771
1211954253  8.188608
1212484350  9.050899
1211074852  5.884488
1211155439  7.204475
1212213454  3.625163
1212582130  13.060519
1211706948  9.055619
1211774891  7.204475
1211805518  11.755793
1211936322  8.054369
1211988110  5.133715
1212658443  7.798675
1212808251  4.558406
1212907232  5.241492
1211321830  4.167195
1212532959  5.437744
1211240086  14.962442
1212975855  6.650284
1211117163  6.420502
1212041859  3.743819
1212479604  7.495916
1212830186  10.125455
1211086747  5.328850
1211157901  12.825369
1211692000  6.596939
1211329091  4.167195
1211464021  4.696457
1211536669  10.635908
1211650007  0.000000
1211650051  0.000000
1211650059  8.617745
1212819517  10.581888
1211750344  20.355770
1211855089  8.055312
1212554669  12.806910
1212821549  15.142570
1211212319  4.502626
1211031677  11.707370
1211182832  3.926843
1212228555  9.817761
1212257554  0.000000
1212257585  6.221932
1212597012  4.690534
1211583355  7.710085
1211874922  10.616721
1212038432  22.034824
1212427287  4.797881
1212651325  0.000000
1212651361  0.000000
1212651372  2.937722
1212670792  6.665971
1212722262  6.272670
1212819678  5.570241
1212981671  5.972872
1211503309  5.305686
1211605446  4.167195
1212598236  2.720113
1212950709  7.086369
1211746465  3.906745
1212044932  9.842783
1212312982  8.186858
1212314830  16.042570
1212344943  5.808049
1212452247  7.327662
1212674745  6.488792
1212758238  4.816319
1212987566  4.877845
1211120550  13.634210
1211665711  5.046047
1212343163  5.527680
1211019847  8.968277
1211691272  4.167195
1211703708  7.009168
1212288980  7.611853
1212453657  4.877845
1212552888  5.533351
1211856446  5.884488
1212077893  4.000510
1211407979  5.102688
1211411835  4.241605
1212258159  6.063288
1211221685  6.760523
1211226915  4.533742
1211645704  6.473991
1211701223  11.802517
1211938807  7.120915
1212119706  16.253803
1212197637  10.169775
1212220801  8.072143
1212914870  286.385986
1211438174  12.547860
1212380400  5.220673
1212818184  4.476311
1212882924  8.998698
1212992237  6.089482
1212391175  8.508726
1211505936  6.116664
1211590751  8.762479
1211962504  6.141456
1212224096  12.073872
