1211704338  215.690140
1211474137  7.881886
1211373974  6.945915
1212674624  0.000000
1212674653  7.105259
1211860932  0.000000
1211860984  0.000000
1211860986  3.014607
1212369817  5.743970
1211941882  7.724857
1211841964  12.563488
1212703795  4.908308
1211400891  0.000000
1211400954  0.000000
1211401063  0.000000
1211401116  2.284604
1211568613  0.000000
1211568673  0.000000
1211568738  0.000000
1211568853  5.737478
1211825761  2.030759
1211290132  0.000000
1211290192  0.000000
1211290252  0.000000
1211290313  0.000000
1211290373  0.000000
1211290434  0.000000
1211290494  5.636117
1211374590  0.000000
1211374639  0.000000
1211374697  0.000000
1211374756  0.000000
1211374817  0.000000
1211374877  0.000000
1211374931  2.436911
1211461606  0.000000
1211461669  0.000000
1211461709  0.000000
1211461791  7.758855
1211894238  0.000000
1211894300  0.000000
1211894403  0.000000
1211894449  5.173520
1212064036  0.000000
1212064096  0.000000
1212064127  0.000000
1212064187  8.177049
1212065966  0.000000
1212066016  0.000000
1212066134  0.000000
1212066194  0.000000
1212066256  0.000000
1212066319  0.000000
1212066376  0.000000
1212066439  0.000000
1212066497  0.000000
1212066558  0.000000
1212066618  0.000000
1212066678  3.464688
1212068140  0.000000
1212068202  0.000000
1212068443  0.000000
1212068528  2.964364
1212150986  0.000000
1212151046  0.000000
1212151111  0.000000
1212151168  0.000000
1212151232  0.000000
1212151290  0.000000
1212151351  0.000000
1212151534  0.000000
1212151593  0.000000
1212151714  0.000000
1212151774  0.000000
1212151955  0.000000
1212152016  0.000000
1212152076  0.000000
1212152137  0.000000
1212152197  0.000000
1212152258  0.000000
1212152318  0.000000
1212152382  0.000000
1212152444  0.000000
1212152504  0.000000
1212152563  0.000000
1212152624  0.000000
1212152743  0.000000
1212152803  0.000000
1212152864  0.000000
1212152994  1.761623
1212497514  0.000000
1212497622  0.000000
1212497631  0.000000
1212497692  0.000000
1212497752  0.000000
1212497811  0.000000
1212497860  0.000000
1212497977  0.000000
1212498038  0.000000
1212498098  0.000000
1212498160  0.000000
1212498222  0.000000
1212498281  0.000000
1212498341  0.000000
1212498402  0.000000
1212498464  0.000000
1212498523  0.000000
1212498583  0.000000
1212498647  0.000000
1212498706  0.000000
1212498766  0.000000
1212498826  0.000000
1212498890  0.000000
1212499009  0.000000
1212499128  0.000000
1212499188  0.000000
1212499249  0.000000
1212499309  0.000000
1212499369  0.000000
1212499430  6.416419
1212585148  0.000000
1212585208  0.000000
1212585332  0.000000
1212585391  0.000000
1212585512  0.000000
1212585572  0.000000
1212585693  0.803377
1212757286  0.000000
1212757346  0.000000
1212757408  0.000000
1212757468  0.000000
1212757529  0.000000
1212757589  0.000000
1212757652  0.000000
1212757710  0.000000
1212757771  0.000000
1212757892  0.000000
1212757952  0.000000
1212758013  0.000000
1212758076  0.000000
1212758134  0.000000
1212758194  0.000000
1212758315  0.000000
1212758377  0.000000
1212758437  0.000000
1212758498  0.000000
1212758559  3.825173
1211472938  5.890075
1211564798  5.484233
1211577393  0.000000
1211577453  0.000000
1211577513  0.000000
1211577525  7.250078
1211461502  8.350465
1211677571  13.681678
1211037060  2.396962
1212823922  5.938042
1212894477  7.236842
1211029606  2.964364
1211901128  0.000000
1211901209  8.661720
1212812656  3.400341
1211355863  6.984440
1212278964  0.000000
1212278966  0.000000
1212279026  0.000000
1212279088  5.100231
1211062497  0.000000
1211062501  4.157590
1212758155  2.915767
1211657679  0.000000
1211657701  0.000000
1211657714  3.293737
1212731140  12.130020
1211153045  4.530746
1211467928  6.215906
1212671589  0.000000
1212671651  0.000000
1212671730  0.000000
1212671789  0.000000
1212671848  0.000000
1212671910  0.000000
1212671972  0.000000
1212672028  0.000000
1212672089  0.000000
1212672152  0.000000
1212672185  0.000000
1212672245  2.436911
1212556920  0.000000
1212556985  5.426586
1211037060  2.396962
1211483956  7.101636
1211985331  7.046263
1211152366  0.000000
1211152408  0.000000
1211152459  5.055929
1213020471  7.177649
1211219002  8.428320
1211918689  7.116874
1212567870  0.000000
1212567884  0.000000
1212567950  0.000000
1212567963  0.000000
1212567989  4.157590
1211077574  8.084628
1211199882  7.007013
1212532558  0.000000
1212532612  0.000000
1212532673  0.000000
1212532703  5.636117
1212521077  0.000000
1212521079  2.964364
1212461532  0.000000
1212461594  0.000000
1212461639  7.959418
1211651208  6.549406
1211062497  0.000000
1211062501  4.157590
1212346906  5.140738
1211474249  0.000000
1211474309  4.244483
1211475069  10.418097
1212043053  2.713743
1212699706  6.314571
1213021827  4.136322
1213029440  8.153675
1211375769  8.412955
1212160785  7.298285
1212759142  0.000000
1212759162  0.000000
1212759252  0.000000
1212759309  4.395500
1212114371  0.000000
1212114441  0.000000
1212114465  6.265925
