1211075296  10.636070
1211259913  11.306623
1211670648  3.783512
1211864275  8.633019
1211908459  10.964600
1212124467  6.992263
1212368942  11.226595
1212558821  7.942378
1212673821  9.621784
1211145387  11.301556
1211316601  8.177283
1211356085  10.227071
1211680230  4.454738
1212040715  8.704850
1212302942  5.847976
1212739814  11.137403
1212969747  9.434559
1212980032  4.134150
1211048165  6.882343
1211151680  7.561122
1211487857  10.279312
1211677876  10.964600
1211350612  8.919715
1211820569  8.343626
1211822189  8.518472
1212162640  14.768805
1212368797  8.010197
1212384785  9.859341
1212594587  7.685075
1212690822  15.032533
1211917795  7.220344
1212508271  7.429136
1212593960  8.225070
1212870275  6.510146
1211342082  6.518062
1211399539  5.977023
1211504431  3.352058
1211510902  11.307380
1212207653  15.436568
1212804878  13.880662
1211360052  8.518472
1211644266  10.446141
1212080126  7.329756
1212213296  4.311816
1212257643  6.959913
1211763178  396.535309
1211765530  10.509409
1212038754  9.859341
1212108789  9.740021
1212283197  10.896956
1212284858  11.059033
1212554632  11.526072
1212872465  11.537173
1212877451  5.798268
1211029254  7.125618
1212106177  6.959466
1212177620  8.241302
1212444520  9.540246
1212593978  9.191177
1211266319  14.806040
1211341682  7.871264
1211572568  10.535349
1211649990  8.711275
1211944920  9.260351
1212195859  9.235695
1212549284  5.294919
1212893429  10.501385
1211062944  9.908215
1211203685  12.775091
1212146619  15.071221
1212742081  7.332896
1212937244  8.845295
1212945764  7.772147
1211081175  7.173788
1211086226  7.198136
1211150612  6.764319
1211304522  8.743796
1211310647  8.177283
1211506179  10.998214
1211938105  22.264305
1212509397  9.154675
1212812956  11.699677
1213065982  8.864594
1211229286  4.309255
1211854474  5.211257
1212129186  7.920940
1212628743  0.990080
1212359933  8.479169
1211101275  0.000000
1211101296  0.000000
1211101297  3.841720
1211124671  10.121169
1211156456  9.425314
1211160090  9.435224
1211225592  7.008804
1211719123  14.328425
1211822943  10.964600
1212523317  11.118505
1212778521  5.291135
1212944253  7.008804
1212964176  12.690891
1211390602  5.988375
1211392867  9.435224
1211404639  12.033389
1211474425  6.523052
1211476812  9.582402
1211679715  7.841564
1211685615  11.693233
1211709336  3.226480
1212174926  7.125618
1211164402  9.143783
1211039241  7.330409
1211988792  10.809991
1212245076  11.376500
1212459045  9.425314
1212582808  10.279436
1211343439  8.727714
1211577674  7.813159
1212085885  12.601084
1212182224  9.038678
1212271783  10.373212
1212470372  4.841406
1212620788  6.088181
1212645854  7.813159
1212677440  8.711275
1211331635  5.405478
1211338240  7.007639
1211516748  8.446761
1211656321  12.775091
1212561318  19.459681
1212623298  9.763454
1212648341  6.510146
1212891130  6.493320
1212952770  7.521934
1211172542  12.803420
1211220997  6.901306
1211777774  9.749731
1211916313  6.641653
1212723834  9.744816
1212804350  10.585075
1212821383  6.523052
1211252339  8.646767
1211463585  5.115714
1211583952  10.901684
1211683935  4.331271
1211925660  6.385443
1212248800  8.301944
1212331312  15.056990
1212353026  8.894718
1212460454  7.809148
1212890886  4.680384
1211214437  6.580815
1211759733  6.884608
1211919934  7.582262
1212061406  4.833056
1212061930  0.000000
1212061973  8.919715
1212404363  10.700281
1212883843  10.266860
1211116783  6.311139
1211125028  14.134603
1211337814  7.206068
1211480407  6.362082
1211571696  7.565054
1212182550  5.988375
1212197207  10.595600
1212642263  8.233583
1212651905  6.088181
1211502169  8.919715
1212445309  13.764005
1212655990  12.349255
1211317963  5.423969
1211602762  8.782764
1212023990  6.959466
1212245242  11.376500
1212601898  12.060705
1212801955  9.749731
1211207240  9.582402
1211556294  9.152622
1211609853  14.588701
1211826160  7.196009
1211960482  10.658692
1212280567  8.239210
1212764714  9.967818
1211039274  7.949612
1211046874  11.942830
1211055528  6.553128
1211298778  7.133269
1211299986  10.585075
1211739875  4.142620
1212184293  8.135283
1212890938  12.146808
1212295533  5.425337
1212736219  14.888781
1212903093  6.088181
1212945994  13.101478
1211069923  7.162567
1211088061  10.425384
1211316537  7.606880
1211413335  8.873541
1211426321  3.452667
1211428734  8.382024
1211946819  5.804105
1211946955  17.750547
1212781458  8.737950
1212793666  8.004547
1212802834  9.078492
1212960680  7.124001
1212964222  7.813159
1211052322  5.534710
1211052793  7.841564
1211334779  9.610901
1211496930  6.641826
1211604086  7.813159
1211918843  11.470272
1212020671  12.349255
1212218017  6.088181
1212219562  13.101478
1212803364  8.518472
1212890464  6.882343
1211141851  7.016077
1211491075  5.355023
1212362082  11.190001
1212378555  9.178782
1212382329  8.553726
1212440071  7.872241
1212444852  8.943601
1212510802  8.254287
1212940570  9.017754
1211069099  6.701303
1211503926  11.238574
1211633602  0.000000
1211633663  8.919715
1211676411  7.246391
1211726795  11.164190
1211934146  0.000000
1211934148  0.000000
1211934208  2.301455
1212431906  12.047002
1212442241  10.501385
1212685346  8.966812
1212716243  0.000000
1212716271  0.000000
1212716273  0.000000
1212716334  6.538226
1212872107  3.214023
1211308155  10.964600
1211916425  9.749731
1212087745  8.343626
1212167744  11.738879
1212252621  10.964600
1212592493  11.792717
1212670739  9.666113
1212784043  7.784364
1212794344  11.238574
1211428018  6.809030
1211589425  2.636213
1212121885  5.373885
1212596750  5.744598
1212641160  15.483593
1212810464  15.466802
1211404600  16.839891
1211555495  9.425314
1211757222  8.587298
1212086440  7.125618
1212893410  7.685075
1212962690  11.190001
1212976269  8.873541
1211061339  4.833056
1211751215  6.598291
1212765665  14.659513
1211042944  15.305852
1211421837  7.758696
1211566694  6.889740
1211666448  11.399312
1212024702  5.371925
1212158667  8.273777
1212524197  5.391390
1212980084  2.993081
1213045270  10.784852
1211036460  8.346672
1211049064  6.431042
1211050181  6.764646
1211224969  3.961524
1211432525  20.524397
1211911099  12.574619
1211915523  5.988375
1212251267  4.956415
1212263406  6.598291
1212875342  13.126731
1211938220  9.947864
1211941578  7.559850
1211944717  8.902253
1211948492  7.917353
1212184105  6.799972
1212714474  7.841564
1211044730  7.367147
1211079976  5.291135
1211155641  7.662223
1211482700  7.406816
1211582832  9.589900
1211770536  7.917353
1212615611  0.000000
1212615613  6.472932
1212646506  8.036811
1212688069  5.988375
1212794427  10.784852
1213026121  0.000000
1213026182  11.761194
1211136303  9.244575
1211617236  10.823288
1211681565  8.494258
1211914952  13.347436
1212308442  14.894755
1212708967  7.813159
1212721725  8.506902
1212732931  8.495137
1212803670  8.164434
1212967247  6.966998
1211068908  7.521934
1211069029  11.392273
1211128276  6.675272
1211303394  13.870372
1211644222  4.792114
1212177431  6.392456
1212828947  10.453530
1212866532  9.749731
1212980175  6.854029
1211039274  7.949612
1211046874  11.942830
1211118084  10.648089
1211440890  13.460036
1211553314  7.125618
1211674102  17.231518
1211754501  2.376913
1211895087  9.070897
1212506278  3.205373
1212690284  8.704850
1212754388  22.217970
1212955720  12.264501
1211462223  11.466496
1212423266  13.219565
1212542335  3.717736
1211074492  5.221407
1211084891  9.375791
1211582051  0.000000
1211582111  8.042122
1212684190  10.464375
1212763806  14.220626
1212861304  5.080110
1212887451  8.847552
1212989066  5.998446
1211575810  5.655678
1212275939  6.040611
1212328172  10.282315
1212337907  8.495137
1212342442  7.684743
1212474950  4.711543
1212530633  11.062610
1213028821  9.273293
1211124223  13.695359
1211553370  12.412754
1211765068  5.221407
1212296605  9.680227
1212510475  11.376500
1212858103  10.715749
1212873210  6.088181
1211083977  6.598206
1211651869  5.671103
1211823198  8.042122
1211924913  3.619011
1212400119  16.327156
1212897422  6.535426
1211439251  8.451043
1211574753  9.582402
1211750633  6.618648
1212555245  1.647633
1212561816  6.088181
1213051910  8.811686
1212052256  7.249585
1212185437  7.008804
1212185706  20.173763
1212209359  6.663415
1212553927  6.508480
1212779418  6.088181
1212866868  9.670761
1213074105  0.689567
1211165500  11.308716
1211418049  7.917353
1211503835  16.327156
1211660341  5.410897
1211665634  4.387810
1212192755  7.685075
1212098270  14.150018
1211147718  4.498443
1211601366  5.379320
1211834939  7.125618
1212173907  7.212147
1212499401  13.721394
1212600885  13.642430
1212629050  3.916771
1212888955  7.797879
1211057033  9.744349
1211567373  9.582402
1212571234  7.249585
1212808377  13.422940
1212951100  14.563317
1211035702  10.815714
1211823981  11.342690
1211911522  6.943890
1212029019  9.582402
1212617693  6.557739
1212637108  8.764324
1211504087  7.917353
1211878962  3.452183
1212675232  7.647300
1212800183  4.643494
1211384156  11.096609
1211509747  10.964600
1211308051  11.376500
1211860478  11.056619
1212263529  8.485468
1211075521  5.487766
1211647449  10.784852
1211761265  8.919715
1211819370  12.886700
1211833477  4.793423
1212192026  11.343583
1212273095  4.872722
1211242845  12.651461
1211563186  7.985335
1211581359  8.432073
1211905354  12.756253
1211937988  24.804665
1212147039  11.679968
1212163715  8.812212
1212304598  6.088181
1212363136  9.749731
1212685600  8.803847
1212961043  6.191371
1211127665  8.728073
1211162157  6.608354
1211516715  10.784852
1212011754  10.149264
1212012936  7.441104
1212014591  3.717210
1212185681  3.965911
1212349952  3.042479
1212516807  5.988375
1212614889  6.490122
1212618040  9.273293
1212862872  7.008804
1213025032  4.992990
1213026401  3.631397
1211085162  8.160784
1211225049  5.197835
1211391172  12.004897
1211471009  6.577493
1211561693  5.533092
1211824496  7.406816
1212363519  11.501540
1212368874  0.000000
1212368875  5.178275
1212539689  8.983502
1212714121  31.166677
1212715122  8.712849
1211206665  14.660817
1212939741  3.571866
1211407777  0.000000
1211407780  36.247925
1211465742  4.793423
1211467414  12.635024
1211500294  8.401675
1212294067  2.024848
1212611260  7.393160
1212611652  7.945586
1212883146  7.813159
1212884669  5.534710
1212897107  14.150018
1213025073  6.462507
1211771235  7.685075
1211795418  10.455329
1212370136  5.956713
1212472544  8.847552
1212899232  5.379320
1211324277  13.231344
1211398337  9.749731
1211399036  6.344030
1211414188  10.703404
1211568676  9.588684
1211569180  9.751287
1211767578  7.285392
1212542174  7.500650
1212878071  9.425314
1212888572  3.084930
1211045144  8.944363
1211048072  4.955912
1211061101  6.970047
1211767958  9.196893
1212282109  5.938015
1212341420  6.580815
1212341620  13.460036
1212618887  10.748755
1212960304  10.399739
1211151120  5.967322
1211301220  8.324268
1211376628  14.984766
1211381130  7.183872
1211382094  12.775091
1211428680  5.291135
1212003772  13.642988
1212068817  6.598291
1212423210  10.784852
1212492923  3.631397
1212603108  7.712963
1212604977  13.471914
1211125024  10.964600
1211687228  7.863204
1211773737  14.328425
1211817606  13.980288
1212165226  5.452103
1212384959  16.644445
1212811085  8.378824
1212688514  9.545097
1212721340  5.727462
1211309534  144.991699
1211324442  6.608354
1211406617  10.017437
1211778193  5.030452
1211853114  0.000000
1211853177  0.000000
1211853235  0.000000
1211853295  0.000000
1211853357  8.492568
1211854992  11.342690
1211862058  7.991766
1212106640  8.773491
1212615643  6.641653
1212820369  4.161863
1212084824  9.126098
1212202031  6.155767
1211498324  5.516959
1211915023  11.238574
1212131564  4.234578
1212788907  10.359759
1212885122  7.167886
1211460336  12.599105
1211472958  10.189927
1211906966  7.524730
1211982685  12.807396
1212011031  5.901965
1212011306  5.246380
1212072604  8.478027
1212078134  11.226595
1212509766  13.437886
1211054597  4.161863
1211070672  8.728073
1212432729  9.734084
1212553295  6.408612
1212937757  4.651325
1211053924  2.636213
1211588734  6.696993
1211767967  10.678150
1212331376  14.806040
1212345627  6.088181
1212874613  6.931561
1211381190  7.680782
1211476832  4.971361
1211551408  5.918574
1211555266  14.193356
1211591245  7.685075
1211603677  3.672801
1211813073  16.487148
1212113310  4.498443
1212413384  13.642988
1212860576  9.061981
1212873217  7.701808
1212983125  12.316142
1213027892  9.464968
1213034713  11.470272
1211490863  7.125618
1211663427  8.371242
1212161562  11.190001
1212179918  11.083876
1212427135  8.401675
1212454880  5.868350
1212566427  7.237458
1212663874  8.692469
1212779632  7.841564
1213025581  11.150440
1211313712  10.848002
1211673886  13.721394
1211758720  8.104034
1211904433  6.088181
1212247175  7.955819
1212417137  5.371925
1212425913  11.501540
1212596508  6.479770
1212600938  9.243174
1212613808  3.692946
1212771154  11.301556
1211094156  10.453530
1211728950  6.405143
1211818502  20.175465
1211836673  5.604194
1212371526  17.932234
1212868472  9.287647
1211049376  12.899529
1211120320  9.579536
1211163523  7.634590
1212464095  7.537787
1212471967  8.518472
1212638912  8.224378
1212640118  10.453688
1211210425  7.628482
1211492757  10.985610
1212209676  9.002400
1212219796  10.698997
1212421444  8.401675
