1211235006  3.881628
1211078799  4.820984
1212084823  12.971465
1211649665  6.143362
1211681373  4.713983
1211532997  13.857636
1211870193  3.349259
1211176731  4.272864
1211388469  3.234690
1211704170  6.461405
1212900010  8.204267
1213025726  6.003330
1211302877  8.650368
1211493875  10.948111
1211561870  6.042297
1211577388  11.193063
1211690610  10.160981
1211821430  5.237882
1211829989  3.293438
1211907594  5.681600
1211994200  8.592185
1212080460  4.669808
1212167237  5.237882
1212194340  5.745135
1212425897  6.028038
1212478727  8.303866
1212512804  4.272864
1212600140  6.832478
1212688277  5.094569
1212772973  5.588459
1212787276  4.509953
1211477025  7.793530
1211514913  6.990682
1211524042  9.874489
1211538770  12.141664
1212382187  4.940521
1212382307  5.653392
1212384758  10.160981
1212397496  11.724329
1212407537  7.726378
1212428887  2.744532
1212429323  2.899977
1211320834  6.128505
1211464347  3.187198
1211614348  10.160981
1211627815  11.724329
1211846543  3.239447
1211886344  7.785331
1211889420  11.254515
1211901926  9.268511
1211903548  6.703718
1212171305  6.593821
1212463099  8.740152
1212463893  10.160981
1212465624  7.572048
1212481671  9.768497
1212663511  8.735388
1212920473  9.039927
1211756491  5.716824
1212910628  9.032276
1212985907  5.681600
1212988864  7.785331
1212991213  4.660285
1212994607  8.395514
1212995927  4.476789
1213008731  10.161640
1211739428  8.580662
1211745428  8.427372
1212333876  2.895051
1212371982  5.745135
1211162525  7.570718
1211490642  11.289979
1211850700  3.293438
1211918875  4.415293
1212312624  12.851632
1212502920  5.681600
1212864114  4.415293
1212944259  3.293438
1212945774  8.580662
1212046473  13.325988
1212384495  8.889261
1211086898  12.605932
1212254858  3.184556
1211227711  6.315096
1211771676  9.172899
1212743936  14.290553
1212744479  13.091895
1211511588  7.155550
1212818743  18.486643
1211683359  4.834968
1212269359  3.293438
1211776468  10.160981
1211822041  8.580662
1212497020  8.533726
1212506249  3.293438
1212668231  7.341312
1211268709  4.567545
1211352507  3.349259
1211356884  8.557171
1211361180  10.116110
1211444887  5.636545
1211473351  5.018849
1211483667  8.889261
1211527087  9.534069
1211746369  5.681600
1211964862  7.463667
1212478527  3.465739
1212568840  6.722952
1212908372  8.772701
1212914385  9.036609
1212914680  4.342912
1212916362  6.657549
1212109439  6.797639
1211776838  10.160981
1212391712  4.660285
1212179460  4.718382
1212223155  6.957294
1211863051  6.704547
1212296149  7.158031
1212313140  6.391673
1212325511  7.107193
1212828883  7.785331
1212189546  5.513560
1212325300  4.872635
1212400721  14.826410
1212556613  7.372477
1212570392  10.052098
1212988007  5.588459
1211500460  4.660285
1211033399  8.533726
1211789278  6.998311
1211789562  8.439996
1212304076  16.378853
1211092334  6.028038
1211636099  7.800602
1211659378  3.234690
1211666836  5.237882
1212697701  16.147593
1212807274  11.942475
1211103383  12.363456
1212080277  5.681600
1212496232  21.806412
1211528358  8.916590
1211158246  4.660285
1212547051  13.126147
1212914729  9.783901
1211269416  5.732005
1212296174  7.590170
1212640560  10.945683
1212646272  10.160981
1212321863  6.547352
1211164867  8.250917
1211637299  6.703718
1211643500  3.293438
1211653061  3.293438
1211661868  5.592341
1211726734  6.932924
1212174292  1.740720
1212174350  6.796659
1212616492  5.210914
1212638289  11.432073
1212640534  8.176746
1212656294  12.629758
1212837992  11.640454
1212930831  6.198109
1212553809  6.686658
1212699074  7.785331
1213014525  7.753811
1212228056  6.582204
1212331557  8.439996
1211372909  11.313047
1211459339  8.889261
1211496264  8.339753
1211890977  9.768497
1211977384  11.511839
1212191306  4.669609
1212409124  13.513977
1212625232  4.660285
1211683994  0.000000
1211684052  0.000000
1211684108  2.207647
1212079481  5.237882
1212716281  5.057652
1211622084  5.152015
1212395904  9.313046
1212396272  10.160981
1212915587  15.200484
1211209768  11.084707
1211706337  16.161495
1211871393  10.160981
1212153589  6.198109
1211280141  11.313047
1211733295  13.006270
1211735298  7.448575
1211754527  8.027806
1211766264  9.994408
1212696020  8.063436
1212913606  8.518861
1213009026  3.296195
1211950993  11.937009
1211562675  6.684235
1212317911  7.572623
1211098184  9.553341
1212940903  4.342912
1211845692  10.506933
1212043218  4.820984
1213082972  5.910485
1212086275  4.187687
1211089023  2.564762
1211303928  8.592185
1212138465  10.465538
1212744639  8.743535
1212919102  12.529810
1212343398  0.000000
1212343459  0.000000
1212343542  4.415293
1212185526  4.592235
1212439669  5.185931
1212925161  10.284589
1212989482  8.128785
1212990292  5.714053
1211438191  9.409823
1211527352  10.160981
1211577053  5.252744
1211621927  0.000000
1211621937  4.599662
1212644299  9.327879
1212781494  0.000000
1212781496  4.415293
1211340150  9.083150
1212821148  9.263675
1211536297  9.379367
1211818078  6.787483
1212519673  6.593821
1212935192  3.293438
1212938179  3.919102
1211519998  7.253566
1211682798  9.287182
1212663976  8.735388
1212076019  5.929677
1212635744  11.639738
1211186154  9.159213
1211189556  5.152015
1211300727  0.000000
1211300787  3.397329
1211905213  4.509953
1211976130  7.463667
1212061929  5.964981
1212426393  3.293438
1212426773  5.936611
1212508907  4.567545
1212558622  10.442813
1212582272  6.774770
1212761272  6.128505
1212874234  12.570052
1213013093  4.415293
1213030879  0.000000
1213030886  7.261519
1211667904  3.293438
1211669675  6.163656
1212717681  3.136608
1212779762  3.792835
1212160856  6.087428
1212393211  4.583886
1212396575  5.889226
1212397757  12.341506
1212549801  8.473245
1212902811  10.400472
1211220427  6.776603
1211273522  11.590740
1211274805  16.173449
1212745519  11.127587
1212257306  5.326660
1212537028  3.293438
1212401462  12.480801
1212545062  8.941008
1212698130  5.292187
1212113720  4.993162
1211681133  4.761711
1211793390  11.304943
1211957355  6.496454
1212143127  10.065597
1212339033  30.830782
1211733179  8.275825
1212249359  4.660285
1212333586  4.993162
1211959518  7.053224
1211966631  4.426379
1212439902  3.874633
