1212723659  4.866728
1211223268  12.905167
1211345827  5.984306
1212094945  27.636946
1212177009  2.646826
1212510139  17.144968
1212511461  3.093744
1212981260  10.843730
1211210697  14.653763
1211269434  14.625952
1211319842  3.172339
1211421928  5.361609
1211576650  6.990542
1212956936  4.698672
1211023931  9.386462
1211572130  6.990542
1211683537  0.000000
1211683538  13.261136
1211912948  1.808664
1212510073  7.919209
1212549145  7.723619
1211380732  4.243228
1211405674  4.428056
1211642401  17.472509
1211736067  5.723836
1211929578  7.712391
1211936846  35.747410
1212165548  0.000000
1212165609  0.000000
1212165669  10.826738
1212636061  5.751545
1211500481  12.850712
1212023336  4.222548
1212330061  10.874279
1212630693  4.711556
1211594799  9.518932
1211602636  6.164522
1212087901  15.828898
1212537475  5.826550
1212778883  3.134433
1212866345  7.131178
1211777847  6.403255
1212554941  5.185819
1212895563  1.839320
1211216804  7.728197
1211264840  7.055910
1211302482  10.698295
1211852267  13.516684
1211943164  16.003628
1212449855  7.580936
1212610325  16.089478
1211311100  8.568182
1211422113  11.527627
1211725621  3.189068
1211917302  9.450977
1211935534  6.843718
1211685292  7.844502
1212014123  10.685418
1212100855  10.018355
1212162899  13.301108
1212441942  2.864133
1212813760  5.663968
1211270372  7.753117
1212653646  8.663814
1212940836  10.332944
1211214323  7.723619
1211245251  3.973552
1211359437  16.472822
1211656689  3.692605
1211938406  4.753165
1211942293  3.330335
1212208654  7.597002
1212314962  12.743034
1212624953  3.687089
1212628646  1.871032
1212684733  13.207118
1211624597  7.284904
1212097861  6.452808
1212216452  2.071125
1212293305  5.766695
1212520802  1.669536
1212576125  11.647905
1211621476  15.022178
1212592643  4.832356
1212598817  0.000000
1212598878  3.279099
1212599000  11.073295
1211487191  8.899271
1211702892  5.495940
1211818286  11.820401
1211895944  10.149591
1211998489  22.418488
1212261598  1.779014
1212474595  10.831888
1212766252  8.955265
1211482760  4.272211
1211680021  0.000000
1211680055  0.000000
1211680109  7.578772
1211685919  6.191981
1211722544  15.509812
1211797370  19.254572
1211155391  2.632537
1211182345  4.420830
1212186230  7.754526
1213060812  4.725459
1211211405  5.826550
1211254573  10.563107
1211482610  6.990542
1211901701  3.206726
1212177118  1.808664
1212590948  3.134433
1212689443  3.101323
1212689545  16.686485
1212962865  6.880825
1212964997  14.518969
1211309439  6.768024
1211486886  1.528449
1211554605  0.000000
1211554652  4.228312
1211563739  3.212357
1211910699  3.674852
1211940927  8.783330
1211954632  7.755624
1212039650  6.175517
1212084887  1.937855
1212168480  2.009627
1212217719  9.085148
1212444090  5.474933
1212594017  5.711572
1212637117  0.000000
1212637118  0.000000
1212637178  8.955265
1212896036  7.763173
1211318486  14.053777
1211381725  6.613461
1211440282  12.518847
1211468266  6.980062
1211600232  11.542969
1212067313  11.567083
1212182486  5.062202
1212277057  12.391512
1212414550  6.631245
1212475829  10.508117
1212500185  8.961964
1212516821  7.347335
1212909988  5.920800
1211138318  6.377092
1211254617  13.074697
1211359767  6.175517
1211505662  6.802818
1211918241  10.160478
1211919565  0.000000
1211919573  1.871032
1211928303  6.736928
1212077708  4.396896
1212425167  13.597888
1212593249  14.338346
1212985752  6.164522
1211077458  11.267458
1211383016  7.230775
1211498912  11.140158
1211528678  6.120811
1211723211  1.808664
1211952080  3.552357
1212026542  3.664598
1212030162  7.713151
1212219952  8.740190
1212552787  7.578813
1211257600  11.756708
1211333030  4.243228
1211442277  13.039258
1211737678  0.959595
1211995171  7.619016
1212127388  13.107036
1212342747  6.990542
1212369560  7.304854
1212588745  4.034976
1212615238  13.039258
1212652105  7.535109
1211233604  4.510199
1211234435  0.000000
1211234496  2.090163
1211404049  5.919224
1211556596  0.000000
1211556685  0.000000
1211556746  12.847910
1211559057  0.000000
1211559120  2.481743
1211593331  5.549096
1211688104  5.894261
1211896952  1.808664
1211898786  0.000000
1211898857  0.000000
1211898926  0.000000
1211899000  0.000000
1211899048  1.722538
1211901303  7.761126
1211921870  12.481213
1211924046  0.000000
1211924129  1.690478
1212424244  10.826738
1212427660  6.189363
1212431511  0.000000
1212431914  1.446932
1212443570  4.389547
1212543790  7.478637
1212544427  3.626646
1211219954  6.980062
1211302310  4.675860
1211386086  7.146849
1211388281  14.038118
1212560410  2.339116
1212615533  5.792498
1212169262  5.537864
1212191525  8.669575
1212527388  9.885468
1211257914  4.497300
1211430396  8.624517
1211447405  0.000000
1211447458  0.000000
1211447467  14.824511
1211498961  3.664598
1211499596  4.790082
1212073799  1.356498
1212081415  10.894936
1212081749  8.586374
1212431125  15.933823
1212554501  7.813043
1212626060  11.805587
1212684494  0.000000
1212684549  7.867758
1212771981  7.599848
1213023391  8.264743
1211244202  13.063575
1211849337  19.317072
1212186272  20.336559
1212614385  21.940302
1212658978  9.230021
1212549358  2.008950
1212723771  9.108881
1211476438  1.722538
1211530538  7.245068
1211988748  3.279099
1212247406  11.272344
1212594367  9.175464
1212795530  9.754920
1212808660  0.000000
1212808699  23.494379
1212858854  7.129494
1211325797  8.311555
1211604686  5.802528
1211958275  8.491991
1211991630  8.534727
1212031173  9.570901
1212453755  4.295479
1212702739  3.881147
1212981634  9.905499
1211042302  12.795189
1211932746  7.919209
1211939074  34.198265
1211990703  5.643262
1212290786  3.382521
1212397771  9.898987
1212514836  11.541526
1212576240  10.571334
1212590770  13.362458
1212914507  14.245417
1212932129  14.261516
1211120734  8.073175
1211269033  8.130125
1211504291  4.493468
1211509737  2.901324
1211858166  8.317685
1211931815  11.134402
1212251262  9.450977
1212768538  26.417242
1211216871  34.912159
1211229194  0.000000
1211229249  13.668703
1211249433  5.197815
1211427040  19.160532
1211484932  7.146849
1211517975  7.675941
1212172079  8.642983
1212530642  16.952393
1212611214  4.420830
1212852735  7.713760
1211164152  5.663719
1211331847  15.227839
1211345519  10.074286
1212025616  9.902583
1212076214  1.808664
1212079552  14.343173
1212082034  7.854527
1212106480  2.964486
1212251927  0.000000
1212251986  0.344508
1212313010  7.597002
1212328106  7.184199
1212537691  12.847910
1211203015  10.940019
1211205432  12.604662
1211250177  5.747924
1211264023  6.806218
1211343938  3.971292
1211403466  0.000000
1211403505  12.457158
1211485221  12.589339
1211518526  7.597002
1211548516  4.087436
1211677714  5.185819
1211689178  9.776874
1211866452  13.458490
1211989891  8.305408
1212001614  0.000000
1212001617  0.000000
1212001672  0.000000
1212001675  11.196209
1212088789  5.992539
1212509628  17.954090
1212722032  8.054625
1212904411  6.750585
1212939803  6.246462
1211380308  3.567432
1211524444  12.038821
1211689746  11.158203
1212462082  5.611891
1212624102  3.836011
1211166154  7.399031
1211178248  9.431861
1211301281  6.506792
1211304874  8.053433
1211382807  7.739257
1211423887  3.552357
1211488642  4.340795
1211518977  8.543242
1211915193  8.808457
1212442912  10.102577
1212509650  3.098023
1211039392  5.335780
1211506322  4.664239
1211908599  67.738190
1211915772  4.698672
1212528559  8.556445
1212809037  6.875944
1211537445  11.400718
1212154322  7.712391
1212426911  10.240515
1212447797  11.687635
1212749439  7.526878
1212911132  11.756708
1211115152  12.871892
1211213720  12.589243
1211317514  8.968895
1211372738  11.112474
1211429674  6.373506
1211483870  16.081821
1211601077  6.403255
1211665129  7.599848
1211687547  13.898055
1211853968  5.102177
1211857147  4.420830
1212073280  9.608378
1212122286  6.616625
1212421924  10.907449
1212465754  6.342851
1212549382  2.127841
1212594284  7.097211
1212633614  3.552357
1212716725  17.128967
1212769527  9.432994
1211543208  19.344543
1211604569  14.718962
1211623389  6.537271
1212139207  6.063465
1212560505  8.030868
1212709631  7.277735
1211472217  1.747061
1211581860  3.800294
1211850454  10.775313
1211850761  6.019480
1211853960  6.019480
1212168195  12.974037
1212196138  11.055516
1212389781  6.452808
1212601336  8.313472
1211204543  0.000000
1211204604  0.000000
1211204664  7.353026
1211304471  6.238630
1211306452  16.258249
1211499194  9.069049
1211509431  8.851228
1212106224  12.847910
1212182205  6.426350
1211383330  3.494122
1211658222  15.772527
1211796561  11.826968
1212095218  21.304640
1212520357  12.731174
1212605956  6.834593
1211925858  11.280646
1211926357  4.179244
1212428274  10.050502
1212609819  6.990542
1212685409  4.553194
1213029161  4.041170
1211120559  8.591798
1211120666  0.000000
1211120668  14.948916
1211671927  4.173667
1211960880  7.712391
1212163159  9.086610
1212210945  8.203851
1212267992  4.368214
1212288587  10.761449
1212337252  8.516653
1212347293  5.826550
1212421920  7.483716
1211300758  5.826550
1211420920  8.548334
1211563429  15.495068
1211830278  17.947790
1212680614  5.350266
1211256015  9.320724
1211346156  4.251619
1211469787  3.330335
1211510055  7.883768
1211531346  6.585516
1211640753  16.052748
1211739032  17.497494
1212071264  8.507901
1212218507  10.405726
1212275140  9.480086
1212543778  3.870930
1212562517  11.048671
1211861704  6.982151
1212014914  4.790082
1212275240  6.190554
1212518177  4.534924
1212602291  4.420830
1212630681  12.847910
1212692066  7.111286
1212991470  20.132917
1213018628  3.542445
1213048107  3.552357
1213050242  21.981747
1213069361  7.635907
1212083707  1.903857
1212749663  12.535409
1212802609  7.804812
1213026547  8.403189
1211392873  7.161622
1211474400  16.808205
1212417753  0.000000
1212417817  18.027420
1212418741  8.401389
1212508060  8.169254
1212524883  0.000000
1212524885  7.883768
1212594692  0.000000
1212594726  0.000000
1212594732  0.000000
1212594793  4.546317
1211160230  8.624517
1211567676  4.403230
1211570564  5.160836
1212112579  5.517681
1212276820  2.906197
1212387017  16.637478
1212421116  3.340928
1212744435  12.306647
1211177010  5.246850
1211431825  12.363583
1211689485  8.491991
1212386218  9.910176
1212403771  6.529725
1212437299  6.206478
1212456986  0.000000
1212457002  0.000000
1212457062  4.243228
1212985560  10.145082
1213064474  12.155340
1213064590  8.748431
1211504965  9.270492
1211937415  4.179154
1212522489  16.307188
1211156716  6.900310
1211327121  11.070453
1211679094  10.725005
1212067081  3.552357
1212200515  5.932663
1211190693  14.281287
1211697100  5.335780
1211712832  12.589478
1211746645  13.202699
1212291605  3.958952
1211064482  6.092243
1211227355  11.599837
1211326364  11.258549
1211398625  19.204805
1211548185  14.326921
1211660863  11.882429
1211930008  6.209603
1212084374  0.000000
1212084448  5.361609
1212109141  5.564355
1212198476  1.932501
1212287883  4.072206
1212426253  12.496552
1212596299  4.847693
1212634892  68.808250
1212707679  0.000000
1212707683  10.114980
1212718378  6.019480
1211153425  0.000000
1211153426  6.403509
1211257353  12.923037
1211594652  3.474949
1211598523  4.917349
1211905706  6.867689
1212285586  0.000000
1212285632  143.638626
1212402637  12.278180
1212473970  13.593393
1212585451  11.055516
1212804478  5.237904
1212978202  10.041601
1211290386  13.741961
1211464066  16.937855
1211731206  8.305408
1212206669  10.891506
1212597760  5.731033
1212618460  7.077563
1212812716  5.927965
1211091689  6.830697
1211519252  9.108881
1211604565  11.374326
1211677947  8.841206
1211840101  8.211837
1212333048  0.000000
1212333108  0.000000
1212333169  1.669536
1212333409  0.000000
1212333469  1.808664
1212344978  73.399727
1212363761  6.880825
1212453795  4.179154
1212963438  5.480954
1211121070  12.236104
1211147879  7.346438
1212819043  9.450977
1212923107  9.667144
1212960361  11.158203
1213003528  5.992499
1211061985  2.078104
1211079454  9.138300
1211412394  3.826882
1211412579  9.913375
1211415041  4.186071
1211419650  3.151266
1211423167  3.869269
1211487287  12.877041
1211500646  3.709787
1211575019  1.934634
1212460170  6.310153
1212599893  3.552357
1212615244  5.200976
1212647182  7.346438
1212720619  3.552357
1212894227  2.882125
1211147557  9.845799
1211199696  12.595264
1211418132  5.272249
1211448204  3.383197
1211769812  4.243228
1212172164  7.363397
1212182041  44.885223
1212207886  6.990542
1212435214  7.189914
1212463763  6.765041
1212537421  4.420830
1212604886  6.164522
1212622127  6.153569
1212642731  22.878242
1212772802  4.248806
1211116240  0.000000
1211116298  0.000000
1211116362  1.937855
1211116662  14.410441
1211300070  15.987278
1211588702  5.679138
1211749619  6.019480
1212024990  9.950786
1212398925  7.585958
1213032054  7.919209
1211095513  7.869603
1211424189  0.000000
1211424242  3.568151
1211526302  10.914701
1211931825  4.955754
1211956534  5.793827
1212018866  7.421502
1212207993  9.756376
1212449666  14.272086
1212682456  10.278426
1212932999  3.542445
1211370765  5.920800
1211373875  6.722767
1211940751  6.520895
1212423733  8.263661
1211406481  19.229864
1211863373  10.278426
1212207581  4.105785
1212210361  3.552357
1212441869  12.433461
1212811321  5.920800
1212838021  10.067885
1212878794  9.734877
1212888354  6.087379
1212982570  7.630079
1211587597  18.622404
1212270867  10.219910
1212441234  3.641834
1212636268  6.628950
1212744014  7.523754
1212793803  9.899875
1213043885  6.345510
1211091165  6.356236
1211490607  4.420830
1211490727  0.000000
1211490877  0.000000
1211490938  0.000000
1211491040  0.000000
1211491120  1.808664
1211499934  12.589339
1211740219  8.528428
1211773816  11.976345
1211803013  0.000000
1211803073  0.000000
1211803134  11.009606
1211807757  18.459700
1211825664  10.219959
1211922900  4.640603
1211991796  0.000000
1211991855  6.303454
1212273066  5.236369
1212334679  4.272478
1212442486  0.000000
1212442551  0.000000
1212442606  0.000000
1212442666  0.000000
1212442726  0.000000
1212442788  14.906414
1212443723  0.000000
1212443754  31.449097
1212518395  5.160836
1212522887  7.919209
1212523437  0.000000
1212523494  0.000000
1212523554  0.000000
1212523617  0.000000
1212523674  0.000000
1212523690  1.886207
1212557397  10.235683
1212706963  11.055516
1212817850  12.230205
1211170227  104.925064
1211683543  4.923888
1211990787  0.000000
1211990801  2.658277
1212172128  6.222825
1212772028  0.000000
1212772068  3.813956
1211063772  12.016204
1211247188  5.236369
1211253799  2.466361
1211254436  13.016058
1211329824  13.760664
1211925351  13.458490
1211935406  5.826550
1212028165  0.000000
1212028181  8.652102
1212135342  6.469507
1212452738  7.146849
1212476284  4.805580
1212865783  3.864485
1211049917  8.083881
1211342798  9.260695
1211486212  7.587305
1211926726  3.001992
1212113768  3.749583
1212257655  6.661124
1212281731  0.000000
1212281750  13.185831
1212459656  4.765458
1212497099  5.968584
1212529172  3.089006
1211214045  13.855538
1211230340  10.718860
1211309351  10.713342
1211648348  11.076025
1211682731  18.737490
1211739635  14.038118
1211810280  10.654457
1212094895  13.465166
1212152925  9.928275
1212184297  8.841206
1212347418  3.552357
1212475767  13.523928
1212530570  16.034365
1212538895  2.996449
1212615534  0.000000
1212615660  0.000000
1212615714  9.480086
1212615840  0.000000
1212615904  0.000000
1212615956  0.000000
1212616020  0.000000
1212616044  11.084431
1212816614  9.479101
1212933918  2.683457
1212943665  8.725228
1212943983  6.487538
1211733107  8.972524
1212039284  7.391639
1212195296  5.991894
1212207958  6.326699
1212336744  17.287683
1212456449  5.162580
1212710024  16.637478
1213069041  18.934164
1212073968  5.977487
1212162911  8.071670
1212252335  17.659163
1212580848  10.067885
1212598223  16.254435
1212708268  11.015183
1212848990  10.240515
1212976842  42.061359
1211216930  7.119130
1211432300  7.085658
1211482963  10.485119
1211526886  8.349660
1211583040  6.724934
1211735519  9.450977
1211740808  8.925753
1211946321  0.000000
1211946353  6.198037
1212001905  8.570845
1212038665  8.944359
1212090541  6.242733
1212092275  3.091296
1212187338  3.147264
1212526317  12.357747
1212613932  11.737129
1212703324  6.019480
1212704564  6.404450
1212705103  4.918922
1212774713  5.614106
1212891218  2.009627
1211330871  3.542445
1211414011  10.652113
1211460756  16.401587
1211501735  8.293160
1211575335  6.388465
1211759203  7.399031
1212284645  8.407236
1212411433  8.822166
1211034278  11.952653
1211922898  2.605481
1211999938  4.652569
1212260813  7.918494
1212373568  16.346251
1211121499  13.592570
1211390174  13.705054
1211729151  6.219049
1212402556  6.980863
1212520559  5.920800
1213033682  11.633375
1211488674  4.822723
1212163160  10.874279
1212179689  27.537958
1212230793  12.535409
1212304396  18.832188
1212378691  13.939856
1212431200  7.585958
1212435689  5.104663
1212914118  7.735811
1212962635  6.982151
