1211703182  12.069874
1212047224  3.235063
1211166778  13.030587
1211179936  6.873305
1211348580  8.088388
1211440350  6.770718
1211591658  7.414357
1211596103  10.366071
1211596933  3.658010
1211597883  7.414357
1211816034  5.883407
1211855159  8.904235
1211857977  14.832554
1211862904  8.291491
1212048029  8.041265
1212138765  7.419827
1212161314  13.349257
1212248425  0.000000
1212248512  0.000000
1212248572  0.000000
1212248613  5.979856
1212282935  0.000000
1212282940  1.483722
1212307455  8.884318
1212544176  10.528402
1212549801  7.560636
1212589334  1.816802
1212675570  8.884318
1212801215  11.485847
1212802022  3.015737
1212805393  6.285912
1212813014  7.632715
1212985680  7.180478
1211046358  6.016076
1211647829  7.414357
1211118266  7.688782
1211629760  10.528402
1211682114  7.057155
1212016710  11.868710
1212041228  8.884318
1212131717  8.738673
1212221438  6.749717
1212266489  5.015841
1212278177  5.783390
1212299929  9.780644
1212480356  7.553881
1212655257  7.646644
1212809490  7.540023
1212972658  5.932603
1211617258  3.798990
1212084008  5.936468
1211096511  7.419827
1211273491  11.855948
1211361495  9.042742
1211593817  8.559210
1211622227  12.712722
1212141453  7.419827
1212385370  9.211277
1212479450  8.884318
1212656368  8.904235
1212657175  8.613814
1211364119  6.901977
1211638578  8.736221
1211733742  4.115572
1212220262  5.932603
1212369115  10.383673
1212496358  11.868710
1212516259  12.495981
1212546936  5.286540
1212567652  10.955731
1212595088  7.419827
1212653848  13.480117
1212720505  6.882476
1211065022  5.932603
1211096098  7.415185
1211584016  3.785712
1211618492  8.214525
1211648141  8.765493
1211705632  10.850278
1212128313  6.542079
1212188204  8.353786
1212207524  4.996866
1212279792  5.931485
1212294692  6.079521
1212552293  8.892249
1212883937  4.257488
1211102597  15.819715
1211249090  7.180478
1211436844  13.175857
1211672771  5.479816
1211751396  0.000000
1211751456  2.780132
1211761300  7.298191
1211785993  10.387127
1211853029  5.611865
1211896168  14.589397
1212044692  5.316239
1212460818  0.000000
1212460876  0.000000
1212460883  5.083671
1213068653  8.109701
1211178666  5.839149
1211182921  8.219294
1211185541  7.419827
1211186384  6.849072
1211190126  13.888470
1211795429  12.131858
1211955676  6.162785
1212466257  9.351913
1212910942  7.102714
1212938575  7.540023
1211094684  9.027444
1211608280  8.738673
1211687013  7.915290
1211890164  11.855948
1212016347  8.255779
1212153131  13.613611
1211332435  4.446589
1211514484  5.565438
1211528484  8.904235
1211615418  8.329048
1211705606  9.034900
1211848058  5.936468
1211952391  11.107869
1212039619  5.932603
1212611769  8.758264
1212636779  8.399804
1213062978  6.079521
1211094117  5.932603
1211232154  10.366071
1211617513  6.858583
1211704797  3.046996
1211965693  7.087203
1212136435  7.414357
1212388373  15.600446
1212555837  7.862387
1212882044  5.979856
1211176813  3.067732
1211186563  4.717326
1211725904  0.000000
1211725953  0.000000
1211726014  0.000000
1211726076  0.000000
1211726080  0.000000
1211726095  9.950853
1211729418  8.472784
1211730868  4.115572
1211732781  8.897228
1211792934  6.956088
1211793636  11.855948
1212328268  2.964837
1211077392  40.527267
1211086854  8.900942
1212869946  7.298191
1212372510  8.881824
1213003942  9.588317
1211237633  9.494967
1211579625  6.849072
1211617565  4.042354
1212308157  8.094357
1212461279  6.452989
1211121484  13.271892
1211126561  0.000000
1211126646  0.000000
1211126706  0.000000
1211126767  4.455353
1211244341  1.459399
1211318857  10.541767
1212170721  5.936468
1212235642  12.482418
1212313068  11.126915
1211167897  10.528402
1211261519  7.414357
1211615659  7.821347
1212132033  7.292809
1212137794  15.689039
1212246914  5.936468
1212456174  6.513772
1212819768  2.179730
1211019805  10.366071
1211050664  4.484713
1211147480  4.364604
1211340539  9.209877
1211495074  4.451165
1211670672  5.839149
1211674182  10.891451
1211687269  7.117139
1211687905  4.311632
1211694884  7.419827
1211700231  5.932603
1212051361  10.528402
1212054392  13.480117
1212054927  10.196135
1212055230  10.528402
1212219083  10.643579
1212226978  8.900942
1212299801  5.990581
1212306000  5.899935
1212394517  11.661589
1212551224  6.716155
1212885091  10.366071
1212889277  4.565154
1212890023  5.744525
1212918109  11.868710
1211078043  12.564597
1211097254  8.461255
1211107998  9.978354
1211165876  5.540416
1211449023  5.741229
1211464774  11.087978
1211949407  0.000000
1211949415  5.857759
1211965863  13.584508
1212028392  8.792538
1212116031  7.538700
1212499024  11.295956
1212917807  11.126915
1213060180  12.274352
1213082367  10.366071
1211436201  9.169658
1211516163  7.846922
1211643850  6.792536
1211660646  5.607264
1211745875  4.950392
1211944537  8.825523
1211969298  8.884318
1212132904  5.396789
1212136344  9.019335
1212179992  8.030514
1212276124  5.158786
1212392152  6.639722
1212393272  6.844021
1212814944  3.141745
1211252951  5.612144
1211443850  4.382314
1211688624  13.686805
1211848496  5.932603
1211948433  6.079521
1212133893  6.849072
1212452301  0.000000
1212452313  7.545587
1212771176  7.414357
1212824353  4.241526
1211614013  6.950959
1211683957  3.235063
1211684826  13.187455
1211699432  7.292809
1211767477  6.079521
1211782836  8.216254
1211785271  0.000000
1211785277  5.286540
1211788172  5.979856
1211858344  10.587966
1212385877  5.611865
1212450821  7.292809
1212547950  4.676554
1212627417  6.036824
1212635470  4.950392
1212650142  7.540023
1211062650  4.373694
1211618987  9.708076
1212072815  11.482052
1212302765  11.377956
1212728566  7.418609
1211134501  7.067161
1211157819  10.188777
1211446825  8.904235
1212075312  11.674140
1212133336  8.884318
1212161306  7.734356
1212227529  4.042354
1212476899  13.111619
1212479126  11.855948
1212678190  8.900942
1212766398  7.265703
1212912744  13.480117
1212949334  7.562616
1211439776  9.893594
1211795556  10.706850
1211956929  7.170566
1212303268  9.718526
1212640912  12.634083
1212653434  10.528402
1212813221  4.714882
1211084236  7.240687
1211265536  8.900942
1211643285  6.356361
1211777701  8.758264
1212626377  5.692184
1212392622  13.566756
1212561898  6.591782
1212765698  5.237525
1212998997  12.712272
1211086514  8.897228
1211526508  11.661589
1211672839  5.979856
1211677886  5.364283
1211692895  7.436690
1211777362  3.260014
1211889833  13.905519
1212028158  9.713711
1212282464  6.762710
1212356717  5.979856
1212564497  11.530377
1212826961  8.377941
1212873171  7.414357
1213057359  17.312538
1211307017  4.115572
1211437742  11.415119
1211520408  6.639722
1211679171  7.972822
1211679419  2.965474
1211935315  8.402017
1212124536  7.560636
1212296740  7.414357
1212467496  9.019335
1212908796  9.333611
1212962323  7.419827
1211271491  12.133456
1211324660  9.372879
1211339128  6.198027
1211340348  7.414357
1211601021  8.627416
1211696257  6.869918
1211843122  7.414357
1212083908  16.484474
1212130008  11.868710
1212142448  13.330146
1212147113  14.830370
1212190170  8.904235
1212208135  0.000000
1212208146  6.538506
1212293922  0.000000
1212293954  4.584857
1212345656  8.470962
1212573608  8.884318
1212642734  7.646644
1212678691  5.505565
1212679249  0.000000
1212679309  0.000000
1212679369  0.000000
1212679489  0.000000
1212679549  0.000000
1212679608  0.000000
1212679669  0.000000
1212679714  1.483722
1212691819  7.560636
1211460147  11.608393
1211564350  7.316744
1211790076  5.611865
1211082818  15.476357
1211240941  10.196135
1211420459  5.968923
1211504964  4.382314
1211607640  4.322229
1211611786  18.746740
1211666137  10.196135
1211697351  6.849072
1212204011  3.765087
1212290004  10.057718
1212553981  13.963187
1212819123  11.867923
1212904047  2.838326
1212906251  6.761484
1211515664  12.195377
1211518995  6.834091
1211751943  0.000000
1211751970  1.648580
1211756231  4.446589
1211757488  1.459399
1211769102  6.265653
1211778035  6.513772
1211782949  10.793825
1212227525  4.446589
1212259334  5.335907
1212260627  6.478794
1212285716  6.866704
1212326915  10.571952
1212387630  9.351913
1212974660  8.884318
1211167967  7.292809
1211257080  5.839149
1211520086  8.904235
1211701196  8.904235
1211869322  3.749348
1212111119  4.048104
1212130423  7.292809
1212245071  5.979856
1212266759  11.868710
1212275132  9.013974
1212373696  4.455353
1212888867  8.859021
1212890550  5.979856
1212896923  10.051678
1211075790  0.000000
1211075851  0.000000
1211075922  0.000000
1211075972  0.000000
1211076034  0.000000
1211076098  0.000000
1211076185  0.000000
1211076242  4.639993
1211261333  11.868710
1211505962  5.108918
1211667819  5.611865
1211705050  5.998491
1211801416  14.031733
1212110027  4.168677
1212181449  6.112508
1212638289  7.679779
1212811604  7.419827
1212817670  7.061292
1212937973  8.102644
1211087011  6.079521
1211956627  7.560636
1212111275  7.292809
1212128849  7.955948
1213041954  10.330224
1211076871  3.587770
1211255217  7.292809
1211263103  6.755023
1211264771  7.810345
1211696716  6.374688
1212206101  88.964233
1212268063  5.597325
1212302485  7.050488
1212330603  10.952111
1212334771  9.568681
1212575903  12.443185
1212576403  7.419827
1212659224  11.848393
1212810174  5.742543
1212870401  3.591596
1211073447  5.455534
1211169230  9.870378
1211174000  9.739695
1211269898  7.292809
1211275764  8.904235
1211529030  7.419827
1211923307  7.739950
1212372908  7.653684
1211026639  10.366071
1211030973  13.480117
1211256481  9.217971
1211342848  4.455353
1211431001  4.448430
1211638279  10.723521
1211955354  8.884318
1212043023  5.744968
1212240393  11.960851
1212861133  8.244252
1212908640  4.680620
1211036611  12.933763
1211165452  8.369927
1211951042  9.994719
1212140605  5.883407
1212273126  7.414357
1212597037  5.364283
1212899156  4.048104
1211335660  7.286550
1211426585  5.393276
1211637347  5.607264
1211692558  5.688725
1211773236  6.513772
1211779792  3.987021
1212043284  8.200909
1212654486  7.560636
1212717939  10.196135
1212745362  7.292809
1212834962  14.119945
1211084236  7.240687
1211209148  9.688596
1211329199  5.719443
1212124972  11.865207
1212302160  4.115572
1211524137  8.588273
1212392424  10.366071
1212719178  0.000000
1212719202  4.860385
1212201303  4.278065
1212610057  5.801699
1211182376  12.713618
1211189891  14.584325
1211510026  7.298191
1211697049  7.108509
1212076656  6.528489
1212197753  7.205484
1211655384  8.430359
1211965053  6.079521
1212040503  12.011976
1212049424  11.868710
1212114085  0.000000
1212114097  0.000000
1212114163  7.545587
1212134345  13.947043
1212396752  6.079521
1212473935  8.343286
1212801512  5.835348
1212930017  9.169658
1212972553  8.884318
1212977324  7.419827
1211071309  5.936468
1211267056  25.412886
1211526454  6.722631
1211767135  11.918946
1211767407  7.175184
1212130389  9.019335
1212734757  4.752204
1211080815  14.488846
1211171192  9.718191
1211609586  4.489715
1211690978  6.740324
1211772753  6.182563
1211865052  5.505565
1211952564  8.219294
1212310908  6.516133
1212638669  7.292809
1212642025  8.897228
1212895286  7.295425
1211078510  5.232065
1211661460  10.124269
1211698950  6.079521
1211751258  9.119765
1211856548  7.560636
1212204982  6.168095
1212390458  10.528402
1212507645  6.967292
1212533128  7.087203
1212546328  10.878757
1212652971  11.864787
1212699067  6.033156
1211594311  5.611865
1212818853  6.079521
1212138995  7.419827
1212211864  5.699551
1212305522  7.521923
1212638196  7.688782
1212645101  9.886896
1212650750  6.198441
1212650919  8.400706
1212828029  8.738673
1212912283  10.628695
1212915977  6.182563
1212798580  5.643790
1212995255  8.568562
1211493888  7.414357
1211610480  2.823654
1212298560  5.839149
1212298859  4.115572
1212640225  8.482704
1212873992  7.175184
1212893809  7.804586
1212945666  6.106172
1211358285  10.048716
1211455546  15.083953
1211506952  10.528402
1211617601  9.372879
1211691236  7.292809
1211777123  8.023249
1211842258  5.936468
1211943856  7.006209
1212043761  6.198027
1212484414  6.632205
1212908212  10.789736
1212995305  12.933763
1211082382  4.446589
1211096165  8.729209
1211676622  5.597325
1211679260  4.686685
1212393333  10.355806
1211447454  5.396789
1211518860  6.088902
1211524569  9.342560
1211775552  7.922398
1211959664  10.366071
1211964224  7.675683
1212208987  5.653779
1212221303  0.000000
1212221332  15.198802
1212369607  7.419827
1212557624  9.111244
1212886337  7.087203
1211424572  15.427555
1211626882  10.793825
1211789885  7.419827
1211181136  10.031681
1211415545  7.973942
1212364633  8.094357
1212390934  14.977907
1212604584  4.112633
1212723955  8.393611
1212812723  6.353221
1212855216  10.955731
1212990736  12.925521
1211071409  8.200909
1211072218  6.096419
1211094902  11.603769
1211126545  11.308440
1211239858  5.526837
1211355687  12.163184
1211362390  6.079521
1211442030  10.528402
1211616863  8.884318
1211679786  5.932603
1211917418  7.852495
1212299934  11.063442
1212306713  10.051678
1212398615  3.785712
1212645648  7.414357
1212826251  10.587966
1212838184  15.887907
1211113836  11.303533
1211324137  6.079521
1211784647  5.560450
1212221963  2.781978
1212284298  5.979856
1212822104  9.267945
1212822331  6.379641
1211060144  12.133456
1211063912  10.119211
1211100582  15.693844
1211316193  6.181744
1211437666  10.789736
1211628360  13.493090
1212015639  6.079521
1212074463  5.667911
1212275500  6.595729
1212307417  9.055154
1212815575  3.560932
1212815745  0.000000
1212815800  0.000000
1212815809  1.483722
1211323351  10.366071
1212974322  8.568562
1211025364  6.947158
1211538958  13.963187
1211783964  8.077457
1211821216  4.446589
1211830900  4.773592
1212641452  1.483722
1212741448  4.115572
1212935675  11.674140
1212956636  4.455353
1211089457  5.936468
1211253702  11.308440
1212204209  7.414357
1212205352  10.196135
1212297430  5.597325
1212569979  7.414357
1211258444  6.745297
1211277677  11.260764
1211359178  7.545587
1211467608  11.661589
1211679601  4.303151
1211987434  8.755025
1212032721  10.392371
1212052501  13.349257
1212293201  8.831094
1212772983  5.650098
1212810974  9.372879
1212900379  6.033156
1211439777  5.811330
1211702159  8.094759
1211775754  8.219294
1211785368  10.366071
1211787987  11.473499
1212274347  4.895779
1212744326  13.480117
1212905871  6.760481
1212997928  4.455353
1211154830  6.079521
1211593023  8.758264
1211808483  5.936468
1212059465  6.079521
1212420209  9.710118
1212559080  5.936468
1212637683  4.446589
1212817271  9.540252
1212874790  5.699551
1212972240  6.950959
1211352256  11.403833
1211602625  6.809738
1211608515  14.083046
1211684119  13.385244
1212094438  3.709305
1212226131  13.436275
1212287123  8.292856
1212655854  10.371516
1212657155  11.340953
1212657525  0.000000
1212657563  0.000000
1212657564  4.455353
1212738832  6.844021
1212780435  9.651875
1212907265  7.414357
1213074125  12.419919
1211061323  8.884318
1211075974  5.979856
1211096460  8.229775
1211161170  10.943953
1211164550  7.414357
1211178135  7.821347
1211297917  10.048716
1211598985  7.200605
1211702886  8.480224
1211848050  7.180478
1211899093  8.569125
1212550359  6.079521
1212566429  10.616878
1212567127  13.349257
1212188266  3.936826
1211100101  13.145955
1211426588  6.513772
1211593697  59.326035
1211786524  7.560636
1212038538  8.568562
1212559811  6.785040
1212632297  8.711370
1212735860  5.979856
1211594460  5.525837
1212190619  7.776248
1212242656  4.243193
1212729481  7.943954
1211323905  12.863656
1211443898  8.755025
1211447508  8.475148
1211694583  5.979856
1211774449  7.414357
1212205635  8.884318
1212310216  10.080266
1212556429  7.180478
1212754618  11.905667
1212852040  12.439284
1211513088  8.483052
1211525121  0.864304
1211607266  9.110103
1211608992  7.123761
1211693705  8.397848
1211752278  1.459399
1212079975  7.292809
1212214653  8.621819
1212982846  16.980377
1211098791  9.626704
1211267176  7.560636
1211331461  9.710118
1211347380  12.947683
1211433662  7.087203
1211606840  0.000000
1211606841  4.594311
1211859241  11.138382
1211935934  2.541835
1211956007  5.140079
1212220907  6.632205
1212221391  9.710118
1212382300  10.528402
1212655516  9.161825
1213080259  8.894865
1211099769  13.103974
1211122446  4.109820
1211264086  7.855471
1211443412  10.398287
1211509469  6.826880
1211517293  4.522037
1211534511  10.383673
1211608624  6.178630
1211679114  10.528402
1211768407  5.651766
1211852769  8.904235
1211966450  10.723521
1211984618  4.042959
1212115871  7.809945
1212275268  5.741229
1212348762  7.292809
1212385417  4.608985
1212462643  10.528402
1212480243  10.252275
1212556407  0.000000
1212556413  3.805040
1212656554  7.419827
1212893544  6.632205
1211289170  8.393611
1211630389  11.861897
1211633460  14.841168
1211634711  10.469093
1211641099  7.087203
1211803916  14.832554
1212031082  7.419827
1212038804  8.900942
1212119143  6.956088
1212218577  7.066502
1212307722  8.819083
1212408619  7.560636
1212469941  9.588317
1212809684  5.257357
1212874916  7.958563
1212909097  9.011632
1212972656  9.051805
1211939019  10.452139
1212135839  14.830370
1212372607  6.844021
1212456033  10.173180
1212459645  6.882476
1212543323  7.560636
1212817498  12.493379
1211071324  7.414357
1211075150  8.088388
1211105754  6.164892
1211725293  8.114148
1211761955  4.176893
1211762682  7.419827
1211779433  10.911654
1211989827  0.000000
1211989888  0.000000
1211989948  0.000000
1211989973  0.000000
1211990010  0.000000
1211990012  0.000000
1211990052  0.000000
1211990076  2.824261
1212105083  7.419827
1212128402  9.781369
1212331776  10.366071
1212638123  8.711370
1212794850  11.130294
1212820551  5.932603
1212891288  10.207189
1212895830  12.702803
1211044437  5.932603
1211154467  7.419827
1211174528  8.758264
1211175765  7.414357
1211176783  10.051678
1211180696  11.674140
1211266604  11.674140
1211521889  6.683029
1212103958  25.418352
1212207407  9.535183
1212217123  8.648305
1212481753  5.835348
1212648336  7.415185
1212947889  7.670024
