1211563996  8.502357
1212000851  5.986897
1212600465  5.794121
1211055099  11.603482
1211231573  4.956646
1211439256  6.171479
1211560622  6.694506
1211670504  2.958339
1212990197  5.611105
1211334709  6.248767
1212097593  6.819670
1211148159  7.633032
1211174878  9.891603
1211553014  4.309506
1211554594  6.649964
1212360412  7.563633
1212371282  4.445485
1212771015  9.833026
1212829012  5.064697
1211611914  0.000000
1211611932  0.000000
1211611937  4.071724
1212966975  6.520542
1211587054  3.254453
1212630183  8.057442
1212773657  9.880559
1211261245  5.028422
1211355998  7.932104
1211588555  6.644959
1212218985  11.142717
1212903819  14.973217
1211257598  5.249040
1211848507  6.116455
1212216403  17.400919
1212917405  10.486537
1211669803  8.357038
1212036287  7.260239
1212817997  5.447467
1212876439  7.647050
1211689220  3.489004
1212905331  6.568657
1211207894  3.735696
1211880195  3.747449
1212112172  6.819670
1212667463  5.024700
1212721637  4.129676
1212836676  5.810632
1213006116  4.991721
1211304175  1.445444
1211307145  4.385112
1211324798  8.227217
1212126219  6.290949
1211222030  7.737700
1212102883  5.107072
1211560246  5.452311
1211645568  8.375571
1211676794  5.452311
1211677802  3.289480
1211323854  6.933331
1211566099  3.344304
1211867541  7.073360
1211948672  5.192677
1212001219  6.160609
1211236636  8.228195
1211553996  13.928242
1211554288  0.000000
1211554290  7.543392
1211557800  6.850142
1211582068  7.395847
1211661422  6.214184
1211926081  8.317485
1212073989  7.631758
1212165762  13.688051
1212187876  11.225970
1212443707  5.320957
1212506249  5.877805
1212615626  5.708452
1212697108  6.909119
1212976634  4.829389
1212725917  8.527221
1212906968  10.017252
1211094115  7.108190
1211640357  7.563633
1212064287  6.933331
1212116914  8.235853
1212265752  5.690707
1212268728  5.519120
1212544040  10.065275
1212949630  12.352130
1211481624  8.360761
1212012374  5.249914
1212158178  4.677263
1212173142  7.050845
1212186746  8.290943
1212274340  4.677263
1212275872  7.493533
1212514632  2.344999
1212689367  0.000000
1212689390  6.706904
1211253660  7.425613
1211596880  5.857628
1212361116  2.353049
1212507556  8.230601
1212814135  7.841150
1211231909  4.749118
1212672731  10.200498
1211686878  6.502928
1212462189  7.724103
1212943279  6.933331
1212359199  5.251664
1212758073  5.951830
1211078970  16.594547
1211950907  12.537699
1212119772  6.336062
1211162216  6.933331
1211415739  5.956645
1211611172  3.087050
1211663829  10.483073
1211671836  7.823254
1211688886  9.071782
1212784907  3.254453
1212979882  12.720843
1211329313  6.819670
1211410377  6.933331
1211614486  7.799902
1212015181  4.989080
1212892698  6.250350
1212931747  1.204537
1211473498  8.968284
1211861981  6.819670
1212196916  3.526559
1212591947  10.599203
1212898121  5.787271
1212966749  6.401142
1213022014  6.644959
1211284283  14.956231
1211315689  5.437411
1211378411  10.669090
1211467458  5.074916
1211917112  5.610187
1212064105  8.836905
1212069738  8.247165
1212070991  5.544723
1212155104  9.305003
1212176920  6.819670
1212264709  7.044699
1212511346  8.494918
1212585684  7.799902
1212596571  3.755138
1212666930  4.869165
1212685638  8.300285
1212761324  1.686352
1213026534  7.647050
1211427148  6.208953
1212731789  0.000000
1212731828  3.891581
1212953904  7.125029
1211143535  5.387308
1211387724  5.276430
1211606238  5.955255
1211676376  6.259778
1212947192  7.334190
1212456712  8.502357
1212948234  6.536026
1212978813  8.108647
1211235425  9.130145
1211504993  7.645340
1211591762  0.000000
1211591837  0.000000
1211591854  71.554749
1211818763  7.973951
1212364346  3.893677
1212527744  13.063593
1212800223  7.799902
1213032159  11.064122
1211165616  5.794130
1211187264  2.662661
1212706046  8.106706
1211077672  6.629170
1211110347  9.609233
1211145625  4.031474
1211215436  5.452311
1211366141  9.255910
1211505073  4.160482
1211752040  5.857628
1211765275  5.452311
1211837222  4.818148
1212007929  4.310417
1212158858  6.819670
1212448612  6.933331
1212468762  0.434843
1212762312  7.672035
1212765452  7.672035
1212809881  3.807535
1212296580  6.933331
1212304531  10.482800
1212920409  5.840215
1211685886  9.680988
1211121357  8.459093
1211206599  26.903397
1211823149  9.422276
1212173044  9.833469
1212772272  12.324826
1212308452  9.625865
1212189381  17.196098
1212273924  7.932104
1212986955  12.219339
1213034801  5.064697
1211087748  6.578074
1211348634  6.614851
1211615483  9.782674
1211751242  6.924653
1213064125  10.486482
1211104598  8.689754
1211210258  6.991662
1211675607  8.502357
1211934107  2.229536
1211346396  6.502928
1211426421  8.230601
1212904021  9.130145
1211066294  8.962947
1212518645  4.930564
1212764020  2.714258
1211153763  5.792529
1212599454  5.452311
1211382624  6.414483
1212519861  8.890970
1212812549  4.569042
1213077752  9.899595
1213079862  7.737700
1211607789  6.338871
1212638928  8.450442
1211830036  6.933331
1211953279  10.134534
1212378689  2.015234
1212389758  7.970181
1212958329  12.616920
1213001190  9.413899
1211094588  7.488096
1211617332  10.657480
1211797965  6.919250
1212051231  12.616920
1212162575  5.955255
1212284600  5.857628
1212810768  8.646465
1212821080  7.432405
1211321344  8.886233
1212018112  6.782523
1212726997  7.799902
1211260509  6.850142
1211321950  6.792180
1211594557  4.907292
1211160556  6.737845
1211225751  5.165718
1211394132  6.719693
1211562215  11.235155
1211825014  5.947975
1211826601  5.074916
1211846933  7.932104
1211926878  6.057849
1211936326  6.402625
1212372987  8.367778
1212456341  4.989080
1212991464  4.419219
1211165055  11.166610
1211257742  6.629170
1212817665  1.954166
1212697077  21.597937
1212718806  5.811305
1212890019  6.603172
1212899386  12.576715
1211875136  6.644959
1212289099  7.849054
1212702336  4.989080
1211214245  11.625713
1211527885  8.632558
1212060338  6.933331
1211158504  9.713538
1211855998  8.777214
1212596026  0.000000
1212596037  0.000000
1212596091  0.000000
1212596152  0.000000
1212596212  5.781455
1212714000  6.058123
1211043730  9.341104
1212381640  6.133264
1212462484  9.457854
1211900110  6.057849
1211914827  5.315285
1212359404  5.869506
1212427348  5.610757
1212631025  7.932104
1212722522  7.155475
1211810252  9.700473
1212683959  7.213581
1212950770  4.136169
1212674845  7.438897
1211462021  8.390658
1211505735  7.693686
1211838201  13.552547
1211986412  6.893919
1211988133  6.763023
1212018102  2.149582
1212275318  5.986897
1212295370  8.235853
1212473894  6.054169
1212678792  8.314145
1211086652  0.000000
1211086665  8.381510
1211938541  6.299712
1212806703  7.602326
1211158064  5.413868
1211677544  7.897989
1212150933  8.502357
1212335435  7.844714
1212363259  7.506921
1212802815  102.508926
1211354492  8.362974
1211726107  7.732291
1211849392  5.371231
1212115921  3.684711
1212212129  0.000000
1212212131  2.734625
1212255428  3.807535
1212959267  6.057849
1211092646  11.183639
1211747144  8.755723
1212033458  5.073641
1212369850  5.536273
1212462983  8.357038
1212553850  7.108190
1212867166  31.528757
1211240887  3.309369
1212209937  8.501431
