1211040444  6.387060
1211060257  11.414216
1211068801  2.716691
1211242432  10.555329
1211243982  2.716691
1211247599  3.790731
1211255056  4.997138
1211330206  5.497188
1211415406  14.959127
1211417130  6.732351
1211518563  2.716691
1211596337  5.413435
1211640301  7.485951
1211645464  14.440332
1211664352  7.005595
1211667672  9.268622
1211854755  6.171469
1211945450  5.595759
1211954876  14.806788
1212001442  8.558773
1212010558  3.086794
1212022368  3.486934
1212111395  7.081404
1212287149  6.499868
1212347042  4.798672
1212349133  20.269005
1212437511  6.387060
1212467665  7.058950
1212501223  3.960076
1212514275  9.671222
1212545460  11.215531
1212546653  4.341605
1212547746  5.769799
1212549250  13.446361
1212560505  8.280933
1212610610  10.243981
1212610717  4.206480
1212625155  10.895752
1212642068  16.361143
1212673295  0.000000
1212673349  0.000000
1212673398  7.628767
1212723183  5.406609
1212737277  9.263708
1211144526  5.555865
1211167925  14.565751
1211233106  14.068180
1211257820  5.590018
1211361205  13.083492
1211745029  12.771155
1211936497  13.021157
1212162934  6.263226
1212203693  10.667897
1212508245  4.224034
1212511345  3.628552
1212522062  12.979215
1212538021  9.320230
1212612459  7.998203
1212616025  2.716691
1212627626  4.386795
1212634040  17.028311
1212826811  9.733465
1212846199  9.829455
1212878129  5.636623
1213030508  9.476595
1211062072  13.849010
1211211193  7.775592
1211212084  15.595618
1211214968  4.151692
1211217528  11.962481
1211258326  5.867826
1211259979  9.620824
1211269373  6.624174
1211304764  4.089938
1211306658  5.406739
1211317719  4.686442
1211332990  5.387661
1211387259  4.085793
1211556660  5.978673
1211576233  2.587324
1211578161  0.000000
1211578221  5.783435
1211657485  2.672155
1211757414  5.102458
1211996219  11.974822
1212116603  10.052694
1211084469  5.253028
1211348857  9.809177
1211477304  3.386649
1211567416  6.723220
1211572013  14.975463
1211676091  14.754226
1211699474  6.819031
1211906166  4.289511
1211912509  13.456610
1212129227  5.201727
1212217305  14.587961
1212241186  5.918402
1212295108  9.264989
1212335105  1.813257
1212559639  0.000000
1212559695  1.646479
1212560253  8.635660
1212597710  3.386649
1212689948  9.454671
1212690005  8.542201
1212720494  15.392495
1212725269  8.947559
1212817289  16.170750
1212981826  8.244162
1211216633  3.628552
1211232770  8.349885
1211394538  0.779660
1211403700  3.225379
1211597642  7.707586
1211692399  7.011790
1211734289  9.166387
1211740053  0.000000
1211740097  11.271006
1211936784  6.517332
1211938619  17.456663
1211985461  8.623528
1211993406  9.176560
1212075286  8.810577
1212165004  6.078317
1212253605  8.426907
1212311307  13.383442
1212348817  7.438943
1212420365  3.022095
1212421390  27.425379
1212427457  18.690763
1212515284  10.551135
1212539920  11.766150
1212604181  9.533349
1212626230  5.018428
1212688443  17.219604
1212728140  12.117213
1212797390  14.035769
1212860228  16.768894
1212939882  13.036602
1212955746  33.626205
1212979237  3.331130
1212988565  5.417125
1213025882  5.835885
1211104763  13.383442
1211202998  8.603152
1211375917  5.180734
1211499753  3.331130
1211514728  2.716691
1211536371  10.889162
1211548364  0.000000
1211548408  0.000000
1211548410  13.719741
1211575672  3.331130
1211591336  0.000000
1211591392  2.961679
1211688300  12.500607
1211959878  8.847885
1211975250  4.977668
1212010641  4.290082
1212025474  4.219753
1212074055  6.549080
1212122177  12.927843
1212167120  5.496851
1212179610  2.910740
1212196599  6.954337
1212527861  13.142869
1212544202  5.896778
1212626566  6.549892
1212628572  6.595049
1212630517  4.290082
1212798520  2.966228
1212882387  4.362795
1212895576  3.543509
1211036766  7.070243
1211151164  6.204455
1211239484  0.000000
1211239485  2.507714
1211260079  7.892904
1211261570  3.694526
1211317447  4.881963
1211318967  13.479967
1211322596  7.096419
1211337414  10.133226
1211342173  6.371850
1211379434  17.216789
1211550494  5.413435
1211559491  0.000000
1211559495  0.000000
1211559553  7.838522
1212068592  0.000000
1212068598  8.830458
1212090916  7.491406
1212108521  6.321334
1212127598  8.843865
1212204844  21.681906
1212248692  5.586673
1212288233  3.243283
1212329390  19.772711
1212338469  10.603726
1212341538  0.682645
1212355150  5.588808
1212360156  3.277402
1212444468  0.000000
1212444489  6.726434
1212537423  4.950095
1212541799  7.178687
1212710218  0.864871
1212721934  10.778942
1212794221  7.286118
1212911047  18.084518
1211059667  9.178922
1211086883  10.467896
1211256966  6.704966
1211257985  6.078317
1211339525  6.181340
1211584916  14.845240
1211632695  7.820670
1211639289  7.648568
1211776811  0.000000
1211776845  6.521807
1211835676  15.696045
1211869609  24.215017
1212124594  11.551995
1212174988  29.177687
1212175015  9.319417
1212327832  5.167257
1212331115  12.686247
1212384918  5.805683
1212476723  7.483672
1212625378  2.736499
1212642606  6.895792
1212795605  4.151692
1212809835  4.954997
1212885082  3.845762
1212889354  6.438878
1212897278  10.766569
1212905300  10.661291
1212909278  13.674689
1212913668  7.404880
1211203182  6.505051
1211241898  3.975645
1211247810  5.819323
1211267342  1.673776
1211301649  8.352524
1211320670  9.850318
1211322556  10.385638
1211329209  10.296198
1211339110  11.295617
1211347216  8.784230
1211403974  6.847150
1211417973  1.033465
1211817417  6.522435
1211904879  22.035805
1211943044  8.482464
1211950350  7.132925
1211967941  3.386649
1212036980  4.392115
1212066515  6.286957
1212096070  10.367823
1212280707  3.900075
1212365037  10.658214
1212513848  12.841508
1212514451  6.162069
1212522007  5.406609
1212640512  7.497276
1212643266  12.009662
1212721036  23.966858
1212729171  11.787439
1212812393  86.085655
1212875634  10.137137
1213073752  9.586743
1211109182  8.701768
1211135378  6.078317
1211254303  7.128654
1211255859  6.494263
1211317856  10.551135
1211342967  3.510531
1211441010  6.078317
1211467612  2.716691
1211501514  6.133635
1211505571  3.078771
1211513085  5.416455
1211570838  9.352767
1211676779  7.523269
1211738140  11.571969
1211745498  6.859335
1211849565  6.987038
1211854587  6.852971
1211867092  8.638161
1211902961  15.561405
1211904520  5.428129
1211922534  10.551135
1211738029  14.740888
1211843799  3.277402
1211952475  4.180809
1212020156  2.716691
1212084772  11.298120
1212100732  6.181340
1212119222  4.184321
1212174370  11.545741
1212174905  9.729188
1212203056  3.871058
1212204321  6.227767
1212534793  11.168879
1212555978  4.780722
1212557599  4.524812
1212613970  5.743464
1212623763  3.386649
1212800790  2.620790
1212811578  5.759064
1212908485  10.008051
1211035108  5.428129
1211053232  50.934521
1211100081  8.468357
1211184014  12.443239
1211187384  3.880986
1211353879  10.050618
1211538845  13.562922
1211577694  7.551731
1211863694  6.181340
1211891109  7.346811
1211933795  6.268564
1211947300  10.743764
1212090436  3.362401
1212246062  13.559981
1212254652  11.009323
1212256890  3.960076
1212259378  9.292850
1212472264  11.450798
1212507920  9.840529
1212561659  5.496851
1212575568  8.962350
1212613538  16.031351
1212653586  6.734576
1212669400  8.325586
1212722193  9.482205
1212741193  12.484878
1212809924  6.519807
1212933436  15.792466
1212991402  12.515144
1213018927  6.704966
1213026151  4.657184
1211215796  7.437422
1211247225  5.003327
1211253848  5.439218
1211258401  4.580709
1211265967  17.489164
1211304281  6.368800
1211351004  7.495786
1211357496  5.891818
1211358493  15.753090
1211363225  5.918402
1211412577  14.756998
1211493507  2.652035
1211504550  2.546897
1211609152  12.727110
1211642695  11.823659
1211661727  4.861624
1211786404  6.819031
1211945759  13.816228
1212066980  4.527818
1212119034  6.300750
1212208533  2.810365
1212280830  7.404880
1212409343  9.352800
1212410280  5.322674
1212451627  124.611366
1212506896  2.052744
1212510740  11.324011
1212562008  9.981269
1212624841  31.439901
1212628454  1.598053
1212675827  9.333374
1212721268  6.522435
1212726651  15.445274
1212756627  8.782130
1212773784  3.150184
1212784071  2.716691
1212785388  2.762736
1212895530  6.275116
1213026929  7.448897
1211233499  14.397856
1211306011  1.783531
1211342537  10.005212
1211394193  9.447359
1211443577  10.328627
1211603768  3.277402
1211859715  13.127056
1212033605  12.520385
1212186801  11.781846
1212375697  4.246362
1212506095  3.143759
1212627306  3.448929
1212725016  9.613282
1212757350  15.083474
1212776134  12.114560
1212784437  12.055933
1212788085  5.339143
1211118458  5.852759
1211140275  19.268965
1211332250  6.416798
1211340632  9.652659
1211496340  3.331130
1211521576  9.613282
1211523836  6.716108
1211579658  2.507714
1211842491  4.219753
1211859639  11.981927
1211869543  6.282353
1211912569  2.014730
1212013472  2.783547
1212101986  2.266571
1212548019  15.186013
1212654760  4.857821
1212767559  11.707622
1212956640  7.576702
1212987628  11.842237
1211090951  5.918340
1211470364  12.133353
1211589979  5.258111
1211601090  4.290082
1211647095  5.211055
1211690172  5.333785
1211724325  5.428129
1211895208  0.000000
1211895216  0.000000
1211895250  0.000000
1211895252  3.513782
1212078371  4.934663
1212157156  12.335817
1212308257  3.577603
1212495835  5.503660
1212677971  4.520457
1212697911  4.624702
1212715719  3.018545
1212717380  17.735126
1212765913  3.386649
1212802903  4.219753
1213023885  3.386649
1211472414  9.482205
1211481203  10.087915
1211557313  7.173477
1211572368  13.705668
1211577850  4.219753
1211657215  3.544514
1211729006  8.491733
1211751377  5.615306
1211797204  4.791520
1211949363  5.693441
1211961906  15.784549
1211992701  1.843990
1212166962  12.633650
1212262394  6.078317
1212435789  5.761638
1212468029  11.967301
1212517033  5.978673
1212527262  5.616010
1212527422  2.716691
1212533666  21.890707
1212558470  10.558730
1212564349  12.457213
1212594218  4.341605
1212595162  0.000000
1212595188  0.000000
1212595192  2.859674
1212607844  6.078317
1212687377  12.495692
1212872104  12.133591
1212931485  5.503660
1212941767  9.671222
1212987521  8.080534
1213038524  5.978673
1211334545  14.405736
1211345851  1.783531
1211481715  9.657557
1211499877  12.079309
1211696147  10.850472
1212222413  8.553376
1212471454  9.545018
1212475633  8.407971
1212560192  8.481373
1212613842  13.866698
1212633338  8.939451
1212633712  7.063116
1212647053  7.955000
1212738497  10.111128
1212893753  8.491733
1213075816  7.240582
1211084522  9.617094
1211387419  7.163882
1211517341  8.474257
1211658998  8.413157
1211900168  9.482205
1211901529  12.156634
1212001580  5.849773
1212065685  11.792981
1212095425  11.310753
1212157780  8.033263
1212182602  9.350184
1212424778  6.003992
1212586748  5.996565
1212613425  0.000000
1212613432  14.055126
1212669353  11.792981
1212755208  7.404880
1213021867  11.521029
1213028509  14.844046
1211078644  11.122240
1211210669  9.073580
1211231440  12.192742
1211320077  9.739510
1211339051  3.006517
1211741332  14.292132
1212039387  4.928813
1212091028  3.346459
1212112600  12.715794
1212121118  4.950095
1212164708  4.085793
1212197377  9.633158
1212198547  7.761973
1212209140  10.823253
1212285693  34.722782
1212418010  4.680090
1212444084  71.561272
1212544410  3.450169
1212593874  5.786159
1212600650  14.259655
1212632265  0.000000
1212632281  6.327254
1212683929  2.234807
1212891421  4.367023
1211098957  8.337216
1211120878  8.638161
1211238143  13.225928
1211289465  10.072104
1211308215  12.335817
1211333523  12.738410
1211373810  8.476911
1211375489  6.227767
1211381017  12.133591
1211460758  15.929816
1211462443  8.611888
1211467590  3.331130
1211479511  5.432844
1211486251  7.177470
1211554065  4.638674
1211779348  11.136338
1211788006  5.475657
1211811212  5.588808
1211895682  11.414216
1211912003  7.651709
1211914859  11.159746
1211918494  16.648291
1211922001  7.651709
1212071686  2.360468
1212094593  8.151212
1212117912  13.468428
1212219787  12.719884
1212276934  11.225685
1212285746  8.899813
1212289301  1.813257
1212425157  11.989531
1212465939  10.385638
1212466101  8.378618
1212500125  8.307968
1212517369  19.174547
1212524040  1.783531
1212549279  8.222960
1212584256  3.225379
1212598337  9.244348
1212602992  9.741060
1212603475  10.766195
1212605986  15.224669
1212609705  8.889567
1212613936  11.483942
1212697557  11.937888
1212763241  7.651709
1212770363  7.049880
1212777737  9.095057
1212811863  3.246456
1212905229  8.054431
1213034680  14.165631
1213037427  6.866813
1211123079  5.153298
1211132990  7.752798
1211173544  8.491733
1211201816  7.737356
1211217102  7.653507
1211345733  8.449082
1211349388  10.096854
1211507763  8.792150
1211778960  6.649835
1211780201  10.691786
1211782704  9.983443
1211824152  7.881676
1211915934  5.307953
1211944207  2.728905
1211968301  3.510531
1212043663  8.558773
1212077577  2.963662
1212078592  4.219753
1212127085  4.289511
1212130132  7.854226
1212174753  12.742785
1212185996  0.000000
1212186062  12.058058
1212186216  2.944912
1212201643  12.335817
1212210073  8.381207
1212219758  5.178697
1212275447  29.918255
1212421504  10.698466
1212530458  4.042436
1212553585  3.468116
1212593051  1.623228
1212609901  11.167688
1212641716  0.000000
1212641832  0.000000
1212641893  0.000000
1212641953  0.000000
1212642014  0.000000
1212642074  0.000000
1212642085  2.397080
1212644413  14.163531
1212646087  7.700237
1212681535  3.833942
1212696151  3.477823
1212806569  13.224307
1212898469  2.653547
1212937884  13.610280
1213005688  9.238208
1213007466  8.407515
1213069449  6.466884
1211080176  9.215486
1211243866  18.402830
1211248796  10.243658
1211259705  13.641212
1211331323  5.755966
1211346342  6.664803
1211403650  3.838230
1211504014  7.585764
1211567090  13.325595
1211576545  5.788874
1211679670  11.536184
1211695240  4.175484
1211735087  5.771633
1211898508  0.000000
1211898550  0.000000
1211898551  5.601437
1211901440  10.472992
1211928469  13.667082
1212006229  3.277402
1212010482  6.331563
1212020727  12.335817
1212022072  2.144756
1212028828  8.834739
1212030051  9.554861
1212164024  1.016780
1212165320  16.940786
1212184679  17.172108
1212268360  774.969666
1212345638  14.483172
1212399175  6.753686
1212400527  5.503660
1212474448  7.540053
1212552477  13.125407
1212712424  13.929379
1212763863  15.894573
1212786218  5.896778
1212906026  18.921850
1212907751  7.575002
1212946276  7.311364
1211227755  4.771594
1211232317  11.122240
1211253816  15.002948
1211258447  4.290082
1211262074  11.573014
1211265889  13.333982
1211289514  4.945246
1211318818  4.290082
1211346745  5.590018
1211348549  4.290082
1211375513  3.386649
1211466070  14.802981
1211504160  6.331563
1211515296  4.657184
1211532214  13.971108
1211681237  11.122240
1211690948  11.830856
1211765252  5.762562
1211937881  9.482205
1211942831  2.587324
1211951159  10.349447
1211978539  9.904235
1212012540  4.224034
1212019166  4.290082
1212037625  14.440557
1212060926  19.847382
1212113843  9.326759
1212115435  3.510531
1212181840  5.047156
1212297613  8.411190
1212341225  15.908452
1212405499  6.624174
1212544736  21.434734
1212558863  4.294435
1212627638  6.621985
1212631274  4.771594
1212703738  7.070243
1212760737  11.167688
1212781873  1.813257
1212808244  7.806061
1212840879  1.783531
1212844720  7.964490
1212963460  12.596478
1212966682  8.491733
1212970506  7.489610
1211074050  8.856165
1211177075  12.491426
1211233496  11.229866
1211315264  6.387060
1211593223  5.339143
1211675795  9.911333
1211678640  5.409369
1211732910  2.988219
1211774794  10.359400
1211907552  9.357913
1211911470  9.957688
1211923258  14.011234
1211938907  1.813257
1211939574  8.808054
1212011339  8.210163
1212038873  5.167257
1212049717  4.219753
1212452426  106.831703
1212453376  4.451831
1212454773  2.963662
1212641692  17.554974
1212720467  5.844520
1213034431  4.021952
1211211397  2.762736
1211220514  7.293981
1211229934  6.331563
1211387118  4.596517
1211548798  6.438878
1212007159  3.191432
1212172094  15.702270
1212308694  23.774744
1212432143  11.188863
1212432535  9.801963
1212432766  10.915066
1212669579  9.421806
1212680554  11.709045
1212680735  4.341605
1211559866  2.672155
1211903188  5.241580
1211905220  0.000000
1211905254  2.116902
1211909190  11.272369
1212094411  10.957784
1212172237  10.993291
1212449229  6.216532
1212953834  9.320230
1212979668  4.600226
1213027487  6.191000
1211289331  7.068159
1211290295  6.020407
1211321311  11.201092
1211379174  11.767262
1211386650  9.888812
1211417601  9.308728
1211447289  5.430183
1211463994  6.107612
1211492895  8.814322
1211500284  10.437097
1211500987  5.428129
1211545801  8.744170
1211579438  4.551458
1211790693  4.451831
1211819014  6.487931
1211902612  4.293531
1211923963  7.438943
1211968327  7.915539
1211985209  15.298286
1212072601  8.168749
1212073692  5.253162
1212081286  4.367222
1212085503  14.165631
1212088556  16.159983
1212120063  6.822745
1212132130  14.416342
1212162386  4.301459
1212182162  7.441171
1212198863  12.544899
1212364129  7.289618
1212431005  3.943051
1212483248  6.734576
1212508715  4.607278
1212585640  9.518667
1212595126  3.326560
1212625888  10.609832
1212672297  0.000000
1212672301  15.252795
1212697861  4.290082
1212754231  0.000000
1212754232  17.986914
1212759006  10.349447
1212766776  8.010443
1212771203  5.368043
1212771914  2.432857
1212786414  20.138958
1212797918  2.092220
1212903513  17.021414
1212907188  11.754978
1211228799  3.543509
1211698361  11.101089
1211849277  10.349447
1212162169  1.875783
1212186146  6.030060
1212203433  6.331563
1212308761  3.960076
1212366430  8.232285
1212458786  8.935503
1212525990  2.427315
1212614205  5.967281
1212627839  7.849296
1212658762  6.387060
1212681032  4.600226
1212683647  9.111723
1212690119  5.735876
1212730419  6.522435
1212766752  8.410821
1212853087  8.865286
1212858123  9.179345
1212877741  11.028806
1213020706  4.294435
1212340254  14.631848
1212364500  2.940417
1212440807  5.018428
1212536448  3.510531
1212552078  8.613283
1212583863  8.594450
1212677599  7.080168
1212679656  7.225823
1212682252  4.219753
1212735230  10.734571
1212756693  4.362795
1212812951  6.606822
1212818818  4.623600
1212848262  9.320230
1212986153  9.263708
1212997973  11.435690
1211223500  16.503353
1211303317  4.704432
1211328206  6.704966
1211332628  3.960076
1211338831  8.489345
1211343597  9.540129
1211356440  14.165631
1211383586  5.180734
1211384220  9.002010
1211419561  3.564893
1211431018  5.548218
1211442219  15.869882
1211472857  13.890316
1211476323  8.100947
1211548732  7.275702
1211560840  5.363221
1211567811  12.335817
1211680785  8.440092
1211696839  7.029540
1211778602  5.978673
1211779026  12.189830
1211780446  9.482205
1211916123  7.988342
1211930605  4.652682
1212025086  6.519363
1212116762  10.821997
1212177042  3.907671
1212190695  4.151692
1212286509  5.406739
1212361751  9.843225
1212456196  7.779646
1212459387  5.496851
1212470535  5.435362
1212580744  10.211947
1212689013  10.970027
1212779452  7.213233
1212782164  3.260029
1212801689  11.302011
1213022753  5.409369
1213072807  5.755422
1213081604  7.247150
1211135766  17.934326
1211310180  9.970955
1211352279  16.695608
1211417782  7.648568
1211434551  13.383442
1211440434  9.743926
1211489858  6.818610
1211574343  3.219439
1211581090  6.385682
1211869907  13.294061
1212022878  2.128388
1212038590  9.357913
1212201550  4.299057
1212213431  8.245396
1212421280  15.081479
1212447421  4.290082
1212452193  6.115177
1212471677  10.353388
1212506548  3.570032
1212612417  3.075499
1212694582  12.302302
1212768731  8.629230
1212780943  4.438016
1212945334  8.961741
1212951948  12.767552
1212952004  7.164179
1211042302  12.795189
1211051533  10.489335
1211053355  6.414892
1211064599  12.189057
1211074098  7.265924
1211420404  5.732039
1211425721  6.181026
1211523252  7.721217
1211616062  18.295870
1211662763  4.367222
1211680738  14.793599
1211684402  3.859891
1211826050  3.456178
1211829799  8.031757
1211908390  6.127319
1211938954  4.290082
1211944557  7.189508
1212087566  18.156742
1212157552  6.746778
1212209649  9.116678
1212215505  10.807440
1212395482  17.433792
1212460109  2.716691
1212463471  10.385638
1212467145  7.801371
1212467767  5.977517
1212490088  10.986691
1212497874  6.734576
1212514777  8.903221
1212544014  8.928200
1212592670  4.505500
1212614046  3.965762
1212726400  11.804738
1212914507  14.245417
1212932129  14.261516
1212942269  11.555933
1212996076  7.452840
1211081019  9.062192
1211203830  12.575829
1211203928  9.089093
1211265616  13.383442
1211273765  11.710741
1211336812  5.339143
1211393037  0.000000
1211393097  5.496851
1211465240  4.351817
1211472160  5.525743
1211560370  2.859674
1211681653  12.985071
1211685273  3.808386
1211835925  4.520457
1211931678  2.887025
1211983074  6.227767
1212034321  6.512620
1212068153  4.451831
1212074214  4.438016
1212099138  10.071156
1212099933  6.933801
1212101036  5.885286
1212196254  5.929593
1212197430  2.587324
1212211386  4.525153
1212218351  4.063802
1212250657  11.808920
1212397663  13.208264
1212522362  3.694526
1212593645  6.183024
1212602888  10.636633
1212671480  5.010581
1212679629  3.362401
1212689367  5.061375
1212796871  4.085793
1212844191  4.026032
1213019573  8.043363
1213025363  5.698422
1211030454  6.282353
1211211037  14.712563
1211216750  2.672155
1211217810  10.093978
1211219041  5.235096
1211224628  8.054136
1211229068  11.603206
1211313703  5.893485
1211319692  16.729845
1211382690  10.939908
1211383573  6.331563
1211411125  22.052887
1211412618  6.515954
1211427040  19.160532
1211430172  5.074017
1211474095  0.000000
1211474101  1.843990
1211476580  8.633949
1211478217  9.430282
1211512269  8.865286
1211514502  3.503430
1211519606  5.018428
1211521460  6.128689
1211584869  12.752849
1211590766  8.054136
1211683933  9.724113
1211930603  7.526271
1211932088  11.944681
1211936775  9.671514
1211938699  7.304133
1211946610  4.189964
1212010051  6.200918
1212025603  3.191432
1212028819  3.101264
1212069132  6.879574
1212086558  22.917236
1212091857  4.294435
1212124678  3.960076
1212173730  43.840179
1212180349  4.074429
1212193977  9.482205
1212202779  4.993091
1212298593  13.363306
1212299745  17.460335
1212463138  6.299136
1212511648  5.976439
1212532186  4.524812
1212540088  4.290082
1212543767  2.092161
1212544828  5.615306
1212549203  4.815234
1212550668  4.795917
1212611093  5.881102
1212619759  4.438016
1212621387  2.629185
1212633729  8.677338
1212645618  7.608400
1212691479  12.903031
1212703732  8.937140
1212708063  7.524766
1212708459  5.428129
1212710508  6.488677
1212721374  3.829670
1212726714  4.294435
1212768235  4.290082
1212781652  3.331130
1212791291  10.132165
1212804966  3.326560
1212811777  9.447359
1212885771  14.211940
1212905193  9.277650
1211080252  2.716691
1211117185  13.682548
1211148936  12.540841
1211164390  7.212426
1211168897  14.477271
1211241508  8.468497
1211331786  6.624174
1211599711  10.344224
1211679045  5.476701
1211728746  8.307968
1211863931  7.663903
1211939078  6.176659
1212065702  9.482205
1212066729  9.326759
1212070825  7.725168
1212089908  5.100466
1212094388  5.637008
1212106154  11.122240
1212121211  5.683449
1212293156  11.656144
1212351565  9.548848
1212440559  14.087833
1212462510  5.460108
1212465364  6.674738
1212466492  6.625654
1212537579  6.664803
1212807415  7.057859
1212814553  13.389753
1211056756  9.030787
1211067455  5.750190
1211141323  20.183779
1211202936  19.194687
1211217512  7.962384
1211250059  9.035551
1211343653  16.691732
1211348207  7.425869
1211414052  5.167257
1211518332  2.810369
1211557224  4.063978
1211599769  8.481039
1211777956  20.332327
1211792368  4.600226
1211818721  4.861011
1211846014  14.368443
1211923330  2.672155
1211946413  4.413965
1212032016  8.868237
1212042862  16.208504
1212118727  11.604452
1212164727  4.600226
1212172925  1.673776
1212360973  6.740649
1212385794  15.712590
1212546088  5.719755
1212584849  11.236144
1212589323  7.956782
1212592391  2.672155
1212680188  1.490348
1212732907  13.383209
1212767977  4.219753
1212785303  14.579764
1212794001  9.966063
1212858361  8.930980
1212910956  13.341784
1212936206  16.138487
1211028894  0.570116
1211065706  7.719757
1211071694  12.561792
1211082092  9.857481
1211094710  8.090562
1211105793  13.831236
1211262122  5.347340
1211302891  3.346313
1211306245  11.845359
1211307240  6.874309
1211378798  7.648568
1211401260  10.229917
1211426690  6.191000
1211433518  12.796690
1211439466  3.086362
1211564526  10.499416
1211567668  5.101524
1211589177  9.269597
1211607385  15.660604
1211672539  5.346457
1211804527  0.000000
1211804548  0.000000
1211804552  7.491045
1211808802  11.604452
1211820216  7.058950
1211865552  13.013943
1212038774  1.781011
1212113613  6.227767
1212132411  7.935647
1212242646  5.087173
1212258361  3.270113
1212282974  4.224034
1212293084  0.000000
1212293093  5.163042
1212303849  2.031209
1212451401  3.331130
1212459804  11.246123
1212503406  9.353739
1212544213  2.762736
1212560837  4.669876
1212649026  2.813240
1212763379  12.632994
1212836873  13.175187
1212879262  5.293168
1212881168  6.372075
1212950733  4.177798
1211075675  6.334522
1211088258  4.684838
1211094003  7.128777
1211147266  9.911983
1211235384  6.115177
1211310838  5.867826
1211376229  11.767262
1211380018  2.397080
1211383795  14.208861
1211474977  7.309122
1211518977  8.543242
1211665726  17.281826
1211763478  9.482205
1211923153  2.762736
1212105116  9.693190
1212106976  2.716691
1212124469  7.149052
1212149177  9.983443
1212375778  6.949379
1212440152  18.805759
1212509526  2.963662
1212544059  6.279697
1212548355  0.000000
1212548395  0.000000
1212548416  12.367928
1212561621  4.027067
1213044409  4.413965
1213063960  6.331563
1211054796  11.535053
1211220702  2.672155
1211235731  4.514732
1211304567  12.845925
1211306232  2.910740
1211319441  14.106661
1211320508  14.916793
1211320568  5.013976
1211320847  6.657851
1211403352  2.672155
1211405012  3.704578
1211408552  2.295795
1211505219  4.524812
1211524660  20.663521
1211548154  20.972878
1211665916  2.469719
1211908482  9.810768
1211914546  7.778204
1211920244  5.496851
1211922058  7.293981
1211922769  14.916793
1211922829  9.565044
1211989550  4.224034
1212030176  0.000000
1212030200  2.986055
1212036611  3.386649
1212095426  8.212008
1212153969  5.204024
1212173391  11.844548
1212175529  6.078317
1212175781  10.613784
1212190305  136.086349
1212214839  0.000000
1212214853  5.468903
1212437048  6.729686
1212519505  10.778325
1212531400  4.290082
1212700729  17.402374
1212712308  5.148099
1212713901  13.651689
1212801907  4.040228
1212820130  1.888152
1211255382  5.683541
1211483994  12.055105
1211782607  7.314508
1211852599  6.763197
1211940189  12.300701
1212028298  0.000000
1212028365  4.955117
1212154261  4.224034
1212160694  3.543509
1212162476  9.586743
1212181943  10.596495
1212423586  9.005883
1212424342  7.526271
1212425067  10.779021
1212426911  10.240515
1212433247  8.802557
1212447688  4.638674
1212450103  7.141430
1212450409  10.361677
1212453925  5.178697
1212685861  11.820382
1212691006  10.701121
1212704684  1.783531
1212713344  0.000000
1212713346  5.082548
1212713762  5.087173
1212732656  8.768047
1212765303  13.150737
1212769057  6.954337
1211255228  42.527691
1211267531  6.734576
1211288399  9.092900
1211312134  7.648123
1211317030  2.716691
1211354013  10.388560
1211429449  9.582080
1211477194  10.218256
1211510123  3.704578
1211522903  3.331130
1211584381  7.240582
1211597529  6.740649
1211601018  7.423943
1211665003  8.654698
1211687547  13.898055
1211696723  3.444049
1211940133  6.965315
1212040481  11.494227
1212173754  12.764935
1212422805  4.740636
1212449358  11.974064
1212458666  10.790190
1212461502  13.592750
1212461924  11.678585
1212465632  13.177531
1212467306  9.878119
1212470858  22.052887
1212490762  0.000000
1212490823  6.819031
1212545621  8.865286
1212546357  7.189508
1212546720  11.483942
1212646190  40.923637
1212711518  0.000000
1212711519  1.813257
1212716600  3.386649
1212755267  13.562922
1212803088  5.741397
1212914899  11.909228
1211111630  8.976586
1211121669  19.255064
1211207184  8.620187
1211210693  11.736975
1211289802  9.320230
1211315810  5.615306
1211335854  6.657455
1211338877  7.608400
1211397894  70.275627
1211459837  0.000000
1211459881  0.542455
1211471496  6.499868
1211536896  6.902627
1211556283  4.799095
1211562579  5.644436
1211603279  10.041748
1211892796  4.730236
1211893420  16.613279
1211916778  12.133591
1212121276  13.724176
1212124810  9.359478
1212418248  8.245396
1212420490  6.734576
1212435580  19.756239
1212511367  4.085793
1212520361  12.543543
1212584041  5.828918
1212586431  4.294435
1212631632  4.520457
1212670168  16.768894
1212777187  8.427425
1212885635  6.176659
1212893058  11.559639
1212981935  3.225379
1211092942  9.881028
1211209594  0.000000
1211209651  2.859674
1211210211  3.386649
1211247240  10.132165
1211376388  2.365118
1211429823  12.137621
1211443820  4.817098
1211444125  10.247791
1211444797  12.130038
1211483162  11.056877
1211526312  6.189199
1211536550  11.483942
1211581057  4.934663
1211590981  9.548848
1211625199  7.003585
1211641241  5.428129
1211850087  0.000000
1211850116  0.000000
1211850144  0.000000
1211850145  9.548848
1212014386  2.716691
1212045832  1.783531
1212046694  6.943230
1212167974  9.396693
1212171802  12.905913
1212186509  10.580509
1212196019  3.730506
1212203598  12.656007
1212222667  10.247791
1212228792  2.507714
1212292568  12.133353
1212294199  8.556551
1212599906  7.442411
1212651018  7.845856
1212656248  3.386649
1212656821  22.814358
1212822081  27.425066
1212828064  8.056458
1212918594  5.867826
1211119215  7.439971
1211121604  14.534262
1211123202  0.000000
1211123224  8.468357
1211331223  7.058950
1211386305  6.966411
1211464771  3.075499
1211484759  4.435824
1211704604  10.497086
1211792714  0.000000
1211792774  11.436131
1211814785  17.052048
1211979798  0.000000
1211979826  10.562449
1211980468  4.381167
1212001277  7.042884
1212067897  5.574857
1212173333  4.627647
1212209074  0.793830
1212417879  7.651709
1212424845  1.957668
1212454612  7.071647
1212542022  5.564700
1212674050  8.013385
1212681057  3.342589
1212684287  4.096607
1212711749  4.290082
1212767184  4.984098
1212799269  5.254838
1213018285  13.306158
1211304272  6.877381
1211404377  7.976621
1211435130  9.268622
1211506361  5.503660
1211784001  10.971172
1212106104  4.290082
1212637079  5.867826
1212822823  6.536680
1212882431  14.671460
1212905696  9.161076
1211122097  3.943202
1211162593  5.317124
1211228184  8.023849
1211329809  3.839046
1211360753  10.889145
1211577805  9.829722
1211622266  10.489335
1211792670  12.940898
1211848918  3.694526
1211916837  13.902801
1211923363  5.149903
1211939102  1.813257
1211991249  5.934650
1211994751  11.184277
1212012523  4.290082
1212077059  2.314796
1212086552  2.672155
1212086872  11.678585
1212094935  2.963662
1212175933  6.078317
1212255421  6.209786
1212297847  14.427324
1212338364  6.030964
1212527849  4.775583
1212603162  6.252003
1212605956  6.834593
1212645292  4.290082
1212683512  13.113822
1212774300  6.843278
1212780595  4.413965
1212858508  11.182111
1212891003  7.669144
1213029449  9.674419
1211148671  14.971313
1211360088  8.962350
1211411308  8.436712
1211527899  7.081404
1211535410  16.215498
1211561182  7.541325
1211991182  15.396047
1212112233  4.219753
1212256993  16.089685
1212274999  6.106595
1212455516  26.438850
1212471322  1.886969
1212549243  11.409451
1212571484  7.058950
1212595760  8.791107
1212610281  11.000090
1212685353  4.689551
1212723627  4.485679
1212983454  3.352211
1211040550  5.406609
1211216294  6.198829
1211262707  14.464980
1211358292  9.190198
1211466221  6.753686
1211481828  3.937351
1211636940  5.947270
1211657736  5.428129
1211672307  11.702179
1211692479  10.132165
1211700132  12.025388
1211701239  1.875783
1211727122  17.960215
1211816979  19.888075
1211916134  3.549693
1211936731  3.139618
1211949731  7.054170
1212022869  9.352767
1212026725  7.719658
1212029393  2.092220
1212037398  10.419211
1212038308  13.383442
1212115099  9.263708
1212198634  3.907671
1212216489  5.496163
1212217452  2.709319
1212258512  11.051860
1212270340  6.152348
1212330820  8.299037
1212347171  5.760987
1212726537  6.331563
1212727154  6.220164
1212790402  0.000000
1212790432  5.100466
1212821021  11.780286
1212854576  5.950305
1212959030  15.077129
1212990520  10.385560
1211333689  11.853706
1211420799  4.119654
1211435274  6.000925
1211511137  12.503980
1211515890  14.919478
1211563264  4.021952
1211588365  6.387060
1211698170  5.406739
1211770271  2.716691
1211849611  7.911102
1211938201  2.629056
1211989512  0.000000
1211989538  0.000000
1211989549  2.963662
1212001143  7.278628
1212030882  14.004290
1212386435  7.398586
1212549413  16.861721
1212627939  6.900339
1212681235  8.151857
1212780695  5.058627
1211117446  14.980199
1211118376  9.401236
1211266542  16.597429
1211336544  7.820670
1211347906  9.156126
1211428106  5.828918
1211509999  7.215618
1211559886  4.290082
1211565206  5.239651
1211639523  5.632930
1211693962  11.182730
1211704073  13.164042
1211812247  8.491733
1211873427  11.756625
1212072627  10.970027
1212616860  7.448897
1212645739  11.350858
1212687277  5.896778
1212743959  11.477019
1212770854  7.718946
1212811453  9.176328
1212877332  8.595392
1213072454  12.200571
1211080307  9.981269
1211165220  7.656965
1211197468  9.904235
1211218498  6.282353
1211253191  13.387422
1211257821  7.346811
1211577404  11.348304
1211596673  4.233311
1211687155  7.495410
1212009221  5.875671
1212109063  3.138241
1212194651  6.152348
1212196516  4.517960
1212385736  7.987570
1212524488  9.447359
1212548331  13.546595
1212624500  5.815853
1212630257  8.981937
1212678207  5.849773
1212691919  3.386649
1212888216  2.762736
1212901034  9.805321
1213038528  5.207803
1213042329  5.003777
1213073389  6.824901
1211096460  7.081404
1211323592  5.713820
1211416256  4.235723
1211418924  10.710593
1211507322  13.347932
1211975779  4.600226
1212198183  11.551995
1212204156  22.250351
1212518442  5.018428
1212560912  50.839176
1212616282  4.294435
1212801394  8.381207
1212811005  12.029563
1212888975  9.488931
1212930307  10.250269
1213026547  8.403189
1213027396  5.018201
1211346565  9.693190
1211471535  4.768021
1211522463  6.070165
1212354560  2.672155
1212584735  10.385638
1212611252  10.132165
1211090810  26.288303
1211095389  12.119963
1211095454  7.541241
1211121259  7.541325
1211131856  11.656144
1211136410  1.942775
1211138222  13.408071
1211208045  5.784690
1211322053  1.843990
1211403584  6.078317
1211423154  6.227767
1211680160  6.298258
1211683326  3.680944
1211949663  1.843990
1211960535  7.491045
1212002305  0.000000
1212002365  6.819031
1212007395  4.684838
1212009244  6.331563
1212177035  3.510531
1212200555  10.215382
1212202118  13.410856
1212427476  4.928813
1212498377  4.294435
1212584635  26.879019
1212594597  4.413965
1212596007  4.376914
1212599283  10.132165
1212599823  16.489021
1212631899  2.198171
1212719343  5.063281
1212757485  18.356403
1212762166  4.680090
1212764360  2.672155
1212858225  11.748398
1212881995  7.648568
1212969882  12.484641
1211070133  11.632768
1211177721  7.707586
1211376294  6.411119
1211416400  4.012695
1211430232  2.716691
1211471463  10.970027
1211530402  1.813257
1211680467  0.000000
1211680469  0.000000
1211680507  4.294435
1211900068  0.000000
1211900128  0.000000
1211900188  8.834693
1211900416  11.723185
1211959856  2.672155
1211995197  9.210914
1212025570  3.468116
1212026766  2.672155
1212030780  10.385638
1212040953  15.514212
1212049093  1.813257
1212104642  10.265996
1212107994  7.964490
1212117208  9.904235
1212386813  13.924773
1212527631  7.337491
1212550216  3.138241
1212640981  11.297481
1212642037  9.983443
1212789213  4.290082
1212805600  8.440451
1212897938  8.349885
1212898709  8.104423
1211196834  7.962384
1211224318  3.386649
1211249963  6.284538
1211316462  7.399937
1211484183  8.325586
1211547981  10.535784
1211932132  7.775592
1211993597  14.570025
1212000726  8.164739
1212023818  4.623260
1212075041  1.783531
1212210142  14.812252
1212371312  8.246420
1212371723  7.534125
1212386218  9.910176
1212416396  5.867826
1212436374  12.759935
1212458906  6.082914
1212511735  6.114783
1212779122  14.522998
1212780551  5.555865
1212812899  4.939437
1212845061  10.766195
1212903381  8.919330
1212979146  9.308985
1213003096  15.616731
1213048265  5.604683
1211118141  5.588406
1211560437  7.408063
1211617439  14.936265
1211635783  4.305161
1211651004  4.108453
1211662475  9.143133
1211694631  12.469676
1211826434  9.320230
1211851164  10.563043
1211911722  8.616510
1211935452  7.922339
1211936159  10.480130
1211938735  25.340376
1211979145  9.326759
1211989186  4.591604
1211992892  5.869815
1212109697  4.204439
1212348023  5.496851
1212363493  8.620187
1212594336  2.672155
1212716487  13.737744
1212904491  4.316677
1211270881  10.217402
1211082810  0.000000
1211082838  3.260029
1211120620  15.257236
1211121138  7.089028
1211156487  13.832087
1211227755  6.114150
1211318924  13.494827
1211320245  7.737356
1211473263  2.234807
1211586323  4.085793
1211607438  14.018686
1211629209  9.033064
1211670609  6.401720
1211825503  9.521545
1211892557  13.911700
1212066962  5.520131
1212077797  2.200042
1212083165  7.781399
1212083324  9.738620
1212114881  14.783792
1212178375  6.284455
1212342081  16.504171
1212390363  21.962379
1212401387  11.656144
1212443028  6.518017
1212525327  6.078317
1212526972  5.315619
1212547234  8.310095
1212566369  13.195635
1212728110  17.387383
1212879365  10.077183
1212946390  25.527615
1212997310  5.683541
1213035254  7.170532
1211101156  8.352524
1211181748  5.333785
1211188750  11.710741
1211204909  4.715985
1211254667  7.291089
1211338287  4.587152
1211340651  11.268667
1211342265  3.628552
1211354211  14.293092
1211426871  7.523269
1211487151  11.122240
1211489114  4.421236
1211612969  6.522435
1211616687  9.644221
1211618995  5.849773
1211879556  19.386383
1211917150  19.847382
1211923078  2.716691
1211942770  11.633921
1212000583  8.558773
1212053031  5.778266
1212092364  4.600226
1212134998  10.077183
1212180258  1.310788
1212219819  10.975348
1212296275  4.652682
1212316140  11.436131
1212380183  6.331563
1212384393  13.304977
1212397037  7.991786
1212417035  8.310095
1212430873  2.716691
1212432085  21.304266
1212478234  13.455614
1212495013  3.386649
1212501490  5.471142
1212507206  2.672155
1212508474  1.783531
1212559970  5.096172
1212578290  8.087584
1211071642  18.246565
1211137751  6.192008
1211159320  4.119605
1211224240  28.122931
1211240661  11.345742
1211249100  13.420898
1211313335  13.346688
1211349738  11.918557
1211398433  7.617051
1211434514  5.496851
1211463401  11.528985
1211558004  8.555652
1211677245  9.326759
1211686415  14.099515
1211686491  0.000000
1211686552  0.000000
1211686612  0.000000
1211686638  0.000000
1211686698  0.000000
1211686758  0.000000
1211686818  3.513782
1211687004  0.000000
1211687060  0.000000
1211687120  1.623812
1211760052  8.104423
1211773751  5.840987
1211780270  6.331563
1211782274  6.078317
1211818248  4.155904
1211866413  9.566177
1211868316  6.632985
1211930206  5.503660
1211943735  6.819031
1211999807  6.415510
1212033758  9.904235
1212099567  5.153298
1212111093  8.522386
1212122910  6.819031
1212164252  5.596942
1212197501  15.129951
1212247180  6.873546
1212287273  4.376914
1212432753  12.114560
1212470751  8.855179
1212505795  9.098285
1212539571  2.469719
1212550311  8.760118
1212552577  11.122240
1212641842  6.358819
1212668474  12.866940
1212696226  8.986628
1212709930  4.204439
1212775488  2.963662
1212821783  3.174983
1212847649  1.773180
1212863453  17.561432
1211044164  8.283820
1211053792  4.413965
1211102863  6.789470
1211213122  10.266684
1211241703  5.443269
1211257231  10.385638
1211261017  21.526917
1211261392  0.000000
1211261452  0.000000
1211261512  0.000000
1211261628  0.000000
1211261682  4.224034
1211269117  5.492372
1211309061  10.790190
1211425749  9.846799
1211502801  4.173659
1211640672  5.235096
1211694757  13.678456
1211806972  4.224034
1211889076  8.468357
1211907745  5.771633
1211915593  7.251473
1211978315  12.913764
1211979733  17.272528
1212018448  2.716691
1212020578  14.209498
1212028451  11.097951
1212031432  3.432066
1212039903  5.588808
1212040739  15.719282
1212041879  7.523269
1212106294  14.673253
1212120133  5.778532
1212122207  8.352524
1212473970  13.593393
1212510047  5.856047
1212547654  14.314782
1212585330  7.058950
1212603744  5.596942
1212632222  5.771633
1212632505  10.799109
1212727769  7.290493
1212733856  11.989531
1212752374  9.015545
1212762736  14.346954
1212796721  9.548848
1212805613  3.243491
1212861803  7.806061
1212935490  10.385638
1212976783  11.167688
1211060202  3.138241
1211119600  7.314044
1211128454  11.185674
1211219304  6.282353
1211341420  5.713820
1211373476  15.023754
1211411399  12.133591
1211474541  4.182024
1211583227  4.085793
1211594860  10.385638
1211643646  13.462430
1211783375  7.408063
1211927050  2.462623
1211951118  12.866940
1212029367  337.541046
1212206502  6.783817
1212223285  7.772798
1212432686  10.661291
1212535637  2.783547
1212537721  7.761973
1212555997  2.716691
1212611960  12.987617
1212722990  13.235532
1212937422  6.167459
1211033937  5.100466
1211118016  7.290493
1211201050  22.381702
1211202478  8.329532
1211241656  9.143136
1211243392  6.078317
1211247785  0.000000
1211247820  23.218544
1211261735  10.759518
1211330624  4.413965
1211385625  3.456178
1211389933  11.076173
1211466034  10.234118
1211469331  5.978673
1211576593  18.571901
1211582497  3.900075
1211593431  6.707244
1211640757  5.087173
1211661892  0.000000
1211661944  10.167523
1211698314  70.779556
1211845185  13.747266
1212020388  2.547426
1212202337  12.918274
1212297255  7.417696
1212331419  8.865286
1212367281  3.138241
1212375647  7.485951
1212447595  2.716691
1212499342  0.000000
1212499344  14.688510
1212503282  4.680090
1212518091  5.209986
1212626414  18.582483
1212626452  16.592228
1212640879  5.496851
1212672683  8.522386
1212679289  7.909307
1212682635  4.219753
1212723271  6.003992
1212767542  1.813257
1212800774  7.785776
1212932311  4.600226
1212959451  4.294435
1212963317  6.902627
1212973975  11.891347
1211056756  9.030787
1211088680  6.070165
1211093046  6.843773
1211121012  6.966803
1211123193  9.019578
1211205340  45.332508
1211319048  9.507437
1211333148  15.135367
1211335193  67.594986
1212758670  6.549892
1212778090  7.077271
1212817091  17.250847
1212818550  7.931582
1213023577  11.411697
1213023622  144.988403
1213034945  5.882243
1211035758  6.848722
1211079020  9.033064
1211181563  5.159681
1211314056  4.025098
1211316667  4.427421
1211411756  8.955103
1211419133  1.261269
1211423001  5.206093
1211497990  8.961362
1211505489  37.254105
1211505999  6.854648
1211509787  11.951830
1211589078  8.960574
1211776752  0.000000
1211776822  0.000000
1211776851  351.391388
1211918823  9.482205
1212022872  1.543397
1212310083  572.930908
1212461877  190.488647
1212463957  9.810768
1212784914  9.713453
1212815495  54.397709
1212882143  9.888812
1212884279  11.212737
1212898922  10.492781
1213022704  7.101357
1211199696  12.595264
1211240591  5.771633
1211390738  11.777768
1211477552  9.482205
1211486680  10.385638
1211527453  9.663552
1211581021  2.716691
1211749793  11.345742
1211749853  8.791382
1211802269  10.661291
1212018981  8.491500
1212047741  11.435690
1212090049  8.341681
1212091260  1.783531
1212179732  4.600226
1212180620  14.802981
1212181866  4.766758
1212206550  0.000000
1212206571  5.114868
1212369033  11.710741
1212430659  11.604452
1212434364  7.608400
1212457299  13.301550
1212470718  12.418898
1212472204  15.886887
1212476821  5.636573
1212559604  11.689654
1212642403  10.970027
1212701479  6.669533
1212702638  2.198171
1212721675  13.104815
1212782309  5.503660
1212791396  4.294435
1212827982  14.621750
1212905095  7.608400
1212713901  13.651689
1211048280  12.492160
1211052086  5.339143
1211065484  3.444049
1211138593  14.341496
1211214605  0.000000
1211214609  0.000000
1211214634  4.939437
1211303212  4.362795
1211316203  12.712379
1211327398  8.418465
1211409382  4.600226
1211444609  10.658214
1211508760  4.870433
1211529851  17.157597
1211543134  16.233774
1211929331  7.915561
1211943317  13.782651
1212011438  6.100903
1212024990  9.950786
1212035513  5.185474
1212040914  7.823829
1212055859  5.947270
1212060518  7.080168
1212068081  35.139137
1212075931  5.889483
1212108401  12.495837
1212111361  1.560056
1212214414  10.558481
1212459176  2.462130
1212503104  3.444396
1212544165  4.442519
1212717575  4.219753
1212880878  3.480584
1212940569  9.766623
1212963806  16.613544
1212985032  17.789232
1212990274  7.952271
1213005370  9.234452
1211095337  10.812979
1211158827  4.600226
1211206227  12.917288
1211208715  9.683745
1211226968  10.082976
1211229389  16.836269
1211250424  10.643130
1211292060  6.734576
1211355133  8.002860
1211401119  6.723220
1211427950  5.428129
1211436305  10.082232
1211443783  13.164042
1211465384  13.682548
1211477526  11.604452
1211706543  12.344548
1211823904  8.491500
1211921757  3.174983
1211932305  6.300750
1211956473  11.767262
1211986862  2.762736
1212000931  3.526095
1212029689  14.665104
1212172566  14.440557
1212207993  9.756376
1212220870  10.557699
1212389116  17.551517
1212426011  5.950305
1212479770  8.491733
1212504003  5.698422
1212505394  8.657440
1212540039  4.844927
1212556777  7.660199
1212593007  2.629056
1212595384  4.601180
1212605644  8.285051
1212610613  2.914966
1212681372  4.342503
1212683072  3.126137
1212766592  13.132575
1212802223  11.916686
1212813091  7.428198
1212820528  9.282542
1212823558  1.726911
1212846237  11.626733
1212903536  6.474112
1212932919  17.389116
1212957515  12.226154
1211081253  3.538837
1211156804  6.331563
1211179414  6.834837
1211373726  0.000000
1211373754  0.000000
1211373755  8.558773
1211989704  10.939908
1212001562  6.773297
1212024829  11.598298
1212084629  1.663280
1212085766  13.827745
1212147807  5.339143
1212716518  4.290082
1211093029  13.764840
1211214392  6.704966
1211322037  12.726938
1211422008  4.290082
1211460615  7.087019
1211547860  12.287482
1211553538  12.817910
1211559189  5.771633
1211561799  9.326759
1211590998  9.482205
1211594125  6.977785
1211755484  5.339143
1211766948  4.290082
1211777845  4.294435
1211838103  9.798153
1211868074  11.989531
1211943608  6.415147
1212067301  6.415510
1212126369  13.555544
1212155941  0.000000
1212155945  1.599933
1212158091  310.905487
1212162449  4.587152
1212183890  11.122240
1212192397  13.444175
1212252082  15.332105
1212325939  7.962384
1212330009  7.651709
1212332339  4.938547
1212370467  2.861957
1212380061  12.270542
1212476944  8.626466
1212493906  2.716691
1212543387  8.606360
1212627415  6.331563
1212677908  7.526271
1212714269  0.000000
1212714291  2.716691
1212732989  9.091208
1212733242  22.305737
1212754083  9.670568
1212758699  7.201427
1212766682  10.215382
1212802271  9.268622
1212878674  5.596942
1212909826  13.362219
1212977186  12.358045
1211270881  10.217402
1211316097  6.783817
1211466939  0.000000
1211466996  0.000000
1211467008  10.447763
1211470586  7.651709
1211678053  5.428129
1211951012  7.425869
1211993539  7.651709
1212028148  6.350377
1212030877  9.186144
1212377143  3.037008
1212426265  5.380539
1212427701  13.087789
1212430053  18.040186
1212430111  19.978331
1212440394  6.866235
1212441158  6.415748
1212468046  4.684720
1212470748  6.552237
1212559246  5.652827
1212653784  7.425869
1212678420  2.716691
1212720001  11.310753
1212807055  10.132795
1212818601  12.779055
1212980360  9.482205
1213036050  0.000000
1213036051  6.078317
1213051240  5.352620
1211091027  7.434344
1211227377  12.166361
1211312369  16.567312
1211383200  8.352524
1211385897  4.151692
1211410762  5.413435
1211481975  9.035551
1211490429  4.438016
1211658352  7.526271
1211771528  12.585497
1211777890  6.392842
1211811881  4.600226
1211919404  6.030060
1211989422  5.406609
1212004446  4.224034
1212073019  7.915561
1212080192  15.908469
1212084052  0.000000
1212084160  0.000000
1212084217  60.783173
1212084569  39.699554
1212134407  7.483672
1212215384  15.609357
1212233743  9.759398
1212424896  1.843990
1212429808  12.759935
1212430641  1.673776
1212432965  5.978673
1212464318  6.373040
1212504972  9.693190
1212509064  2.859674
1212524348  13.809576
1212537552  2.672155
1212540495  6.943230
1212601630  12.335817
1212645293  7.678093
1212678750  8.940701
1212764910  8.553376
1212790781  6.873633
1212794054  8.661263
1212817783  7.439971
1212848711  7.293981
1212865238  7.781399
1212913123  12.284043
1212965593  8.379336
1211133878  6.192706
1211170163  5.153298
1211510415  12.973436
1211085324  13.314614
1211145649  12.079309
1211157081  14.756998
1211246815  1.813257
1211253670  7.915561
1211254436  13.016058
1211310140  10.555329
1211310200  7.458846
1211325438  13.868375
1211329744  8.661263
1211378107  6.704966
1211425435  15.288047
1211468471  5.362778
1211471891  35.790627
1211472097  4.130130
1211486484  22.541512
1211566005  17.545406
1211584406  13.514276
1211637032  5.867826
1211655949  13.750100
1211699506  14.899925
1211746778  4.182024
1211757464  9.622678
1211780984  4.063978
1211856690  9.507437
1211865523  10.734571
1211931936  7.962384
1211935345  7.831853
1211960589  12.866940
1212008039  6.298258
1212029787  8.971837
1212071299  14.702157
1212109561  2.716691
1212181899  5.503660
1212255231  12.857174
1212295259  6.704966
1212443426  6.273035
1212533189  8.519275
1212564488  6.734576
1212695835  5.173396
1212760649  15.971779
1212760944  17.461651
1212786245  12.524715
1212987867  9.898988
1211024482  3.386649
1211039723  11.157211
1211083541  6.760950
1211087539  6.691721
1211088553  11.295680
1211096026  2.508757
1211130389  8.283820
1211138623  5.798106
1211205438  7.908992
1211214727  2.469719
1211250676  8.121544
1211394136  15.190039
1211438786  7.105873
1211492192  12.406732
1211832116  4.290082
1211837001  2.841622
1211985711  12.426067
1212451390  4.224034
1212458314  3.960076
1212623551  2.716691
1212678083  3.698801
1212679030  4.652682
1212765849  1.813257
1212853829  0.000000
1212853856  8.558773
1212891713  4.218818
1212899614  14.440557
1212911867  5.450542
1212969656  8.784552
1213029193  6.879574
1211214329  0.000000
1211214357  6.181340
1211220878  25.011824
1211257282  6.624030
1211300276  3.386649
1211309002  5.077488
1211434859  7.546116
1211444799  10.981190
1211518655  2.745931
1211645171  5.496851
1211682731  18.737490
1211785676  5.450542
1211875985  5.501087
1211898199  9.592365
1211939790  5.720443
1211941234  5.018201
1211985168  5.586673
1212008468  9.242728
1212081028  5.339143
1212181138  13.450482
1212212166  0.000000
1212212203  17.047579
1212251182  8.310095
1212283057  16.710075
1212390362  1202.050781
1212456274  4.596517
1212461197  3.513782
1212464537  7.081404
1212475037  13.137228
1212503389  9.330696
1212530452  4.219753
1212531452  4.294435
1212538781  3.841865
1212541214  10.863606
1212566918  13.143167
1212615774  7.665319
1212642788  10.650219
1212650516  15.008842
1212651120  6.599062
1212674650  9.806232
1212678598  5.185474
1212682755  4.219753
1212693902  3.539809
1212700321  9.144255
1212802086  4.977668
1212804489  2.587324
1212809755  6.095424
1212810891  5.752190
1212845038  17.173975
1212903341  12.079076
1212933857  5.771633
1212958821  8.620187
1212959277  8.475795
1213035712  11.696072
1213035826  4.242598
1211056141  6.263479
1211430295  15.745740
1211509515  3.903031
1211591025  4.290082
1211594864  5.569402
1211605337  8.701529
1211767439  13.177428
1211817555  10.264584
1211819791  8.148020
1211831585  12.226768
1211939585  11.044938
1212014017  9.326759
1212029075  4.849926
1212038618  6.819031
1212084419  9.564636
1212084761  17.481525
1212095286  5.093795
1212207291  4.818566
1212208038  16.389549
1212336744  17.287683
1212341708  10.279848
1212342229  15.088621
1212367035  10.265996
1212422627  5.273364
1212451473  11.707622
1212464876  8.433887
1212518997  3.557327
1212605450  9.380506
1212605525  5.114002
1212623948  3.196107
1212632463  7.177470
1212800916  9.130080
1212860473  3.543509
1212937415  9.642920
1212946823  19.064264
1211094019  6.116755
1211245195  2.145041
1211256517  18.331743
1211383304  4.184439
1211408329  6.078317
1211421283  3.933382
1211482901  12.511229
1211608931  13.951300
1211663078  7.401584
1211805217  4.600226
1211892423  5.503660
1211910184  3.510531
1211921335  9.738620
1211940104  11.324011
1211977644  13.527927
1212222087  10.159506
1212386314  13.336289
1212454703  1.783531
1212595150  2.716691
1212600035  19.133270
1212603230  9.586743
1212623913  4.600226
1212672965  4.934663
1212732670  6.227767
1212809311  5.771633
1212848990  10.240515
1212853478  5.185474
1213020034  0.000000
1213020036  5.489788
1213024078  4.376914
1213037868  12.177014
1213067458  5.503660
1213076781  12.547896
1213076841  9.287061
1211163209  1.928183
1211215014  6.459072
1211216826  3.704578
1211219962  6.753686
1211222918  14.320848
1211225382  5.645612
1211227302  5.652414
1211233593  5.921596
1211336965  10.236008
1211383506  4.224034
1211394379  10.942521
1211419635  3.191432
1211422149  6.789470
1211432182  7.425869
1211437725  6.903325
1211471572  6.630147
1211486722  8.159715
1211490287  9.098285
1211496589  2.716691
1211560960  8.295587
1211563886  9.482205
1211567071  7.775592
1211571019  13.346688
1211574757  2.070746
1211575175  9.726892
1211577466  11.122240
1211580377  7.293981
1211606638  15.274879
1211661709  14.653980
1211680304  7.909307
1211694991  9.983443
1211733858  5.052276
1211743582  14.579764
1211899269  5.706390
1211912413  6.554804
1211915156  4.212763
1211917029  7.909307
1211926718  19.139902
1211946144  13.702653
1212002589  8.183341
1212007789  2.769036
1212015465  2.716691
1212028339  1.783531
1212078815  2.490144
1212089086  8.347319
1212090406  5.844520
1212165971  9.242728
1212172823  4.029460
1212182309  4.524812
1212187957  6.137515
1212207013  6.523209
1212261899  8.297704
1212424901  4.246362
1212430685  12.022882
1212431540  7.820683
1212463480  6.331563
1212469667  11.056683
1212504309  8.935503
1212525485  12.497270
1212529929  5.167257
1212542820  8.310095
1212611111  3.456178
1212613872  4.290082
1212616018  2.831323
1212690697  9.689177
1212691937  12.841029
1212693360  4.246362
1212700895  8.491733
1212702948  9.739869
1212713841  6.653660
1212732989  11.316794
1212766353  3.386649
1212769789  3.677213
1212780530  2.899952
1212785647  3.883096
1212787244  4.469892
1212791086  5.978673
1212793537  4.290082
1212996516  16.384953
1211329446  5.406739
1211329903  4.515876
1211331517  3.138241
1211345940  11.792981
1211350632  3.386649
1211489341  6.846459
1211501613  8.418465
1211521375  18.039156
1211530642  9.186144
1211577187  11.865728
1211747850  5.093795
1211756616  7.290493
1211778742  13.838744
1211787192  14.265061
1211947895  7.035070
1211949709  11.626285
1212109600  7.909307
1212110339  12.947237
1212205628  10.084733
1212207356  10.561666
1212215387  8.288560
1212270290  0.000000
1212270296  4.075036
1212371394  5.089040
1212465026  5.867826
1212467552  6.523209
1212547973  10.385638
1212560950  12.335817
1212632325  7.960999
1212636249  17.735126
1212640841  5.326122
1212669148  4.652682
1212785762  12.361869
1212796845  4.290082
1212797957  10.382291
1212798032  5.881102
1212820425  0.000000
1212820446  13.708653
1212823960  10.412678
1212825648  11.632768
1211071289  8.182837
1211245912  11.967301
1211247166  12.668570
1211319445  2.499077
1211328539  13.909737
1211384075  9.196097
1211401330  5.962117
1211429691  7.290493
1211782605  6.500584
1211923955  6.704966
1212098346  6.020709
1212161914  2.059852
1212184910  4.596011
1212345596  2.672155
1212373513  9.198383
1212376531  12.258799
1212504691  7.833924
1212516927  11.519358
1212526496  5.991119
1212613176  5.284428
1212622332  4.207611
1212632467  5.893485
1212700195  9.242728
1212700821  15.963974
1212773105  3.557723
1212802128  5.536347
1212867402  4.715985
1211149661  7.682333
1211223499  8.878261
1211392235  7.290493
1211508753  4.085793
1211580718  8.661263
1211603286  8.316987
1211729091  8.307968
1211915078  5.713820
1211933158  6.157543
1211950288  6.023625
1211998131  8.557237
1212001486  9.841697
1212030838  14.286408
1212034535  5.771633
1212036666  6.078317
1212213522  8.300073
1212236243  0.000000
1212236272  6.885189
1212276034  5.844884
1212395958  0.000000
1212396183  4.945246
1212442732  6.852971
1212447353  5.788874
1212447773  8.922363
1212462737  5.273364
1212470067  9.092669
1212519735  14.908939
1212730752  5.413435
1212740997  6.196673
1212914764  6.286957
1212935229  13.323229
1213002205  6.387060
1213032724  4.289511
1213033299  8.236608
1211139149  13.000753
1211233405  5.102458
1211261651  10.101865
1211267327  8.568932
1211488088  7.029676
1211603197  5.406739
1211917496  5.601437
1211943232  12.430548
1211995558  15.073050
1212013101  9.263433
1212036891  5.867826
1212048412  18.401199
1212121851  14.563661
1212173452  20.541054
1212179626  0.000000
1212179628  5.978673
1212204665  7.290493
1212221110  9.572576
1212248965  9.326759
1212277730  4.362795
1212430522  4.224034
1212471978  6.630891
1212630572  9.606100
1212639844  9.869099
1212646915  7.546116
1212785171  5.413435
1212940155  8.134346
1212955260  8.872281
1213018530  9.280345
