1211261430  9.666265
1211337764  9.619580
1211696115  3.457420
1211861774  16.735470
1211940627  8.675247
1211946983  13.268614
1212026657  17.832878
1212030622  6.973666
1212039482  10.118624
1212195287  10.921855
1212198896  12.303717
1212449626  5.105020
1212470533  20.841763
1212509072  6.251045
1212539685  5.207303
1212615331  10.528782
1211044387  12.577256
1211081832  8.553725
1211360290  17.832878
1211409290  3.571399
1211446775  7.863909
1211474772  6.084363
1211519634  7.249454
1211614378  6.601737
1211694421  8.051681
1211703203  10.195276
1211778877  12.734095
1212112272  4.144836
1212135885  10.612569
1212174885  7.739085
1212520113  0.000000
1212520183  0.000000
1212520233  0.000000
1212520293  0.000000
1212520354  0.000000
1212520384  0.000000
1212520454  0.000000
1212520504  0.000000
1212520588  15.937030
1212560688  7.032783
1212723336  5.038812
1212799206  19.452311
1213028010  4.705882
1211165593  12.758923
1211209995  5.860260
1211257035  9.304184
1211261986  4.017530
1211263883  4.940342
1211298713  6.487770
1211304353  5.018370
1211342857  6.118514
1211347117  4.884986
1211512890  14.114042
1211516152  5.403805
1211555121  7.580136
1211555996  27.679249
1211599722  14.658851
1211681211  4.511996
1212027864  11.570607
1212122501  10.801839
1212125286  6.084056
1212128160  7.346793
1211127643  8.116890
1211138898  5.241913
1211147233  5.241913
1211554904  0.000000
1211554963  5.162490
1211643922  2.239900
1211683198  8.722529
1211750460  9.175749
1211764643  19.884777
1211785562  5.408323
1211792118  23.079628
1211941772  7.859211
1212031663  11.015406
1212036965  13.005328
1212173431  4.807864
1212226730  19.084309
1212227090  5.318856
1212271144  7.965994
1212509050  7.863909
1212548834  6.904330
1212564047  19.836739
1212610649  4.998222
1212657659  10.778122
1212778214  6.500831
1212802783  5.021331
1212803971  7.005883
1212824718  9.677719
1212825131  13.233589
1212880996  4.910661
1212935790  7.429509
1212937463  15.697223
1211141233  6.588680
1211165444  10.705041
1211254794  9.653962
1211259660  9.670259
1211330543  6.331978
1211381358  9.183492
1211484684  4.899847
1211522221  13.330896
1211574241  5.010653
1211598630  8.868051
1211611573  6.084363
1211899780  3.018994
1211937970  10.338441
1211939704  11.967749
1211995363  18.130093
1212036797  4.970843
1212072798  4.511996
1212266098  3.655644
1212276774  6.514872
1212285867  8.832464
1212373854  10.430694
1212527255  13.867988
1212641465  18.130093
1212888050  10.664060
1212910867  7.814171
1212913178  143.200836
1211022814  17.832878
1211101934  16.270140
1211241514  24.572659
1211533710  8.675898
1211534972  10.293790
1211563420  0.000000
1211563448  33.551643
1211597255  11.032027
1211690273  4.655234
1211697788  12.238574
1212048231  5.594248
1212168566  11.902296
1212289318  6.084363
1212556729  13.158730
1212598712  4.798935
1212788357  5.678740
1212813417  10.262317
1212822277  8.706470
1212826925  10.708719
1212917280  13.509367
1212918282  18.548136
1212995738  15.939870
1213016335  11.184920
1213018187  5.965425
1211213433  10.524070
1211258793  17.096785
1211362288  8.252172
1211374310  12.817171
1211499127  8.193904
1211506881  5.332359
1211688874  5.672245
1211691706  0.000000
1211691748  6.743473
1211692677  6.973666
1211700225  20.248446
1211976810  16.953152
1212106052  18.130093
1212121147  7.882711
1212212909  20.635580
1212286329  8.361863
1212287502  6.514521
1212348207  5.352520
1212591680  8.686496
1212699144  17.603758
1212758715  8.337250
1212780076  18.755268
1212813349  5.825062
1212819298  11.068419
1212849701  9.222950
1212946903  6.500831
1212970659  12.474643
1211182978  8.698856
1211226737  12.117809
1211248145  3.781553
1211255845  6.095078
1211336786  7.482120
1211387960  8.727830
1211539280  8.599321
1211567388  5.010653
1211585836  7.484093
1211588595  6.248490
1211599152  11.028430
1211668834  11.291295
1211730593  9.193085
1211750372  15.596738
1211777448  14.597448
1211832816  7.828881
1212602838  6.500831
1212608869  8.794086
1212628948  20.260929
1212683139  9.440710
1212818674  17.044909
1212888118  5.105020
1212903561  0.000000
1212903579  3.306519
1212911099  12.112609
1212912281  15.903211
1211020720  21.677670
1211303318  10.266211
1211319620  12.649361
1211348671  12.674817
1211392111  2.139370
1211440158  4.021208
1211440801  9.762916
1211518608  11.431622
1211695840  8.536729
1211787656  16.343529
1211792277  2.274585
1211801009  8.964101
1211853690  10.699471
1211873447  9.304184
1212026328  10.383819
1212032407  8.722529
1212093056  5.021331
1212270944  0.000000
1212271003  18.244068
1212289688  3.703526
1212377102  8.225438
1212531305  23.599009
1212627598  17.832878
1212639318  5.323818
1212912894  7.875802
1212954088  6.756610
1212980834  9.371317
1211033796  9.076324
1211039828  3.723376
1211107746  10.879041
1211143933  7.183407
1211420054  11.302758
1211421560  12.157491
1211476212  9.092929
1211608058  10.527215
1211660433  7.429588
1211674829  8.431779
1211680437  13.600627
1211682571  4.030279
1211822701  8.919094
1211831968  8.252172
1211866027  8.841612
1211901282  10.153771
1211934959  13.612879
1211942308  14.056811
1211947351  11.520856
1211988828  4.366316
1212077327  5.212763
1212102431  11.116104
1212111119  7.580136
1212120449  8.112075
1212125323  4.723407
1212219341  11.678703
1212364341  5.249987
1212441550  9.483974
1212504851  9.337646
1212558504  11.473102
1212683392  2.175611
1212760124  11.796926
1212815673  7.881416
1212875048  0.722922
1212917691  7.830977
1211078691  10.524070
1211096253  16.735470
1211097786  5.923309
1211100721  6.278169
1211533436  5.105020
1211616870  8.636333
1211630272  7.226354
1212046357  5.874558
1212230553  4.559320
1212266961  10.699471
1212290806  7.526440
1212300429  9.164866
1212304025  12.035592
1212313358  10.159259
1212471933  6.095078
1212605906  8.407060
1212616921  5.105020
1212644555  12.630570
1212739864  5.504018
1212806249  7.617389
1212993023  22.203646
1211037197  7.170034
1211084855  12.752486
1211203451  18.130093
1211224573  7.170034
1211233106  7.736411
1211347879  3.218343
1211394229  7.054596
1211522818  5.725418
1211555412  5.779268
1211596025  6.194988
1211780142  18.824818
1211783735  8.156516
1211785600  9.282708
1211787313  17.054647
1211788472  14.918166
1211936221  7.540771
1212133092  12.419104
1212218496  18.467321
1212500035  5.678740
1212627917  7.715218
1212667117  13.959310
1212686445  9.639012
1212691632  10.850579
1212732005  16.481903
1212820568  9.152870
1212898764  5.740302
1212907831  8.252172
1212956976  733.019531
1213038140  0.000000
1213038149  4.321775
1213045143  0.000000
1213045153  0.000000
1213045206  3.903539
1211350288  8.323150
1211438839  13.706747
1211552660  5.105020
1211575729  10.537749
1211618433  10.354327
1211673571  7.909083
1211683879  18.839109
1211862654  13.887550
1212084547  10.784356
1212126101  7.184726
1212128209  14.414277
1212227980  7.580136
1212274758  12.261950
1212283689  9.963976
1212337079  4.671494
1212369978  7.115702
1212511615  11.110703
1212520103  12.630570
1212774870  6.600395
1212791333  4.274363
1212825024  2.276620
1212836373  12.420424
1212886698  12.490140
1212910161  4.807864
1211127743  10.924950
1211135323  7.501974
1211327961  5.145258
1211420795  6.824983
1211581423  11.344066
1211625905  9.884539
1211699604  13.558481
1211735962  8.256933
1211904657  2.947983
1211918559  8.919094
1212015809  6.696054
1212217164  12.133343
1212254701  7.985972
1212268583  9.726791
1212422647  7.390004
1212547315  9.303888
1212653190  9.828078
1212811124  12.758222
1212857484  4.232851
1211442342  5.162490
1211488457  6.678936
1211516694  4.887995
1211523227  2.436383
1211593929  7.706471
1211604391  9.002369
1211701922  7.452059
1212155328  8.703232
1212264257  6.973666
1212676356  7.615328
1212704156  11.993290
1212800936  7.407052
1212826043  9.876434
1212828811  9.205961
1212912559  5.774989
1211940012  4.467063
1212184235  7.739085
1212260193  4.887995
1212461999  5.723771
1212819211  11.068419
1212930944  8.001668
1213036277  6.690950
1211691694  4.998222
1211695356  6.095078
1212876424  5.569113
1212903516  7.346793
1213073298  5.634650
1211064167  9.459254
1211148614  4.938034
1211182246  4.342295
1211312148  8.066932
1211346535  6.670505
1211386976  8.659694
1211459722  8.214754
1211563661  5.678740
1211745106  12.817171
1211865371  14.981411
1211873058  5.678740
1212068870  14.734013
1212194881  0.000000
1212194899  0.000000
1212194913  10.624555
1212225073  9.148605
1212268726  4.202221
1212332869  14.000561
1212338597  17.897154
1212358150  0.000000
1212358162  138.873810
1212373386  9.535012
1212417181  11.012870
1212452796  12.326408
1212615872  9.511035
1212685627  10.468412
1212825309  8.126040
1212880890  58.038654
1212940682  5.105020
1212955579  8.126040
1212957030  2.531588
1212958312  8.116890
1212960744  4.887995
1212981716  14.171383
1212981896  7.588738
1211019438  10.981321
1211043363  9.560046
1211080658  10.153771
1211103210  5.890914
1211168393  9.459179
1211179556  7.669665
1211419399  6.500926
1211507536  19.507572
1211530777  13.330896
1211595609  4.130700
1211595680  28.471523
1211608524  2.893204
1211869277  4.342295
1211953669  10.051919
1212029121  24.998951
1212074703  4.899562
1212169742  10.235292
1212217547  8.107932
1212435168  0.000000
1212435230  10.522583
1212558068  13.633948
1212564799  4.484577
1212644291  4.798935
1212828479  13.093271
1212834872  10.699471
1212870773  9.200953
1212899738  7.818505
1213031063  6.983617
1211059801  11.042843
1211079014  7.706471
1211080584  10.524070
1211092884  11.616412
1211117249  13.338622
1211118090  13.890429
1211143204  11.542234
1211202406  7.104063
1211205666  10.266211
1211289135  4.021208
1211299282  10.699471
1211331215  8.431779
1211373448  9.901728
1211447390  10.652060
1211452626  13.749523
1211466422  13.713326
1211513400  8.406247
1211520963  12.274385
1211552980  9.329649
1211576548  12.503512
1211606901  12.330469
1211742939  5.995159
1211762482  10.941000
1211775652  3.011479
1211898332  10.533053
1211898943  7.863909
1211900995  4.835371
1212067070  5.408323
1212093464  18.130093
1212111248  12.027261
1212156957  12.756945
1212161614  7.830977
1212363354  10.743156
1212414270  7.618162
1212428947  7.346793
1212431527  10.468065
1212433244  7.339497
1212453322  5.765357
1212462599  5.874558
1212507002  4.097163
1212516397  6.260813
1212691042  12.126659
1212819296  17.603758
1212820417  7.822253
1212890687  7.992826
1212978065  6.816720
1211018996  9.459254
1211053181  4.312967
1211101528  6.825973
1211163730  19.070391
1211166721  10.524070
1211178331  11.273858
1211223746  5.615280
1211254321  6.699694
1211272900  18.130093
1211289780  5.402448
1211355729  18.130093
1211516168  11.789305
1211528503  13.146036
1211576079  2.233754
1211826816  6.689600
1211874684  7.700461
1211954478  18.236542
1211960450  9.748149
1211979141  7.669665
1212040776  18.244068
1212113338  19.452311
1212225101  6.579218
1212295980  3.473003
1212300385  10.638694
1212371687  4.887995
1212375514  13.154634
1212396297  21.249109
1212549225  17.832878
1212653331  7.828881
1212919877  10.667318
1212980561  6.677120
1211063508  21.314154
1211258355  19.885727
1211337896  8.823625
1211498356  8.126181
1211505485  4.940342
1211510769  11.292831
1211608320  8.346400
1211845713  1.893797
1211932267  18.839109
1212069385  6.781655
1212129178  7.936027
1212148045  7.501974
1212184385  14.336521
1212199682  3.331305
1212201477  0.000000
1212201498  5.767151
1212227547  15.331098
1212262176  12.199239
1212283361  12.040022
1212452400  8.250494
1212458843  7.073290
1212467564  9.937692
1212543717  12.226005
1212555896  17.955980
1212716038  11.736221
1212719175  8.105749
1212811371  17.832878
1212886226  12.014480
1212896268  12.112609
1211092482  5.162490
1211094797  5.914563
1211135827  0.000000
1211135828  3.967823
1211155794  5.021331
1211156846  4.021208
1211257347  7.736411
1211320300  0.000000
1211320308  4.172749
1211322190  4.730318
1211335168  7.571652
1211342123  7.073290
1211442042  7.249454
1211469247  5.527385
1211513739  7.959621
1211679143  11.064637
1211686995  9.010892
1211694953  6.194988
1211706019  7.618162
1211869984  9.901728
1212036647  12.940560
1212064994  15.001368
1212206734  8.014684
1212212671  9.229844
1212286405  5.678740
1212310312  11.870117
1212312738  7.949762
1212543070  12.126659
1212586888  6.415294
1212722851  2.812875
1212882707  6.678936
1212894501  4.511996
1212979896  2.276620
1211092646  7.428061
1211171561  6.084056
1211181235  9.476904
1211336548  7.928506
1211470870  8.407060
1211522454  15.107153
1211679770  13.339943
1211694737  0.000000
1211694806  0.000000
1211694837  0.000000
1211694871  10.664036
1211917809  2.490086
1212030323  5.977621
1212034035  7.073290
1212039880  6.564656
1212044941  0.000000
1212044958  0.000000
1212044965  6.438663
1212048356  5.678740
1212198126  8.928474
1212199726  18.244068
1212280949  6.961153
1212346153  9.838048
1212632297  6.194988
1212911623  5.323818
1211075082  6.512511
1211079119  6.762967
1211095878  6.514872
1211098619  4.865928
1211102991  13.842696
1211105671  10.275878
1211288305  21.609262
1211299488  6.430115
1211565473  8.871494
1212265159  4.483215
1212278463  2.777476
1212293313  6.005043
1212670899  7.339497
1211085549  68.144875
1211100839  10.699471
1211173540  6.248490
1211338680  4.867491
1211773229  9.554161
1211777208  9.199289
1211778698  4.887995
1212767803  10.699471
1212820615  7.226354
1212822139  9.154117
1212984141  9.304184
1211208808  5.191546
1211249062  8.197052
1211337654  20.248446
1211347065  10.438751
1211426992  6.309711
1211473253  6.032748
1211581625  19.187727
1211680305  7.642849
1211692911  5.585645
1211758719  12.428772
1211779537  5.162490
1212068420  10.524070
1212127086  8.546339
1212164032  12.391828
1212289731  17.609987
1212298099  10.141486
1212452252  4.443474
1212461406  15.690063
1212501485  10.351762
1212634129  12.354813
1212778599  5.754636
1212917205  11.929478
1211243844  17.683920
1211249978  18.130093
1211290487  5.687486
1211308049  3.967531
1211320216  0.000000
1211320242  0.000000
1211320303  0.000000
1211320334  0.000000
1211320362  10.472542
1211422877  18.200495
1211744170  8.361863
1212124649  4.887995
1212124896  6.078019
1212210114  1.876673
1212210280  8.531690
1212371812  10.114202
1212372255  8.252172
1212542695  7.484093
1212557827  5.678740
1212590871  6.941667
1212692338  3.967531
1212719088  9.535012
1212916474  5.234703
1212948151  5.962022
1213022067  8.794086
1212341410  9.178798
1212343081  4.667457
1212357897  2.490086
1212550810  5.774989
1212635055  5.914563
1212726299  8.461475
1212733871  5.323818
1212771234  6.690950
1212941633  2.250341
1212951795  18.755268
1212992526  6.112720
1211089442  23.821701
1211330534  0.000000
1211330585  11.618761
1211352973  4.559320
1211466157  7.617389
1211487374  5.323818
1211555179  6.312102
1211760802  11.907065
1211987814  4.811903
1212002383  5.241913
1212220146  6.678936
1212255044  14.500833
1212262693  4.342295
1212295878  5.632917
1212300063  6.771699
1212453536  4.928636
1212558610  0.000000
1212558616  5.585645
1212690981  9.751247
1212857982  17.832878
1212868973  8.126040
1213030253  4.938034
1211119834  17.897154
1211480682  5.417631
1211578378  10.509943
1211595596  6.743576
1211599506  12.251951
1211606593  4.046062
1211681371  7.802086
1211769880  9.751247
1212100288  20.470585
1212121422  7.739085
1212132376  9.500982
1212200169  7.736411
1212203397  0.000000
1212203408  8.843947
1212283991  3.662174
1212289208  8.252172
1212301414  10.527215
1212343742  8.252172
1212677740  8.626469
1212741016  18.130093
1212775948  5.774989
1212912775  4.172749
1212914487  7.346793
1211018983  14.524555
1211084008  11.836832
1211094074  13.106091
1211101552  5.751971
1211150782  9.164991
1211175491  7.339497
1211216278  11.074180
1211407408  4.940342
1211408451  5.678740
1211514268  7.226354
1211517312  9.995616
1211650561  20.575871
1211880142  6.590145
1211990000  5.918283
1212013782  5.056547
1212064273  10.266211
1212077335  5.219376
1212120781  9.839388
1212153523  5.241913
1212171880  12.329382
1212200655  4.685658
1212337318  10.705041
1212373620  12.712849
1212462363  5.397500
1212509080  2.548206
1212576120  19.688135
1212604813  8.718119
1212615830  8.802298
1212722882  6.996946
1212738260  4.887995
1212808012  10.266211
1212899738  9.558494
1212918399  17.897154
1212920649  0.000000
1212920709  12.817803
1212920833  8.393091
1212952673  11.527035
1211082023  5.678740
1211117924  9.621424
1211150226  9.065046
1211261655  9.011910
1211276383  7.567403
1211335736  6.428761
1211463993  8.252172
1211551944  6.562484
1211558411  4.624705
1211587285  19.133421
1211678327  6.309711
1211739044  15.997140
1211899828  9.247766
1211976562  12.192606
1212035437  4.570837
1212065731  17.545250
1212070126  10.617191
1212079770  4.235293
1212199311  5.977621
1212414477  8.252172
1212504801  7.706471
1212506182  4.053581
1212537915  8.735240
1212588308  7.339497
1212634725  6.347838
1212680989  9.025623
1212698971  13.425013
1212707416  5.105020
1212767111  9.023775
1212800650  6.901318
1212808078  2.169932
1212912162  5.774989
1212952558  7.340865
1212955780  7.662083
1211070518  6.225856
1211084179  12.982093
1211324213  8.536729
1211325365  7.871564
1211370634  6.782607
1211472975  8.887283
1211518869  4.940342
1211572104  2.531588
1211596864  11.702563
1211690761  12.747704
1211890315  9.175749
1212060463  8.470974
1212171711  6.194988
1212281807  10.648408
1212493798  5.734843
1212555169  2.314564
1212612764  8.126040
1212673840  5.678740
1212734769  5.678740
1212750996  18.548136
1212806583  5.865594
1212861104  13.662745
1212888693  12.216811
1211416487  8.126040
1211624217  4.559320
1211664372  9.265136
1211703679  11.095459
1211706243  5.010653
1211758477  6.782607
1211760692  10.044080
1212088995  12.630570
1212335052  9.265136
1212357288  8.553876
1212730152  0.000000
1212730166  54.990982
1212735191  10.850579
1211145269  7.066121
1211151950  20.260929
1211230000  10.030754
1211289318  7.574224
1211479191  5.678740
1211522983  11.215028
1211833252  9.440710
1212038333  13.054479
1212041972  13.935193
1212507080  8.161312
1212529190  4.443632
1212671043  10.880818
1212796576  12.379362
1212799973  5.626226
1212801308  17.897154
1212815346  18.783960
1212973839  9.726791
1211043231  9.041806
1211124788  12.216811
1211198176  9.125963
1211201849  9.381222
1211460988  6.084056
1211761584  0.000000
1211761586  5.687486
1212191331  10.778795
1212708878  8.126040
1212759619  4.773361
1212875390  13.935193
1212959172  20.962093
1211274668  16.734194
1211304400  10.828426
1211373864  4.511996
1211488214  7.098424
1211512549  10.642533
1211517606  8.722529
1211598202  21.055475
1211677953  9.795835
1211681023  13.173306
1211776761  26.531843
1211779859  4.732283
1211825069  9.303888
1211898274  6.312102
1212108642  9.440710
1212118297  20.248446
1212120743  4.655234
1212419698  6.514872
1212438326  5.323818
1212457794  7.426003
1212994343  5.977621
1213060234  7.277050
1211060178  0.000000
1211060180  0.000000
1211060215  5.786409
1211092537  9.857704
1211102789  9.809630
1211104617  10.524070
1211163719  6.702014
1211423109  9.807888
1211514170  12.835704
1211596033  6.084363
1211614771  14.855970
1211617827  6.977916
1211694319  4.342295
1211813553  17.955980
1211863658  9.372656
1211864986  11.184920
1211867160  4.611475
1211983276  8.864770
1212156084  10.954500
1212197277  7.888848
1212218688  6.218997
1212221018  10.334767
1212249432  16.915052
1212310043  43.435566
1212713524  11.316632
1212723402  9.937692
1212893943  10.576480
1212909761  18.130093
1211095608  12.705142
1211196987  6.208625
1211783453  9.304184
1211788560  12.427690
1211904508  4.887995
1211931240  8.126040
1211937726  10.351762
1212017542  9.002369
1212022389  10.575195
1212206247  2.314564
1212284886  12.185521
1212302340  13.029744
1212414076  7.340865
1212729528  15.213841
1212745431  11.184920
1211028545  17.897154
1211033765  5.237138
1211102348  12.108359
1211105506  6.514872
1211268935  17.319826
1211368001  5.585645
1211369961  2.314564
1211460542  7.557889
1211498867  4.887995
1211502285  7.810593
1211553262  7.073290
1211589355  9.303888
1211759643  7.390004
1211792033  11.149559
1211916295  6.689600
1211981691  6.312102
1211984901  5.678740
1212034195  5.241913
1212069229  8.126040
1212072795  6.312102
1212149266  19.452311
1212199552  8.675247
1212260416  28.683376
1212263502  6.198384
1212265224  4.604383
1212288373  5.678740
1212349648  4.887995
1212361004  6.918528
1212453720  1.876267
1212720093  9.092929
1212915854  0.000000
1212915868  5.378209
1212972459  4.807864
1211119682  13.000578
1211203053  13.611156
1211204485  5.010653
1211209171  8.418966
1211290709  5.105020
1211388966  7.580136
1211622351  10.612569
1211676600  4.695109
1211695566  18.437382
1211856605  12.337771
1211871403  7.175801
1211872360  7.567403
1211895107  19.084309
1211939833  18.200495
1212075530  5.021331
1212094427  14.789524
1212301321  7.288342
1212584954  19.452311
1212632805  19.084309
1212659448  9.364461
1212678618  5.191546
1212805672  6.013192
1212914263  12.330643
1212946450  8.252172
1211506455  10.708719
1211683469  5.191546
1211875779  10.028202
1211952263  5.678740
1211953528  8.674936
1212183114  19.778282
1212299723  11.081249
1212813870  3.452165
1212819301  9.633089
1212870546  4.773361
1211120253  13.590875
1211129171  5.678740
1211205475  31.220268
1211288740  5.585645
1211301639  9.342081
1211384951  8.392038
1211398667  9.028933
1211463268  8.116890
1211467048  6.549675
1211467871  2.767411
1211547033  6.701279
1211550085  8.116890
1211561918  1.521091
1211578653  18.130093
1211698327  7.578161
1211700214  12.988967
1211756463  9.042952
1211766289  13.680844
1211766403  7.542536
1211892132  9.057495
1212069123  7.041560
1212172913  10.198113
1212286383  10.351762
1212387389  6.782607
1212410865  8.731619
1212415364  6.248490
1212419798  3.566576
1212583346  0.000000
1212583396  18.130093
1212654268  5.392694
1212668029  12.827838
1212708727  1.857585
1212755860  5.678740
1212763038  9.169079
1212765162  9.962443
1213009938  8.126040
1211202008  5.914563
1211213659  4.887995
1211288272  4.887995
1211291500  9.304184
1211390893  7.733467
1211460772  17.664892
1211464175  11.672151
1211522297  8.230362
1211678883  11.108809
1211896129  7.711725
1211921418  9.987316
1211993179  9.826230
1212003030  12.827838
1212283501  6.084056
1212285560  2.531588
1212544783  7.281328
1212804968  7.346793
1212809533  12.967109
1211073907  8.252172
1211076101  17.897154
1211103874  14.396840
1211154831  11.812829
1211161160  17.603758
1211232692  6.428761
1211299765  5.585645
1211388454  6.313851
1211466344  13.862218
1211468714  6.801093
1211509441  7.617389
1211511956  13.935193
1211514169  10.503361
1211588700  13.292214
1211616056  5.085438
1211679299  6.208184
1211704484  16.735470
1211775376  8.643550
1211784405  2.807989
1211830024  5.678740
1212273618  7.580136
1212303825  10.485863
1212317060  17.121439
1212337941  9.261537
1212457868  8.406884
1212551443  0.000000
1212551513  10.473334
1212680776  4.785956
1212822549  0.000000
1212822600  8.305136
1212826503  22.371443
1212894263  6.973666
1212901909  5.579452
1212905226  5.105020
1212907676  14.247320
1212909148  0.000000
1212909191  4.938034
1212914225  11.627751
1212915499  8.428015
1211322666  7.615328
1211338425  5.585645
1211512413  0.000000
1211512433  21.476585
1211527530  3.857606
1211584925  7.588738
1212090731  10.279615
1212199248  14.816630
1212200413  10.357085
1212210241  6.678936
1212224997  6.680870
1212449377  5.678740
1212546124  7.564849
1212611699  29.917191
1212619680  10.688180
1212734592  9.041806
1212793657  15.809585
1212878184  0.000000
1212878249  16.548506
1212879388  5.750583
1212897285  9.159862
1212952928  6.588680
1211120318  12.630570
1211135187  12.841080
1211731820  8.964101
1211782027  8.252172
1211815915  2.314564
1212027453  9.621424
1212109246  9.712015
1212136351  0.000000
1212136364  5.977621
1212272273  15.765298
1212288184  11.763481
1212334094  8.700889
1212336678  6.608948
1212374166  11.815067
1212375127  8.851709
1212728599  15.532146
1212805960  7.194647
1212818950  12.587613
1212909362  11.660822
1211086588  9.809123
1211092646  7.706471
1211162027  10.061876
1211269500  8.029056
1211321157  17.545250
1211437055  7.113666
1211768173  6.613039
1211778725  5.678740
1212010771  4.384378
1212024461  5.777248
1212026358  10.761640
1212115482  6.607089
1212160256  5.162490
1212276590  13.474183
1212395582  12.611951
1212461684  5.162490
1212499898  17.955980
1212547344  10.168109
1212682721  3.375097
1212859061  10.503901
1212874860  5.931013
1212895256  14.315388
1212899779  8.553725
1212911314  12.977701
1212981584  12.751292
1212991023  21.121571
1211090320  11.072577
1211125475  11.854968
1211136000  6.037992
1211423908  8.024603
1211472252  0.000000
1211472254  6.771699
1211603235  0.000000
1211603260  0.000000
1211603263  2.479889
1212102991  4.168753
1212209648  7.161442
1212263916  6.194988
1212273770  7.580136
1212294448  5.533580
1212333985  13.064733
1212472113  0.000000
1212472134  0.000000
1212472143  0.000000
1212472156  18.548136
1212551585  11.935701
1212555769  17.832878
1212829279  11.913527
1212855902  8.814325
1212979872  2.515828
1211103870  0.000000
1211103872  12.593416
1211181115  17.897154
1211198760  8.116890
1211211564  4.265904
1211241574  11.812829
1211260434  9.969161
1211566467  5.241913
1211674203  8.252172
1211857195  9.554173
1211932038  4.807864
1211993799  10.661148
1212115781  15.435775
1212134372  12.283579
1212146453  11.090059
1212191164  18.200495
1212239219  12.714192
1212367372  8.731619
1212372055  6.588680
1212653845  13.254267
1212684542  7.226354
1212699795  12.839365
1212717314  11.716002
1212895131  4.887995
1212967225  4.887995
1212985971  18.914072
1212992978  6.782607
1213020717  10.708719
1213068981  6.256873
1211088855  5.672245
1211490178  2.301443
1211512645  16.840893
1211572739  0.000000
1211572764  9.297483
1212084702  10.090508
1212220138  9.067746
1212600189  0.000000
1212600242  10.588065
1212677024  6.941667
1212689491  10.655688
1212717306  5.373705
1212813061  11.315353
1212819398  7.736411
1212931767  7.224817
1212949896  12.060305
1213028515  10.654672
1211087627  0.000000
1211087647  1.983912
1211088273  4.168753
1211392136  4.368296
1212024619  4.559320
1212306091  5.831425
1212558553  17.897154
1212591058  7.175801
1212804206  21.756111
1212901746  9.066477
1213028465  4.418112
1211209428  6.696054
1211418515  9.725333
1211594560  0.000000
1211594620  8.235744
1211600511  7.340865
1211608939  15.091575
1211613411  11.401945
1211896510  7.985972
1211939696  8.161312
1212013138  8.574690
1212273230  6.194988
1212505640  6.910365
1212520027  10.254286
1212529436  4.271110
1212585899  5.162490
1212610584  11.794323
1212760129  5.105020
1212909651  8.230362
1212993218  9.314689
1213020198  5.585645
1211061816  5.826556
1211494735  12.942369
1211563913  17.545250
1211605096  4.867491
1211775987  6.867075
1211896639  7.700461
1211937803  12.508779
1211994460  6.019288
1212028734  6.690950
1212030426  5.639995
1212078779  8.400933
1212115017  9.693929
1212258462  11.935701
1212277949  9.440710
1212286401  11.105415
1212289056  4.559320
1212299686  8.029056
1212737621  12.542849
1212784695  11.064637
1212786457  8.252172
1212886892  9.273208
1212909742  9.411642
1212955473  5.678740
1211092089  6.375724
1211254532  5.495554
1211507738  2.965083
1211551901  20.248446
1211645413  8.126181
1211659926  10.237344
1211689030  11.184920
1211707090  16.735470
1211708119  7.661832
1211996853  6.005043
1212005356  4.342295
1212073576  5.207737
1212130343  9.041806
1212298458  6.414937
1212362021  7.618162
1212403084  15.733838
1212533075  8.230362
1212621811  8.252172
1212743327  7.207733
1211072988  7.852826
1211200869  10.834373
1211202780  5.585645
1211565242  0.000000
1211565302  7.863909
1211890556  4.251066
1212067774  5.408323
1212288548  10.572355
1212298108  18.437382
1212305078  12.617546
1212892459  7.501974
1211037881  13.321018
1211063778  9.925839
1211122586  4.938034
1211165530  18.130093
1211202547  6.531570
1211310679  9.699469
1211340239  9.726791
1211360315  8.252172
1211472822  7.829135
1211605222  19.084309
1211612873  10.492044
1211684348  6.581703
1211772791  7.859211
1211794879  10.337954
1211975798  12.983109
1212160217  7.859211
1212221810  13.690803
1212261999  10.182061
1212297112  16.481903
1212617166  11.822626
1212688072  10.938768
1212865827  12.630940
1212982025  7.073290
1212986698  10.921855
1213000080  10.153771
1211034261  7.700461
1211343089  6.330329
1211353435  7.580136
1211377233  7.985972
1211393315  10.919489
1211539138  6.778055
1211608990  12.420424
1211704739  17.832878
1211707844  4.854218
1211755048  8.675247
1211875209  8.126040
1211979649  14.008451
1212208123  19.425098
1212231491  17.832878
1212302750  14.505951
1212306682  16.735470
1212311093  2.531588
1212311897  19.782011
1212313003  9.141223
1212314712  6.870277
1212488007  17.545250
1211074791  4.807864
1211114161  11.085387
1211209998  10.524070
1211241837  4.798935
1211335549  10.228631
1211337466  5.512854
1211420508  12.126659
1211424249  7.837090
1211427062  8.310412
1211460861  10.472681
1211486552  6.202599
1211510245  17.545250
1211592560  7.618162
1211601672  8.126040
1211610217  11.191094
1211660130  19.778282
1211663506  17.603758
1211779509  9.681479
1211818911  16.166132
1211820363  5.495554
1211937932  5.010653
1211950662  13.516926
1211980848  24.193222
1212023863  8.916225
1212035246  10.939247
1212035356  4.732283
1212127551  7.912911
1212159791  14.631126
1212189944  4.695109
1212244064  11.456360
1212283071  10.631670
1212295898  3.885378
1212301088  6.515737
1212382956  9.304184
1212414974  7.711725
1212461074  11.357479
1212581851  4.807864
1212588859  5.218732
1212637993  13.830637
1212650690  13.158075
1212673441  11.954865
1212707335  7.859211
1212717309  8.841612
1212761731  7.917486
1212775043  4.377309
1212918085  9.067746
1211121168  5.585645
1211285164  5.646199
1211340472  11.854968
1211505098  7.005883
1211522291  9.973125
1211531079  7.686070
1211805518  11.755793
1211851417  5.965425
1211855776  3.398204
1211928994  7.985972
1211975000  5.817603
1211982277  16.481903
1211991284  5.264081
1211992352  14.126822
1212147595  7.339497
1212275350  20.703524
1212414873  10.161605
1212525285  11.463719
1212569031  2.550387
1212835550  8.731619
1212904168  5.865594
1212909185  5.162490
1213022691  8.446951
1211019597  21.129797
1211019658  10.610379
1211019718  17.349928
1211020391  22.069410
1211098820  10.509579
1211121871  9.861127
1211146103  18.130093
1211161298  9.664416
1211176586  5.105020
1211202092  5.678740
1211248876  8.406247
1211321752  26.672226
1211391247  9.008813
1211463824  20.514376
1211482201  2.239900
1211655695  10.926788
1211777264  6.973666
1211944758  14.298988
1211990405  7.828881
1212100558  9.902299
1212166688  8.406247
1212242273  7.457875
1212260464  6.095078
1212262515  7.706471
1212266244  7.109357
1212302120  2.777476
1212421042  8.016326
1212462526  18.048813
1212499595  9.303888
1212673030  20.514376
1212869691  13.204930
1211215230  7.073290
1211393476  5.187581
1211423081  8.553725
1211516831  16.735470
1211547798  4.887995
1211602426  16.735470
1211604191  4.732283
1211659629  4.867491
1211661507  12.514812
1212151686  17.897154
1212157372  12.216811
1212203374  4.825450
1212283720  6.680870
1212304201  4.542992
1212356120  9.468000
1212366455  4.310067
1212394193  4.887995
1212519485  7.346793
1212552961  10.405862
1212697493  12.549756
1212769200  4.559320
1212901537  4.938034
1212912161  11.007091
1212957527  18.130093
1211147527  13.633948
1211205040  19.452311
1211334196  5.408323
1211373236  13.076068
1211381024  4.785956
1211390894  8.553725
1212824146  9.999340
1212825473  5.162490
1212922506  14.436947
1213003239  19.452311
1211056088  5.332359
1211087760  5.021331
1211094076  6.512511
1211095762  15.868545
1211131860  11.162394
1211147259  0.000000
1211147278  8.621524
1211227570  9.751247
1211484905  11.944341
1211666666  9.323384
1211671882  10.717214
1212028324  4.723407
1212030250  2.997988
1212282542  3.778944
1212285194  5.863431
1212296368  9.744617
1212460999  7.723501
1211041776  6.334086
1211079724  5.495554
1211108187  7.226354
1211128068  14.310586
1211145677  18.824818
1211157816  6.037992
1211168963  12.048251
1211255146  5.594248
1211392211  7.706471
1211489359  7.113666
1211589256  10.030754
1211591557  9.535012
1211595179  9.670259
1211676349  9.232313
1211691980  6.943690
1211816813  4.036412
1211929710  5.962022
1212816183  5.585645
1212887078  19.810244
1212892993  5.495554
1212894988  4.481841
1212713524  11.316632
1211087142  16.735470
1211119637  8.392038
1211120561  18.132936
1211171373  7.226354
1211203676  9.714362
1211269793  4.168753
1211329073  16.293318
1211341871  0.000000
1211341928  5.678740
1211456409  6.782607
1211473949  12.988967
1211551621  11.774437
1211553151  6.771699
1211662741  2.314564
1211694562  18.130093
1211749303  5.010653
1212059505  7.175801
1212338964  8.817148
1212362111  17.835716
1212369130  4.033657
1212422765  7.061351
1212650779  5.021331
1212715718  9.901728
1212915016  9.431255
1212920249  0.000000
1212920309  0.000000
1212920369  8.235744
1212996669  5.678740
1211037665  19.425098
1211051775  7.113666
1211059628  8.887264
1211258383  8.309311
1211317076  0.000000
1211317126  14.166249
1211351454  7.314085
1211511472  4.189710
1211611930  11.720967
1211936468  8.230362
1212095073  10.527215
1212112224  9.629546
1212268852  5.594248
1212275317  11.992727
1212359299  7.208159
1212392004  0.000000
1212392007  2.204346
1212412351  3.304708
1212418248  12.205940
1212427583  6.271397
1212451260  13.088193
1212515230  0.000000
1212515232  3.723376
1212680951  6.775060
1212763018  11.522160
1212824490  4.084016
1212825428  9.440710
1212909287  6.002203
1212973852  0.000000
1212973859  0.000000
1212973925  16.775822
1212974262  11.620750
1213019180  11.012870
1211121010  16.293293
1211142766  6.678936
1211167277  17.897154
1211200083  11.749116
1211977049  5.376875
1211978911  4.773361
1212064390  7.867541
1212166068  7.457148
1212373034  8.256933
1212583742  8.126040
1212585502  7.108118
1212586962  8.016135
1212642135  9.726155
1212890571  5.162490
1211138413  4.412245
1211285221  16.803736
1211457422  13.125525
1211469247  7.077344
1211471242  3.037905
1211474683  5.105020
1211585006  4.415894
1211597278  8.794086
1212065007  4.997430
1212217305  13.051095
1212253438  6.422060
1212257498  6.494345
1212407653  19.452311
1212465653  8.126040
1212467905  7.378114
1212479340  6.706998
1212496250  4.798935
1212559609  5.105020
1212596965  2.954762
1212712726  19.452311
1212753570  7.617389
1212966138  14.549096
1212993544  10.947511
1211355127  11.184920
1211462421  4.887995
1211479911  10.921855
1211489474  4.785956
1211611564  6.973666
1211675033  20.260929
1211778035  6.801093
1211815138  5.170442
1211862122  14.008451
1211874443  7.574224
1211877852  10.891852
1211896966  8.446951
1211937554  10.699471
1212038432  22.034824
1212103931  11.711364
1212138937  8.964101
1212212463  8.358974
1212223289  7.706471
1212262022  20.144547
1212272419  7.339497
1212295966  7.390004
1212307655  10.070615
1212312511  16.996962
1212464448  11.184920
1212549318  9.435896
1212722262  6.272670
1212723668  11.424020
1212756594  2.490086
1212814573  4.667457
1212909090  14.035302
1213077078  0.000000
1213077135  21.295273
1211067894  8.916225
1211247527  10.350353
1211307164  10.536748
1211333472  5.105020
1211337697  14.351525
1211384339  5.021331
1211437517  5.678740
1211603770  9.560046
1211611545  12.683336
1211654583  4.542992
1211656300  6.690950
1211676925  20.083815
1211686770  4.695109
1211739723  4.483215
1211985542  9.303888
1212112513  12.227715
1212168488  5.241913
1212213445  5.977621
1212217032  9.431255
1212269459  7.224817
1212425948  8.112075
1212518001  5.162490
1212538549  5.281055
1212804532  6.901318
1212817487  9.002369
1212896234  10.266211
1212916182  9.321546
1212951958  8.406247
1212957120  9.752136
1211151228  5.010653
1211174782  5.918461
1211328138  11.503942
1211673779  9.066477
1211684799  12.318007
1212171645  8.677905
1212214416  12.027261
1212218141  3.054082
1211063379  11.469687
1211154219  10.524070
1211164549  0.114582
1211205277  7.706471
1211207796  7.113666
1211287331  21.882000
1211340663  8.126040
1211483417  5.750583
1211485247  5.042071
1211531822  8.345565
1211660117  8.116890
1211662690  6.204530
1211675241  4.511996
1211704084  0.000000
1211704091  7.297520
1211847154  11.402715
1211957793  7.328295
1212026194  8.346400
1212069981  7.700461
1212114014  11.652765
1212127518  6.500605
1212134553  12.774004
1212227805  8.126040
1212264778  12.841080
1212266579  8.461475
1212286403  21.694763
1212311848  6.825973
1212358729  10.612569
1212415753  11.953907
1212471289  2.314564
1212516264  5.459597
1212552951  4.033657
1212638208  9.041806
1212645125  8.112075
1212674724  6.613039
1212895574  15.406020
1212946806  7.113666
1212974035  2.276620
1212994240  3.723376
1213029877  18.130093
1211077950  8.431779
1211106090  4.773361
1211117032  7.736411
1211287499  9.876434
1211338149  7.346793
1211343726  8.252172
1211419500  4.314102
1211469378  4.891214
1211743603  11.507165
1211817417  10.699471
1211896074  4.557555
1212021669  8.731619
1212107918  10.921855
1212163059  2.723016
1212203532  9.876434
1212253951  2.267093
1212256974  3.187984
1212283976  7.415074
1212303863  11.812829
1212310954  3.156223
1212333482  8.125493
1212502607  6.163718
1212626449  3.531860
1212647083  10.955304
1212647791  8.687114
1212759969  7.500959
1212800758  5.105020
1212889348  11.172883
1212891370  5.883606
1212903566  0.000000
1212903617  5.010653
1212927010  25.305983
1211086528  6.416603
1211090404  0.000000
1211090465  4.483215
1211505654  7.859211
1211695240  5.114316
1211753164  6.118514
1211872646  5.241913
1211921399  11.751442
1211990407  5.999046
1212032843  6.251045
1212048400  7.774729
1212282634  6.953558
1212288939  5.341300
1212291947  7.809326
1212373660  7.706471
1212444252  9.832685
1212472258  20.703524
1212503271  4.368261
1212508037  4.105693
1212758591  6.203547
1212777484  2.239900
1212816176  5.533580
1212824620  19.452311
1212891688  6.689555
1212914585  8.392038
1211517081  8.337250
1211640433  12.098176
1211704551  9.169079
1211987503  8.816152
1211991826  8.107932
1212034722  12.070514
1212117867  15.540079
1212127766  9.321546
1212203570  7.066121
1212252367  8.461475
1212561599  9.205961
1212618833  7.041560
1212715978  6.855246
1212896847  7.617389
1212899669  5.376875
1212999443  8.817148
1213029998  7.501974
1213063444  0.000000
1213063499  0.000000
1213063559  0.000000
1213063619  0.000000
1213063684  0.000000
1213063750  0.000000
1213063814  0.000000
1213063870  0.000000
1213063927  0.000000
1213063984  0.000000
1213064052  0.000000
1213064110  0.000000
1213064139  0.000000
1213064212  0.000000
1213064237  0.000000
1213064321  0.000000
1213064389  0.000000
1213064444  0.000000
1213064554  0.000000
1213064616  0.000000
1213064676  0.000000
1213064741  0.000000
1213064802  0.000000
1213064858  0.000000
1213064919  0.000000
1213064979  0.000000
1213065043  0.000000
1213065099  0.000000
1213065164  0.000000
1213065221  0.000000
1213065279  9.884539
1211138236  8.694974
1211376202  8.008216
1211411775  6.607089
1211507024  4.342295
1211547296  5.241913
1211560004  5.105020
1211585271  4.730318
1211590252  4.640927
1211644992  11.828976
1211823588  7.103792
1211925362  8.400503
1211928716  9.092929
1212149327  5.678740
1212167582  4.732283
1212225564  5.585645
1212360409  17.832878
1212706864  18.130093
1212801156  7.783142
1212995752  7.557889
1213017094  5.678740
1213019627  7.361403
1213031862  12.814020
1213031917  18.857574
1211107014  9.861127
1211179746  9.790859
1211235946  4.570837
1211310987  7.479843
1211353088  0.000000
1211353103  6.814487
1211439122  7.322383
1211615723  14.643266
1211700625  10.210697
1211960339  7.617389
1212035545  11.703526
1212043814  6.208558
1212215817  10.898733
1212246676  16.051350
1212254024  4.657615
1212268527  4.161655
1212295896  3.555394
1212307327  2.893204
1212311405  11.919556
1212339000  11.478654
1212470963  5.099907
1212812823  11.068419
1212814816  17.832878
1212828906  18.130093
1212831525  7.277050
1212868489  4.443632
1212971590  24.722853
1211478763  8.503590
1211616267  10.646078
1211618979  11.463719
1211673023  9.542154
1211691667  10.921855
1211906071  8.450418
1211943001  6.781680
1211951437  8.392038
1211994397  2.490086
1212012970  9.303888
1212051535  10.736513
1212072661  4.970843
1212289360  12.630940
1212295065  18.755268
1212296709  13.643718
1212314477  7.069472
1212348483  7.197989
1212363870  6.638783
1212454216  4.785956
1212458152  7.774088
1212630618  7.328299
1212680886  13.753619
1212732745  16.996962
1212813427  8.686496
1212906639  4.073329
1212912050  14.316897
1211034012  11.952069
1211066086  7.992826
1211073109  8.337250
1211087057  4.014528
1211137078  8.298478
1211253556  5.585645
1211267558  8.807585
1211422422  13.709103
1211434675  5.687486
1211438097  14.478522
1211494672  0.000000
1211494727  0.000000
1211494787  0.000000
1211494847  3.967531
1211525979  2.240798
1211836305  6.189128
1211937385  5.241913
1211998534  6.817277
1212260574  4.604383
1212271778  0.000000
1212271838  6.590145
1212306727  8.470029
1212347313  4.492030
1212365833  13.643718
1212518684  5.917238
1212620535  4.799284
1212830539  9.315318
1212837057  11.401945
1212911887  11.757996
1211083455  7.457875
1211091157  21.914883
1211172531  13.476192
1211182215  18.824818
1211271745  8.252172
1211306614  6.188528
1211333566  8.121282
1211472511  4.094155
1211502766  6.690950
1211514842  8.686496
1211522598  0.000000
1211522663  5.678740
1211525290  17.832878
1211618411  27.673029
1211684508  19.778282
1211698010  14.317723
1211705888  13.591826
1211754284  0.000000
1211754344  0.000000
1211754418  0.000000
1211754422  0.000000
1211754455  2.618884
1211860962  17.388878
1212022553  8.273624
1212107188  523.930786
1212824040  337.430878
1212888558  114.114182
1212897145  9.726791
1212912336  8.703232
1213001787  13.220517
1211207709  6.212115
1211259243  10.652305
1211333381  17.603758
1211335429  6.430264
1211337537  9.002369
1211421746  6.819088
1211423555  10.078152
1211529247  5.585645
1211587565  5.872975
1211604638  13.090619
1211785278  20.924614
1211948853  5.162490
1211952799  13.658899
1211956144  6.480006
1212112852  0.000000
1212112860  4.759700
1212208036  17.897154
1212224023  10.968515
1212228820  9.880684
1212232959  7.208159
1212253566  16.996962
1212454502  8.536729
1212535519  18.862511
1212539134  5.021331
1212631885  0.000000
1212631949  16.028982
1212646090  14.167970
1212725258  8.252172
1212726491  10.705041
1212730076  0.000000
1212730085  5.085438
1212818722  83.677353
1213040753  4.887995
