1212293437  146.948288
1212117428  9.390101
1211524257  3.319987
1211549120  7.433789
1212726587  9.165766
1211059455  3.380184
1212832702  8.781628
1212909057  4.189344
1211685059  8.930469
1212309333  3.371951
1211252611  9.084442
1212912575  13.715961
1211984645  6.141273
1212978603  0.000000
1212978613  9.643579
1212312754  10.537952
1211096608  4.729156
1211103787  7.557499
1212227821  9.243818
1212117402  17.439453
1211768917  8.644017
1211769258  0.000000
1211769318  0.000000
1211769347  3.021679
1211769806  6.663165
1212263512  0.000000
1212263564  0.000000
1212263566  6.641476
1212501937  8.795345
1211682980  7.186777
1211249631  10.893305
1211700075  0.000000
1211700077  3.265561
1212002962  3.518002
1212216400  8.637667
1212357634  4.676595
1212372041  0.675007
1212262860  4.682282
1211054942  8.232776
1211599018  0.000000
1211599200  0.000000
1211599228  4.889310
1212432944  4.731590
1212911469  8.903458
1211185075  7.138562
1211253631  6.108630
1211264672  4.528030
1211874388  8.660535
1212214968  0.000000
1212214981  0.000000
1212214994  10.472130
1212222409  0.000000
1212222419  11.280943
1212548253  8.626603
1212826571  6.257831
1212997732  6.937476
1211767984  0.000000
1211768011  0.000000
1211768072  0.000000
1211768091  3.417402
1212199010  2.161004
1212900082  0.000000
1212900106  0.000000
1212900116  3.869803
1211134453  0.000000
1211134467  7.420705
1212586433  0.000000
1212586479  3.417402
1211336240  3.645467
1211095606  6.323989
1212223264  0.000000
1212223335  4.637927
1211491974  11.976006
1212214242  12.170255
1211773097  8.848949
1211787244  9.961588
1212128989  5.161271
1213013879  7.527109
1212567032  9.142591
1212570435  13.397723
1213061462  5.746025
1211490639  9.243818
1212479267  8.921037
1212760295  8.363455
1212851636  7.329454
1212209237  0.000000
1212209285  4.447888
1212734244  3.269358
1211612904  6.053795
1211930528  6.111637
1212085039  4.192286
1211050543  19.017200
1211165367  6.813747
1212203516  0.000000
1212203546  6.849882
1211100201  7.573005
1211094684  8.379908
1212262926  10.561049
1212312624  8.781628
1212385632  7.726856
1212471037  6.429357
1211069817  7.210705
1211190563  9.761198
1211930768  4.413525
1211053173  4.889310
1211403046  7.209326
1211671983  9.544343
1212235218  10.855141
1212261236  2.444655
1212267609  0.000000
1212267629  10.665618
1212296184  0.000000
1212296214  4.809157
1212852836  12.056623
1211091906  0.000000
1211091909  3.767905
1211468308  4.988259
1211475200  8.807970
1212303919  4.043534
1211438950  6.079803
1211531201  3.224836
1212048600  3.180302
1211128721  2.012990
1211539235  7.562135
1211549629  7.562135
1211599512  10.578717
1212216594  6.619400
1212755685  10.665618
1211895519  3.323848
1212141704  8.637667
1212204367  2.184882
1212826116  7.368366
1212832234  6.299816
1212252875  0.000000
1212252896  4.043534
1212461973  5.456077
1212266864  0.000000
1212266930  4.603897
1211697638  12.201094
1212271591  0.000000
1212271656  2.099261
1212910389  3.593389
1211423580  7.455136
1211447747  6.527421
1211601513  8.516356
1212271906  2.624077
1212563979  4.573404
1212716892  0.000000
1212716964  0.000000
1212717014  5.509657
1212869625  9.757363
1212311590  3.584338
1211662956  4.192286
1211675167  7.453710
1212302033  6.362590
1212526884  8.781628
1212784399  1.908419
1212807767  27.485167
1211146835  7.235290
1212025910  3.328841
1212394155  11.020708
1212290964  0.000000
1212290991  0.000000
1212291019  4.378486
1212312399  7.330884
1211109770  10.352786
1211612000  0.000000
1211612011  0.000000
1211612031  0.000000
1211612051  0.000000
1211612057  1.562343
1211695221  10.448699
1212716947  0.000000
1212717002  9.074113
1212914287  4.123561
1211530851  4.658096
1211613710  6.876926
1212116866  6.722737
1212150610  10.665618
1212893659  12.201498
1212257440  7.470903
1212765364  3.265561
1212904505  0.000000
1212904534  0.000000
1212904546  6.840784
1212648404  9.291871
1212974643  8.636210
1213032241  8.611306
1211588923  0.000000
1211588937  8.644017
1211155955  7.330884
1212227644  2.028526
1212650606  11.061572
1211427204  3.265517
1212892820  6.765675
1211859409  7.329482
1212583439  13.491110
1211692855  11.221800
1212848190  6.459024
1212276463  7.742332
1212021405  3.557129
1211702264  0.000000
1211702267  3.542778
1212893932  5.238546
1212287937  0.000000
1212287993  0.000000
1212288018  0.000000
1212288020  4.932102
1212909865  1.479631
1212225230  8.388291
1212723669  0.000000
1212723736  9.452231
1211704965  0.000000
1211704987  0.000000
1211705012  0.000000
1211705024  0.000000
1211705055  0.000000
1211705102  0.000000
1211705168  0.000000
1211705223  0.000000
1211705283  0.000000
1211705343  0.000000
1211705414  0.000000
1211705464  0.000000
1211705534  0.000000
1211705591  0.000000
1211705657  0.000000
1211705711  0.000000
1211705772  0.000000
1211705828  0.000000
1211705888  0.000000
1211706008  0.000000
1211706085  1.530711
1212912546  2.721265
1211590268  7.210705
1211704119  0.000000
1211704181  6.262385
1212680585  9.616541
1212732496  0.000000
1212732511  0.000000
1212732532  6.249015
1211873547  11.272646
1211949454  6.517597
1212260018  4.704443
1212450540  0.000000
1212450607  0.000000
1212450661  0.000000
1212450722  6.047915
1212292689  0.000000
1212292710  0.000000
1212292756  28.457033
1212912122  2.578040
1211161158  0.000000
1211161166  0.000000
1211161186  6.564970
1211777278  7.254179
1212737053  5.030744
