1212121851  5.585507
1211613371  8.424723
1211749661  3.919842
1212038736  12.567391
1212360997  8.565135
1212563949  9.829795
1212984073  8.144436
1211621238  8.393364
1212990646  6.925803
1211091109  6.009243
1212171004  9.015931
1212260205  6.971214
1212505746  9.831852
1212513388  4.102105
1212740694  10.149860
1212862274  6.295398
1211101303  11.525046
1212474505  10.149860
1212815992  6.656721
1211080461  0.000000
1211080485  7.396357
1211222870  9.983469
1211446004  11.236222
1211895094  13.676209
1211993908  11.351192
1212412370  8.496769
1212424759  5.030463
1212582274  7.397346
1213022854  10.341221
1211089309  9.241308
1212380809  3.509625
1212381388  10.207540
1212399283  11.735869
1211400413  9.003081
1212294078  9.910787
1212299321  11.717131
1212435949  8.366836
1212821203  15.771813
1211091409  5.919553
1211960842  0.000000
1211960908  4.481929
1212824871  9.983469
1212989139  11.720234
1213068084  11.729566
1211102179  11.210964
1211536234  12.885572
1211597101  11.003965
1211788592  12.108049
1212192714  7.131412
1212431515  5.115725
1211057029  5.285923
1211965256  7.211092
1211139506  7.932201
1211238980  9.817587
1211345811  9.572993
1211360078  46.137131
1211762168  4.578812
1212387952  11.729566
1212738523  14.060556
1211185782  7.766175
1211197867  6.610168
1211202426  9.213931
1211775644  7.766175
1211789821  10.859085
1211855969  6.501804
1212704995  7.396357
1212953888  6.893870
1212213550  9.075891
1212290094  9.985236
1211664102  8.949986
1211707331  6.261795
1212741230  1.132288
1212798687  1.227607
1211441775  8.250817
1212230914  6.610168
1212916650  7.897805
1211094973  11.029450
1211108018  11.537277
1211597353  10.742607
1211052153  11.287859
1211697717  9.003081
1211754099  9.003081
1212199764  7.866987
1212299077  60.832642
1212715035  8.231887
1212913307  12.850202
1212990357  7.638861
1211492945  10.144839
1211554222  7.447943
1212262929  8.424723
1212398218  16.366835
1212795591  9.696379
1211136160  7.699991
1211307137  5.947814
1211495494  9.468759
1212035530  8.565135
1212384436  5.288135
1212978361  9.451426
1211091114  5.909741
1211423923  0.000000
1211423949  0.000000
1211424004  0.000000
1211424064  6.101694
1212829835  4.777095
1212905596  7.263106
1211513027  7.066559
1211792759  9.591977
1212138146  9.983469
1212285330  10.243552
1212356615  10.129793
1212895384  10.494661
1212058182  13.403034
1212489685  11.717131
1212576736  10.191786
1212663829  6.501804
1211225678  8.424723
1211343394  8.927477
1211392592  10.770086
1211440784  9.153133
1211991807  8.506283
1212311425  9.227146
1212377768  9.754553
1211265578  8.082121
1212613277  7.589393
1212810162  6.195289
1212908853  4.473163
1212989415  8.945103
1211031784  11.527918
1212337145  11.492386
1212815931  5.810160
1211307554  9.373851
1211434210  11.236222
1211618793  10.001514
1211679280  7.154664
1212212955  39.054592
1212432863  5.359596
1212822234  12.007565
1211158207  11.729566
1212445446  6.583810
1212468258  10.560674
1212651859  8.480551
1212908156  6.610168
1211153876  10.684064
1211582721  4.716059
1211727309  11.351192
1211781783  6.266501
1211844529  9.983469
1211881618  9.642990
1212021997  6.053401
1212224950  9.503648
1212293447  6.237236
1211751292  6.422152
1212210237  7.515653
1212860632  10.677109
1211160514  5.864783
1211762526  7.568407
1212816799  3.997870
1212877695  0.107967
1211610753  8.835068
1212302141  7.288978
1212644213  7.273909
1212900595  8.565135
1211023583  8.577347
1211145198  8.271887
1211678889  9.983469
1211704252  10.149860
1211756431  6.610168
1211793024  26.605007
1212062573  14.180396
1212604834  6.192086
1212964783  10.415856
1211280770  6.610168
1211993939  7.906278
1211061604  7.710516
1211621922  9.822446
1212047421  11.027178
1212224009  12.145765
1212454790  11.207918
1212574927  11.300846
1211257088  11.052022
1211784879  10.144839
1211800634  8.350883
1212219321  8.186566
1212459860  7.776668
1212750858  11.729566
1211350176  9.398704
1212012423  10.144839
1211689105  7.273909
1212225127  7.922661
1212590094  6.009243
1212675561  10.762711
1211514290  10.497328
1211777326  13.578191
1211877716  8.521683
1211991335  7.766175
1212314689  6.101694
1211031784  11.527918
1211460353  10.848796
1211890178  11.642384
1212145430  12.885572
1211379305  7.039266
1212547227  0.000000
1212547254  5.115725
1211605227  8.471216
1211693951  8.458218
1212187102  8.717270
1212900472  10.390341
1213003073  13.039438
1211018872  10.321892
1211274808  7.882418
1211538987  8.013792
1211578824  8.565135
1212388952  10.459482
1212431554  9.003081
1212446066  0.729820
1212913866  11.268639
1212955457  5.912380
1212978195  8.148915
1211072130  0.000000
1211072155  14.980028
1211072366  7.788383
1211429642  9.538323
1211666461  7.903046
1212035044  9.754553
1212138032  8.506283
1212647471  10.651937
1212671791  10.149860
1212733880  11.915726
1212764291  3.730210
1212944744  6.511139
1212949918  5.589404
1211184635  10.990334
1211792675  11.300846
1211793014  10.307341
1212199538  6.823629
1212731358  9.591977
1211707640  11.729566
1211926281  9.666533
1212964582  8.650457
1213007731  7.766175
1213070257  6.877476
1211403653  6.958072
1211597633  9.176930
1212081506  6.464674
1212222620  10.492952
1212059963  11.236222
1212174001  11.236222
1212678875  10.849320
1211412997  6.610168
1211692415  6.119773
1211821170  9.445334
1211868492  10.149860
1212014101  8.506283
1212463149  15.666135
1212470186  11.052022
1212862154  8.424723
1212989971  9.368087
1212224531  7.211092
1212809226  11.717131
1211137282  6.513731
1211149222  8.955759
1211247483  7.695530
1211257569  6.927532
1211438650  11.115586
1212029651  6.108627
1212080286  9.003081
1212202154  8.565135
1212317420  12.007565
1212478342  9.878308
1212542921  9.515494
1212605273  10.540681
1212883099  9.220181
1211864788  6.610168
1211161908  6.501804
1211506032  6.610168
1211680566  9.153133
1211741361  12.346911
1212281711  11.729566
1212291342  7.766175
1212372354  10.149860
1212380939  11.729566
1212469126  10.321892
1212731724  7.421334
1212906059  5.296518
1212958439  8.013792
1212691213  8.978435
1211081673  8.221626
1211975627  12.885572
1212006882  6.610168
1212292418  7.225642
1212821468  9.580286
1211691568  10.786519
1211907797  7.444636
1212149266  8.710306
1211356634  6.101694
1212814776  11.300846
1211616342  4.716182
1211682485  7.139978
1212635761  8.565135
1212640969  10.144839
1212942049  9.503892
1211110181  8.262710
1211834821  21.718653
1211835571  11.344442
1211134798  6.671883
1211699876  4.611290
1212058960  7.766175
1212202606  5.694204
1212212466  6.958072
1212306424  9.739958
1212902679  7.229371
1211183468  10.214747
1212345044  7.766175
1211116509  9.591977
1211166493  6.610168
1212072218  7.211092
1212806614  6.234779
1211463505  9.399681
1212214640  6.385820
1212504429  5.424406
1212642590  8.424723
1213028050  6.610168
1211095451  10.149860
1211118379  10.563564
1211268792  11.914495
1212302927  10.954267
1212692069  12.775458
1212725523  9.319409
1211440516  5.561361
1211159667  6.101694
1211346719  12.890817
1211956841  1228.067261
1212307260  9.662291
1211588507  9.308271
1211607581  7.211092
1212830245  0.000000
1212830305  16.077364
1212830430  7.063135
1211551957  9.865826
1211571760  7.211092
1211996291  10.437107
1211597620  4.643505
1211606253  13.706407
1211863432  6.610168
1212312947  11.027178
1212972590  6.610168
1212030225  11.072576
1212551933  0.000000
1212551958  6.610168
1212558284  37.728474
1212644491  15.187860
1212914946  12.333821
1212980372  8.366836
1211853587  7.102701
1212306835  9.434731
1212326862  6.610168
1212340494  15.198493
1212340817  7.776668
1212802564  7.638861
1212300703  7.011553
1212529962  11.195138
1212833560  8.842441
1212933594  9.591977
1212939321  6.780687
1211179359  13.199364
1212385258  5.888947
1212727710  4.765725
1211125713  6.501804
1211231800  30.000532
