1211072263  3.139930
1211694665  12.300654
1211861954  12.143384
1212201717  12.313990
1212347588  13.681901
1212644461  6.141303
1212649566  13.257867
1212737512  6.092150
1212990978  5.671462
1211168408  5.937925
1211243061  4.141929
1211343149  1.606865
1211362445  8.525040
1211614613  2.775152
1211654519  2.467088
1211763440  0.000000
1211763500  7.084810
1212012856  2.333732
1212203622  16.166195
1212291749  5.850503
1212309571  656.787231
1212312156  8.020540
1212846371  17.781301
1212857572  17.002235
1211070351  18.719444
1211165831  9.959845
1211167160  6.668593
1211505355  3.125652
1211520519  10.351282
1212122795  5.961742
1212125554  8.791249
1212981713  9.541735
1211172145  5.321972
1211476957  13.786266
1211480547  10.584917
1211514614  25.992434
1211555202  9.068537
1211601845  8.833036
1211736141  8.609015
1211777814  4.886674
1211914853  31.638876
1212037086  10.139638
1212367061  5.491859
1212543905  10.172812
1212817231  17.235870
1212870300  3.505455
1212934525  3.558059
1212974574  11.888149
1211254983  3.122046
1211260208  11.287824
1211438254  13.272057
1211531779  4.840499
1211602618  6.837394
1211651122  37.692749
1211698307  10.593081
1211864475  7.528048
1211867579  18.437105
1211868893  8.630486
1212037098  5.940785
1212198090  0.000000
1212198097  0.000000
1212198157  8.667124
1212297682  7.218224
1212312970  11.235241
1212450161  10.648645
1212555920  12.300474
1212598030  31.833838
1212827015  3.074014
1212856260  12.086286
1212896232  14.109779
1212913689  2.472173
1212916752  6.508235
1212960805  17.133068
1212996250  7.071803
1213035297  2.938396
1211068658  7.663987
1211090493  5.999493
1211398873  11.490438
1211497973  2.878270
1211525003  13.344129
1211698896  42.583870
1211708743  11.488825
1211998061  10.144201
1212380990  4.585955
1212556857  11.202761
1212641352  8.667124
1212788542  8.359081
1212815096  8.988899
1212823145  8.240485
1212827195  5.712581
1211150631  0.000000
1211150696  9.521963
1211252515  11.974814
1211508468  9.630137
1211526191  22.922379
1211685113  16.661341
1211692808  4.585955
1212121277  6.543243
1212126991  7.421783
1212302307  2.852508
1212307108  2.767379
1212352897  18.287127
1212445496  265.006744
1212512487  0.000000
1212512539  10.897524
1212819897  99.250580
1212823258  12.313990
1212916206  13.404392
1212947856  12.566184
1212956387  5.211872
1212995413  6.327775
1211326542  8.525040
1211337341  1.328342
1211519996  7.150600
1211588837  2.431646
1211622458  3.330182
1211868115  5.099880
1212629085  4.731541
1212725883  8.293525
1212826319  7.536629
1211440925  7.218224
1211519166  6.472873
1211788086  9.331024
1211819075  1.811375
1211929326  9.292754
1211942760  7.059093
1212288086  3.222757
1212294662  6.567867
1212602171  10.299490
1212639540  11.881920
1212643610  4.585955
1211107971  15.379769
1211124697  12.109607
1211689981  7.890617
1211692881  14.163145
1211736558  11.976112
1211824185  9.029331
1211942547  7.879203
1211689702  8.682409
1211704900  6.964953
1211736193  6.435907
1211863777  5.838269
1212201120  20.136839
1212219787  8.806314
1212645317  7.270417
1212746239  13.085187
1212893899  9.228024
1212908875  3.541273
1213018729  2.033176
1211276123  19.927078
1211710879  6.652345
1212112354  2.741209
1212230673  8.343880
1212290978  5.739044
1212300605  2.982253
1212313778  7.797169
1212356735  1.581360
1212580918  6.968666
1212644677  7.910830
1212944452  7.949195
1213011906  7.778983
1213019656  10.222133
1211172711  6.587274
1211181458  9.593079
1211394525  0.934093
1211404115  0.000000
1211404153  0.000000
1211404179  11.921274
1211600357  10.739805
1211621020  11.488825
1211771366  15.261436
1211780266  11.991128
1211785775  9.675278
1211788807  4.516471
1211789249  19.925175
1212306319  3.875533
1212503552  21.634554
1212728090  23.742634
1213073362  8.667124
1211343233  9.690825
1211349262  3.320855
1211444009  14.475430
1211609224  12.502081
1211613980  6.208772
1211970389  8.525040
1212198487  2.282006
1212400082  12.456299
1212530029  1.514818
1212530307  11.326872
1212630405  4.111998
1212789561  8.302652
1212920361  10.512081
1211088491  9.550436
1211091054  8.667124
1211124195  9.215333
1211418807  7.872012
1211520365  1.486950
1211767374  1.633207
1211860276  11.276596
1212091646  8.891755
1212120293  10.419529
1212129441  12.456299
1212369906  11.287824
1212811862  2.594947
1211079541  1.779029
1211123617  5.419765
1211223621  20.602213
1211286405  27.380669
1211286949  6.616705
1211517228  7.402862
1211661842  11.381410
1211690689  7.091660
1211694007  5.130629
1212131434  8.667124
1212223537  6.188629
1212301193  198.615326
1212308942  9.672509
1212515090  28.052303
1212523955  8.754566
1212757995  19.690077
1212820338  8.921563
1212826577  7.528334
1212912738  10.336880
1211753158  0.000000
1211753216  6.856268
1212202974  1.598559
1212555789  3.027439
1212820038  10.000391
1212822439  5.185982
1212858221  11.191720
1211065093  5.801417
1211786796  16.723509
1211939782  8.965990
1212021256  2.060145
1212118701  8.667124
1212210749  10.833904
1212556247  13.787541
1212656648  5.513921
1213024455  0.000000
1213024510  8.000422
1211219163  4.927459
1211305304  2.472173
1211518605  3.670550
1211765720  12.269987
1212304085  8.667124
1212304744  7.278284
1212369720  4.799959
1212642028  21.179386
1212728073  23.742634
1212860290  3.122046
1212941513  4.968118
1212957430  0.000000
1212957432  1.581360
1212984761  12.340552
1211049350  0.000000
1211049409  1.953444
1211053766  3.839503
1211179643  10.788011
1211507768  8.387539
1211593832  7.084810
1211789760  55.334526
1211863538  11.237161
1211997555  21.273979
1212112033  0.000000
1212112100  9.071069
1212134727  9.683352
1212166006  5.157373
1212334752  6.449864
1212471005  4.703609
1212567351  16.901190
1212814962  7.226529
1211044552  622.365479
1211079255  6.372580
1211231478  2.743751
1211238947  3.330182
1211256721  8.667124
1211422655  12.039989
1211609517  9.844647
1211678542  221.728317
1211689712  268.090393
1211788946  7.778983
1211901460  8.928496
1212048603  4.151069
1212071342  19.605673
1212114829  18.219044
1212117429  9.897621
1212295538  8.163961
1212297200  6.849491
1212370380  548.947327
1212463287  11.422495
1212602751  14.233737
1212605516  21.273979
1212630207  6.084068
1212645524  7.890195
1212728748  6.616705
1212817400  6.263363
1212821151  12.745160
1211170553  4.886674
1211174034  11.106497
1211429507  18.816391
1211523425  11.030478
1211528620  8.486163
1211773552  8.667124
1212041258  2.165775
1212051896  11.287824
1212131195  1027.043213
1212288905  5.911084
1212493182  117.628990
1212546372  1.532702
1212643966  12.161035
1212687838  18.994106
1212831190  9.275581
1212984409  2.490641
1212994800  6.071464
1211246443  10.101423
1211311055  22.822489
1211418555  0.000000
1211418591  11.818805
1211427878  19.927078
1211514583  13.041795
1211701171  10.693323
1211704038  11.485421
1211848904  4.886674
1212043156  6.831132
1212069625  4.968118
1212165211  16.813015
1212203536  9.069593
1212209195  5.201161
1212254263  2.814239
1212820888  9.375517
1212896852  8.906140
1212902645  8.095286
1211085415  2.982253
1211215116  5.088046
1211342616  11.287824
1211706629  9.944942
1211706690  8.347728
1212036963  7.084810
1212164666  0.000000
1212164730  13.010768
1212544281  11.964828
1212580259  6.224041
1212650646  7.084810
1212725066  7.605188
1212768746  8.814024
1212786171  24.818584
1212809045  10.886195
1212839809  6.660816
1212899043  13.010768
1211091035  7.980110
1211171783  0.000000
1211171785  0.000000
1211171845  8.525040
1211178080  8.525040
1211598971  21.273979
1211608899  21.273979
1211691439  7.535965
1211790863  8.667124
1211851639  3.313543
1212041557  7.456573
1212125309  10.167422
1212218325  9.675278
1212293018  9.638566
1212383810  3.386626
1212430908  5.522572
1212442354  3.823319
1212546416  4.320103
1212904813  7.084810
1212911748  5.779864
1211098802  6.107728
1211103157  8.667124
1211391822  10.416530
1211419072  5.439402
1211892643  5.438388
1211910300  1.717684
1212048243  1.811375
1212469377  14.720124
1212479631  13.367555
1212806655  4.886674
1212907145  6.201156
1211173662  6.015187
1211613640  8.703189
1211777715  6.508235
1212259772  0.000000
1212259832  1.660427
1212802701  10.166461
1212802822  6.747438
1212822326  1.509480
1212984348  8.667124
1211384492  14.026944
1211503526  1.603327
1211516403  12.143384
1211646185  2.737136
1211695750  4.258387
1211955967  17.116377
1212004110  3.258419
1212125043  6.616705
1212134019  5.002332
1212162045  6.661258
1212292791  6.476998
1212300809  9.385494
1212312614  10.392502
1212651438  21.273979
1212762566  11.283593
1212834094  6.290373
1212896993  6.577686
1212904425  6.526913
1211399974  4.212102
1211614935  8.667124
1211699009  6.084744
1211770775  4.968118
1211791046  6.203161
1211850673  10.392502
1212125426  8.880036
1212469599  7.547651
1212563468  5.779864
1212690492  14.736572
1213022317  9.365866
1212340194  20.602213
1212545394  23.742634
1212551238  9.427775
1212601213  19.621157
1212721184  14.575997
1212791373  0.000000
1212791402  9.455044
1212814589  21.273979
1211091657  16.559160
1211781136  5.419765
1212041151  8.525040
1212261198  26.208979
1212283270  13.138834
1212463597  8.669797
1212544782  14.724556
1212595282  1.633207
1211061141  7.084810
1211098987  12.075424
1211171780  12.041089
1211347126  6.180584
1211491151  6.849491
1211495061  12.842654
1211611815  7.535965
1211870378  8.902949
1212051005  8.965990
1212289671  6.140931
1212294637  10.936290
1212632617  24.069515
1212642751  9.844647
1212771375  3.900162
1212832954  5.925408
1212844535  18.640034
1212991770  4.731541
1211101806  8.511427
1211105324  23.353409
1211113380  13.623402
1211151839  5.490406
1211167380  3.198420
1211263458  20.602213
1211425278  7.325199
1211517916  5.097827
1211522047  3.505455
1211525130  12.041089
1211648221  6.252832
1211650800  6.478790
1211697909  5.991561
1211774533  2.463530
1211824154  11.798779
1211849574  4.055097
1211861325  7.414822
1211861861  9.123288
1211934456  0.000000
1211934516  0.000000
1211934565  0.000000
1211934602  6.968666
1212133234  11.102777
1212200992  8.445477
1212303700  2.929775
1212308263  7.812772
1212312450  10.080512
1212337561  9.436888
1212380476  4.264572
1212399226  12.086286
1212442930  0.000000
1212442989  8.163961
1212460986  20.728258
1212467260  8.706259
1212786419  16.840719
1212827313  7.778983
1212858531  18.519421
1212900404  15.975285
1212901702  14.798822
1212908327  6.464999
1212911623  11.742275
1212918869  7.929904
1212994690  6.620984
1213030787  6.139500
1211422952  8.926841
1211682149  5.794265
1211697816  9.630137
1212218601  1.216070
1212386935  6.019414
1212466025  8.006741
1212538206  5.771845
1212634900  5.010963
1212648307  7.549404
1212691872  0.000000
1212691896  425.088623
1212732784  9.071069
1212800959  1.443850
1212808916  12.646188
1212896739  0.000000
1212896762  11.275035
1212912343  3.386626
1211085179  11.180827
1211238585  19.129997
1211252056  4.968118
1211411006  14.474987
1212076593  15.966614
1212163908  5.340262
1212164356  6.226603
1212521016  12.143384
1212555359  14.723985
1212640353  11.287824
1212730864  7.754633
1212886866  8.302652
1211031113  8.163961
1211102363  9.286203
1211142547  12.416739
1211142607  14.932483
1211175388  7.218224
1211176899  12.830159
1211250115  5.987407
1211253034  11.075228
1211590152  3.459390
1211648887  5.787817
1211949530  17.106878
1212065294  9.985779
1212127137  9.987135
1212208749  1.403178
1212281337  9.521963
1212800439  4.430091
1212810996  7.237445
1212860094  0.293326
1211085643  5.254422
1211291033  14.894403
1211398898  18.537418
1211489406  3.330182
1211521441  11.287824
1211601672  3.823319
1211682459  5.329545
1211684211  5.522099
1211781357  12.539907
1211784668  11.974814
1211785458  6.459523
1211787550  4.074028
1211843459  16.526157
1211845825  25.487934
1212255519  9.397163
1212375644  12.829655
1212377328  11.751661
1212386202  7.961431
1212417706  8.163961
1212559858  4.968118
1212677586  0.000000
1212677633  8.361351
1212815941  4.320103
1212854608  15.325723
1212998492  70.370674
1211066442  21.792852
1211072252  15.936757
1211087865  6.873029
1211098852  11.158621
1211188208  8.667124
1211292125  16.661341
1211400965  20.259195
1211427061  3.330182
1211433913  4.122419
1211700821  6.307283
1211782542  5.550800
1212039587  13.888706
1212078713  0.000000
1212078767  1.660427
1212243550  5.094611
1212446336  8.445477
1212759813  0.401464
1212823607  3.632926
1212836715  2.392426
1212898006  11.350559
1212903363  10.705305
1212904271  3.444415
1212989221  4.585955
1211166814  10.784532
1211427982  17.511869
1211478140  23.323261
1211764772  8.472161
1211771679  9.832846
1212063122  8.284174
1212462324  13.063435
1212545195  9.796754
1212994471  9.022780
1213062785  7.728884
1213068822  2.629091
1211035578  10.798666
1211072123  13.284768
1211079975  2.472173
1211104798  10.727579
1211528367  8.667124
1211612730  6.728853
1211858818  1.688570
1211905255  14.867517
1211911606  12.125405
1211953268  4.561214
1211957690  12.674830
1212032488  10.758112
1212290498  4.320103
1212314368  6.192712
1212383479  11.276596
1212429332  18.565744
1212645668  11.121294
1212733465  9.521963
1212818411  3.408099
1212820024  8.719777
1212824568  7.403613
1212902906  4.653498
1212916411  5.885796
1212918565  6.616705
1211085109  0.000000
1211085111  1.633207
1211164126  2.785422
1211186573  15.856287
1212217132  7.145952
1212282577  15.151981
1212285171  13.205104
1212358781  1.148339
1212376092  25.499382
1212729648  12.619332
1212730229  7.180600
1212760795  4.087489
1211173824  19.611500
1211215677  1.660427
1211381249  8.163961
1211524233  8.163961
1212034381  9.521963
1212039689  11.158621
1212216434  8.030127
1212224017  11.426356
1212470797  11.867173
1212720315  8.667124
1212730275  21.523499
1212813229  8.814024
1211040552  4.968118
1211054651  11.287824
1211343574  5.661756
1211523059  0.000000
1211523119  17.637716
1211525671  9.600541
1211541894  22.308018
1211680220  8.034825
1211815344  15.615879
1212113847  9.365866
1212286299  5.614665
1212309875  5.959741
1212806023  13.789880
1212847771  4.968118
1212915408  10.750308
1211077081  2.895811
1211377577  10.351282
1211489664  2.472173
1211507126  2.616609
1211520187  2.746860
1211556899  2.147328
1211903254  10.336880
1211946718  7.653714
1212033699  11.075228
1212045631  16.661341
1212183661  10.098249
1212515806  3.344846
1212791674  18.182219
1212860507  20.806049
1213001775  7.227837
1213020165  10.387596
1211354328  17.452784
1212016489  0.000000
1212016509  19.070822
1212146708  18.846375
1212286760  13.821825
1212389701  4.968118
1212643212  169.852676
1212739636  7.609114
1212806086  27.635368
1212890462  8.667124
1212895053  4.363983
1211094493  10.925384
1211096021  9.521963
1211311737  8.667124
1211672729  18.846375
1212003271  1.660427
1212134492  8.280197
1212283748  3.330182
1212304309  10.923801
1212527488  4.141929
1212639647  12.086286
1212809827  13.050473
1212820121  2.854442
1212906071  11.276596
1211061155  5.396494
1211103976  8.422441
1211155138  4.141929
1211161903  8.747102
1211424024  2.854442
1211432485  8.297608
1211514404  8.667124
1211571607  2.952013
1211578768  11.202661
1211598384  8.122891
1211607780  8.527131
1211704976  8.122051
1211848583  30.973993
1211855116  3.445016
1212048490  5.753657
1212137177  8.667124
1212219405  8.626669
1212299855  4.852866
1212317165  8.053808
1212460001  5.418623
1212461976  9.126101
1212645091  16.661341
1212725920  3.529008
1212726832  10.003431
1212829970  10.419529
1212894454  5.613194
1212978782  5.668396
1212984282  13.581258
1211228326  9.474314
1211273492  3.275589
1211275301  3.330182
1211361051  4.986731
1211513109  4.251297
1211607838  8.667124
1211655280  2.767512
1211706293  0.000000
1211706358  57.131783
1211851573  4.074028
1212052702  8.076024
1212192901  0.000000
1212192964  9.123288
1212210774  0.000000
1212210799  1.364735
1212293001  2.431646
1212449677  9.521963
1212460710  9.979012
1212860509  33.739540
1212917834  28.390268
1212921922  11.488825
1212980758  3.048676
1212983744  10.705785
1211041977  10.101423
1211061450  32.372826
1211133927  10.336880
1211262526  4.052277
1211347001  5.744441
1211426466  3.288852
1211433910  8.163961
1211442488  21.818663
1211524427  20.259195
1211604045  1.581360
1211616449  11.337275
1211617888  8.611049
1211770589  1.486950
1211838673  53.846783
1211866120  4.731541
1211869729  6.616705
1211874583  2.775152
1212025362  10.101423
1212132264  13.075336
1212458135  3.668558
1212516977  16.049973
1212728199  4.741616
1212740102  14.200726
1212741258  8.163961
1212907950  4.807857
1212909773  7.651459
1211036263  2.775152
1211051172  9.032943
1211435144  21.837757
1211658360  0.000000
1211658432  5.770887
1211744298  17.900366
1211778846  7.910830
1211843935  8.472161
1212119209  4.886674
1212124082  13.010768
1212251843  4.198410
1212290372  4.772799
1212468735  21.179386
1212853957  9.214804
1212896543  9.455044
1212911539  7.882128
1212982068  13.468564
1212991143  4.028204
1211353892  9.455044
1211425725  12.636158
1211448804  4.585955
1211508385  1.423223
1211692902  9.920505
1211941529  3.126003
1211945617  6.483884
1211949279  6.107728
1211965191  4.968118
1212076593  2.878270
1212124445  2.737136
1212334241  13.496062
1212479230  2.854442
1212734743  6.744899
1212772133  3.519561
1212809527  6.975620
1212827838  7.910830
1212903969  6.301624
1212918425  10.612074
1213052713  8.667124
1211090483  7.775202
1211174503  11.974814
1211302071  2.432341
1211305669  3.320855
1211996608  0.000000
1211996625  1.383690
1212009271  2.616908
1212104885  3.275589
1212134900  3.974495
1212186100  3.975268
1212186685  15.527713
1212212757  5.438388
1212214486  7.935962
1212380591  3.222757
1212383795  5.779864
1212386674  9.256907
1212470071  6.366309
1212785645  25.912733
1212895491  10.416530
1212908062  10429.631836
1211089235  7.525658
1211573436  3.275589
1212002743  31.461355
1212560851  11.867173
1212677857  9.672509
1211048376  18.537418
1211089017  7.536629
1211337040  2.737136
1211340942  5.979170
1212021688  2.033176
1212520665  13.586695
1211090987  14.968576
1211612100  6.616705
1211674604  4.373551
1212720996  10.196616
1212783615  9.916481
1212909830  11.287824
1212969368  9.381804
1213030613  8.525040
1211068138  1.660427
1211068880  18.846375
1211242229  18.846375
1211250027  14.535302
1212221209  10.167422
1212296207  1.581360
1212709752  3.883058
1211089656  3.985026
1211108119  1.802727
1211314215  20.806049
1211505916  12.746631
1211707186  10.068525
1211723162  15.758924
1211762134  1.423223
1211918466  11.075228
1212037927  6.403263
1212113096  5.168440
1212209700  6.252832
1212748269  8.000422
1212868467  9.326867
1212903280  23.130590
1213003385  3.330182
1213071991  3.122046
1211040771  10.411308
1211076769  4.437781
1211136604  11.102777
1211174515  12.349204
1211432180  5.671920
1211635936  10.445162
1211641410  0.000000
1211641471  8.163961
1211951909  7.879203
1211964208  3.330182
1212079555  0.000000
1212079614  0.000000
1212079691  21.699196
1212100284  8.163961
1212289435  3.726494
1212305299  1.915878
1212676903  0.000000
1212676908  1.403178
1212738978  14.409987
1212801340  7.457695
1212904283  10.269855
1212905015  3.258419
1212918122  0.000000
1212918133  7.879203
1211106421  5.956563
1211252398  9.514807
1211605733  14.286334
1211885658  6.327775
1211975919  13.400067
1212427594  2.616609
1211102387  8.343880
1211107282  7.778983
1211183055  6.616705
1211258386  10.505480
1211265606  11.511158
1211280565  23.423317
1211353617  8.667124
1211542933  10.445162
1211686538  8.335071
1211793208  9.811838
1211879495  24.464098
1211879867  15.569531
1212028157  4.968118
1212044903  18.846375
1212090232  6.994174
1212135363  14.631341
1212293272  5.329390
1212308230  11.363486
1212459712  4.657611
1212476125  6.824397
1212488128  8.822274
1212560750  13.813140
1211170550  7.097312
1211177509  9.286203
1211178431  4.383634
1211335743  4.657611
1211337766  7.536629
1211348796  9.145781
1211416413  11.627680
1211426000  4.516471
1211467601  3.222757
1211474510  7.622880
1211510463  6.653001
1211601732  10.632028
1211657949  1.844919
1211695559  7.784359
1211786096  11.114851
1211989766  19.938358
1212024304  11.079149
1212123192  7.180600
1212123855  6.911500
1212375348  5.335259
1212539412  6.547363
1212542337  3.900162
1212552361  2.004465
1212553279  21.898058
1212582310  1.532702
1212652155  8.939743
1212726464  7.906678
1212768230  9.057852
1212783134  6.951581
1212811588  7.611856
1212983386  12.605068
1212985109  10.336880
1211174610  5.811096
1211228007  19.496250
1211236623  2.854442
1211269940  12.746282
1211343502  3.074014
1211499233  8.302652
1211512080  11.960843
1211609392  0.000000
1211609441  10.387596
1211611957  10.416530
1211670424  0.000000
1211670487  0.000000
1211670558  2.119695
1211682190  10.167422
1211687620  7.073232
1211694962  6.988801
1211703813  4.436303
1211862240  12.313990
1211863290  7.392839
1212026056  9.996688
1212039043  13.569583
1212040484  6.616705
1212147839  3.275589
1212149379  4.968118
1212218999  3.505455
1212278652  5.828824
1212302458  13.548139
1212388470  5.753657
1212470052  4.258387
1212472135  10.923700
1212561266  10.926353
1212824836  6.188629
1212895385  10.874672
1211056809  0.000000
1211056874  11.363486
1211089791  10.535851
1211615734  4.550693
1211944997  3.629524
1212222578  17.538254
1212231984  10.880926
1212290246  2.775152
1212306650  4.320103
1212439645  4.669672
1212478883  5.591582
1212518694  18.992996
1212849759  7.879203
1212973425  2.982253
1212999480  18.611519
1211096520  8.540443
1211176035  11.471653
1211236173  283.541199
1211387144  3.122046
1211513844  13.279793
1211694024  116.064133
1211736736  22.793549
1211927135  10.829547
1212027728  2.846447
1212076507  2.878270
1212158392  15.713395
1212267070  17.517612
1212284013  0.000000
1212284083  9.604661
1212389462  8.211072
1212463563  13.167456
1212519865  11.021013
1212543975  7.879203
1212546339  12.093660
1212645301  8.754566
1212936880  3.330182
1211085643  5.254422
1211089960  4.008318
1211175388  4.383634
1211214962  0.000000
1211215025  9.123288
1212777764  0.000000
1212777766  11.287824
1212851102  10.510331
1212904374  8.034825
1211078762  22.215122
1211088197  5.002846
1211227796  1.532702
1211691122  2.426341
1211692987  3.017936
1212030950  10.923823
1212042564  10.615589
1212045150  13.000274
1212296706  5.788342
1212599399  20.869087
1212748034  9.169854
1212808236  6.250625
1212830473  9.811838
1212911008  10.336880
1212939222  11.105865
1211082225  22.976742
1211121584  7.062195
1211341047  9.155190
1211341589  16.100054
1211701397  8.667124
1211811502  3.027439
1211890239  4.968118
1212018874  21.414272
1212225004  4.212131
1212476637  19.605673
1211081610  1.844919
1211219863  0.000000
1211219929  14.163145
1211443227  6.780378
1211447576  9.899164
1211456530  7.428452
1211536211  6.968666
1211770040  3.208709
1211900621  23.353409
1212119535  11.967848
1212184926  5.042380
1212275744  8.387539
1212348530  8.125428
1212397305  23.478271
1212640100  7.547866
1212641910  15.882016
1212651798  9.123288
1212803852  1.633207
1212877075  8.302652
1212992809  8.334624
1212996979  6.083410
1211037788  7.136105
1211042082  2.878270
1211157453  11.464075
1211351636  10.108499
1211363205  6.203161
1211420635  10.508844
1211422791  9.030818
1211514870  19.938358
1211826054  20.496426
1211828996  18.512899
1211912255  5.168440
1211936771  6.072695
1212112462  9.397163
1212116018  21.750937
1212132592  3.275589
1212209168  3.171602
1212221456  5.905245
1212223683  5.838269
1212266943  24.059202
1212287702  5.833044
1212301818  4.413556
1212471532  13.159847
1212503231  19.857927
1212527380  12.336141
1212886039  3.345541
1213000720  7.218224
1211078300  400.349884
1211915377  9.379892
1211982810  17.801748
1212187941  26.017637
1212388635  7.084810
1212646759  8.667124
1213013307  6.616705
1211405912  8.667124
1211614622  6.203161
1211674787  7.647462
1212026901  13.311762
1212065248  6.508235
1212130504  14.789145
1212225725  7.421783
1212237352  0.000000
1212237397  1.465083
1212370741  10.427258
1212378046  13.430063
1212985352  13.196016
1211607258  1.660427
1211772902  1.403178
1211843891  8.754566
1211954856  12.086286
1212212704  10.950068
1212296155  8.337683
1212297995  8.754566
1212312637  13.556395
1212551074  3.222757
1212994164  9.550436
1212996233  9.419084
1213073148  5.624285
1213078247  16.661341
1211062978  9.413301
1211383018  18.537418
1211437697  8.667124
1211611735  5.732444
1211689001  11.287824
1211778821  11.206600
1212024736  2.977520
1212033551  10.939476
1212074358  5.779864
1212233683  24.871832
1212437140  8.656330
1212543724  8.163961
1212562556  6.968666
1212913475  7.488636
1211134816  9.840989
1211170011  17.813421
1211175176  1.364735
1212028201  8.163961
1212739261  9.477073
1211086683  8.302652
1211205941  9.540096
1211208036  2.854442
1211321973  9.884965
1211774997  4.968118
1211781138  3.275589
1211790873  6.684133
1211862890  7.651459
1211924603  10.391313
1212208609  8.667124
1212292366  3.500221
1212638727  10.392502
1212787764  8.814024
1212899330  14.211741
1212977341  8.667124
1212989907  5.752523
1211169813  1.660427
1211419741  1.660427
1211462225  12.309300
1211743916  2.866222
1211983577  11.471653
1211993222  0.000000
1211993288  9.286203
1212257423  8.282731
1212365437  11.577641
1212371095  11.287824
1212851437  1.403178
1212927660  11.547224
1212929813  11.102777
1213016247  6.616705
1211020236  11.202310
1211088610  6.587626
1211257061  6.657864
1211437231  16.709044
1211440440  8.125428
1211445026  8.074722
1211525220  9.559711
1211642416  4.968118
1211666294  6.651603
1211695621  5.753657
1211703142  9.690825
1211763238  8.525040
1211824771  5.849394
1211876673  8.525040
1212212407  4.225204
1212388325  4.886674
1212540904  17.940985
1212611265  12.230109
1212641712  13.516721
1212779568  27.132908
1212807859  5.779864
1212821869  11.485421
1212902618  3.601677
1212904771  8.125428
1212968442  4.319193
1211037844  5.419765
1211503279  2.696917
1211612858  12.538940
1211778492  7.714267
1211984955  26.177053
1211998232  18.846375
1212018190  20.925224
1212034838  8.687200
1212294235  7.007646
1212725609  11.867173
1212828379  5.209764
1212858551  9.123288
1213066010  27.597980
1211064823  4.665174
1211087821  6.968666
1211089236  25.901024
1211542781  8.479330
1211609457  8.667124
1211818591  6.150282
1211822489  22.383570
1212060955  13.112220
1212363888  4.518467
1212581649  5.426079
1212856301  11.771225
1212898828  0.882194
1212978615  35.514542
1211351775  3.680088
1211353414  9.455044
1211435119  18.238426
1211607090  8.000422
1211615864  14.766971
1211700807  9.672509
1211823982  18.080343
1211873777  4.320103
1212012964  10.579960
1212042336  13.063435
1212209876  8.475183
1212213956  6.649038
1212816636  5.281275
1212829026  3.330182
1211329312  15.074481
1211336145  11.431337
1211350522  18.900038
1211521646  8.381351
1211607789  7.521459
1211777887  4.094704
1211812532  19.938358
1211914105  8.000422
1211952575  11.491323
1212167969  2.989500
1212296950  14.305529
1212516159  1.310864
1212687660  20.587721
1212732926  9.521963
1212907664  0.000000
1212907709  19.925129
1211213775  23.236469
1211251585  4.796539
1211469353  20.979483
1211513163  7.237445
1211819146  2.966608
1211822882  9.946342
1211824042  24.800291
1211837618  0.000000
1211837682  11.160567
1212038723  0.000000
1212038781  8.211072
1212342402  11.404586
1212370245  19.017412
1212376327  3.591411
1212381421  3.330182
1212505791  8.472827
1212550358  11.160567
1212557581  3.330182
1212620854  0.000000
1212620915  7.536629
1212819449  5.155874
1212821001  12.058638
1212823518  7.292797
1212869988  1.660427
1211083633  8.789505
1211103938  9.979012
1211504623  2.870350
1211525423  17.201555
1211698148  6.522121
1211706254  3.171602
1211861222  13.856669
1211949117  13.932475
1211956333  6.616705
1212050553  10.775720
1212283868  10.983294
1212302719  6.367244
1212307032  166.142258
1212311173  16.111765
1212315080  8.718595
1212378090  11.306127
1212396769  13.720618
1212729723  14.369778
1212741976  8.667124
1212935947  14.397310
1212946988  0.000000
1212947026  0.000000
1212947028  9.521963
1212987078  10.374079
1213002028  19.927078
1213002699  10.110691
1213003317  7.828740
1213004886  14.596836
1211165483  10.003431
1211182983  6.595077
1211207957  15.574645
1211335013  11.161094
1211943952  9.630137
1211947482  12.829655
1212048258  15.074481
1212090098  12.389598
1212220275  8.906140
1212224303  12.566184
1212227567  13.250936
1212525878  22.073801
1212647243  4.516471
1212730253  10.245767
1212809555  6.837931
1212822994  8.630486
1212879026  2.741209
1213023943  4.008318
