1212628561  4.329486
1211236976  4.447021
1211381100  4.926657
1211733994  5.920223
1212009402  11.605290
1212181245  6.060921
1212221972  8.773687
1212742605  4.515437
1211699826  11.622841
1212549465  6.670532
1212814992  6.400722
1212002598  8.578341
1212065213  6.464982
1212580192  4.762435
1212589105  7.066357
1211219612  3.905114
1211560474  4.626366
1212076185  4.974634
1212821949  10.522099
1211101384  9.842289
1212409758  11.060000
1211099751  8.877106
1211480688  10.666899
1211597874  3.147851
1211821567  1.574593
1211919766  5.435248
1212423668  4.762435
1211056090  4.295874
1211392621  4.447021
1211400866  9.512533
1212825861  7.603436
1212965165  5.790826
1211448039  9.359105
1211699540  4.020498
1211850333  4.890855
1211863948  4.718798
1212270321  6.676564
1212862669  8.207026
1211475358  6.464982
1212830711  3.416975
1212397990  9.631018
1211166233  8.186680
1211683215  4.647995
1211704829  6.092616
1212693192  1.574593
1211523150  10.550264
1211778662  28.540678
1212042039  14.034678
1212223184  12.565296
1212436583  4.762435
1212916203  6.853393
1211044572  127.449165
1211496692  9.359105
1211500950  11.244334
1212370401  112.303970
1212989851  5.758515
1212991162  9.331388
1211815415  11.377736
1211886248  3.147851
1211971163  9.512533
1212271395  6.376351
1212559097  9.342093
1212905237  9.648067
1212126600  9.473186
1212773292  6.178984
1212814944  3.141745
1212021207  4.891724
1211792279  12.821944
1211025227  8.476390
1211927682  2.965059
1211998151  4.329486
1212148340  8.936213
1212324197  10.550264
1212578951  14.643236
1212592989  7.459595
1212594385  8.782958
1211319925  7.701979
1212794876  5.195384
1211097448  7.044495
1211877414  11.138895
1212708133  5.435248
1212988720  8.983437
1212336682  7.015430
1212602886  1.099215
1212675080  9.671076
1212859577  4.647995
1213007839  8.659891
1211891897  5.852349
1212819733  3.831455
1212369895  6.313888
1211236565  5.045778
1211308164  7.461255
1211659823  4.762435
1211703277  7.359671
1211743782  6.814163
1212021326  6.821826
1212180138  11.370037
1212234357  9.015791
1212635762  11.319884
1212597147  10.004560
1211074986  5.513083
1212106959  6.599940
1212256661  5.336426
1211022966  11.690343
1211283702  3.243231
1211291018  3.610389
1211456506  9.359105
1211678259  5.336426
1211982379  4.725461
1212069103  5.062994
1212073994  5.856504
1212307498  8.883498
1212412750  6.539258
1212493519  5.241132
1212579843  10.916167
1212046988  8.374771
1212511843  5.349030
1212762315  6.500919
1212537192  6.060921
1212538138  4.555967
1211802685  9.671076
1211931768  4.876173
1212130143  4.097400
1212620745  10.067461
1212730696  9.145378
1211317918  4.891724
1212093647  9.542188
1212555470  7.145638
1212630880  5.062458
1212154092  6.761142
1212939471  8.059230
1211433388  8.349868
1211433590  13.586402
1211711428  10.591867
1212043227  8.471166
1211128270  6.593016
1211277321  8.042592
1211540372  7.757978
1211615273  10.965221
1211709569  9.247238
1211909702  6.610350
1212050179  12.711427
1212521948  3.147851
1211211436  8.409631
1211273660  9.671076
1211403848  7.394372
1211791743  8.042592
1211798067  11.418739
1212127506  4.585991
1212339869  7.556474
1212605066  5.878729
1212747921  9.369718
1212913414  9.671076
1212931016  5.435248
1211309291  3.679819
1212397948  12.908028
1212673344  12.894767
1212827782  7.685367
1211359020  11.244334
1211360404  6.447504
1211777914  9.671076
1211835769  8.927147
1212658156  8.793857
1212914894  9.210548
1211720628  4.891724
1212134787  9.543136
1211250561  5.866609
1212119777  10.215210
1212898077  12.047501
1212688910  6.790063
1211101525  9.834992
1212125655  8.214523
1211029827  15.700340
1211260894  9.359105
1212011335  6.474859
1212069409  11.401390
1212467670  14.058295
1211101759  13.060480
1211246927  5.149183
1211944069  8.234497
1212247921  10.379385
1211699327  11.290123
1212424559  6.464982
1211615025  9.194850
1211777864  3.861887
1211858555  9.671076
1212646207  6.313888
1212828364  2.778693
1212083915  6.187444
1212152104  9.671076
1212481440  11.060000
1212689232  9.209219
1211284575  11.376882
1211304824  6.322798
1211806118  12.266546
1212073337  8.289494
1212078658  3.147851
1211202829  4.760194
1211229464  0.256643
1211827968  9.184810
1212945564  4.953258
1211257890  4.647995
1212443525  6.598297
1213035076  5.062994
1211124741  5.872646
1211378411  8.861768
1211567051  4.725461
1211824695  58.363110
1211909539  4.805554
1212001355  8.968101
1212305261  4.596150
1212421459  5.250513
1212605514  5.013089
1212858011  9.671076
1211341471  6.244753
1211907457  8.184219
1212196037  14.138965
1212443293  6.044888
1211078019  9.423866
1211078805  4.916912
1211210571  9.066633
1211424737  7.815640
1211809521  4.647995
1211933029  4.395943
1212218397  9.265852
1211613583  7.560147
1211824998  11.605290
1211987661  3.274366
1212003222  10.004560
1212005626  4.756267
1212146020  10.536796
1212668617  9.671076
1212676437  3.147851
1212811617  10.582705
1211055594  5.149183
1211070812  10.004560
1211155252  7.786332
1211558104  2.553394
1212559533  4.515437
1212795129  4.725461
1212962590  6.535824
1212457793  1.444895
1212648640  7.365928
1211401048  6.947305
1211489671  7.615315
1211648303  6.910020
1211723904  9.671076
1212200111  6.489313
1212918759  14.492201
1211131648  3.096247
1212217494  4.811532
1212648047  11.696038
1211264569  6.275430
1211529866  6.760035
1211828589  4.725461
1212045635  6.064259
1212075374  6.747262
1212275762  3.536012
1212695425  4.725461
1211375036  4.891724
1211901735  4.535652
1212513741  9.671076
1211487216  8.216159
1212805578  8.882993
1211571559  5.155049
1211781834  4.930407
1212124380  11.456444
1212642280  8.284099
1212868570  4.050395
