1211930647  8.506154
1212598645  7.905213
1212631279  8.334665
1212010081  5.226038
1212344167  14.275761
1212514138  8.263220
1212763267  8.892300
1212829201  4.957288
1211597459  6.289914
1211700068  10.775635
1211899269  7.510798
1211986420  7.118260
1211094905  7.259027
1211183021  4.447421
1211241772  7.256650
1212081199  3.877376
1212311909  6.915003
1212346922  8.470919
1212481857  8.107254
1212558432  11.352420
1212766340  1.693850
1212767972  11.927968
1212977816  6.689273
1211164642  9.702689
1211479719  0.278708
1211202147  8.077867
1211333209  11.429696
1211442191  8.071019
1211978691  10.162057
1212070522  10.338931
1212335345  104.772652
1211152757  3.614784
1211462995  8.713548
1211653658  10.535605
1212174489  15.556473
1212517838  9.382586
1212689880  9.505689
1212862001  13.548368
1211418495  8.925567
1211421627  7.585032
1211474303  14.590064
1211534086  7.114272
1212020175  6.729196
1212173088  9.734859
1212398323  12.931587
1212434797  8.202001
1212516938  5.349062
1212519734  4.824036
1212779982  11.198654
1212822494  7.066651
1212870322  11.210909
1211211013  6.522604
1211244543  12.114638
1211875339  9.564370
1212023910  3.464172
1212092274  7.300065
1212108278  10.070333
1212119701  10.263915
1212369246  7.662259
1212624620  8.713548
1211127223  6.595127
1211616934  14.420784
1211980727  8.999200
1212801957  4.072238
1212980924  7.400999
1211909167  9.691710
1211664415  2.087410
1212046211  6.037591
1211344853  9.432561
1211480204  10.924836
1211964258  2.319315
1212204040  12.366173
1211736387  3.231147
1211815837  11.280075
1211893052  12.017320
1212089963  11.290307
1211623201  21.319201
1211623914  9.294091
1212470465  7.721194
1212045741  7.842151
1211261128  7.265935
1211432935  7.164046
1211767705  2.561544
1212284964  8.746267
1212954348  0.000000
1212954356  0.563169
1211174730  9.532830
1211524455  8.107254
1211779404  10.669650
1212249130  15.004618
1212423756  8.612101
1212767834  6.388502
1212344920  6.594583
1211181458  10.421822
1211375322  11.105220
1211822661  5.232163
1211886433  13.423209
1212272928  6.109882
1212988983  1.724116
1213067204  4.600609
1212375930  6.954982
1212829492  5.039829
1211153116  17.079390
1211614413  19.714314
1212106690  7.128625
1211387871  2.850118
1212128127  6.540724
1212188277  9.379075
1212312802  12.447814
1212458015  1.534111
1212529624  14.909961
1211469263  5.132994
1212025878  4.114650
1212587166  5.597029
1212856051  1.888487
1211138684  1.067310
1211404525  7.225432
1211480750  9.175176
1211529506  10.607756
1211245984  7.058630
1211597385  6.030506
1211598218  4.838017
1211668961  8.420424
1211828224  6.037591
1212103713  10.511247
1212302402  14.726487
1212612956  4.670254
1212650880  8.535597
1211691715  8.113527
1211798368  13.156369
1211852346  9.723776
1212901285  7.795477
1212937905  8.061955
1212815908  218.742722
1212167433  11.283880
1212298396  1.306593
1212420388  8.262266
1212616981  7.571558
1213047928  9.004885
1212639554  9.702689
1212907459  7.023737
1212944405  7.173055
1211035775  21.364605
1211239273  5.815610
1211581713  9.687376
1211623791  14.071101
1211658735  6.673683
1211899839  11.290307
1212211423  10.125546
1212507546  7.500995
1212587625  3.533358
1212935392  8.112766
1212950227  5.476836
1211209507  7.328749
1212297147  0.000000
1212297162  4.479779
1212533732  7.949631
1212557425  7.533345
1212855741  8.929132
1211618533  13.754232
1211157909  3.473409
1211766065  8.679420
1212077390  7.064068
1211702209  4.001063
1212302777  13.548368
1212753785  11.398832
1212830474  6.194911
1212834047  6.754772
1212946939  6.068528
1212961457  4.519447
1211762065  7.585032
1213035884  8.758068
1211132245  10.242716
1211169839  19.536816
1211638675  6.908594
1212008634  7.803177
1212169436  10.492326
1212376441  10.242716
1212806449  16.653913
1212038756  12.316698
1212737494  11.363400
1212924604  14.102307
1211628426  10.010711
1211942561  7.712328
1212757762  8.387057
1211571210  5.747704
1211874867  9.389156
1211912425  10.172174
1212612216  7.977361
1212797015  0.000000
1212797024  4.075183
1212814601  9.539790
1212868580  5.372956
1212958773  7.023737
1211385155  7.468755
1211442926  12.096757
1211776246  8.334665
1211804557  4.600609
1211814804  5.011378
1212073355  8.758068
1212556439  12.084764
1212620179  5.499089
1211461377  10.351356
1211820740  8.567640
1212332931  10.511247
1211056124  6.814402
1212104588  9.129109
1211042549  16.935459
1211107081  10.936484
1211413964  7.476885
1211462610  15.326473
1211845969  2.982597
1211963846  12.017320
1212075823  10.865347
1212537043  10.511247
1212611221  12.781479
1212745825  13.288583
1211489628  20.187588
1211710764  5.382563
1212118230  11.105220
1212219517  7.152595
1212728414  6.656991
1212940955  13.327091
1211404938  8.525540
1212127966  6.959581
1212600628  5.226038
1212845287  11.072437
1211344268  8.839797
1211360766  4.893342
1211534162  9.861554
1211836753  6.979930
1211855817  16.187492
1211860943  42.761330
1212129794  14.916354
1212643673  76.970390
1212705845  8.104312
1211229100  10.027380
1212127475  8.478087
1212589173  8.470919
1212616969  3.733676
1212893593  4.936413
1212962907  4.586078
1212512994  7.614803
1212906563  5.634744
1212948468  6.701283
1212029955  9.413056
1212054071  11.124396
1212632689  10.926104
1211482951  6.905775
1212061184  6.288297
1212420685  7.184618
1212666968  8.071019
1211124540  11.003464
1211199731  3.231147
1211614416  12.051429
1211659321  7.408586
1211895441  9.389156
1211908028  8.795645
1212543865  8.140340
1212712374  7.023737
1211102128  8.666648
1211339639  9.014015
1211619433  10.754615
1212082262  7.921407
1212116560  6.683086
1212245927  4.552440
1211867263  10.915864
1212251990  7.258265
1211388637  8.861235
1211654870  5.444098
1211735980  7.128625
1211874092  10.607756
1212545391  3.956506
1212619515  9.169474
1211092206  6.469470
1211921264  6.287702
1212220943  8.566673
1212394465  15.285480
1212646850  9.873955
1212938213  7.693387
1211394439  7.235714
1211666149  5.601922
1211847384  5.690313
1212481853  6.647553
1212783417  8.334291
1211199980  11.815209
1211646487  4.586456
1211646883  6.136860
1211754040  8.461553
1212079564  10.511247
1212273212  10.969248
1212411948  5.220587
1213013738  7.265935
1211041117  3.913824
1211203930  13.270758
1211258746  11.290307
1211320232  12.534189
1211705197  11.290307
1212449328  8.334291
1212640249  9.723776
1211357787  11.127359
1211507671  10.584662
1211531757  13.754232
1211735080  10.085889
1211993810  7.235714
1212389889  2.834848
1212433583  9.817657
1212510011  5.143751
1211321079  8.059435
1211815078  4.269239
1211850734  14.652530
1212070305  9.235235
1212791994  8.432466
1212996615  11.745545
1211139029  7.023737
1212174593  3.953685
1211465536  8.844655
1212083300  8.570703
1212285932  6.506834
1212438874  0.000000
1212438888  5.448256
1212623428  11.105220
1211486424  10.511247
1211825370  13.661581
1212525339  3.028593
1212669498  6.328720
1211176650  7.483619
1211956720  8.707859
1211864106  11.004697
1212029858  6.875905
1211101672  3.586161
1211684857  9.395019
1211767609  0.000000
1211767611  22.094559
1212226668  8.322457
1212285026  17.753187
1211615011  9.691710
1211640308  6.399231
1212972149  8.263220
1212057208  10.759745
1211034563  10.491076
1211552398  9.230773
1211571059  9.245203
1211710816  13.220913
1212540274  2.390422
1212953361  5.271107
1211126018  7.229483
1212218036  9.984603
1212690055  9.844521
1212075997  8.059435
1212131376  8.916556
1212377262  5.771227
1212908760  11.466815
1211843723  8.713548
1212333837  13.092763
1212369887  4.600609
1212806931  6.212163
1211399788  12.029177
1211537453  11.708657
1211985075  9.601106
1212464886  6.594332
1211101501  7.571137
1211513084  5.808980
1211661482  4.249104
1212048745  9.723776
1212806322  10.125546
1211462643  8.449618
1211524881  12.436460
1212047328  12.763947
1212056491  9.423341
1212154396  6.014146
1212192922  4.824036
1212226056  5.816609
1212510860  7.412492
1212518026  12.017320
1212944055  10.925870
