1211610940  7.518821
1212198025  3.645351
1211908095  5.394819
1211912323  4.850203
1212554616  3.876875
1211137980  3.500127
1211292237  1.661733
1211818396  1.745558
1212117519  4.564918
1211657471  5.232331
1211821375  4.436070
1212218506  5.195058
1212226151  4.975003
1212252747  2.507028
1212257199  4.776714
1212267950  1.932449
1212828573  0.000000
1212828646  8.353090
1212936836  1.775144
1211059455  3.380184
1211207264  6.543377
1211392268  7.965851
1211552093  4.503759
1211643355  4.758693
1211647885  6.231622
1211703035  4.690912
1211818452  12.869089
1211835047  4.949567
1211894126  8.140373
1212069008  3.999659
1212416756  4.925987
1212437767  5.131924
1212501419  5.685846
1212525690  2.755640
1212588437  2.594566
1212603261  3.240100
1212676732  7.478146
1211685118  0.000000
1211685133  11.137454
1211705247  9.683911
1212210684  4.323758
1212821953  3.121800
1211349296  6.631265
1212940941  8.331034
1211122290  6.210663
1211155019  4.436070
1211442439  7.289654
1211801635  9.090816
1211856394  2.472946
1211873211  5.682891
1212121554  3.271271
1212372718  4.026694
1212726811  9.013198
1212912635  8.371766
1211942122  4.189340
1211762922  6.829194
1211783665  0.000000
1211783689  5.832497
1212388747  1.870241
1212868664  1.878946
1212868997  4.043862
1212903088  0.876178
1211946303  0.000000
1211946329  0.920747
1212312804  9.952627
1212831534  8.336754
1211036358  5.161768
1211102077  1.856088
1211182908  6.069504
1211522237  2.347852
1211652379  2.739161
1211787032  0.000000
1211787035  1.737993
1212070053  5.435572
1212137782  8.533342
1212203993  1.939509
1212638709  2.434901
1212829910  1.745558
1211357944  7.523364
1211445699  9.658487
1211568723  4.370977
1211770328  3.640957
1211784186  2.241131
1211788906  2.018560
1212117082  2.145313
1212519736  10.053183
1212719786  9.818414
1212763512  6.213842
1212838738  1.861983
1212839943  2.617858
1212842616  4.026587
1212882917  5.039761
1212914343  1.805750
1211057054  1.716943
1211064492  0.807424
1211175295  7.684472
1211625673  6.193745
1211769347  3.021679
1211841193  7.841909
1212344815  4.800723
1212585266  2.574942
1212718035  3.018667
1211404215  5.024572
1211717434  3.173742
1211894402  6.803678
1212070184  7.067840
1212255965  3.314881
1212374692  1.745558
1212375683  1.689250
1212615058  0.437439
1212898676  2.625382
1211143270  4.207132
1211181884  4.591722
1212217128  4.173690
1212255297  5.057920
1212353105  1.943798
1212357634  4.676595
1212880566  0.323252
1211144795  1.611285
1211145198  3.297261
1211149972  14.278442
1211304528  2.637809
1211305260  7.077333
1211403702  8.032797
1211530235  4.290625
1212273657  2.465245
1212313928  6.428581
1212391980  0.874709
1212869961  2.094670
1212977298  5.838207
1212986226  4.362135
1211055006  3.403808
1211132029  5.436020
1211679190  3.079237
1212031550  9.720619
1212385884  5.201396
1212388197  6.317744
1212506328  4.050099
1212595022  4.362135
1211184671  9.248309
1211264383  2.276815
1211264587  6.854218
1211528375  7.307595
1211777426  2.078776
1211786929  4.154415
1211834369  1.927593
1211873841  1.745558
1211878623  1.745558
1211879820  5.021859
1211959917  4.904381
1212049188  3.500127
1212053402  6.857399
1212054973  4.758693
1212128899  3.385381
1212826628  4.070485
1212150276  6.305263
1212185757  1.920970
1212218810  4.419029
1212335336  1.766960
1211046566  1.775144
1211950346  2.424831
1212044240  2.424831
1212643706  0.860370
1212816939  10.282080
1211153209  4.299321
1211521653  7.526006
1211523796  4.290625
1211598025  1.737993
1211602403  1.745558
1211602995  6.487432
1211702627  3.337544
1211867626  4.034567
1211867924  7.058920
1212917405  5.428979
1211092076  3.852673
1211290003  1.766960
1211893665  5.617795
1212047765  7.782790
1212223244  15.206823
1212223335  4.637927
1212267476  1.540198
1212315368  5.978614
1212317097  7.073733
1212426015  4.856641
1212599022  6.078902
1212925352  1.737993
1211566297  1.907393
1211907867  6.185161
1212983078  4.550885
1212983501  6.803678
1211408122  4.589599
1211443675  6.662348
1211779349  3.831011
1211787128  4.503759
1211787309  0.000000
1211787343  9.598133
1211962387  4.290625
1212304799  1.568258
1212475518  2.094670
1212493389  11.596770
1212649556  6.125228
1212726309  8.327935
1212859386  1.972196
1211038271  7.465281
1211243362  1.716943
1211352618  10.668684
1211424596  5.057920
1212371182  5.224928
1213011319  7.518821
1213013652  4.362135
1213018558  2.739161
1213019331  6.803678
1212354994  0.000000
1212355041  1.594396
1211984752  6.839791
1212048519  3.786343
1212147031  6.692142
1212155917  2.434901
1212241593  1.381120
1212251073  3.535933
1212467548  5.341390
1212468362  4.299321
1212504261  2.617858
1212570486  7.676962
1212587039  10.455878
1211044714  2.986199
1211049904  1.739341
1211479663  4.479999
1211568576  0.820040
1211650514  0.000000
1211650574  0.000000
1211650635  5.937498
1211784063  3.128947
1211784906  4.173729
1212121145  2.944933
1212131269  1.766960
1212608150  1.819179
1212723157  6.244253
1212724066  2.671722
1211148993  0.000000
1211149004  3.300895
1211225886  3.394113
1211490696  4.134851
1211520963  9.277657
1211607510  4.760613
1211608874  0.000000
1211608894  0.000000
1211608896  0.860370
1212096371  4.998513
1212314605  7.160029
1212439604  3.284665
1212478929  2.909264
1212479327  5.525988
1212493805  10.345976
1212577263  8.967053
1212604267  2.694557
1212725423  1.837430
1212816261  2.637809
1211748558  5.429024
1211894024  8.123660
1211894727  8.432024
1212035159  5.033233
1212065297  7.038287
1212066699  5.257057
1212084659  2.728768
1212378242  5.349286
1212511119  4.773223
1212759903  4.129539
1212951459  7.404675
1212734244  3.269358
1211612970  8.306619
1211625613  2.412682
1211630497  1.745558
1211659190  4.846817
1211779960  5.950494
1212067422  0.860370
1212069733  11.475964
1212084517  4.758914
1212088692  3.879019
1212287938  1.611285
1211522511  5.216458
1211860427  5.033233
1212246869  3.438344
1212303522  2.574942
1212510853  0.000000
1212510918  3.818321
1212526808  1.716943
1212642505  5.543970
1212849943  2.465525
1211050582  0.000000
1211050624  33.144093
1211187645  7.400030
1211206467  2.617858
1212278027  3.690183
1212461008  8.933605
1212764849  5.880265
1212823021  7.140297
1212909715  3.824863
1212995264  2.877610
1211482310  0.874709
1211680740  1.859958
1211770465  2.110511
1211522677  0.000000
1211522691  0.000000
1211522701  0.000000
1211522736  5.771890
1211724116  5.732057
1211860283  3.440620
1211864564  0.860370
1211909904  5.542276
1212385632  7.726856
1212873563  3.248734
1211263828  5.753035
1211264781  8.391617
1211273426  6.107152
1211779123  3.452632
1212635227  7.351789
1211287484  4.290625
1211603100  5.689026
1211657548  6.803678
1211805482  7.367793
1211914451  3.141429
1212256519  4.654957
1212309188  0.860370
1212318655  0.000000
1212318693  11.939142
1212415481  1.766960
1212922800  6.107152
1211535657  6.466958
1212128996  3.805066
1212138485  4.204889
1212303919  4.043534
1212928985  2.533411
1212985426  5.960423
1211221532  2.014106
1211595954  4.009886
1211699021  2.988845
1211704294  4.657038
1211717277  11.521358
1211775012  10.003314
1211875413  4.069248
1212632461  3.419828
1212813279  1.766960
1212824544  3.043626
1212897620  2.473464
1212956697  5.838207
1211038271  7.465281
1211141707  1.745558
1211348091  5.056696
1211374816  2.594566
1211382990  6.003245
1211390608  4.362135
1211530034  8.538325
1211542414  10.456426
1211548033  3.290727
1211586087  2.398008
1211599292  9.410291
1211629617  2.984885
1211801379  0.000000
1211801439  13.606780
1211803006  2.465245
1211903993  4.322014
1211977625  2.038909
1211986083  2.826224
1212068623  8.395557
1212239315  7.523070
1212409463  1.766960
1212414655  6.803678
1212418981  4.846817
1212554357  2.377479
1212567500  0.785585
1212584777  6.364606
1212667513  7.518821
1212672217  3.748274
1212738186  10.601759
1212895901  1.568258
1211895519  3.323848
1211044927  4.362135
1211481873  6.678989
1211511099  6.645061
1211523422  3.003518
1211595692  3.123030
1211645552  5.254386
1211833934  1.631040
1212763413  1.631040
1212832234  6.299816
1212878402  0.904872
1212957812  2.755394
1211172437  5.955880
1211522361  1.692986
1211526344  2.923349
1211527298  1.479145
1212252896  4.043534
1212308801  1.386431
1212882405  1.140925
1212938773  12.025120
1212136181  9.923464
1212266930  4.603897
1212543664  1.301264
1212652916  7.373813
1212897844  2.916773
1212923812  2.472946
1211257367  4.337781
1211258814  0.000000
1211258862  0.000000
1211258927  0.000000
1211258961  0.795190
1211808197  0.846493
1212119917  3.962408
1212467346  4.695471
1212543724  0.834323
1212568413  4.362135
1212908948  3.310707
1212910830  1.939509
1211610783  6.103359
1211874529  2.564531
1212306754  4.033635
1212375924  2.594566
1212639514  1.876124
1212818775  0.000000
1212818798  0.000000
1212818844  12.156901
1211085012  2.866029
1211786394  1.737993
1212133890  6.181631
1212136990  11.239821
1212197839  5.857529
1212382479  7.187799
1212563269  0.000000
1212563285  3.476716
1212863845  1.543605
1211226432  4.503937
1211801982  6.317744
1212331290  1.621419
1212688904  0.795190
1211375981  7.184885
1211935956  4.562673
1212296813  3.604191
1212307633  6.365013
1212590250  4.363096
1212732483  1.709961
1211127956  5.168248
1211608670  7.478925
1211679061  52.482555
1212519377  4.362135
1211241588  5.257057
1211561549  7.695928
1211566741  1.733993
1211674476  2.333418
1212078103  4.162835
1212225598  6.107152
1212526944  11.452126
1212549199  3.848943
1212637965  5.777606
1212778084  3.371066
1212807789  2.019304
1211253221  1.739341
1211270348  5.895422
1212221491  1.492747
1212253781  3.452566
1212394217  14.998934
1212402687  4.221421
1212301467  1.708281
1211606727  4.985843
1211620707  2.804847
1211700142  5.338374
1212401951  9.761480
1212695728  3.314881
1212999893  2.327411
1211512390  6.791534
1212225064  4.750802
1211547101  5.899914
1211550942  14.377584
1211611965  6.374820
1211737993  2.637809
1211850313  2.804847
1211865387  2.137418
1211980143  1.907393
1212675468  3.357403
1212754263  13.545125
1211060683  2.013737
1211580739  2.617858
1211613710  6.876926
1211701022  7.307595
1212204436  3.314881
1212352507  2.637809
1212397098  4.290625
1212564647  6.803678
1212893715  6.309832
1211331973  3.276176
1211654748  1.471750
1212356741  2.637809
1212516055  4.468248
1212904546  6.840784
1212370677  1.568258
1212372335  5.971457
1212647399  0.000000
1212647409  0.000000
1212647413  1.766960
1212801780  1.071073
1211206146  5.999734
1212847881  9.242179
1212907710  8.010105
1212921335  5.816336
1211499138  14.540451
1211508235  0.000000
1211508246  4.037120
1212975508  5.646469
1213018837  1.907393
1213032241  8.611306
1211044244  4.917892
1211127823  5.654760
1211254665  5.254386
1211675917  7.161766
1211740068  3.500127
1211995147  4.290625
1212392986  4.264998
1212895880  4.548162
1211096467  2.424831
1211441595  9.429095
1211446128  6.538989
1211691578  8.395756
1211697087  5.803194
1212038282  4.436070
1212226356  4.004657
1212227805  1.621419
1212821286  11.378052
1211104979  4.362135
1211446977  1.904245
1211842874  6.853547
1211040383  6.898653
1211377777  6.999403
1211976298  9.429095
1212155534  3.141429
1212422592  6.987554
1212587750  3.510108
1211504823  3.612572
1211520443  4.110325
1211522124  1.689250
1212486598  5.075738
1212729742  1.870241
1212820143  5.254386
1211479482  1.745558
1211604684  4.480989
1211777511  6.076133
1212212106  5.168248
1212218208  2.424831
1212445990  5.081822
1212468974  1.682819
1212995187  1.071073
1211676096  6.317744
1211739282  4.839830
1211850255  4.113085
1212848190  6.459024
1212951333  0.874709
1212955387  0.000000
1212955412  1.827890
1212221435  24.428610
1211713261  2.617858
1211982697  6.007035
1212228881  3.700917
1212737069  26.241278
1212912479  4.207132
1211048415  3.724216
1211063686  4.896563
1211137771  4.763603
1211141486  6.645061
1211904112  6.384962
1212255348  5.370807
1211092173  0.000000
1211092190  2.865340
1211616878  1.517877
1211787454  5.081642
1211872252  6.503478
1212912484  4.998513
1211510563  6.803678
1211081115  8.084534
1211567533  8.764174
1211773488  0.000000
1211773538  0.000000
1211773603  0.000000
1211773672  0.000000
1211773733  0.000000
1211773783  0.000000
1211773853  0.000000
1211773908  0.000000
1211773931  0.000000
1211773992  0.000000
1211774090  0.000000
1211774144  0.000000
1211774200  0.000000
1211774265  0.000000
1211774330  0.000000
1211774333  0.000000
1211774442  0.000000
1211774543  0.000000
1211774586  6.896514
1212225393  2.900288
1212673483  0.783322
1212723736  9.452231
1212852348  1.927593
1212896130  2.892323
1211235476  5.948038
1211332431  4.050125
1211700403  3.399066
1211956402  1.662436
1212218621  4.034567
1212312037  4.220140
1212344509  4.992530
1212470443  7.032605
1212554221  5.614687
1212563239  4.362135
1212831286  5.318518
1212835231  6.107152
1211312580  4.673717
1211334698  5.167954
1211704181  6.262385
1212024279  2.465245
1212185944  5.254386
1212689025  6.884658
1212817086  2.617858
1212867022  3.205540
1211040939  3.143381
1211949454  6.517597
1212260130  3.139496
1212531665  2.533411
1212825505  1.716943
1211147262  10.136395
1211170752  0.000000
1211170757  9.962389
1211405089  5.075738
1211687366  9.471089
1212294409  0.000000
1212294411  0.000000
1212294424  1.830657
1212355499  1.716943
1212373111  6.597287
1212378965  2.992386
1212600575  6.448597
1212952710  4.846817
1211181833  4.998513
1211352705  5.157046
1212155651  5.004177
1212645734  2.826224
1212811177  7.904662
1212973460  3.259097
