1212808046  2.454847
1212828768  4.979377
1212894318  5.016809
1211488955  14.938477
1212011312  0.000000
1212011372  0.000000
1212011432  0.000000
1212011492  0.000000
1212011552  0.000000
1212011612  0.000000
1212011641  12.094387
1212291147  9.633096
1212300526  8.278365
1212421547  8.467198
1212518617  3.034402
1211356680  9.119001
1211977323  0.000000
1211977383  20.462523
1211585782  9.301567
1212726399  11.025011
1211391872  4.969767
1212125237  0.000000
1212125257  4.351774
1212194955  10.716594
1212219101  5.769103
1212389641  8.775460
1212892521  9.402122
1212642012  10.142491
1212739247  0.000000
1212739258  0.000000
1212739317  6.291472
1211224515  6.955298
1212812265  7.038442
1211169607  0.000000
1211169609  9.070790
1211327814  2.473362
1211651262  3.533375
1211953823  7.513392
1212613441  10.059817
1212822081  7.602111
1211085955  0.000000
1211086070  15.696393
1211334037  9.413904
1211443825  4.823348
1211346475  2.473362
1212955519  6.723455
1211595591  27.904701
1212038628  5.254004
1212834789  0.000000
1212834810  0.000000
1212834812  4.194315
1212111187  4.125556
1212988275  10.668561
1212081309  2.120025
1212200554  0.000000
1212200611  2.748181
1212381830  4.062183
1212722257  6.390180
1212212538  0.000000
1212212604  3.756103
1211615734  8.179336
1212039820  4.903738
1212123252  5.349532
1212887749  4.632534
1211565403  7.240870
1211237103  4.298462
1211394566  1.388581
1211567489  0.000000
1211567549  2.473362
1212163093  12.316560
1212824124  6.871384
1212449297  5.914949
1212293609  11.656363
1211669197  0.000000
1211669237  0.000000
1211669238  0.000000
1211669265  5.016809
1212468013  0.000000
1212468055  0.000000
1212468065  0.000000
1212468134  10.767953
1212740955  6.613234
1211078075  6.273098
1212727391  3.928716
1211374861  6.390180
1211461199  4.903738
1211382226  0.000000
1211382268  4.934567
1212100774  5.016809
1211703612  12.506433
1212467193  11.035844
1212707200  5.262437
1211097979  0.000000
1211098006  4.708601
1212588761  0.000000
1212588799  0.000000
1212588859  0.000000
1212588919  0.000000
1212588961  0.000000
1212589021  4.708477
1212164914  16.152237
1211896599  8.477305
1212467286  5.300063
1213060172  10.548919
1212202323  6.129672
1211778537  0.000000
1211778551  0.000000
1211778553  4.194315
1212302244  80.317642
1211618873  10.837831
1211658514  0.000000
1211658578  12.291022
1212759681  8.371409
1212128601  6.770168
1212944476  0.000000
1212944536  0.000000
1212944596  3.994586
1211506391  3.932170
1211794881  9.050485
1211961829  4.934567
1212896048  7.447185
1211152149  4.823348
1211564047  0.000000
1211564113  18.998571
1211790908  5.981008
1211973674  7.717033
1212412537  3.635155
1212685935  0.000000
1212685982  0.000000
1212686043  9.062533
1211463909  0.000000
1211463964  0.000000
1211464023  0.000000
1211464049  0.000000
1211464109  3.813014
1212729134  9.406518
1211679179  3.361727
1211828310  33.485641
1211412604  0.000000
1211412612  4.336551
1211779024  0.000000
1211779059  0.000000
1211779065  2.603539
1212501372  7.111652
1212814267  2.515284
1212934240  7.223055
1211416920  0.000000
1211417226  8.113993
1212568931  13.546600
1211515076  7.339654
1211528645  6.129672
1212209583  4.526527
1212818296  4.703259
1212855902  8.814325
1212898464  5.349532
1212198412  0.000000
1212198432  0.000000
1212198440  0.000000
1212198453  3.226125
1212361494  3.925014
1213057192  4.197589
1211128603  0.000000
1211128615  29.670977
1212204832  4.903738
1211683049  2.432816
1212226264  3.356544
1211149594  5.016809
1211344347  5.375153
1211527755  6.594398
1211614884  14.955823
1212986657  3.677803
1213078966  12.435714
1211890526  25.997179
1211110023  8.430776
1212265897  2.432816
1212314560  14.841475
1211657058  9.590166
1211987990  5.496361
1212857049  10.871287
1211203356  0.000000
1211203416  3.423574
1211942422  0.000000
1211942463  0.000000
1211942464  0.000000
1211942505  4.125556
1211371007  9.062533
1211147199  6.723455
1212028291  16.150549
1212041859  3.743819
1212347207  4.856860
1211083099  6.689079
1212891202  8.761394
1211854868  10.294914
1212453004  3.226125
1212412351  3.304708
1211199876  10.684999
1211978724  0.000000
1211978784  0.000000
1211978849  0.000000
1211978851  6.723455
1213031919  0.000000
1213031979  9.573903
1212147672  0.000000
1212147727  10.250706
1211489414  4.194315
1212202172  18.754354
1212198836  2.432816
1212186921  2.432816
1212415633  8.371410
1212642254  9.892154
1211725388  4.903738
1211333111  7.473261
1212804830  6.543664
1211938682  5.258445
1211942902  6.197391
1211331317  10.214875
1212556928  0.000000
1212556978  0.000000
1212556980  3.544492
1212339839  0.000000
1212339855  14.314014
1212643718  4.526527
1211303203  4.823348
1211590597  4.903738
1212114700  8.975651
1212941626  14.979553
