1211040891  13.289232
1211044789  13.842311
1211056858  4.242267
1211058051  3.836642
1211068197  24.360807
1211408884  5.656481
1211613873  15.581841
1211862395  7.841076
1212168351  16.985537
1212218965  14.969638
1212219139  22.017096
1212502252  16.222231
1212502607  13.655493
1212504996  7.647002
1212505535  22.742647
1212549858  7.075054
1212632465  3.739569
1212776996  16.132957
1212987132  11.220015
1211077826  5.470383
1211097170  9.745370
1211149562  3.181700
1211152396  4.148584
1211153354  2.072460
1211162842  6.639362
1211167663  25.432539
1211397976  2.286233
1211497573  14.597898
1211514792  1.017402
1211619095  0.000000
1211619097  10.085218
1211678376  1.884054
1211687366  19.624746
1211687966  10.502901
1211838104  32.628284
1212000617  19.599018
1212023452  3.349158
1212129522  7.139965
1212129758  5.578057
1212258241  3.408964
1212264521  15.232405
1212297910  0.000000
1212297912  3.261557
1212306047  24.411776
1212518548  22.882145
1212594411  7.229334
1212621298  4.916841
1212633118  21.027195
1212679034  4.253766
1212679164  7.767469
1212720893  12.895566
1212773672  1.884054
1212773884  13.396389
1212783237  19.720785
1212784392  5.797234
1212872975  4.182821
1212981460  16.691805
1211079608  6.767887
1211091262  20.097836
1211166074  20.469538
1211169464  11.880848
1211220645  19.061853
1211299672  3.315917
1211308905  17.473366
1211341635  23.360676
1211485908  4.500159
1211606142  7.388706
1211614882  4.351600
1211649880  5.395170
1211667862  12.764311
1211861791  10.037978
1211944026  12.555731
1212978525  22.741814
1212979233  26.225761
1212983440  16.282663
1211168921  11.341166
1211399034  3.181700
1211506085  3.213037
1211511620  23.827471
1211521001  5.214602
1211523486  5.656481
1211535854  9.226581
1211545867  4.418615
1211561499  47.481934
1211570678  21.284672
1211600880  18.580042
1211602911  8.684072
1211639859  6.233303
1211666289  18.659138
1211666517  22.733089
1211699039  3.235627
1211728243  6.760674
1211752931  20.927914
1211774172  21.616047
1212001236  22.438280
1212038126  16.464399
1212122329  19.585512
1212249784  7.842025
1212250854  15.659601
1212283482  2.005606
1212331779  6.437674
1212342530  9.307058
1212641129  6.196979
1212700797  11.826777
1212781927  4.144919
1212850384  8.371243
1212932465  5.494994
1211045766  9.105806
1211069081  14.299893
1211071355  0.000000
1211071416  21.380899
1211209073  29.646704
1211241650  19.768517
1211349170  3.349158
1211439377  22.884668
1211471524  5.954190
1211524350  10.830386
1211589574  1.369273
1211685283  17.713078
1211685469  3.880993
1211817281  5.301512
1211863753  6.811841
1211892885  9.394390
1212173350  3.315917
1212176858  24.999340
1212176913  18.326971
1212294105  5.910965
1212348691  30.389957
1212363304  26.207405
1212513526  3.181700
1212539611  4.472696
1212650909  10.958841
1212772300  5.301512
1212787774  7.097660
1212803555  2.072460
1212904453  20.443283
1212905220  15.052443
1212946137  9.304362
1212956613  27.431684
1212965402  3.129541
1213032241  6.665603
1213032301  18.026529
1211308323  4.167295
1211384419  5.271235
1211604276  16.823812
1212012141  16.776165
1212073084  27.101406
1212075226  12.945031
1212134615  3.470945
1212203648  4.197453
1212336941  15.203850
1212338423  18.199951
1212338846  23.353706
1212467192  15.933594
1212505093  3.952904
1212505566  14.936851
1212673850  11.030587
1212673904  16.722906
1212815705  4.424866
1212840945  27.936172
1212928001  18.707485
1212960876  5.083262
1213030069  11.331548
1213030135  6.458940
1211033851  3.291414
1211040739  1.751374
1211050440  4.405330
1211070025  16.852814
1211160960  4.827444
1211164527  4.167295
1211183189  23.843531
1211208695  7.330861
1211210103  18.812220
1211210475  2.471268
1211215968  17.337416
1211216270  14.723592
1211216447  13.120206
1211342813  9.304362
1211345374  23.031378
1211481372  8.770679
1211484132  15.869569
1211484554  17.615891
1211684672  6.939483
1212211749  16.795231
1212216413  6.250247
1212253599  3.684352
1212258978  6.145380
1212355849  3.470945
1212422310  16.243765
1212511612  2.372121
1212518861  14.406932
1212524504  8.551034
1212544632  5.713374
1212592571  9.047759
1212629297  23.131784
1212650927  6.813246
1212794742  3.407897
1212817163  2.983819
1212846616  8.235160
1212846893  4.133855
1212954739  15.331833
1211258358  26.828382
1211326732  15.094630
1211385236  22.204344
1211386335  10.060180
1211656566  4.784246
1211679450  2.107586
1211685709  5.186546
1211759651  20.442444
1211868671  4.624312
1212297513  7.091807
1212302720  6.151305
1212330798  6.403545
1212384531  11.239036
1212553163  6.208909
1212555068  22.925896
1212635859  16.722757
1212719788  12.711998
1212723360  9.648969
1212795051  4.181840
1212885525  31.573519
1212894364  5.656481
1212904392  20.244699
1213028330  3.522227
1211226519  8.684072
1211337767  6.871545
1211351772  21.238598
1211390138  8.162080
1211479466  137.568451
1211534229  17.242319
1211613734  5.656481
1211618511  14.855599
1211808484  4.022870
1211812091  8.555656
1211829202  5.349695
1211918732  4.809025
1211941993  4.772550
1212003713  4.148584
1212063510  11.051413
1212148263  5.142255
1212177127  2.925766
1212360020  4.167295
1212379075  8.983522
1212381317  9.860911
1212388016  5.614765
1212606388  6.298569
1212664200  17.634001
1212678912  5.761585
1212697528  6.003324
1212728728  10.252767
1212770400  19.609615
1212788590  2.072460
1212881220  46.359493
1213052243  16.959660
1211083482  0.000000
1211083537  6.938055
1211315341  8.921434
1211315418  19.571791
1211326662  6.403545
1211382316  18.932661
1211473029  8.677377
1211562597  21.494133
1211573712  24.764393
1211686884  15.980354
1211696005  26.095587
1211724698  8.475228
1211744853  9.753122
1211748686  4.400556
1211753004  4.671624
1211823547  12.849526
1211939436  7.619627
1211686614  11.781338
1211699009  7.036825
1211719354  68.463127
1211945501  8.302497
1212074969  18.919910
1212091041  21.404278
1212091346  84.730049
1212092542  24.419691
1212093248  6.603059
1212126696  21.404278
1212127169  22.009014
1212206881  20.343550
1212210785  4.225163
1212363000  4.084760
1212417333  8.607821
1212426737  28.135872
1212606762  2.220493
1212698418  30.913441
1212740200  0.000000
1212740256  0.000000
1212740273  0.000000
1212740286  3.451404
1212761252  5.356249
1212803926  28.448284
1212862281  26.465437
1212862542  4.024362
1212872762  2.220493
1212898927  38.673447
1212906998  5.798358
1212907224  9.657083
1213031600  5.102810
1211046498  3.589927
1211085037  14.406932
1211401515  5.159513
1211913134  12.292838
1211913380  18.199556
1211941096  5.377162
1212343305  17.072834
1212943150  5.377162
1212951127  4.172213
1211043540  15.742053
1211047645  14.719317
1211053308  9.438514
1211064742  3.181700
1211065396  1.234274
1211065558  12.088848
1211078618  7.583237
1211176280  18.861046
1211306505  4.741239
1211308374  16.725016
1211317265  13.711693
1211516489  13.163474
1211518104  16.301353
1211649137  5.372510
1211662738  1.055825
1211739600  4.263281
1211942555  19.933882
1211945453  3.129541
1211997684  17.873489
1212000644  17.318724
1212043206  6.151305
1212124276  5.447095
1212128591  20.900137
1212193513  1.828641
1212197916  2.982844
1212534153  18.666721
1212688714  3.349158
1212756266  7.567659
1212769727  18.603495
1212853797  15.638255
1213016300  5.485090
1213018773  4.425157
1213018833  18.344044
1213039484  8.355279
1213054313  13.661811
1211097107  22.455393
1211300380  5.736712
1211353456  8.169234
1211366142  21.907042
1211437940  3.349158
1211598947  15.670968
1212077425  13.751643
1212078185  12.328677
1212254154  4.933630
1212270900  3.743176
1212348971  22.307987
1212375400  4.824803
1212384410  11.485588
1212410354  3.060846
1212413733  9.927529
1212417145  6.096466
1212417322  2.596183
1212417862  20.302731
1212417922  15.683430
1212424019  14.537711
1212424401  21.044964
1212425571  4.335878
1212472094  6.168466
1212631164  5.393105
1212727077  3.480262
1211078140  0.215122
1211139831  23.871096
1211353312  21.189117
1211736463  11.581507
1211736643  16.910196
1211765056  21.738260
1211765180  18.690048
1211950600  21.026953
1211956993  4.547241
1211960233  4.557606
1211960289  24.750660
1211961420  20.584404
1211962854  16.288380
1212000981  5.915069
1212022868  4.084760
1212030708  8.006787
1212036430  6.654684
1212124260  0.000000
1212124323  0.000000
1212124381  17.772188
1212124982  0.000000
1212125052  1.428693
1212126538  0.782442
1212130447  23.448689
1212142846  3.615654
1212212052  4.072156
1212226671  11.034974
1212227645  28.480921
1212240868  6.403545
1212273330  13.163474
1212334876  17.242319
1212558373  4.498132
1212733380  7.115050
1212742163  11.919676
1212861057  14.170753
1211048309  5.585772
1211068583  16.915379
1211081793  7.767469
1211157474  4.352613
1211347969  8.698238
1211472651  4.819556
1211476776  16.085857
1211477135  6.471731
1211477375  13.379484
1211560954  5.214602
1211658816  15.814750
1211663671  7.360594
1211663934  14.597898
1211693542  96.014526
1211820772  15.457247
1211924283  10.316289
1211943024  11.870719
1212026073  7.289471
1212087841  15.814390
1212221075  22.992577
1212525046  5.675227
1212526371  21.086334
1212527213  17.652641
1212702754  14.773546
1212709947  7.184715
1212864371  16.910196
1212942652  17.887720
1212943310  4.425157
1212943800  21.635868
1212997578  26.761221
1213024458  4.960626
1211377579  5.052490
1211384709  5.556394
1211399645  4.282410
1211399707  20.246681
1211487297  3.235627
1211566250  13.661811
1211644053  5.301512
1211948725  13.588542
1211949061  6.482235
1211952656  12.533388
1211953524  14.635810
1211955592  17.349276
1211955652  17.873489
1211961183  4.063580
1212078694  8.023739
1212083748  8.062833
1212083840  19.291550
1212095347  5.088799
1212253427  23.317572
1212258046  8.072170
1212386568  14.344901
1212451361  3.181700
1212502033  6.170706
1212524705  3.129541
1212557403  22.093428
1212590984  8.638215
1212782476  0.000000
1212782534  0.000000
1212782536  18.997906
1212834361  8.297062
1212942327  3.181700
1212978617  5.301512
1212991242  15.716653
1213028784  16.133816
1213033481  6.333840
1211063162  2.056969
1211309432  18.367458
1211323231  26.437674
1211331808  14.517431
1211697615  1.327780
1211768868  10.931624
1212451494  9.014228
1212458658  9.777893
1212553080  19.640043
1212633156  19.250799
1212643145  22.877449
1212718544  22.170643
1212807749  7.767469
1212885119  15.891839
1212984985  14.004407
1213024832  9.866963
1213058913  3.788450
1211304171  13.163474
1211321598  2.056992
1211323930  2.434263
1211343750  8.806004
1211343985  25.092289
1211656338  22.541620
1211663249  4.810244
1211740696  16.353954
1212035715  16.353954
1212160598  4.167295
1212238545  9.957971
1212514065  30.489080
1212522853  19.014595
1212612461  21.253983
1212720769  6.403545
1212934607  14.268783
1212961633  2.826081
1213024440  4.500159
1211089150  5.656481
1211142319  3.732620
1211227144  2.579757
1211278784  21.862324
1211352534  29.862152
1211470159  6.556331
1211505588  7.624484
1211599993  21.979443
1211603884  3.760680
1211607366  4.133855
1211617928  16.213224
1211644476  8.501912
1211700381  5.656481
1211709054  44.759468
1211856968  15.331833
1211919434  10.715178
1211948363  6.403545
1212132589  4.425157
1212224920  14.848011
1212285151  5.450228
1212301745  5.488347
1212308901  19.914019
1212339940  16.232445
1212341471  4.072156
1212431244  4.612731
1212431750  14.055537
1212471710  18.105593
1212477254  20.596201
1212517653  6.949971
1212550436  9.246722
1212609204  6.298569
1212678841  3.962827
1212681619  4.472696
1212905673  3.892623
1211038428  17.806717
1211082187  17.473366
1211141529  4.214435
1211141592  22.036240
1211221583  16.950008
1211515826  4.590429
1211629542  26.989222
1211745830  6.437674
1211748347  15.964876
1211914504  3.283973
1212049272  9.070126
1212272628  2.837614
1212297412  6.471313
1212434348  20.598906
1212451165  3.372118
1212461297  12.947680
1212536460  22.628351
1212536582  19.951172
1212548694  15.507299
1212629468  8.684072
1212763761  3.994284
1212812606  5.049059
1212904673  18.359169
1212904731  18.940443
1212974436  6.403545
1212980527  4.547241
1211086849  5.871120
1211087058  9.237578
1211089989  18.396055
1211140167  5.696737
1211168528  21.474253
1211230926  6.763844
1211254989  9.007267
1211263044  13.381991
1211287967  12.470073
1211288095  21.513582
1211335542  12.488021
1211356897  5.245286
1211357028  22.448982
1211384167  2.855331
1211384445  7.473687
1211530528  11.111588
1211772725  19.640043
1211914690  17.747196
1211944643  4.705002
1212052075  0.000000
1212052086  4.831965
1212140422  9.585609
1212226912  7.853236
1212310359  5.208692
1212501774  5.563752
1212549859  20.404421
1212856223  16.758493
1212985400  5.415649
1212996221  2.849283
1213071753  3.543304
1211172916  7.862078
1211251223  3.315917
1211334204  18.286831
1211344539  5.130867
1211354110  8.815057
1211354419  6.208909
1211412836  6.298569
1211419797  6.105548
1211461424  17.713078
1211501464  2.688581
1211591818  0.000000
1211591841  0.000000
1211591901  2.397048
1211649860  7.007441
1211650225  6.982032
1211655311  16.181587
1211656036  7.034685
1211665456  12.010929
1211665757  3.937192
1211677663  1.828641
1211693155  3.788450
1211739242  16.007702
1211786580  4.546140
1211852038  6.742277
1211852202  5.101844
1211898293  6.666362
1211909761  13.608971
1211991613  17.813080
1212012572  9.527604
1212016724  5.391368
1212030321  7.523780
1212130492  5.575345
1212135041  3.792991
1212178197  7.349180
1212196947  1950.389038
1212205442  23.584900
1212263245  5.804988
1212286281  9.653081
1212291359  27.632620
1212334576  9.602077
1212444696  0.000000
1212444756  4.547241
1212526401  9.426497
1212535065  6.429133
1212576582  11.466305
1212594662  3.535222
1212739143  18.854370
1212761470  5.851532
1212792687  3.158016
1212802374  11.078096
1212804584  5.821404
1212852944  5.105950
1212853666  26.053080
1212855826  18.722441
1212856366  4.214276
1212858345  21.127329
1212858449  18.234194
1212864302  5.072580
1212867060  7.083966
1212907695  20.619595
1212942949  7.647666
1212943657  5.206067
1212943708  19.252836
1212945922  7.156776
1212960696  5.783467
1212967974  3.344787
1213034526  4.845449
1211029552  11.076805
1211030188  12.501861
1211111447  15.824254
1211619431  15.638255
1211715690  10.395741
1211716826  2.454380
1211717690  28.671757
1211731730  10.420886
1211732445  28.967285
1211732485  18.234194
1211732786  17.192034
1211733147  21.947275
1211735710  5.410752
1211735920  5.395170
1211741239  3.315917
1211741907  17.571545
1211742455  15.916316
1211746830  2.107586
1211747940  13.638747
1211748274  15.533842
1211757745  14.165730
1211761565  6.987090
1211771333  4.181840
1211852730  16.181587
1211939292  4.547241
1212009659  0.000000
1212037216  14.792950
1212181379  5.656481
1212295279  13.084283
1212298502  4.425157
1212318091  4.831965
1212318212  9.715384
1212325310  12.990981
1212338280  16.623383
1212448148  4.543442
1212766598  2.391300
1212781331  22.999582
1212810062  7.342384
1212840530  4.084760
1212848774  7.451234
1212892225  2.969477
1212918874  8.304001
1212951284  8.663745
1212969788  16.777584
1211060158  18.868834
1211377753  14.848011
1211408925  0.000000
1211408987  2.891804
1211468740  5.147820
1211478933  28.934340
1211486881  10.071881
1211700886  9.304362
1211728029  5.752354
1211811598  12.223767
1211816278  14.406932
1211820512  25.453733
1211823580  7.541975
1211824511  23.541945
1211825548  7.051780
1211826438  22.973734
1211834038  4.425157
1211834098  21.301699
1211834870  11.712244
1211905549  4.167295
1211957052  4.547241
1211984122  7.635494
1211987933  15.099896
1212071708  9.905104
1212122714  6.321652
1212163512  6.328949
1212166026  16.664650
1212166087  16.448761
1212172127  8.684072
1212229247  15.459913
1212442671  17.439377
1212503713  16.164553
1212506397  4.061745
1212507484  5.281453
1212527789  6.403545
1212531792  15.638255
1212587921  12.697839
1212683669  17.177681
1212691890  2.181536
1212881779  2.072460
1212907162  15.631414
1213022135  11.958084
1211222681  14.193037
1211390468  4.831965
1211422983  5.023736
1211459601  13.814125
1211487216  2.569798
1211487355  19.529421
1211487672  19.732656
1211491135  15.555492
1211491626  16.985815
1211492094  9.817554
1211616628  9.003328
1211663758  2.301311
1211810993  15.814750
1211817056  10.412631
1211817731  0.000000
1211817790  0.000000
1211817852  0.000000
1211817914  13.618952
1211818569  14.870378
1211819025  20.275528
1211819200  17.923664
1211819675  15.711088
1211824681  0.914251
1211826285  19.417906
1211827469  0.513696
1211890308  4.167295
1211890595  15.304597
1211891134  16.153902
1211891268  17.290943
1211910938  15.353913
1211912092  17.707163
1211923018  14.568069
1211938053  13.163474
1211954727  7.877332
1211993323  12.427073
1211993926  18.418402
1211994277  15.814390
1211995066  21.387726
1211995182  15.346208
1211995242  14.512543
1212021976  3.235627
1212073819  18.248697
1212088034  19.507776
1212088094  45.009224
1212089553  18.247976
1212089855  2.034019
1212149481  16.247328
1212150859  14.430591
1212214741  0.000000
1212214745  2.703208
1212215653  4.606546
1212379769  20.690784
1212382186  12.038928
1212468194  7.551887
1212469677  9.103482
1212494788  15.865710
1212498403  23.749655
1212588337  20.351339
1212602359  2.245923
1212612144  16.194296
1212671667  4.547241
1212673179  4.831965
1212674001  4.469769
1212674774  14.597898
1212675196  36.495579
1212679744  5.941206
1212822091  11.530186
1211191044  12.516076
1211191308  927.434814
1211194552  15.555138
1211198261  11.530186
1211198889  23.484993
1211199406  12.616227
1211227420  5.821404
1211245543  14.406932
1211530388  9.389463
1211653169  6.949971
1211959755  6.151305
1212043284  7.338541
1212093589  14.848011
1212301317  1.366457
1212306230  11.000082
1212431236  5.240547
1212896860  3.968853
1212902313  5.761171
1211170757  15.223804
1211331495  18.103107
1211360613  5.986630
1211373170  18.852301
1211479131  29.126976
1211605215  9.291864
1211618364  5.889806
1211720359  0.199941
1211956023  17.706282
1211990078  13.856289
1212125316  24.214806
1212293231  1373.663696
1212504898  6.106359
1212570779  7.873568
1212727392  35.968716
1212768140  5.514047
1212823003  16.291098
1212847815  7.396126
1212887283  3.181700
1212891199  11.100178
1213021686  5.656481
1213025735  4.060306
1213027747  13.095901
1211351600  21.036291
1211375572  9.473533
1211484588  6.985686
1211602565  4.902700
1211714760  5.221367
1211781078  6.151305
1212100784  13.654283
1212117293  11.701492
1212145622  6.318258
1212150487  6.533190
1212181549  9.012836
1212181989  17.268627
1212182113  25.518036
1212182540  17.407852
1212182754  21.315363
1212286583  18.721464
1212345058  4.544153
1212402361  5.563752
1212483074  23.625648
1212559789  7.626152
1212731765  5.410752
1212762621  1.220883
1212836678  11.759020
1212843028  2.896086
1212853426  15.388629
1212888980  7.767469
1212926812  5.941206
1212929734  9.982961
1212944133  17.710382
1212947166  24.267826
1212958785  15.747539
1213010353  5.678624
1213022817  4.425157
1213035986  8.684072
1212287455  12.308508
1212437078  5.734518
1212529922  16.821577
1212594909  4.425157
1212595332  15.916316
1212597920  15.457247
1212605309  6.020617
1212633455  12.947680
1212675561  19.571646
1212683538  4.960626
1212705887  3.235627
1212722603  5.889806
1212761375  19.014595
1212768750  13.869932
1212769191  18.353607
1212770260  6.098030
1212850483  7.684254
1212865000  10.452795
1212893986  15.612340
1212901427  3.351910
1212913287  17.906576
1213016147  7.894611
1213016267  19.604582
1213024865  4.780125
1213036188  4.630328
1211394545  0.422723
1211431515  6.028939
1211476804  16.227997
1211544068  15.605617
1211630914  24.582481
1211690628  2.705050
1211698279  3.261557
1211779273  13.373220
1212072417  16.798315
1212073311  4.813188
1212128540  18.947454
1212196267  1.460558
1212208070  12.863871
1212221004  0.000000
1212221051  0.000000
1212221146  24.869516
1212290714  10.023453
1212381595  4.167295
1212533861  6.403545
1212632221  3.408964
1212794935  18.109138
1212960125  13.459994
1212965682  5.214602
1212966720  3.962827
1213065413  76.698128
1211055196  6.962312
1211098277  10.103582
1211305398  3.315917
1211401265  17.836702
1211401446  14.599987
1211810088  6.363419
1211812374  12.234258
1211864637  5.010423
1212179928  4.831965
1212254008  9.998404
1212257266  1.460558
1212282148  4.049083
1212332130  18.487141
1212344546  20.464909
1212371905  3.950437
1212456236  31.360832
1212466065  9.918401
1212491859  11.261418
1212491963  17.896231
1212492371  15.094630
1212492673  15.533842
1212499620  8.907552
1212500603  22.742647
1212500839  14.870378
1212502951  8.902843
1212511594  3.826057
1212512131  17.513287
1212512507  23.417360
1212514310  12.008836
1212514492  21.488153
1212517918  3.535222
1212522690  17.168173
1212541667  3.906839
1212544658  2.936954
1212738602  17.686857
1212863433  5.429665
1212869339  4.425157
1212871263  4.201970
1212915425  6.131147
1212936809  10.762791
1212937985  7.767469
1211088961  4.201865
1211140653  5.267026
1211166157  6.298569
1211166321  28.919001
1211174055  22.307987
1211262767  7.214767
1211287721  15.457247
1211327062  4.519505
1211423750  7.735737
1211431951  4.064378
1211519364  8.072170
1211566192  3.293591
1211850183  20.301081
1211900848  34.463684
1212073008  9.470675
1212099004  5.301512
1212135450  8.025027
1212137626  10.705079
1212208722  15.657642
1212294650  11.841215
1212381549  6.253901
1212471141  5.761898
1212495904  10.724173
1212598047  5.323771
1212745397  8.127602
1212789898  4.456766
1212851644  7.776292
1212930605  18.667397
1212943349  6.328719
1212948401  3.181700
1211383721  6.084449
1211416560  16.918911
1211707891  13.386584
1211795280  20.818319
1211951375  23.265663
1211951552  6.768795
1211999400  32.538601
1212083737  3.129541
1212434419  3.490438
1212535554  4.737023
1212538595  7.473687
1212592841  4.577748
1212669606  5.387125
1212765961  3.818040
1212903497  19.113461
1212912652  4.547241
1212944389  8.831260
1212962461  9.905104
1212992334  12.551126
1211034342  8.684072
1211209931  5.656481
1211251374  5.656481
1211579209  6.781600
1211601675  12.289776
1211603614  8.708144
1211941766  6.151305
1212114711  4.084760
1212187639  1277.128174
1212459064  5.210443
1212631527  15.035202
1212732778  5.194872
1212783538  4.253766
1212895936  3.268453
1213029813  6.860941
1211084427  6.624357
1211147225  4.889920
1211235970  7.442511
1211236346  10.853357
1211313076  4.656146
1211339649  5.900209
1211652261  0.000000
1211652272  3.617363
1211655502  12.686329
1211661000  20.630440
1211661657  4.792239
1211723103  6.146074
1211723525  14.880242
1211734489  5.678624
1211734610  15.278834
1211739641  5.791643
1211739823  23.739779
1211740243  4.184031
1212093223  4.640471
1212093802  6.866893
1212120866  5.910965
1212129344  11.847955
1212132407  11.106276
1212132456  22.798847
1212178704  2.826081
1212193820  24.295103
1212314429  3.470945
1212439638  2.107990
1212440099  3.188400
1212466009  8.016067
1212521179  2.486952
1212681145  31.011564
1212767323  2.264984
1212800932  14.540880
1212801058  19.903517
1212855736  5.301512
1211065932  2.803416
1211117855  34.668324
1211118253  6.544968
1211123718  30.141399
1211177115  8.794085
1211177649  10.132572
1211177891  10.340837
1211222786  7.814207
1211224138  18.830181
1211253068  26.530514
1211347597  14.936851
1211399244  14.361670
1211399489  4.386627
1211405081  20.785061
1211423460  15.154305
1211465337  2.960959
1211521744  22.370111
1211521795  22.733089
1211523760  6.151305
1211827182  6.403545
1211893871  7.776292
1212205245  3.060846
1212205310  21.315641
1212211143  17.579126
1212263808  31.903246
1212299598  19.914019
1212333002  15.814750
1212357111  15.916316
1212549026  6.151305
1212635846  6.050464
1212766894  8.487961
1212776729  1.884054
1212779997  3.962827
1212780064  43.531662
1212858986  4.827444
1212931601  15.099672
1212963466  4.963907
1211308134  22.275602
1211585279  2.778746
1211585356  17.045713
1211735893  0.000000
1211735911  2.235449
1211775497  0.000000
1211775531  0.000000
1211775795  5.470149
1211802117  22.008806
1211938904  18.375212
1211979763  16.448761
1212172264  7.776612
1212194813  3.430258
1212290077  7.443490
1212292843  24.810740
1212446714  4.199650
1212454105  4.547241
1212904691  2.100477
1212982496  6.183055
1212993777  2.228383
1211073594  2.569798
1211466401  5.214602
1211467231  3.291414
1211474548  4.167295
1211596400  4.276913
1211603052  13.907161
1211604145  5.395170
1211664403  2.038485
1211664541  33.913826
1211684433  22.533936
1211985198  5.814831
1212156142  6.096466
1212165805  5.783467
1212169233  18.746918
1212177242  4.148584
1212459940  13.608971
1212505304  23.490917
1212974603  9.090528
1213055914  5.391368
1211040823  8.270545
1211048417  2.414464
1211081580  31.332098
1211147411  68.277466
1211147534  9.070126
1211506796  3.470945
1211635164  0.000000
1211635172  1.119143
1211644339  7.247583
1211687882  4.970167
1211688653  7.811778
1211703730  9.696563
1211873411  15.381890
1211904662  15.439827
1212018340  6.544968
1212034092  19.439346
1212039662  12.745532
1212165156  5.672873
1212165455  5.377920
1212180408  20.097530
1212181710  6.318156
1212214413  18.546093
1212584319  8.061017
1212584560  7.531179
1212631585  15.909646
1212644575  14.115524
1212644777  21.911983
1212782306  7.767469
1212850901  9.132685
1212851156  4.555218
1212861244  10.123255
1211519558  9.473533
1211782280  8.181211
1211848667  16.483765
1211852372  8.181651
1211852432  27.683130
1211854295  15.580224
1211854520  4.396335
1211868433  11.220869
1211945432  17.275640
1211949184  11.830598
1212013788  16.455853
1212162136  5.563752
1212365962  26.604773
1212373727  35.133801
1212379741  17.337416
1212453330  13.578850
1212457555  5.410752
1212460871  14.732870
1212537013  4.547241
1212680193  6.860941
1212696077  2.883406
1212767808  38.431747
1212775992  2.620273
1211147248  7.443490
1211305810  15.533482
1211368697  6.590684
1211406455  5.360880
1211421354  22.490141
1211573494  18.199556
1211656662  3.315917
1211665392  274.466614
1211670707  2.302733
1211790914  27.311083
1211840400  2.960959
1211854452  4.547241
1211888731  6.403545
1211899038  6.298569
1211912610  21.491787
1212160804  7.954250
1212174879  3.181700
1212227451  20.596201
1212232156  9.022711
1212282860  3.181700
1212290454  8.684072
1212308482  39.485794
1212322400  14.981884
1212350862  3.181700
1212363105  21.129276
1212364920  4.786569
1212428909  7.647002
1212439945  4.181840
1212609505  19.933882
1212691063  3.181700
1212758244  23.447634
1212920146  6.450661
1212976175  3.181700
1211054971  12.693354
1211133303  34.384068
1211138885  18.987312
1211391520  6.318156
1211401982  2.398407
1211492592  7.157830
1211647454  2.854144
1211730621  8.541710
1211734794  12.832017
1211768626  7.051126
1211768911  14.013071
1211773136  4.735274
1211773369  8.929258
1211858359  5.360880
1211860031  5.773778
1212498339  4.717693
1212519325  3.181700
1212522016  3.937644
1212523794  15.814750
1212613257  4.425157
1212619083  27.439281
1212628182  6.626890
1212628360  18.815592
1212905639  6.333840
1212999443  10.907542
1213002741  10.600480
1213042708  4.444242
1213080187  6.536699
1211035750  2.749877
1211037169  4.048277
1211040999  7.726453
1211044107  3.360745
1211044902  0.000000
1211044904  0.000000
1211044972  0.000000
1211045025  0.000000
1211045087  1.598775
1211125832  18.836771
1211163143  7.312391
1211229917  18.640610
1211230141  15.940272
1211255313  17.963360
1211292255  0.512789
1211324292  21.807913
1211638069  5.301512
1211778525  18.702881
1211778586  21.278925
1211787305  23.108925
1211993757  3.181700
1211995000  14.360154
1212105661  6.584607
1212132995  21.957682
1212165391  10.910997
1212165824  5.578057
1212171317  15.369537
1212192364  0.000000
1212192367  4.011212
1212338412  20.245918
1212338597  10.289105
1212422146  4.331738
1212762871  13.673041
1212790869  15.342749
1212862671  4.037625
1211140055  5.956524
1211168633  4.958791
1211286914  7.576991
1211330372  8.266769
1211374281  28.237932
1211572657  9.369650
1211619078  9.047112
1211784246  5.366332
1211810972  19.401320
1211948529  17.631723
1212091573  4.381673
1212146937  56.858536
1212213137  3.087490
1212287060  27.457394
1212300983  7.136082
1212358352  14.240186
1212372808  17.308929
1212423792  22.686560
1212439652  7.968915
1212558691  5.160451
1212604262  21.639416
1212948950  14.406932
1212953631  5.895354
1212959302  7.491634
1212980942  13.376951
1211069078  12.146684
1211210139  20.477827
1211287037  4.348195
1211303465  9.545955
1211310977  16.233187
1211497703  5.049059
1211498242  24.544050
1211688103  6.544968
1211924751  3.541119
1212006036  15.384086
1212094145  8.076951
1212459010  0.741815
1212538293  18.301174
1212596129  15.679097
1212701718  4.472696
1212902108  18.171381
1212905234  3.315917
1212905354  20.085682
1211088137  3.181700
1211088557  4.547241
1211152319  11.841313
1211361777  11.030227
1211590961  17.806717
1211659979  20.553778
1211660089  16.888887
1211788808  5.656481
1211859792  5.377162
1211859889  13.967575
1212032211  10.104980
1212083299  21.996466
1212382070  2.346181
1212462193  9.547501
1212463755  17.517963
1212463868  7.870654
1212599169  6.436659
1212718294  15.114356
1212718566  23.996145
1212785093  5.791643
1212785208  7.377753
1212799542  29.472055
1212896512  16.994492
1212954253  4.197453
1212979270  20.604033
1211135608  6.475839
1211141274  19.745710
1211150467  3.372118
1211247330  7.272298
1211253869  16.934032
1211260220  12.832867
1211410444  3.792991
1211521636  4.902700
1211628412  0.000000
1211628442  62.173790
1211964207  6.403545
1212004865  7.096492
1212025574  6.654684
1212095601  6.403545
1212398557  22.276295
1212479945  6.151305
1212567186  5.360880
1212652850  19.931326
1212696929  8.887631
1212738899  11.688924
1212738948  62.892456
1212850830  7.393503
1212857485  26.846849
1212942811  6.207331
1212950022  9.927529
1212954244  16.181587
1212954374  13.053045
1211143730  4.028611
1211349990  6.298569
1211867571  4.352613
1211923688  4.772550
1211943893  16.757734
1211999934  2.892454
1212003446  26.463602
1212030746  6.403545
1212032778  10.871419
1212044816  5.691277
1212082350  6.820861
1212082455  21.216135
1212082570  14.868063
1212135464  9.918401
1212297530  7.378298
1212323951  21.491787
1212346085  4.214435
1212507430  4.167295
1212904160  32.071209
1212936331  8.541710
1212942306  5.783467
1212943602  3.977125
1212953122  6.318258
1211029873  3.684352
1211069207  2.260865
1211227157  8.895533
1211314526  15.409596
1211333279  18.367640
1211375274  6.536129
1211431439  16.497574
1211471025  7.224741
1211500029  16.735430
1211563864  18.035213
1211569629  2.960959
1211770726  9.392002
1211784404  6.414011
1211817205  15.832697
1211933135  6.403545
1212090932  13.617388
1212140625  7.551367
1212146483  27.892384
1212146633  25.694830
1212270132  14.491327
1212273439  22.072681
1212284189  17.221050
1212284308  18.253201
1212291275  4.995449
1212474344  24.085146
1212509102  7.325558
1212535401  9.399054
1212566409  31.639416
1212611659  11.966795
1212642088  32.513100
1212731957  9.022711
1212846575  10.515563
1212892591  5.257593
1212951884  3.996630
1212960919  6.992602
1211391957  4.439581
1211436855  26.198589
1211509208  3.083757
1211643778  5.247238
1211857246  10.977506
1211989357  19.061853
1212071567  18.909330
1212072051  5.130495
1212102531  5.410752
1212177959  5.680191
1212243636  5.214602
1212244710  19.224485
1212337234  15.279189
1212338190  7.158122
1212399244  6.318258
1212570592  5.092462
1212620035  4.251537
1212647586  16.985537
1212744489  6.214680
1212762104  4.276913
1212820476  17.763941
1212903361  22.533936
1212964859  21.263464
1213031554  24.267826
1211095550  15.796169
1211250057  9.056480
1211677556  25.324821
1211677732  22.970011
1211694849  3.408964
1211958288  5.301512
1211987221  5.055430
1212114688  5.336287
1212131870  6.297091
1212264878  4.025452
1212388606  20.000059
1212388687  24.296902
1212449387  9.091537
1212481737  17.917946
1212608866  3.181700
1212624911  7.690595
1212727811  23.836346
1212784120  5.791643
1212786021  8.541710
1212786667  6.050464
1212871710  4.960626
1211080847  27.787849
1211116965  14.344901
1211224457  6.553833
1211344695  8.759249
1211406041  18.383936
1211491149  3.742244
1211916847  5.312589
1212517953  3.129541
1212595875  3.686092
1212692722  7.604022
1212723558  9.559979
1212930965  5.656481
1211239225  4.695927
1211244529  16.534431
1211312064  15.555138
1211380599  13.985556
1212004115  11.997238
1212276012  0.000000
1212276055  1.913040
1212332218  5.281453
1212766605  0.000000
1212766669  2.438188
1212903824  5.791643
1212951753  18.149879
1213026650  4.084760
1213026737  21.703197
1211057762  7.498202
1211059028  19.014595
1211170902  18.192158
1211226577  15.814750
1211406756  19.504372
1211420314  8.646012
1211620474  15.555138
1211899563  3.108690
1211908980  37.469616
1211920188  16.069492
1211920560  6.217341
1211921068  7.150288
1211922012  18.228785
1211951589  8.166390
1212005456  7.139965
1212166590  2.522698
1212175670  19.386696
1212635748  2.936954
1212847550  4.352613
1212886989  8.210097
1212905190  20.941370
1212944048  3.261557
1212947101  5.154636
1212969579  56.852432
1212969760  25.178879
1212972021  0.000000
1212972023  5.952876
1212988246  23.083078
1213017074  3.315917
1213021940  5.301512
1213031243  17.268269
1211068700  21.764717
1211415497  6.098614
1211679117  11.520240
1211685683  32.831219
1211692700  21.440800
1212100056  6.098614
1212121309  649.182495
1212617110  24.233370
1212617413  10.586175
1212689533  19.300190
1212773124  15.160648
1212775705  7.521484
1212799582  2.430963
1212883218  3.161290
1212943932  4.689609
1212969250  8.976426
1211046481  17.027996
1211093804  5.744993
1211220941  25.523771
1211247827  3.129541
1211269368  17.211992
1211338780  5.086279
1211480713  16.933996
1211480902  29.355297
1211485138  3.470945
1211486028  15.598083
1211594018  5.542604
1211604006  3.687631
1211605394  7.219788
1211605460  18.243170
1211659156  34.014301
1211687677  5.024581
1211689805  1.913040
1211743769  4.098979
1211905980  12.624172
1211992895  6.023965
1212075786  7.157541
1212157879  9.927529
1212158430  12.474890
1212197449  3.321038
1212271719  4.352613
1212374122  22.368996
1212447961  17.517963
1212673897  15.814750
1212674751  15.814750
1212728030  33.320225
1212747549  5.656481
1212769731  3.181700
1212808883  80.324982
1212889991  10.229757
1212892586  10.070383
1212985734  21.996687
1212993320  10.558822
1213053255  6.151305
1213065533  4.842697
1211023414  4.425157
1211026821  8.501912
1211028071  17.268627
1211028625  15.814390
1211030794  8.330046
1211030928  13.062462
1211034916  5.575345
1211037886  12.345041
1211041019  17.794195
1211041651  14.268228
1211093266  5.410752
1211093326  17.333981
1211101487  7.249459
1211118669  10.060180
1211146453  4.741239
1211146693  11.121672
1211203376  9.782849
1211371813  15.485765
1211372492  15.457247
1211372974  12.958118
1211374887  15.661948
1211378138  22.376726
1211439828  64.958595
1211470085  8.017287
1211493585  21.245716
1211493639  22.572248
1211542441  17.364996
1211563761  22.533936
1211616929  7.921610
1211641802  2.482141
1211642953  4.816566
1211645331  4.167295
1211646188  19.768438
1211693349  4.852561
1212279022  0.000000
1212279061  11.812130
1212410309  15.346208
1212491924  15.459913
1212492045  14.879741
1212493415  17.322292
1212495134  13.648270
1212496582  10.779188
1212496825  12.474890
1212498945  16.497574
1212499064  10.525734
1212499327  15.395850
1212499968  12.814294
1212502614  8.095229
1212502941  11.047878
1212507193  8.302497
1212517054  6.009465
1212670299  477.917725
1212671871  6.255565
1212674028  3.270408
1212755227  8.220479
1212756047  3.181700
1212768277  8.234831
1212811941  43.170670
1212857369  13.386584
1212868075  3.129541
1212900653  5.649136
1212903244  13.073322
1213012515  12.345369
1213013406  12.270384
1213035287  7.396126
1211075126  0.986886
1211079091  2.107586
1211094109  6.339330
1211104936  15.638255
1211203858  22.100739
1211207323  8.530965
1211391859  8.626898
1211402812  0.000000
1211402873  0.000000
1211402895  0.000000
1211402896  16.829145
1211506033  2.645693
1211527364  20.149309
1211641269  5.387125
1211641849  2.936954
1211651692  13.396944
1211661830  16.722906
1211773252  24.023914
1211977786  15.203850
1211978836  0.000000
1211978839  6.151305
1211983525  10.227808
1211996607  16.959660
1212001100  25.855436
1212077185  4.466295
1212243838  10.600602
1212335081  8.056526
1212335552  4.547241
1212552926  9.035870
1212780185  6.562330
1212877577  1.119143
1212899519  44.458248
1212940729  4.658060
1212940786  23.111975
1212943018  18.748835
1211037491  6.217343
1211037523  18.846212
1211044385  7.647002
1211044445  21.987247
1211052597  17.290943
1211080305  8.541710
1211104621  5.142255
1211107473  11.983464
1211122456  10.402250
1211211168  6.403545
1211291750  4.352613
1211374041  8.684072
1211399227  0.000000
1211399257  19.596546
1211603392  3.638466
1211743824  14.491327
1211750553  17.322292
1211922054  8.501912
1211963878  18.374819
1211980485  3.235627
1211999980  8.455123
1212054642  25.639000
1212167707  3.535222
1212206009  6.050464
1212211442  5.474014
1212340630  17.268627
1212417744  6.834784
1212482232  8.072170
1212494660  8.362536
1212505434  4.237927
1212575789  10.122128
1211039801  3.743176
1211121227  6.860941
1211244532  11.525545
1211248586  27.926857
1211546338  17.809628
1211573925  31.232431
1211596826  7.115153
1211717776  23.644884
1211782394  16.932987
1211830676  14.268228
1211831210  14.388037
1211831949  8.302497
1211834843  3.490438
1211892926  6.403545
1211893120  10.083408
1211932192  12.738847
1211978112  15.829764
1211986655  9.963719
1212032809  3.792991
1212083179  7.548595
1212085578  37.407314
1212108391  12.947680
1212113313  21.805273
1212164781  6.086408
1212201955  2.545360
1212204426  15.889112
1212245341  18.246696
1212246579  5.876882
1212265465  20.927914
1212267574  5.274414
1212327738  9.894682
1212368509  13.163795
1212431674  17.380371
1212498767  15.363308
1212498822  16.941450
1212502612  18.044140
1212516714  18.991884
1212590830  11.997238
1212640329  34.537403
1212772490  23.253830
1212783516  3.854697
1212856921  4.624312
1212861608  15.908584
1212948179  3.181700
1212955041  5.210677
1212961504  3.030190
1211152202  5.410752
1211152314  21.862324
1211163705  8.733119
1211269062  32.192688
1211310311  21.232462
1211325477  16.745752
1211326148  16.934032
1211414271  3.181700
1211473395  4.352613
1211535531  12.527633
1211584066  10.085308
1211646239  12.174871
1211682564  5.177105
1211952822  14.647445
1212000290  5.915069
1212026408  4.170882
1212076773  7.137593
1212079890  6.290003
1212083247  6.379343
1212145924  6.151305
1212174845  8.065733
1212285125  12.929793
1212360859  10.981130
1212378848  4.780125
1212435668  7.941766
1212471156  20.588001
1212475603  16.464714
1212507654  10.627391
1212527473  4.103816
1212586655  6.889440
1212587500  15.814750
1212587924  15.814750
1212589302  15.369165
1212610765  8.217917
1212624644  1.942931
1212696965  0.000000
1212697000  0.000000
1212697002  0.000000
1212697063  4.831965
1212778198  6.220603
1212789337  5.889806
1212792277  2.569798
1212812261  17.713078
1212819757  21.799311
1212853510  4.651174
1212890767  30.804016
1212912058  6.655900
1212933676  21.318201
1212933936  25.504486
1212967459  97.647102
1213023627  3.181700
1211244973  11.141914
1211254266  0.000000
1211254268  3.158016
1211301856  7.896927
1211416027  7.908094
1211780235  5.752354
1212149505  9.281304
1212149740  9.226957
1212184696  4.498954
1212254856  8.687640
1212269671  25.345490
1212433452  0.000000
1212433464  2.038485
1212463093  13.071376
1212463511  4.330706
1212469005  5.301512
1212469240  18.798563
1212817872  7.890010
1212879177  2.936954
1212902709  18.829563
1212930235  0.000000
1212930295  4.103816
1212947337  6.298569
1211027242  17.151199
1211027847  15.417609
1211028086  11.422297
1211028171  10.643249
1211028872  16.910196
1211034299  24.002411
1211175578  22.992577
1211179441  42.802132
1211260035  11.905514
1211261615  21.276712
1211338737  18.929462
1211589171  19.804489
1211589842  15.868901
1211600169  17.605146
1211636762  4.425157
1211645014  7.398589
1211662381  2.569798
1211750552  12.047914
1211872539  15.381890
1211998823  25.504486
1212001216  6.030387
1212027838  49.937115
1212077107  4.167295
1212080579  5.410752
1212198317  2.504651
1212296862  6.947258
1212361517  13.163474
1212365857  14.004407
1212423534  19.571646
1212503631  7.338652
1212534782  0.000000
1212534847  5.652163
1212684207  5.533098
1212694530  4.167295
1212776754  4.403002
1212903039  2.372121
1212964343  17.979542
1212992138  4.547241
1212998203  19.244955
1213024460  5.301512
1213031196  6.403545
1213032062  4.913013
1211135409  16.966454
1211145879  4.893703
1211197302  10.936311
1211248680  5.023736
1211289016  10.290316
1211289318  4.133855
1211309411  8.008595
1211316068  15.356400
1211316310  14.851169
1211330713  4.891773
1211386475  7.337801
1211387514  13.429712
1212780452  7.962380
1212849813  9.662025
1212850741  5.111084
1212899687  22.331079
1212979262  4.456766
1212984711  17.350887
1212989351  16.693157
1213017555  6.336651
1211567864  7.138527
1211689821  5.428013
1211780458  99.368309
1212334688  14.406932
1212335293  6.248663
1212348998  3.129541
1212349752  5.556261
1212463275  7.221039
1212480041  7.904332
1212632618  7.272298
1212704070  4.689609
1212719525  3.846734
1212754530  7.155003
1212760962  2.688761
1212784788  22.146889
1212798669  3.129541
1212799520  6.217379
1212873328  6.060515
1212898566  4.060306
1212932447  2.936954
1212952907  9.831025
1212954411  8.795082
1212957527  2.569798
1212978034  0.000000
1212978069  9.280712
1212982625  15.916316
1213002226  13.705856
1213013114  8.537097
1213017851  10.600602
1213023936  7.481376
1213033474  12.947995
1211038793  8.299841
1211073626  1.537429
1211094383  4.400556
1211101855  4.425157
1211137258  23.485973
1211153238  0.000000
1211153281  0.000000
1211153283  4.547241
1211162056  3.315917
1211167368  21.996466
1211317019  5.695528
1211317076  17.735779
1211318650  3.555915
1211430098  8.501912
1211430740  6.740574
1211479244  15.719234
1211522140  5.301512
1211550256  4.831965
1211550437  15.203850
1211550801  15.203850
1211552185  21.969463
1211553355  16.301353
1211596499  4.658060
1211643877  4.752753
1211644196  18.707485
1211816265  8.596233
1211842493  1.460558
1211906409  5.749554
1211908259  20.016142
1211992795  3.181700
1212041112  5.696698
1212157684  11.592936
1212198255  5.049059
1212414202  0.000000
1212414265  4.831965
1212414384  20.208801
1212415573  16.181587
1212420763  12.527633
1212459699  3.968853
1212523411  3.555393
1212538212  23.216846
1212543566  6.929286
1212700224  6.624357
1212774641  3.291414
1212807439  6.403545
1212855456  4.626860
1212856843  20.081923
1212900576  2.982844
1212917938  5.656481
1212962671  3.030190
1212986006  11.997238
1212992739  22.930422
1213033456  23.979691
1211071921  17.277996
1211201894  4.011212
1211436817  16.930901
1211444489  21.996466
1211764874  21.645552
1211992606  17.299559
1212143935  5.656481
1212230666  17.167641
1212336148  8.333975
1212353668  4.509604
1212375133  6.642076
1212398441  21.635868
1212627403  10.550436
1212640928  5.026290
1212642513  12.653879
1212790192  4.851320
1212946645  6.588501
1212990080  15.693755
1213021280  16.136467
1213022243  6.972939
1211259571  3.470945
1211304542  16.862452
1211304597  23.196184
1211304855  28.590271
1211309230  5.181149
1211309375  22.872217
1211311639  12.571750
1211387148  3.181700
1211387684  18.897045
1211388109  26.998602
1211388821  15.555138
1211508065  5.784909
1211567668  18.798563
1211621108  6.767887
1211642486  4.253766
1211650345  5.450228
1211710565  5.563752
1211847490  5.656481
1211852628  30.539207
1211932893  2.569798
1211992334  8.351686
1211997863  21.276712
1212005183  17.268627
1212083555  8.403940
1212086447  13.756285
1212086801  3.592848
1212211568  23.183060
1212211762  17.583555
1212259901  26.474852
1212507889  5.890568
1212509541  8.524975
1212509915  1201.857788
1212519328  13.869932
1212521573  19.183674
1212521896  48.196758
1212604104  11.400434
1212604655  14.162463
1212684808  22.632536
1212688015  16.082430
1212784297  1.973771
1212798444  2.072460
1212850495  4.084760
1212856287  20.173645
1212916617  3.864478
1212932195  8.508477
1212937171  9.345238
1213020690  3.030190
1211141956  5.142272
1211160782  6.698310
1211221487  7.236727
1211310902  14.535264
1211379986  0.000000
1211380007  4.472696
1212158181  8.434957
1212589811  21.491787
1212698865  9.568014
1212800002  3.060846
1212800067  23.238216
1211047619  7.260545
1211106500  8.684072
1211152217  5.404912
1211166797  4.072156
1211289244  23.265203
1211338146  6.217379
1211387288  19.148884
1211564129  5.783467
1211564261  20.915676
1211627445  0.000000
1211627505  2.072460
1211663522  35.959084
1211688591  2.891804
1211743395  4.472696
1211785287  8.149178
1212019019  0.000000
1212019025  15.242389
1212081573  5.477080
1212182359  39.095798
1212209621  19.325142
1212232312  5.941206
1212253854  57.432495
1212344908  11.183797
1212470859  6.947258
1212484186  18.030720
1212542263  2.107586
1212895428  8.772605
1212957843  29.826553
1212978678  8.701324
1211331012  7.096492
1211469972  4.328870
1211598042  13.946823
1211665602  3.970511
1211694203  5.559424
1211830580  6.183055
1211935513  5.474014
1211938881  21.479231
1211951432  10.958841
1211952937  20.581331
1211955292  5.410752
1211955352  29.511011
1212128027  12.368171
1212131193  369.078308
1212170426  21.206524
1212179060  3.014469
1212179330  15.814390
1212189482  15.483987
1212189669  316.287811
1212220384  5.658700
1212248741  3.181700
1212305280  18.622290
1212423087  3.030190
1212424443  4.547241
1212453680  5.084357
1212453948  19.472893
1212465984  15.211178
1212467253  19.366596
1212476837  15.605617
1212506620  4.251537
1212531676  3.684352
1212531730  16.766275
1212554358  3.368326
1212596995  30.446339
1212687322  5.889806
1212719075  26.688261
1212781412  5.410752
1212965094  3.108690
1212966597  0.000000
1212966604  0.000000
1212966619  4.327133
1212972132  5.450228
1213069171  4.893703
1211229214  9.777690
1211257446  19.244955
1211331490  17.308929
1211345870  16.181587
1211382152  22.186758
1211438061  16.966454
1211642056  4.472696
1211753759  41.298992
1211830662  24.623884
1211860303  2.695799
1211996429  6.298569
1211999292  52.420097
1212083692  5.301512
1212085073  9.831025
1212163670  3.010309
1212169262  5.281453
1212171847  3.129541
1212174421  4.500159
1212194314  2.072460
1212250425  3.906839
1212282216  6.086408
1212337556  15.457247
1212338118  20.188999
1212338298  19.609753
1212338612  15.572054
1212338729  15.990255
1212505682  6.889440
1212529407  6.403545
1212558482  27.532661
1212564423  17.211512
1212628504  3.743176
1212635024  8.831260
1212688422  5.783467
1212706110  4.466295
1212752121  7.698363
1212790236  5.604815
1212806840  13.163474
1212849002  5.268653
1211154598  24.530933
1211223130  3.366664
1211242477  9.988621
1211485599  20.834711
1211945107  4.794308
1212035565  4.270001
1212093988  2.537706
1212176533  7.941766
1212176593  20.952490
1212207425  10.905093
1212369785  4.418615
1212705627  3.181700
1212794596  5.948507
1211050228  0.000000
1211050230  0.000000
1211050290  2.072460
1211050471  12.270384
1211060881  22.938135
1211136383  17.285995
1211141798  18.248697
1211145090  11.997238
1211161818  5.656481
1211240671  19.968275
1211254706  23.983919
1211328901  4.704042
1211422357  5.301512
1211669296  2.072460
1211739412  18.538095
1211739533  15.457247
1211739593  10.475697
1211740180  12.474890
1211740542  16.985815
1211745062  23.869993
1211748165  5.301512
1211753796  15.916316
1211822863  8.796900
1211904109  12.498005
1211941188  2.181602
1211951421  21.172354
1211959858  24.233370
1212077754  13.910903
1212078117  19.972240
1212254948  27.252890
1212292822  28.443241
1212336507  20.752935
1212339870  33.162758
1212340218  22.948812
1212385653  18.976614
1212428843  10.235689
1212461498  8.636960
1212539476  5.422146
1212547504  3544.190430
1212610434  6.403545
1212616233  5.915069
1212620873  3.181700
1212681185  4.084760
1212681510  21.085854
1212730190  18.179665
1212763115  16.503740
1212860836  4.500159
1212861333  20.133184
1212870444  15.160648
1212904307  11.564013
1212953551  16.910196
1212954932  3.854697
1213026779  5.941206
1213027019  17.896231
1211029748  5.656481
1211047235  11.363545
1211067761  0.722028
1211103970  9.901965
1211118349  8.619964
1211170321  16.247328
1211200092  6.151305
1211208093  7.760665
1211324999  6.794177
1211344728  4.425157
1211373044  9.918401
1211374209  8.128456
1211387280  3.313779
1211390101  5.065506
1211393181  19.306248
1211413472  22.369915
1211429799  20.000059
1211462537  9.451802
1211475986  2.352021
1211498227  17.771139
1211603864  20.927914
1211612635  59.188835
1211645165  5.221367
1211652407  5.217833
1211688367  16.943741
1211730536  14.825991
1211731665  26.969313
1211754645  18.256998
1211832982  4.207930
1211930237  5.597330
1211930462  21.923153
1211985186  4.827444
1212016057  9.269832
1212070928  9.126034
1212075911  4.860183
1212102763  9.924294
1212112394  12.347388
1212186357  1.802139
1212188396  5.336287
1212221165  26.022543
1212239352  4.872044
1212244484  3.181700
1212340587  5.906466
1212346697  17.903084
1212352774  4.902700
1212353069  88.263206
1212373302  2.892454
1212621775  7.648451
1212622135  4.417104
1212672820  3.181700
1212760626  5.851532
1212840702  12.117310
1212844470  7.921610
1212847480  12.618675
1212851797  8.684072
1212864537  2.260865
1212871424  0.000000
1212871432  0.000000
1212871498  0.000000
1212871500  1.460558
1212897451  5.450228
1212904378  18.401222
1212927776  18.623102
1212927922  26.495796
1212930033  5.209119
1212986883  4.425157
1212987158  10.304898
1213025758  2.936954
1213027545  13.055335
1211033488  4.366054
1211034512  4.386627
1211062411  17.003515
1211264582  18.828735
1211440051  7.866834
1211444678  18.328527
1211480573  3.129541
1211607290  10.820074
1211669734  3.161290
1211674421  2.438188
1211823025  9.627413
1211845959  8.501912
1211852030  14.376719
1211868002  15.044188
1211877472  6.111883
1211906706  5.322051
1211939070  13.163474
1211952180  5.349537
1212020580  15.742053
1212022299  4.231196
1212114596  16.353954
1212129464  5.163949
1212197326  3.181700
1212277198  18.105593
1212434049  4.547241
1212457828  7.896927
1212605925  4.824484
1212662870  11.893604
1212742992  7.904332
1212772095  5.822010
1212860811  3.904550
1212860879  22.156746
1212865404  15.620070
1212867233  6.388524
1212903166  16.217958
1212933468  10.736510
1211036187  3.410430
1211039357  3.960297
1211428744  6.361814
1211435736  13.523169
1211469851  8.072170
1211478193  22.250669
1211488413  6.811841
1211496061  5.422146
1211567439  5.083262
1211635463  20.647520
1211646087  6.403545
1211701643  10.978675
1211794509  0.000000
1211794572  16.836809
1211858165  6.879114
1212033798  8.016067
1212076923  12.551573
1212174927  5.791643
1212176689  28.374262
1212346620  18.479370
1212524642  4.741239
1212713919  5.301512
1212729596  10.906580
1212846870  22.296329
1212848789  32.345654
1212860864  5.301512
1212934987  11.679446
1212937695  11.781985
1212951412  4.167295
1213034544  18.032671
1213047336  4.167295
1211036698  6.881821
1211053724  2.695799
1211095363  8.330382
1211269030  16.177505
1211309710  21.195509
1211309771  4.472784
1211382220  6.479658
1211389341  4.400556
1211575524  13.163474
1211737394  11.456573
1211781542  25.062454
1211835602  23.649429
1211911953  5.122836
1212075339  4.555218
1212096142  7.880364
1212159770  4.500159
1212163356  5.301512
1212168800  6.104414
1212209495  16.503740
1212238181  19.349903
1212250519  15.638255
1212408556  9.034319
1212428972  19.847273
1212672663  5.784204
1212780751  7.647002
1212780811  16.722906
1212784131  3.408964
1212791694  7.972579
1212813982  3.108672
1212850995  4.624312
1212855692  19.158133
1212855867  43.614067
1213026224  5.427622
1213030173  9.473533
1211114367  8.541710
1211118446  5.171588
1211119323  5.382871
1211132748  6.576356
1211142726  4.837428
1211338385  5.986630
1211432424  8.487751
1211504604  2.072460
1211570311  7.358491
1211648051  3.818040
1211648973  19.469238
1211692582  9.500669
1211717268  8.227657
1211735703  14.628312
1211736455  6.939483
1211740917  21.205421
1211781568  12.690845
1211787433  6.060515
1211904622  2.107586
1211925277  4.398264
1211993341  2.753355
1212106514  6.249838
1212378184  17.764574
1212692900  5.791643
1212700467  3.181700
1212726217  5.902638
1212785241  7.056836
1212830301  5.241195
1212861362  17.132320
1212862551  23.525951
1212865805  11.695210
1212872017  3.181700
1212878993  2.486952
1212937045  6.183055
1212958838  5.301512
1211400617  7.130686
1211400909  21.140343
1211400969  9.574724
1211418999  47.617496
1211422677  12.711998
1211481867  8.359754
1211576555  12.536642
1211649756  17.332827
1211650882  9.696563
1211756197  7.155003
1211995367  6.170069
1212054825  4.386627
1212235551  4.330706
1212240696  5.410752
1212301228  21.488153
1212356583  3.235627
1212389611  4.913863
1212455652  3.818040
1212471429  24.146818
1212500486  9.988142
1212504286  4.904964
1212505301  3.493545
1212517703  19.887398
1212517821  14.122518
1212548223  19.585512
1212549465  14.103723
1212582954  5.214602
1212610669  5.404912
1212708264  4.547241
1212718821  4.547241
1213028498  20.438910
1211029661  13.051782
1211140396  17.303432
1211252085  38.024582
1211433840  5.941206
1211439735  19.446791
1211526576  17.228914
1211534949  14.122061
1211748165  3.133632
1211811155  14.268228
1211812882  15.850126
1211816540  9.835411
1211819702  16.643402
1211825072  33.947414
1211841174  16.707359
1211841552  14.550936
1211945971  20.403694
1212106292  7.137593
1212295017  7.229334
1212307437  20.633940
1212307497  19.582325
1212374213  19.871872
1212536275  4.741239
1212546070  0.000000
1212546100  8.650217
1212808101  4.960626
1212824756  6.001711
1212904716  8.536915
1212962657  5.319952
1211033070  25.863480
1211037274  9.045671
1211040757  5.301512
1211045411  5.556394
1211056869  27.297230
1211057042  19.177341
1211515781  15.889796
1211589917  23.133368
1211658743  638.943481
1211685277  3.235627
1211699513  3.535222
1211729583  5.797234
1211729774  17.488991
1211781110  11.549945
1211927524  18.044140
1211944253  8.872204
1212030745  32.733406
1212291852  3.208951
1212347609  6.003324
1212452486  5.410752
1212453711  4.242267
1212476986  20.141317
1212481765  6.698310
1212684584  15.990255
1212684745  9.030771
1212701944  5.474014
1212904172  13.941158
1212919448  9.457815
1212966403  4.577748
1213033868  0.000000
1213033897  0.000000
1213033903  6.151305
1211239419  5.453196
1211260532  146.437790
1211347587  8.433551
1211350686  16.491465
1211522553  15.796169
1211567185  3.613594
1211909559  3.924496
1211927540  3.010309
1211973830  14.848011
1212048024  9.681709
1212156717  24.326677
1212164016  5.578057
1212171077  14.385686
1212171861  9.848598
1212172220  24.267826
1212232242  13.064715
1212232364  28.428848
1212237078  10.208114
1212237253  27.766268
1212377502  3.987905
1212422711  24.764393
1212465017  6.403545
1212472213  4.069628
1212530907  8.684072
1212773775  19.982225
1212785973  5.301512
1212810259  8.916013
1212826334  11.713693
1212866737  6.059639
1212866803  18.348555
1212891703  5.111887
1212936152  6.079008
1212936674  9.397157
1212937396  5.456689
1212961990  15.099672
1213030071  4.500159
1213030748  88.346443
1213036916  4.352613
1213039790  3.235627
