1211335173  4.634418
1211693828  5.497909
1211940744  9.214707
1211946983  13.268614
1212027767  11.560242
1212030759  18.367611
1212039608  11.057650
1212109296  3.363984
1212195467  3.444934
1212464828  11.932977
1212539873  7.914570
1212633194  6.695607
1212736252  4.834109
1211042591  17.097143
1211081954  5.637983
1211173878  10.331232
1211342935  3.668549
1211360351  8.124496
1211361721  7.151915
1211519746  4.585690
1211694662  51.071739
1211779002  7.593581
1212026520  8.739005
1212045911  4.289848
1212123483  8.510048
1212136166  9.023007
1212355443  12.553211
1212678489  5.548924
1212799326  5.839528
1212832748  3.333807
1213023870  9.347495
1213036300  4.634418
1211210297  8.226379
1211599722  14.658851
1211681391  8.132569
1212072630  12.472525
1212123460  20.993134
1211079541  1.093162
1211139017  4.585690
1211547782  14.230795
1211644046  12.385973
1211750623  4.417179
1211764915  10.136179
1211906466  5.570328
1211942071  8.190151
1212173609  7.108693
1212548914  10.606517
1212566875  20.858488
1212778395  4.881339
1212802904  8.607383
1212804037  26.073111
1212933361  23.760521
1211484844  6.664400
1211487856  9.088462
1211574364  6.238526
1211760133  4.578910
1211900018  6.956731
1212072946  12.902158
1212073371  13.948843
1212174693  5.273544
1212266279  14.324780
1212292319  5.133056
1212427775  6.847191
1212635858  9.460858
1212641525  7.858119
1212833269  4.152545
1212866367  5.890392
1212888157  7.608655
1212913241  4.250172
1211022875  7.489770
1211085433  3.981342
1211089911  0.000000
1211089956  0.000000
1211089958  1.121808
1211105131  6.366315
1211533825  4.778275
1211535129  4.152545
1211587521  7.123828
1211616454  2.533935
1211698295  4.285847
1212045602  20.858488
1212185668  4.711658
1212478107  9.150715
1212813586  4.487293
1212917501  0.950420
1212918402  0.000000
1212918409  7.606528
1212995845  10.400750
1213016516  13.089733
1213018307  7.030276
1211212499  3.926381
1211213868  7.961012
1211258892  9.828633
1211354771  3.601593
1211374430  11.136843
1211599607  4.287663
1211602516  7.733304
1211645100  0.000000
1211645107  4.152545
1211976875  7.731375
1212127856  10.166526
1212203860  4.280489
1212266013  9.948172
1212287697  1.179832
1212287816  5.101311
1212301764  7.901225
1212348392  7.145948
1212591873  7.758708
1212699257  7.749617
1212758834  7.738708
1212780212  12.402167
1212920097  4.904365
1211092223  2.324807
1211183097  5.908060
1211226971  6.340384
1211336943  0.000000
1211336953  0.000000
1211336993  0.000000
1211336996  0.000000
1211337045  4.550879
1211567503  4.711658
1211833007  9.921734
1211904745  7.834647
1211937654  0.000000
1211937659  5.795386
1212311658  9.460858
1212602959  4.604353
1212635280  6.522035
1212683806  15.007185
1212888362  11.115396
1212909391  1.455963
1211020914  5.933541
1211152133  8.132569
1211205410  6.992157
1211319736  3.420050
1211392764  6.991204
1211466325  22.754715
1211669083  4.918186
1211696019  0.000000
1211696029  1.806159
1211787773  8.124496
1211790542  6.875161
1211791007  13.563789
1212026505  10.726150
1212032582  12.337390
1212093237  10.039815
1212271064  11.382518
1212505538  9.503286
1211041456  24.429640
1211420093  11.015121
1211421678  8.268111
1211427396  0.000000
1211427420  6.179730
1211476338  9.347495
1211564421  10.837297
1211901609  8.859271
1211935106  4.604041
1211688746  8.451373
1211699661  2.818655
1211767677  7.423981
1212125515  3.875091
1212129470  7.050823
1212219522  7.176239
1212425571  9.826626
1212505030  5.201427
1212684102  4.711658
1212760279  10.933905
1212820857  2.324807
1212822081  0.000000
1212822110  5.064402
1212822596  6.514071
1212917902  1.900841
1211084048  13.087308
1211096461  2.214102
1211208422  17.872532
1211533556  10.198024
1211630393  8.714037
1211879909  4.441021
1211880464  1.121808
1212273253  10.555037
1212304275  6.416320
1212346179  7.009039
1212395859  6.807420
1212617111  6.876594
1212806376  8.592560
1212993072  13.479859
1211037339  13.907248
1211085027  1.069223
1211224751  8.579761
1211233226  10.400750
1211348055  3.805893
1211484264  6.416320
1211523009  5.319798
1211533960  10.863604
1211555709  7.626768
1211596141  5.256103
1211936463  5.301623
1212133260  0.000000
1212133265  5.056531
1212226168  7.416906
1212314842  7.366907
1212500095  28.562832
1212903435  2.885913
1211404597  9.859936
1211552838  8.063735
1211575878  8.001398
1211673818  8.010188
1211962756  12.979332
1212117695  20.842855
1212128209  14.414277
1212460862  6.208077
1212534719  6.694707
1212775000  4.828100
1212823027  5.363727
1212824590  0.000000
1212824602  9.455380
1212886822  10.686339
1212910285  3.838574
1212912481  0.000000
1212912529  0.000000
1212912547  8.855039
1212913575  3.430244
1211127859  10.864445
1211135449  6.653962
1211140547  7.942501
1211328137  11.768302
1211581605  6.653962
1211699777  9.206644
1211918732  7.490575
1212102081  10.863630
1212217335  2.659567
1212254821  10.864445
1212423071  12.254420
1212848697  8.091520
1211417469  4.682393
1211594049  8.295191
1211697655  9.859678
1211702267  5.810676
1212132253  9.792521
1212221600  4.957610
1212300627  24.557669
1212688759  25.678980
1212704277  9.173390
1212801085  5.890392
1212826168  6.366315
1212910481  1.244187
1212911590  10.061216
1212941757  10.400750
1212997006  0.000000
1212997066  13.860639
1211711039  4.470984
1212096991  5.703396
1212462121  2.223572
1212732368  6.087324
1212876599  5.444150
1211064287  6.991204
1211148743  11.635887
1211254182  7.623290
1211517943  9.044381
1211745226  10.777590
1211861264  6.597640
1211873190  4.489935
1212000474  7.430544
1212068990  14.425632
1212299211  0.000000
1212299212  0.000000
1212299272  0.000000
1212299300  4.449156
1212332990  14.237139
1212338657  11.978288
1212452991  6.991204
1212590430  25.030186
1212777223  11.849676
1212825432  0.000000
1212825459  9.787148
1212880925  16.912287
1212940959  3.106903
1211019552  8.770823
1211595758  10.192657
1211622347  18.109613
1211869397  14.237139
1211941452  10.383036
1212644459  0.000000
1212644460  1.267227
1212648682  4.650673
1212764561  7.830284
1212834993  7.535648
1213031304  6.340384
1211059925  6.505636
1211080906  3.974924
1211117370  12.837149
1211118090  13.890429
1211143382  0.000000
1211143383  5.714532
1211205850  4.604353
1211207269  9.328872
1211251860  10.039815
1211299540  7.473084
1211318170  9.750703
1211438331  9.503286
1211447541  8.226379
1211447797  9.778239
1211466529  8.226379
1211619154  1.103714
1211767695  9.662484
1211829911  5.094166
1211899063  8.700443
1212057487  8.268111
1212067133  21.212021
1212093645  11.300653
1212111430  5.890392
1212159558  6.876594
1212162080  7.473084
1212198175  4.455825
1212215289  0.000000
1212215330  0.000000
1212215337  3.277039
1212377310  9.503286
1212414334  24.920626
1212429130  8.168704
1212431712  4.024758
1212433424  3.280890
1212454746  8.734817
1212462657  25.706549
1212507395  4.113190
1212516700  6.748003
1212691163  9.347495
1212826462  2.600713
1211019056  16.253366
1211019183  5.435968
1211053383  7.108693
1211179109  5.384410
1211254502  10.182559
1211350190  9.242631
1211355849  6.647771
1211358770  12.199743
1211359546  5.195520
1211576213  18.220528
1211597416  8.667562
1211826937  5.831785
1211866395  3.657283
1211940764  10.136179
1211957652  6.694707
1211967615  6.584958
1211981128  19.253988
1212026517  2.059127
1212033856  4.723500
1212050093  8.067972
1212051445  5.320304
1212113458  10.266112
1212215972  9.285770
1212225277  0.000000
1212225305  7.606528
1212371867  8.132569
1212561823  2.813183
1212653713  5.706457
1212715603  5.831785
1212994040  15.067496
1212994739  7.370384
1212998171  5.823218
1212999312  5.312715
1211156332  7.117223
1211597013  7.593581
1211608503  0.000000
1211608516  3.258584
1211681648  5.923911
1211764336  6.860924
1212211193  1.225793
1212358369  7.545839
1212886346  11.520872
1211092662  3.156969
1211155935  11.497661
1211224761  9.068711
1211257471  9.196729
1211322380  10.741989
1211342295  2.846703
1211434025  6.577647
1211442159  4.763124
1211469531  6.344700
1211532308  2.764292
1211588180  5.288117
1211617244  8.555094
1211695149  0.000000
1211695154  3.493934
1212212831  9.347495
1212286580  10.363312
1212312920  5.273544
1212543251  4.711658
1212586964  22.610182
1212650525  3.167804
1212838999  4.867413
1212882828  9.214707
1211522565  11.370729
1211553153  7.893176
1211917938  8.409566
1212040010  21.704760
1212048416  20.858488
1212197510  5.988565
1212199787  11.749696
1212257380  11.136843
1212296058  4.038564
1212303629  15.429247
1212346265  10.818796
1212349422  8.103577
1212632418  9.664359
1212647367  10.136179
1212917952  5.700275
1211075203  6.366315
1211079295  6.235366
1211288364  12.729553
1211686736  11.932977
1212230603  11.228560
1212265296  7.741327
1212309323  1.591402
1212315711  10.368127
1211085642  10.780767
1211338936  55.647732
1211394566  1.388581
1211777367  5.817989
1212768121  6.991204
1212820735  6.160796
1211208988  4.584580
1211257793  8.295191
1211261711  14.863362
1211262821  11.136843
1211263546  11.136843
1211266606  6.443772
1211284545  7.699779
1211342181  3.691074
1211349549  13.868381
1211437906  8.202672
1211450687  6.991204
1211462009  12.670407
1211473552  4.751643
1211523542  5.884413
1211581737  5.890392
1211683540  2.821796
1211712259  10.606517
1211758835  8.829793
1211759958  7.557259
1211771149  10.012850
1211771955  6.581103
1211874013  3.730964
1211875355  4.256748
1211960121  9.529094
1212068508  11.932977
1212087454  9.828181
1212289845  0.000000
1212289851  2.167391
1212465291  4.471844
1212477326  9.010341
1212484155  10.141706
1212501605  11.670135
1212557304  14.997366
1212561275  12.339144
1212571951  7.811851
1212574685  7.864377
1212586859  15.121979
1212633109  5.223171
1212639643  7.110163
1212655636  10.625595
1212658927  7.733304
1212850472  14.266026
1212866484  10.903006
1212917360  0.000000
1212917392  9.101757
1213016639  9.769218
1211103246  7.151915
1211243965  5.812018
1211328969  5.210821
1211423593  24.644320
1211446118  7.998186
1211446178  5.098038
1211523344  2.324807
1211694036  29.841211
1212372375  7.733304
1212449297  5.914949
1212471845  9.403715
1212561538  3.363984
1212591053  8.715368
1212629653  5.060760
1212733006  6.552418
1212343202  5.974542
1212543316  4.714432
1212635186  5.769377
1212771355  6.895213
1212819040  0.000000
1212819074  13.472306
1212906431  0.000000
1212906444  1.140504
1212941753  8.877475
1212951918  3.664339
1211478814  7.858119
1211487438  22.348379
1211530417  6.326647
1211698762  4.513285
1211760917  10.954271
1211988062  11.695591
1212002503  9.196729
1212220329  1.710757
1212288978  13.754088
1212300261  4.196382
1212558732  4.840498
1212572634  23.270149
1212691091  6.876594
1212858103  8.268111
1213062060  7.606528
1211119954  7.516465
1211342757  7.390985
1211420513  5.101311
1211578514  10.307979
1211923555  11.722993
1212052850  6.535100
1212100469  11.042873
1212121545  9.317354
1212132483  7.989088
1212138454  4.114053
1212203531  11.075717
1212336692  14.120347
1212343862  11.274990
1212637417  0.000000
1212637438  4.840313
1212644125  9.305762
1212776066  3.740048
1212910181  5.736110
1211018983  14.524555
1211099313  7.310573
1211136445  5.969697
1211174298  6.769926
1211175612  11.187330
1211336071  5.036429
1211407594  6.195068
1211879873  3.420050
1211962372  6.337585
1211990202  2.522140
1212014021  5.288117
1212017959  5.662478
1212036983  13.792911
1212077573  6.766637
1212153588  23.202936
1212373783  6.288781
1212398804  5.345047
1212462482  22.042789
1212479816  4.476274
1212486465  5.288117
1212740571  7.506085
1212918519  4.266321
1211082147  5.650226
1211117993  21.681433
1211257850  22.802885
1211262982  10.726825
1211348094  3.718697
1211464114  9.689855
1211469836  6.288781
1211587406  6.991204
1211739163  8.799426
1211864881  15.387245
1211900092  7.699779
1211908656  10.372497
1211921151  9.390415
1212070243  7.752161
1212080181  5.651156
1212085255  5.703396
1212199429  0.000000
1212199449  0.000000
1212199481  0.000000
1212199541  10.502903
1212396021  10.124403
1212396619  12.284483
1212414607  13.407748
1212459810  6.876594
1212460704  4.053403
1212465285  10.230246
1212474088  2.422105
1212506591  9.503286
1212588425  9.848705
1212699091  5.831785
1212770575  9.334177
1212808235  2.364211
1211324396  12.477921
1211325596  5.181656
1211370754  11.248025
1211424945  2.789769
1211473342  8.858691
1211572347  8.510048
1211890436  6.432091
1212281807  10.648408
1212303683  0.000000
1212303687  0.000000
1212303689  4.361542
1212493970  13.307895
1212612824  20.963825
1212673965  11.678475
1212734829  25.932693
1212859739  2.649905
1212861226  11.840076
1212897302  11.262421
1211706366  1.986776
1211706492  8.549064
1211758606  5.390334
1212089168  5.273544
1212114894  5.688124
1212222546  3.845929
1212735357  10.414224
1211045033  8.347685
1211145417  6.195068
1211289439  10.400750
1211479311  10.136179
1212529375  4.528872
1212671163  9.102591
1212800094  7.262807
1212815468  2.814815
1212973959  7.705368
1211043302  22.183575
1211124931  21.726118
1211989393  6.424443
1211990596  8.633252
1212836258  23.742401
1212897289  7.914570
1211041768  8.268111
1211183521  5.010982
1211281873  8.268111
1211304582  6.651659
1211556793  5.884018
1211678133  5.890392
1212118357  9.698298
1212129809  4.149555
1212420113  9.830986
1212457918  6.610786
1213060396  6.179730
1211093586  9.923200
1211514383  9.476601
1211614959  1.669031
1211617975  0.000000
1211618035  12.258705
1211709039  11.115433
1212029744  252.573135
1212031354  4.000315
1212033463  10.367222
1212128182  0.000000
1212128218  0.000000
1212128220  2.364211
1212129009  9.049900
1212197463  5.145628
1212221083  1.410628
1212249563  15.162359
1211095786  0.000000
1211095793  0.000000
1211095801  5.988565
1211278071  7.301888
1211783591  9.118961
1211904975  9.190815
1211931366  4.604353
1212017717  5.890392
1212022564  4.604353
1212703740  4.711658
1212745551  10.712404
1212911032  7.031393
1211028665  9.848705
1211102594  2.389371
1211105630  7.965289
1211268997  9.434200
1211460662  11.309168
1211465122  7.473084
1211502466  7.733304
1211553383  10.656069
1211619346  1.140504
1211759770  9.502667
1211855512  7.900924
1211980542  7.293291
1211981811  9.848705
1212069289  20.822851
1212072977  8.269217
1212149386  6.877398
1212155783  11.136843
1212242636  10.891122
1212265298  22.416397
1212288493  10.136179
1212308052  3.976267
1212314808  7.293291
1212349837  4.240057
1212361092  8.737009
1212492099  16.869923
1212652876  8.190151
1212696904  6.416320
1212738765  4.928269
1212806642  24.954102
1212821111  0.000000
1212821113  2.324807
1212912913  7.758708
1213025057  8.269312
1211119808  11.180337
1211121134  6.756394
1211290829  11.560242
1211528662  7.535648
1211530284  6.395371
1211537320  7.034670
1211622532  1.140504
1211695625  7.501725
1211871532  1.766336
1211895224  13.580198
1211939950  4.316581
1212139086  7.138434
1212203916  12.317466
1212227531  7.489770
1212301784  5.819031
1212458795  11.864174
1212585074  7.733304
1212632921  9.186790
1212659745  7.876126
1212679051  6.288781
1212728733  9.545865
1212908162  0.000000
1212908170  3.866652
1212946617  5.022423
1212974187  9.621212
1211079301  6.237828
1211100431  11.860947
1211184748  0.000000
1211184809  0.000000
1211184869  0.000000
1211184930  0.000000
1211184992  0.000000
1211185069  1.629292
1211594439  4.799612
1211758717  8.740553
1211791061  10.094544
1211795216  5.288117
1211875955  4.259923
1211962253  5.201427
1211962494  4.114053
1211966275  5.476736
1212806226  4.314123
1213001082  0.000000
1213001142  7.506085
1211120374  11.238187
1211129291  10.012850
1211205475  31.220268
1211301873  5.889073
1211385344  10.335139
1211398909  5.835522
1211468071  12.557326
1211513446  12.696590
1211547162  8.132569
1211550207  9.503286
1211562490  5.831785
1211578774  3.874479
1211617044  5.548924
1211756579  12.135230
1211792835  7.240877
1211892199  34.789482
1211905383  7.768004
1211987713  5.732169
1212069218  12.020885
1212214543  7.998186
1212410990  9.503286
1212420177  10.212017
1212583456  12.837149
1212585549  7.756704
1212668210  13.365280
1212755980  9.305762
1212763152  11.932977
1212838482  7.109699
1212892794  3.872657
1213010058  35.083832
1213019551  18.431669
1211288392  7.989088
1211391632  9.503286
1211460835  11.436258
1211464290  6.550452
1211522505  5.985550
1211896269  11.403944
1211921539  11.813169
1212285759  4.806885
1212557464  17.106924
1212805089  8.091520
1211076222  6.485332
1211300081  4.682393
1211331939  3.577475
1211466344  13.862218
1211468982  8.268111
1211509561  8.268111
1211575636  10.656069
1211588866  5.060760
1211596247  9.077175
1211616267  4.528872
1211619049  5.166238
1211622821  4.052078
1211782313  4.434349
1211851447  0.000000
1211851458  6.234035
1212047424  16.815668
1212108151  5.444150
1212303938  7.731375
1212314822  4.964827
1212458047  10.367222
1212656847  0.000000
1212656873  4.649614
1212657550  7.162003
1212804123  11.805761
1212806739  9.585533
1212862095  11.035321
1212909316  5.005310
1211226202  6.869846
1211273209  8.872244
1211274904  6.515205
1211322794  4.604353
1211360828  2.260632
1211578016  9.164763
1211876598  8.067972
1211877444  2.533935
1212052469  3.900237
1212115928  11.063631
1212132483  9.173390
1212134298  3.668549
1212159467  6.987137
1212200663  8.224946
1212214598  6.712252
1212225109  9.235159
1212315322  1.221969
1212398879  11.244034
1212858240  8.405446
1212879586  0.000000
1212879588  0.000000
1212879627  7.136404
1212945627  8.268111
1212997688  6.330178
1211120439  10.136179
1211269358  7.084915
1211356093  7.557259
1211617232  1.179832
1211680178  4.228236
1211682036  6.269985
1211782185  8.132569
1211941172  10.644256
1212027522  19.253988
1212072912  9.745359
1212109427  4.349223
1212117215  9.893315
1212272342  12.385973
1212288287  6.577647
1212398308  7.084915
1212739835  18.962261
1212782051  6.326647
1212826359  6.288781
1212940512  13.879210
1211050285  12.479453
1211162148  7.109699
1211348249  7.730777
1211643935  11.821342
1211768403  0.000000
1211768468  1.910800
1212026480  3.677594
1212027147  1.897287
1212160439  8.859271
1212257257  6.080703
1212461750  15.929979
1212571824  5.474557
1211019771  11.786202
1211090508  1.862602
1211121778  24.046680
1211125602  4.735628
1211338133  2.286696
1211345639  3.156969
1211353290  15.223571
1211355371  2.145976
1211424039  10.564217
1211472484  8.700443
1211640495  9.488757
1211853970  2.843528
1212030184  9.128719
1212209768  21.681433
1212264031  9.503286
1212472276  10.168615
1212555884  6.272376
1212819364  3.807306
1212856089  0.000000
1212856140  0.000000
1212856205  34.303841
1211103993  4.749196
1211198821  26.142254
1211200109  11.890690
1211211879  8.627039
1211241758  9.815956
1211260556  9.164763
1211290898  10.923109
1211616311  0.000000
1211616340  5.988565
1211617523  5.757772
1212134498  7.352488
1212189497  7.186279
1212191350  5.362895
1212538929  4.112473
1212717502  7.332937
1213018276  11.143045
1211024401  7.647539
1211117694  26.343565
1211422893  11.009754
1211512761  12.187706
1211620090  1.200531
1211957195  6.366315
1212093771  8.736563
1212172846  4.455825
1212203487  4.426924
1212220259  9.173390
1212600430  9.649584
1212717526  5.736182
1212747395  6.505636
1212747696  1.140504
1212806680  8.295191
1211088495  0.000000
1211088497  4.152545
1211153518  9.905440
1212591187  5.736182
1212765941  8.132569
1211121651  11.248025
1211124663  8.132569
1211161628  12.837149
1211598880  6.067894
1211600693  6.804307
1211609112  3.437581
1211896693  5.988565
1211937200  6.105088
1211939897  3.541971
1211942409  8.714037
1212013317  8.477594
1212043257  7.488559
1212273420  11.618887
1212496757  7.606528
1212505873  8.700443
1212610770  0.000000
1212610824  7.760269
1212722586  13.412112
1212760250  8.407134
1212877723  9.005129
1212956223  5.991598
1213020319  8.557814
1211061936  12.141353
1211495006  9.735969
1211564156  5.736110
1212028868  3.267955
1212286580  5.736110
1212355992  4.604353
1211185894  7.349310
1211645534  13.460203
1211689141  18.962261
1211708250  7.451399
1211864199  7.700681
1211938114  5.476263
1211942661  10.712579
1212026464  11.155351
1212027814  2.364211
1212032530  7.790521
1212130531  5.956068
1212362096  8.559737
1212403407  5.396955
1212613306  1.986776
1213004509  5.931427
1213079295  5.809632
1211092165  0.000000
1211092183  0.000000
1211092203  0.000000
1211092235  0.000000
1211092264  3.001831
1211202841  33.943600
1211565485  8.268111
1211592630  4.336432
1211789285  10.332558
1211890677  10.777590
1211938527  2.868605
1212067837  24.494894
1212885303  8.791863
1212892586  9.849559
1211037999  8.264574
1211063778  9.925839
1211122655  28.562832
1211165650  7.733304
1211605344  9.961919
1211772912  10.012850
1211791139  8.132569
1212065922  9.356473
1212160413  7.366907
1212222142  6.879242
1212265289  10.230246
1212297233  6.424678
1212309690  0.000000
1212309712  3.167804
1212390475  5.541277
1212688250  7.632103
1213000207  11.534883
1211022177  5.839528
1211064502  10.012850
1211188874  3.541178
1211189745  6.584958
1211190473  4.968390
1211190538  1.702391
1211265150  7.398066
1211276485  2.492395
1211278202  4.791182
1211343214  8.249763
1211377295  24.843702
1211393795  9.503286
1211708010  1.200531
1211708245  2.298947
1211746136  6.404811
1211871350  2.260632
1211875329  1.140504
1211875389  11.637410
1212051879  1.547628
1212225824  1.159835
1212228515  2.298947
1212302875  10.159381
1212306808  2.214102
1212307105  4.461521
1212313481  5.624499
1212395628  5.337655
1212400341  5.817989
1211210280  5.430096
1211466715  6.847790
1211660245  6.518495
1211820425  25.385618
1211944353  25.433989
1211985164  12.978490
1212039138  9.496577
1212082663  23.138403
1212190136  7.186279
1212192653  6.555033
1212354498  11.015055
1212383077  15.222414
1212415103  11.804575
1212426133  5.824809
1212588982  11.063631
1212673561  8.268111
1212717490  6.416320
1212718220  4.372552
1212918145  11.260009
1211121229  24.429640
1211505164  12.840460
1211702352  9.040146
1211851597  5.890392
1211929123  5.700275
1211936509  6.896819
1211943773  11.447982
1211975061  27.542730
1211988365  8.268111
1211991495  8.226379
1211992438  11.710527
1212106470  3.187061
1212525690  4.655225
1212569347  5.345047
1212656157  22.754715
1212657619  9.859936
1212658506  23.270149
1212722366  2.303577
1212797821  4.711658
1212902145  19.607334
1211097886  2.269855
1211099086  6.412594
1211120558  5.795386
1211202212  6.181472
1211377200  7.606528
1211392040  9.347495
1211463888  10.003460
1211482321  10.230246
1211557228  7.730777
1211990661  9.540107
1212100558  9.902299
1212218138  7.616776
1212242335  27.059525
1212596854  10.434252
1211201848  30.332579
1211248206  5.148106
1211423197  10.136179
1211602491  7.731375
1211604316  3.396110
1212025661  5.114904
1212151806  5.988565
1212157488  8.091520
1212289719  8.859271
1212304322  0.000000
1212304337  0.000000
1212304343  1.986776
1212366631  0.000000
1212366634  0.000000
1212366691  6.092466
1212388480  4.152545
1212465111  6.067838
1212639362  10.712579
1212697609  8.339446
1212803688  5.988565
1212906721  3.420050
1211045033  8.347685
1211089508  0.000000
1211089522  1.986776
1211095489  0.880547
1211147647  9.540129
1211223265  4.604353
1211337627  8.097063
1211373298  26.837597
1211381142  24.491989
1211391608  6.765681
1212825595  1.103714
1212918969  3.420050
1212922691  0.000000
1212922718  0.000000
1212922751  0.000000
1212922794  0.000000
1212922802  4.266448
1213003299  10.125573
1211095934  1.069223
1211131924  23.503647
1211470500  5.319813
1211666846  3.192108
1211672032  10.721210
1211789073  8.770823
1211834131  9.790577
1212282761  8.772264
1212286521  4.625239
1212456362  20.564003
1212460999  7.723501
1212473701  10.012850
1212479676  20.963825
1212720434  8.566802
1212885655  10.431371
1212976644  10.400750
1211041903  7.137633
1211145798  13.562106
1211330626  4.499627
1211505854  4.604353
1211510561  7.989088
1211589438  6.195068
1211591724  5.074523
1211595345  0.000000
1211595347  3.675035
1211676531  8.268111
1211702708  3.552166
1212031594  5.201427
1212031655  53.711124
1212224805  0.000000
1212224824  2.055285
1212546306  10.070531
1212548346  13.424474
1212557810  5.743798
1212795952  8.911651
1212816304  1.121808
1212914893  5.630966
1211120682  8.931289
1211128974  12.837149
1211342059  4.791399
1211442624  4.763198
1211445054  9.196729
1211464424  11.560242
1211474129  10.182559
1211523996  5.288117
1211529024  10.973006
1211536770  7.135053
1211551802  14.068716
1211553223  23.013987
1211694683  3.946212
1211749421  5.988565
1212312500  10.437635
1212362233  4.604353
1212423191  7.457318
1212453432  5.795386
1212643819  3.455787
1212650900  9.685876
1212651252  6.178129
1211154932  3.718237
1211258496  11.560242
1211857253  6.835062
1211964324  5.384410
1212021352  3.206297
1212114649  8.389444
1212132351  7.383035
1212134591  12.795019
1212216530  6.127961
1212427759  9.646129
1212451436  0.000000
1212451452  3.368959
1212612759  8.133749
1212825558  4.655225
1212900139  10.464605
1212903762  6.105088
1212974385  6.472420
1213019300  10.848160
1211108807  20.822851
1211121113  5.703396
1211167428  0.000000
1211167430  7.186997
1211200172  12.837149
1211864575  10.420549
1211977115  23.613382
1212166472  14.268194
1212373155  11.553627
1212497636  11.200513
1212583862  10.012850
1212642255  5.667932
1212646149  3.789879
1213013158  16.401695
1211138595  8.132569
1211285346  7.662808
1211348343  5.637983
1211423296  12.211674
1211457542  12.974817
1211469622  8.622789
1211471714  6.581103
1211474855  10.431371
1211503890  0.000000
1211503938  34.215134
1212163967  11.599622
1212183161  8.091520
1212217305  13.051095
1212287659  5.465691
1212559764  5.198292
1212712851  7.890519
1212806219  6.824009
1211461194  22.042789
1211462545  6.776330
1211587109  13.276923
1211611732  0.000000
1211611736  5.166238
1211675175  0.000000
1211675177  4.711658
1211689531  7.473084
1211875108  3.267955
1211897091  9.921734
1211922623  5.345047
1211937735  4.111055
1212025894  5.312715
1212038614  9.186790
1212247420  31.115850
1212262137  6.653962
1212272550  8.389444
1212303988  2.286696
1212307852  0.000000
1212307861  4.613939
1212550407  23.677919
1212550558  3.718237
1212756716  10.712579
1212758485  27.553488
1212909267  13.686053
1213042185  9.050749
1213077212  11.548041
1213083736  4.884071
1211307285  8.437401
1211337811  8.226379
1211654658  24.046680
1211656420  11.560242
1211681952  8.064786
1211739903  8.055111
1211761881  7.632103
1211985611  11.370177
1212217305  8.449900
1212426125  8.268111
1212518183  7.054790
1212645626  5.256103
1212802825  5.288117
1212804653  9.970012
1212821973  4.722187
1212957241  10.656069
1212979385  8.734817
1211155235  0.000000
1211155242  5.733930
1211508388  4.568767
1211771191  4.052982
1212175255  2.339016
1211154340  11.136843
1211237914  9.460858
1211330427  5.288117
1211422969  9.460858
1211485532  7.989088
1211531942  11.136843
1211579469  12.467507
1211673892  9.098004
1211675362  9.173390
1211847331  7.260980
1212026324  2.443938
1212070102  17.748690
1212125432  20.858488
1212127682  0.000000
1212127689  1.986776
1212132274  9.305762
1212183463  11.740405
1212264898  11.370729
1212286520  9.460858
1212315187  7.084915
1212415844  9.173390
1212452522  10.182093
1212516384  5.988565
1212540798  0.000000
1212540799  5.166238
1212645237  10.012850
1212868655  26.142254
1212895695  9.657536
1212946931  6.992157
1213030063  8.132569
1211287627  11.840026
1211338270  10.656069
1211343846  7.154407
1211415640  3.170192
1211461110  12.981428
1211469378  4.891214
1211896256  8.467745
1212021793  6.064795
1212108039  4.558357
1212121687  11.187330
1212203644  4.655225
1212254072  8.023218
1212284148  7.340412
1212304054  5.884138
1212626616  8.268111
1212647203  8.736563
1212760095  8.285683
1212800945  4.874129
1212903685  9.463408
1213014670  9.970012
1211090592  7.667266
1211171248  7.606528
1211753222  22.042789
1211754637  5.886128
1211872711  22.348379
1211921524  7.262807
1211990654  7.350574
1212373789  10.174904
1212508544  5.988565
1212758751  9.503286
1212774496  6.453419
1212816350  5.988565
1212824749  4.887876
1211555332  7.478527
1211991926  8.407134
1212078236  5.060760
1212082485  28.282701
1212252494  12.270572
1212289814  1.524021
1212531551  5.201427
1213030119  7.961012
1211092573  2.772988
1211093476  4.046609
1211094711  3.718237
1211435745  5.545975
1211547361  23.760521
1211645055  18.109367
1211861490  11.125389
1212149387  28.562832
1212212500  4.604353
1212222513  4.714432
1212225684  5.988565
1212372145  0.000000
1212372167  0.000000
1212372174  7.054790
1212969291  10.481380
1211062152  5.139990
1211353153  9.135104
1211659296  8.621380
1211690495  13.564089
1211854332  26.650517
1211960528  6.384066
1211964457  7.872128
1211994033  45.374943
1212035722  6.532980
1212218837  10.726553
1212246854  7.558214
1212339129  10.792224
1212345339  5.477136
1212717478  8.053883
1212783921  5.167415
1212831645  6.703874
1212913188  1.859846
1212987760  16.125278
1211675541  8.769571
1211701441  0.000000
1211701507  5.176572
1211776090  4.683488
1211914783  3.731574
1211951496  13.071127
1212051713  7.493224
1212111267  0.000000
1212111291  0.000000
1212111341  0.000000
1212111349  9.227009
1212111444  5.988565
1212119827  0.000000
1212119837  5.256103
1212138051  5.017683
1212197819  6.040511
1212212429  4.763124
1212432665  8.132569
1212454396  0.000000
1212454406  0.000000
1212454466  9.517782
1212471991  11.204366
1212813626  7.557259
1211066217  8.389444
1211073289  4.851046
1211087237  8.559737
1211167862  12.822857
1211266653  1.121808
1211404631  8.870703
1211438289  7.657099
1211523558  8.455293
1211937506  7.338949
1211941843  10.864445
1211998654  9.173390
1212365953  10.336522
1212818362  5.736110
1212830696  7.962683
1212837237  12.374335
1212902733  8.385861
1211103616  3.552166
1211121390  28.480715
1211122543  349.826172
1211172837  5.163627
1211182468  5.345047
1211522779  4.943948
1211529598  0.000000
1211529603  4.152545
1211604588  0.000000
1211604590  4.018592
1211684563  7.989088
1211754578  10.053343
1212022810  0.000000
1212022822  27.897686
1212236352  6.068480
1212244165  13.787354
1212391309  3.664339
1212395484  0.000000
1212395545  6.468298
1212423859  7.517471
1212735932  9.173390
1212897211  18.109367
1213003096  9.405931
1213004625  10.453109
1211333535  5.022930
1211336026  9.780890
1211337652  4.867887
1211341255  10.346416
1211342062  2.863486
1211417572  9.347495
1211422553  6.876594
1211423681  10.210426
1211488400  8.119320
1211529308  19.449520
1211574775  4.059196
1211604747  8.332340
1211606082  3.822512
1211610768  9.698044
1211785397  3.477895
1211956269  9.203094
1212115204  8.545650
1212218838  5.858524
1212267717  5.142927
1212524758  8.700443
1212535637  9.042778
1212539376  0.000000
1212539420  0.000000
1212539422  5.890392
1212693989  8.078389
1212726612  7.733304
1212818736  5.053230
1212866091  4.881339
1213040995  9.361753
