1212201195  9.284661
1211231392  5.160077
1212040078  10.584692
1212636156  6.093603
1212636376  9.434227
1212934000  3.982413
1212973356  7.889434
1212975501  16.057707
1212990039  6.501886
1211166455  18.555458
1211755314  7.013624
1212097411  5.659152
1211100658  7.356448
1211907798  7.887647
1211920843  5.550288
1211922051  10.035455
1212457647  2.421955
1211762340  7.488414
1211138857  4.161540
1211226547  9.087072
1211355877  7.152938
1211360534  8.149813
1212218874  4.774503
1212570566  11.638941
1211080626  12.435752
1211848328  6.091887
1212108690  6.556685
1212391482  8.379909
1213027527  8.591776
1211031108  6.644195
1211669504  9.519030
1213073371  13.754432
1211091245  1.833409
1211746399  5.311786
1212707931  6.624310
1212146560  15.945814
1212375486  11.152957
1212509721  5.946029
1212863209  2.392293
1212956540  2.659315
1211303876  16.184729
1211324729  59.934597
1211221728  4.422297
1211723052  2.381589
1212901210  5.950533
1211653584  9.731061
1211655843  3.067644
1212690323  11.794692
1211677537  4.423087
1212893838  0.840536
1211867056  9.683028
1211867418  8.751753
1211948495  3.282917
1212001035  5.246078
1212194065  5.149514
1211476078  5.475161
1211661250  8.012430
1211731152  9.421329
1212615437  5.460218
1212976496  20.576469
1211383123  5.146443
1212413621  180.217026
1211778459  10.473996
1211836016  5.722995
1212422160  5.178926
1212547630  2.858345
1212725815  3.985876
1211842070  4.543528
1211910747  8.100969
1212359570  12.513648
1212779891  8.530633
1211093940  6.904340
1211287674  10.777591
1211556719  4.729145
1211611002  7.685805
1211611822  8.345044
1211641124  8.565293
1212148443  6.844313
1211406784  6.583932
1211690334  14.074085
1212012189  9.780722
1212095092  12.858217
1212157912  4.201933
1212164577  17.656067
1212274165  8.604705
1212275691  4.070968
1212953696  3.351105
1211071429  6.950838
1211143757  7.502161
1212813980  3.171632
1211554434  4.232607
1211955665  20.626352
1212124566  11.657606
1212221350  11.180490
1212462069  7.501503
1212940775  9.292482
1211275658  133.895584
1212879925  2.381589
1213029472  3.182367
1211495797  3.347929
1211496501  4.231318
1211612635  395.035950
1211329195  14.745522
1211614368  6.107511
1212259172  10.100247
1213029939  6.624094
1212898000  6.583975
1212946173  10.775472
1212966635  3.454426
1211315509  3.397796
1211570772  6.968583
1211894412  3.542412
1211916628  4.423087
1212088274  6.583932
1212670879  4.201933
1212692066  4.201933
1211037912  8.675412
1211432434  10.730061
1211731400  12.876073
1211742511  10.605260
1211759767  3.819602
1211947802  6.128733
1212354367  11.561647
1212354488  6.915820
1212810701  14.306748
1212953688  0.000000
1212953721  6.455901
1211387548  4.842534
1211485866  9.276191
1211556733  0.000000
1211556782  9.053537
1211606118  8.751753
1211618327  0.000000
1211618340  0.000000
1211618396  0.000000
1211618410  0.000000
1211618426  4.161540
1211676195  6.086993
1212181514  9.032460
1212508706  3.506179
1212761018  5.592059
1211127706  7.773674
1211168452  13.520977
1211171263  6.953801
1211324206  11.493836
1211376684  5.043249
1211751977  5.852983
1211855606  8.415229
1211989667  9.861145
1212509461  3.952337
1212975001  7.887647
1211480575  14.614083
1212159829  10.483779
1212251807  2.253263
1212363849  3.204738
1212374862  8.117741
1212277431  5.942109
1212303541  9.294392
1211107898  24.961380
1211110225  9.089336
1211202195  7.913500
1211379052  0.000000
1211379112  7.677188
1211459328  9.616881
1211700054  12.525365
1211816697  8.901308
1211890038  8.547767
1211944757  10.113553
1212066894  12.514899
1212146240  21.319336
1212151908  10.462608
1212158086  6.565790
1212410345  10.565323
1212448430  5.844697
1212472634  10.113553
1212491246  8.250818
1212491619  8.378231
1212762192  10.994090
1212883120  15.588355
1211539862  3.118771
1211646713  14.461748
1211895580  7.319399
1212304410  2.551703
1212878365  5.620799
1211069341  6.143916
1211684676  6.036840
1212178141  6.425547
1212363824  7.736913
1211597913  5.281612
1211765590  10.776752
1211894966  3.713764
1212538610  7.666378
1211175560  3.542107
1211289391  1850.411987
1212189217  7.451494
1212273778  7.106527
1212395285  9.117481
1212861675  9.157771
1213028700  3.649590
1211292270  1.563738
1211642610  9.460848
1211861457  8.593262
1211097370  3.215420
1211841467  11.885277
1211447267  13.033061
1211751032  4.133049
1211104377  4.629049
1211211941  3.949559
1211212004  7.652211
1211346217  4.070202
1211601108  2.522547
1211075049  9.561959
1211590274  8.407134
1211661227  7.741636
1211705996  5.294698
1212080459  5.246078
1212098050  9.180432
1212647389  8.883845
1212986258  12.191045
1212600765  2.381589
1212970823  5.810405
1211577642  12.083364
1212890662  10.953625
1211236791  5.411015
1211611139  10.124621
1211761146  4.817312
1211994444  11.870251
1212037434  6.530884
1212519747  7.501503
1212812358  5.713478
1213077632  5.550288
1211607528  5.382299
1211384771  2.878866
1211433636  11.361241
1211580375  12.640141
1211829919  7.475254
1212044817  12.929811
1212378509  3.483371
1212849923  4.993294
1212854659  585.761047
1213001016  8.486589
1211040806  6.644195
1211094407  7.341940
1211617212  8.751753
1211797857  12.502504
1211077960  1.880445
1211463902  14.063551
1211488296  9.431877
1211761144  6.292890
1212093863  10.697734
1212284419  0.000000
1212284479  7.956139
1212864785  11.946661
1212017935  1.520948
1212167708  18.529943
1212726813  7.196910
1211260389  9.155598
1212259385  6.992324
1212959347  6.520176
1211085045  4.446857
1211160435  7.887647
1211390421  6.133102
1211777479  6.468567
1211926702  7.747081
1211936162  3.632336
1212083588  7.632465
1212456100  0.000000
1212456165  5.620799
1212539575  12.417064
1212628969  5.670606
1212714424  9.442433
1212768529  4.202214
1212814282  21.763933
1211175062  3.192719
1211672586  6.789170
1211047239  8.199140
1211107197  17.679409
1211144783  10.806421
1211789177  4.079052
1212273079  9.594150
1212283310  8.780754
1211128419  6.892630
1211435491  2.625443
1211527767  9.529438
1212696835  8.968015
1212940024  8.736483
1211040598  9.420339
1211096445  6.320480
1211824323  3.371005
1212612537  16.477316
1212698287  14.719994
1211050220  3.118771
1211378504  10.594489
1212376129  9.184993
1212386065  6.557598
1212912472  13.361447
1211771254  11.885277
1212275611  103.424446
1212630915  6.854344
1212652028  13.127491
1211169582  7.654999
1211804396  6.908852
1211810118  6.423769
1211911924  9.037741
1211677668  10.366978
1212817872  1.616007
1211200817  18.864126
1212462901  13.346283
1212390884  6.381392
1212432617  7.460401
1211807505  7.758341
1211854257  8.636812
1211986763  2.919233
1212032638  11.773667
1212331265  10.956656
1211059568  1.686396
1211064635  4.431472
1211813336  9.129406
1211425520  9.681420
1212827332  9.858810
1213025393  9.394024
1213025514  9.674894
1211412796  7.475101
1212599723  3.963371
1212682066  8.230948
1211728829  9.366143
1212026591  7.107857
1211165142  9.262815
1211305366  5.733848
1211955332  6.803423
1212732528  22.362627
1212940588  5.929641
1212963443  9.947757
