1211165260  5.432574
1211273137  10.557338
1211354034  11.287974
1211855279  7.664721
1211858037  7.778275
1212048094  13.180829
1212675690  10.584991
1211532037  6.049152
1212650787  11.326505
1211687932  3.118060
1212655838  11.373014
1212655960  12.503516
1211340916  22.708420
1211638676  12.509879
1211735255  5.646010
1212735407  12.936227
1212128444  8.446554
1211259810  7.055669
1211261021  10.131288
1211443712  7.778275
1212463611  11.903855
1211741924  6.391710
1211760811  9.252638
1212898121  9.540579
1211961846  10.582751
1211528606  4.877579
1212828328  0.000000
1212828350  3.697388
1211769315  5.239187
1211948553  7.165972
1211959631  10.573835
1212902253  8.697495
1212743426  7.385825
1211778676  13.659109
1211785549  5.523117
1211789032  14.457091
1211954248  8.045630
1211322845  10.715509
1212232965  7.404836
1212233308  39.658859
1212727336  4.812690
1211184807  7.385825
1211277512  8.352270
1212051441  7.921530
1212395630  12.490150
1212734548  7.270422
1212055290  12.690525
1212398430  16.863037
1211966044  9.632035
1212832856  10.927762
1211131102  3.921158
1212470692  10.824018
1211783544  8.664974
1211959183  6.782238
1212175194  10.463218
1212569010  6.587049
1212897438  6.684052
1212901799  12.531754
1212217868  9.855207
1212227595  19.091280
1212786215  5.553453
1212303425  8.199962
1212498692  10.190302
1211355926  0.000000
1211355957  3.333711
1211358691  9.859653
1211442924  13.888439
1212657228  10.463218
1212562014  10.088013
1212816759  5.523117
1212356839  14.362174
1212537971  6.149971
1212563917  9.198194
1211267133  9.919879
1211272136  5.663136
1211333235  7.811338
1212142569  8.737113
1212190359  6.868812
1212482392  9.211593
1213001226  3.678788
1213002512  7.385825
1212477378  10.610945
1211757856  33.143478
1211757993  11.852561
1212376634  6.101990
1212390440  7.008122
1211086430  9.315298
1211168152  8.291575
1211779483  11.425584
1212275321  8.470421
1212137661  7.916751
1212307010  9.919879
1213010870  14.075753
1213042103  9.553542
1211097661  5.121562
1211274042  8.357944
1211598114  11.773236
1211609835  10.468234
1212044680  5.523117
1212046231  6.149971
1212330668  15.338509
1212361781  17.882103
1212825670  18.395330
1212905009  12.652345
1212220432  8.332705
1212296970  4.212742
1212311085  10.496932
1212411658  11.923377
1212736955  8.749872
1212302171  2.330695
1211036666  13.095881
1211698087  11.275641
1212806959  10.124577
1212654645  8.155648
1211209760  5.951585
1211615812  19.316874
1211665854  7.539070
1211797955  10.349670
1212129108  5.890078
1211578187  15.436985
1211078684  6.073395
1211080843  4.919977
1212138928  6.899092
1212655279  7.136932
1211125238  5.377153
1211517574  14.417973
1212251562  7.935904
1212431903  11.727299
1212901503  16.015413
1212130499  6.019528
1212131196  596.139343
1212399816  7.664721
1212467180  4.994525
1212488443  7.714187
1212977444  7.664721
1212996883  7.664721
1212646493  10.853406
1211785776  6.187401
1211865173  9.919879
1211952217  6.027803
1212127284  7.568685
1212915694  7.858780
1211157648  6.775212
1211956247  7.918031
1212815751  1.346025
1212303101  7.108001
1212298979  11.212605
1212299101  15.391458
1211442022  7.979685
1211777240  6.510367
1211777694  16.178587
1211821744  15.253103
1212484469  11.689977
1212995360  8.069179
1211270022  7.034594
1211911831  9.503358
1212648097  8.213766
1212908220  42.352478
1211754402  4.909574
1211692528  10.821404
1212815412  10.689924
1212990993  37.714149
1211072398  7.664721
1211239978  5.046557
1211282976  8.048697
1211363653  12.887979
1212836683  7.960755
1211849859  7.418889
1211867455  9.253561
1212346644  9.186384
1211266362  7.778275
1211086430  9.315298
1211683390  7.732224
1211831021  8.485391
1212742555  10.821687
1212935736  10.566020
1212569330  5.917625
1211344782  5.951921
1211602610  7.071159
1211788154  8.291575
1212377956  12.532825
1211154950  5.523117
1211270022  7.034594
1212627588  14.832458
1212739199  12.479643
1212566490  12.898566
1212770523  11.489408
1212911570  9.018072
1212130556  15.281103
1211721757  11.748509
1211183800  5.523117
1211700712  5.805450
1211534571  10.453461
1211609763  5.158181
1211835499  7.568685
1212557759  4.291943
1212648693  7.668322
1211630404  16.787159
1211634832  12.509879
1212042173  8.131744
1212052506  12.690525
1212146310  7.778536
1212913516  11.373014
1212128462  14.496109
1212331956  8.828954
1212895953  4.661390
1212917209  16.653051
1212999399  10.349670
1211176843  10.180004
1211355334  8.882017
1211960554  8.904540
1212021316  6.136796
1212730970  7.674103
1212884451  4.782301
