1212198025  3.645351
1211114461  8.002607
1211908398  11.146050
1212555959  3.353390
1211509634  5.828900
1212117519  4.564918
1211146409  5.204271
1211791262  17.821659
1212036720  9.691907
1212257693  8.574222
1212828646  8.353090
1212938086  9.211826
1211060081  8.891786
1211221804  5.658871
1211400434  3.672645
1211477560  7.548354
1211598438  10.785391
1211600615  3.719215
1211750715  5.974015
1211995204  13.134564
1212213481  10.453085
1212861137  5.217427
1211685133  11.137454
1211705247  9.683911
1212378139  13.704592
1212814977  6.510405
1213017959  13.247161
1212217305  14.668379
1212265245  4.711899
1212471469  7.589664
1212822166  13.591898
1211080912  4.788926
1211093063  4.907640
1211937220  5.733685
1211801635  9.090816
1212028213  9.634298
1212121793  12.397073
1212376924  12.297748
1212912635  8.371766
1211903858  8.002607
1211946131  6.354160
1211692469  7.366640
1212076836  19.954473
1212120255  7.869052
1212209349  7.387022
1212990970  5.974015
1212312804  9.952627
1212605721  6.577486
1212723791  5.521095
1212831847  6.559702
1211037029  11.552439
1211167860  9.360972
1212874736  3.425639
1212763512  6.213842
1212843217  13.939281
1211409109  7.387022
1211597653  6.402086
1212344815  4.800723
1212067176  5.670251
1212800714  6.453371
1211709144  9.422400
1212288811  5.670251
1212267134  5.896183
1212357753  2.936692
1211149972  14.278442
1211267056  31.359257
1211305214  9.780410
1211530541  5.484342
1212344800  5.718744
1212568260  14.604910
1211055006  3.403808
1212026254  6.381988
1212070808  6.454808
1212388436  6.348117
1212559879  6.100320
1212978065  6.816720
1211184671  9.248309
1211264429  7.790112
1211289610  5.869207
1211528375  7.307595
1212053402  6.857399
1212274705  4.107786
1212396177  14.337245
1212660440  12.323763
1212826628  4.070485
1211740799  10.281723
1212218810  4.419029
1212036467  12.912303
1211703154  5.760595
1212345905  5.830866
1212688147  13.117686
1212961209  5.242574
1211092076  3.852673
1211290683  7.061124
1212225512  7.100473
1212233604  11.491945
1212267544  6.593000
1212599022  6.078902
1212727465  8.138245
1211085338  11.711132
1211567259  7.670029
1211299047  4.993207
1211407850  6.231116
1211787343  9.598133
1212493389  11.596770
1212670992  7.239067
1211253592  5.484342
1212557632  11.833681
1212718853  5.484342
1212644173  5.268062
1212936910  5.099996
1212941362  7.047894
1212114187  3.866461
1212251073  3.535933
1212570486  7.676962
1211603528  6.719168
1211784906  4.173729
1212001178  4.676764
1212022002  7.780112
1211149004  3.300895
1211490696  4.134851
1211520963  9.277657
1212152956  3.717432
1212439604  3.284665
1212479327  5.525988
1211070904  0.585593
1211165836  7.578943
1212537596  3.871404
1212951459  7.404675
1212205605  6.254929
1212252341  13.027378
1212597769  7.871417
1212753199  12.912303
1211096376  12.737760
1212340749  10.453085
1212527241  9.261912
1211050624  33.144093
1212764849  5.880265
1212823021  7.140297
1212909767  9.677835
1211770465  2.110511
1211141972  3.933433
1211619558  8.183792
1212217717  2.228841
1212244774  8.160382
1212385632  7.726856
1212517447  6.071664
1212807300  7.507865
1212873563  3.248734
1211263828  5.753035
1211944498  14.347003
1212163706  6.182402
1212732068  10.990308
1211290401  8.002607
1211908951  4.481804
1211980179  7.871417
1212415784  5.660171
1212686989  7.502444
1212971462  7.387022
1211206640  11.536029
1211535657  6.466958
1211695323  12.372214
1211695383  16.119074
1212122177  4.999809
1212805310  5.346689
1212937886  5.768014
1211595954  4.009886
1211875655  8.348218
1211963217  8.417440
1212070970  4.213262
1212632461  3.419828
1212897574  10.688712
1211348091  5.056696
1211370969  5.748422
1211375367  12.949376
1211587860  5.146840
1211801439  13.606780
1211986607  3.504628
1212157664  6.123549
1212415157  7.443141
1212419035  6.792789
1211230783  4.702068
1211481873  6.678989
1211829844  13.062972
1212254516  3.766062
1212637471  3.972685
1211770792  10.453085
1212212757  8.769712
1212270633  4.860129
1212878593  12.380209
1212891685  5.772588
1212909893  2.981441
1211751000  12.394622
1212136181  9.923464
1212341930  7.747329
1212471876  7.502267
1212652916  7.373813
1211136898  11.127967
1211259294  11.614539
1211815591  6.513240
1212467276  8.518609
1211138438  14.672815
1211612667  10.784830
1212818844  12.156901
1213061966  10.281723
1212208297  11.219098
1212382479  7.187799
1212563285  3.476716
1211099384  14.779134
1211099491  7.714753
1211349472  11.003247
1211143688  3.507499
1212207534  4.996120
1212307633  6.365013
1212648246  5.974015
1212709205  24.007822
1212908682  7.742807
1212380436  10.630257
1212991980  10.453085
1212288781  5.705984
1212526944  11.452126
1211942248  5.484342
1212387914  6.453371
1212394217  14.998934
1212645755  6.559702
1212401951  9.761480
1212214784  15.960397
1211865815  10.453085
1211043232  8.394794
1211591699  3.588869
1211701022  7.307595
1212893715  6.309832
1211031430  8.931129
1211098648  5.042030
1211471155  8.349414
1212272823  11.669419
1212289629  10.281723
1212826062  6.856236
1212904546  6.840784
1211157144  13.591898
1212905476  15.326332
1213003059  7.967731
1211091415  6.496782
1211797280  6.899736
1212341695  19.368454
1213032241  8.611306
1211168778  9.955319
1211482145  10.453085
1211489175  10.453085
1211452407  5.575747
1211691578  8.395756
1212207161  5.370491
1212226610  12.092703
1211105842  9.045198
1211995976  5.523158
1212131932  7.029670
1212552159  12.912303
1212496405  19.216530
1212586789  9.414832
1212255132  5.869207
1212882822  551.814941
1211492720  4.932435
1212464345  16.896547
1213049512  6.024290
1211611367  8.002607
1211748894  5.869207
1211861537  5.385344
1212202903  4.114730
1212848190  6.459024
1212744870  3.807938
1211063686  4.896563
1211119354  10.115889
1211137771  4.763603
1211946018  6.920019
1212716997  3.592048
1211787454  5.081642
1211925496  284.532593
1211575854  6.188251
1211664275  6.144161
1212388084  11.868657
1211081738  4.252221
1211542169  9.649002
1211567533  8.764174
1211774586  6.896514
1212723736  9.452231
1212879132  5.660171
1211771750  5.484342
1212202083  5.484342
1212469264  8.904766
1212470776  5.510468
1212828605  7.387022
1212831286  5.318518
1212836920  10.458171
1211046474  8.479874
1211729724  4.583218
1211786268  9.892080
1211949454  6.517597
1212260130  3.139496
1212531798  6.418068
1212804968  8.615220
1211170329  10.199180
1211170757  9.962389
1211852844  131.145447
1211922934  5.395885
1212807995  10.658524
1211166323  2.903553
1212229962  6.090428
1212636043  4.866336
1212973460  3.259097
