1211415633  6.055974
1211936479  7.030804
1212001502  22.306328
1212001592  4.897971
1212002217  8.218202
1212035970  8.428456
1212450016  19.637365
1212536059  11.552570
1212902639  5.950717
1212903052  5.634276
1211344671  8.287148
1211494282  4.408522
1211679745  9.680562
1211681579  10.098749
1212265028  5.591995
1212535969  11.671799
1212561695  15.488970
1212628348  8.890038
1212705825  3.952066
1212706050  11.704533
1212706473  3.860780
1212740299  6.146977
1213022101  6.890304
1211219162  9.250955
1211299166  5.277539
1212116666  15.849857
1211312661  8.711707
1211556154  10.320024
1211615819  5.757661
1212114165  11.008353
1212217330  5.829030
1211570091  9.841445
1211703730  17.297161
1211734179  13.044951
1211821756  4.589850
1212177357  12.587867
1212312878  10.740339
1212348691  30.389957
1212643540  9.164230
1212645420  11.296465
1212647923  12.270250
1212855358  8.104042
1212955770  13.656935
1211401309  7.007526
1211514924  15.235371
1211688472  16.140329
1211693789  4.521204
1212443435  4.832964
1212554493  9.667525
1212803986  11.714071
1211240497  7.030804
1211242597  3.504749
1211318905  5.543401
1212682573  10.001420
1212718359  10.202484
1212718643  5.408311
1211089223  2.209611
1211246942  4.275346
1211262642  7.030804
1211584979  18.782431
1212032748  8.964088
1212198155  17.501030
1212297030  5.548853
1212331115  12.686247
1212334188  10.827888
1212344364  3.293892
1212477263  5.500978
1212508639  5.384247
1212722993  13.442287
1212731766  11.568449
1212904094  10.211679
1212150556  11.552570
1212179974  4.692332
1212509044  15.187284
1212623096  6.669405
1211308779  12.764398
1211317916  5.634729
1211501738  19.387291
1211640681  7.273245
1211944084  6.102198
1211772381  9.422929
1212175179  13.926476
1212176124  13.668796
1212417333  8.607821
1212535002  7.579565
1212613531  9.082182
1211053271  62.383389
1211108851  0.000000
1211109276  0.000000
1211109627  151.169083
1211354297  24.128534
1211399877  12.180276
1211541391  14.103444
1211569113  11.709770
1211575996  6.833208
1212020192  9.587460
1212267340  9.477771
1212301759  17.789083
1212395700  12.543714
1212483744  5.728181
1212720383  11.452084
1212741193  12.484878
1211267194  9.159584
1211328700  21.819296
1211355444  10.549058
1211356195  8.444987
1211356708  7.683722
1211568742  2.179740
1211743052  17.566795
1212280892  11.944182
1212300771  0.000000
1212300786  9.993241
1212410343  6.890304
1212517642  5.780736
1212519346  12.272674
1212521584  12.783279
1212870411  10.992105
1211783185  10.733956
1211849501  5.184830
1212182608  0.000000
1212182668  15.659452
1212374950  8.595922
1212375010  16.666027
1212471388  7.234489
1211353716  12.834473
1212014431  6.804004
1212359508  14.311941
1212429686  3.544943
1212477669  10.733956
1211120743  10.826253
1212011448  7.439063
1212156416  7.941864
1212261659  9.625798
1212474716  3.989936
1212474835  5.016424
1212475912  9.840443
1212476929  26.006441
1212619462  7.564962
1213033087  4.907192
1211481856  5.000026
1211570605  10.759544
1211784024  10.267016
1211958298  11.232846
1211983726  9.421690
1211983880  5.994420
1211987966  13.154809
1212096747  11.631022
1212345451  8.291838
1212518001  11.153164
1212533365  2.416845
1212595861  5.708971
1212688961  3.052523
1211330467  9.312243
1211571339  11.216637
1212294485  3.996745
1212560235  19.290472
1212595692  0.000000
1212595750  0.000000
1212595806  0.000000
1212595866  0.000000
1212595928  0.000000
1212595960  0.000000
1212595962  4.197137
1212633777  12.812851
1212646866  11.204632
1212739570  13.438785
1211085020  7.065344
1211314900  13.397711
1211459062  9.036692
1211483517  9.318800
1212009046  12.834231
1212421340  11.372098
1212497748  7.941864
1212524622  15.011462
1212610586  7.735707
1212641968  8.291838
1212857560  18.002028
1213021867  11.521029
1211486957  10.921579
1211858235  11.372098
1211956815  10.194590
1211956935  19.577616
1212434066  10.162619
1212434176  11.354950
1212633471  16.004885
1212633531  8.745950
1212652317  13.610881
1211300904  0.000000
1211300905  2.686337
1211308595  5.000026
1211480500  9.993241
1211915313  4.206389
1212118169  9.118642
1212466185  7.811669
1212603173  0.000000
1212603233  14.565955
1212608704  5.083360
1212698548  7.706824
1212722591  9.977404
1212779514  5.550635
1212803452  9.527622
1212847227  8.725021
1212848740  5.366408
1212849856  6.260810
1212850278  5.366408
1211201928  10.392431
1211210916  8.049642
1211217212  8.250264
1211232947  13.250415
1211249135  3.021142
1211431127  12.403962
1212007413  90.839600
1212044903  3.841500
1212079088  5.155758
1212080505  7.543086
1212251538  11.461762
1212275469  19.741703
1212474887  13.666326
1212549964  18.134754
1212611348  8.315720
1212697779  7.167762
1212998693  15.424599
1213077073  11.549007
1211169451  6.631615
1211243238  5.201288
1211245296  11.637192
1211901965  12.684488
1212087366  6.091012
1212226728  9.169792
1212308963  11.134748
1212360628  17.100925
1212786768  14.573559
1211254272  6.438480
1211265375  7.520966
1211344583  8.509139
1211507058  5.634729
1211771154  17.672270
1211869236  11.859283
1211924056  7.512547
1212181956  4.833172
1212454185  4.926164
1211208020  7.321294
1211505173  6.644658
1211569146  2.926189
1212163990  5.821830
1212183926  4.529903
1212426873  9.884407
1212462370  15.296267
1212544488  6.069554
1212700479  3.835354
1211816634  11.400459
1212022530  10.337836
1212293758  14.839126
1212315899  11.039098
1212432345  3.137225
1212365476  13.225476
1211290342  8.136634
1211318323  9.231826
1211500466  5.730233
1211590523  13.173780
1211968387  30.347773
1212174524  7.234489
1212364270  11.277585
1212515192  15.338572
1212607966  15.400837
1212803182  5.698467
1213016888  17.016239
1211440506  15.972922
1211514750  15.659452
1211614352  8.587165
1212287097  6.905968
1212458219  9.312243
1212545452  11.704533
1212595166  7.283928
1212853147  14.063641
1212595859  8.928637
1212636318  16.045460
1212778643  4.848520
1211304209  8.907799
1211356900  5.634729
1212190857  5.083360
1212449332  11.954880
1211342415  9.337444
1211494227  5.210691
1212302374  0.000000
1212302382  2.307980
1212613682  2.521024
1212614741  12.951120
1212637551  12.215030
1211059847  6.294045
1211585688  12.362835
1211605726  7.445869
1212088360  6.734686
1212158218  8.690855
1212215567  12.334862
1212694016  5.994420
1212721344  15.041478
1212826450  18.289616
1212880077  9.633355
1211327939  7.004110
1211343328  9.471138
1211985195  12.329071
1212197493  5.329452
1212526194  11.380269
1212603707  5.083360
1212604139  0.577874
1212677688  4.913513
1211211101  7.377189
1211216255  11.220000
1211242809  1.581794
1211291456  105.462059
1211327148  5.201288
1211384428  5.994420
1212017312  5.634729
1212173677  6.461495
1212210998  14.492429
1212298833  6.187844
1212447283  3.052523
1212450044  11.926618
1212502465  9.841445
1212633853  13.007672
1212634227  5.811617
1212687061  12.543714
1212705646  5.046026
1212706113  8.436965
1212708876  12.338223
1212791536  7.959401
1211706668  14.401174
1211939778  5.604910
1212030826  8.243069
1212297557  11.635174
1212457631  0.000000
1212457632  6.022148
1211083215  10.235270
1211228518  7.937369
1211670128  13.093062
1211858903  11.620186
1211956659  15.856414
1212178107  6.867242
1212300453  14.300970
1212672022  11.018359
1212813249  5.454824
1211180929  5.336678
1211183761  10.543367
1211683163  10.063084
1211690920  11.110439
1212105176  11.552570
1212440194  15.875734
1212521729  4.179538
1212556335  12.983076
1212557545  13.095082
1212561764  7.065538
1213033233  5.994329
1211221005  6.696004
1211420837  11.328416
1211637277  9.264662
1211709351  11.375004
1211920632  9.918414
1212225891  15.701674
1212286656  58.775646
1212346510  10.311460
1212368018  8.215721
1212439388  28.373482
1212510496  13.019945
1212519555  0.000000
1212519616  0.000000
1212519676  12.575105
1212519797  0.000000
1212519863  0.000000
1212519928  2.669069
1212522093  7.840265
1211146418  43.146553
1211165914  7.795896
1211167340  8.171677
1211929391  21.797400
1211945831  9.612498
1211947428  10.641595
1212206611  10.138549
1212299642  23.190313
1212302564  14.908719
1212414366  8.263769
1212425139  13.789780
1212729948  16.104788
1211291106  23.651791
1211365776  12.406657
1211571811  6.073005
1211573105  7.030804
1211852901  15.063457
1212213157  9.597525
1212220929  12.964524
1212268468  9.591991
1212410882  4.897971
1212447639  8.376688
1212462093  11.471894
1212471504  16.140329
1212604404  17.658028
1212605667  4.817676
1212719355  6.155017
1212806855  10.177231
1212828081  15.849857
1212893863  8.814687
1211210751  5.265012
1211319142  11.679786
1211340139  12.954303
1211346538  12.615070
1211617661  13.415388
1211809469  8.069658
1211916899  7.030804
1212082437  11.295357
1212275683  1.111925
1212670228  9.638340
1212968091  9.953234
1211401229  4.552262
1211529329  4.899765
1211534800  0.000000
1211534820  2.179740
1211534880  4.897971
1211535159  5.634729
1211699838  8.852218
1211905760  6.609439
1212046319  5.083360
1212088552  7.957283
1212171917  6.582580
1212229346  9.568724
1212281008  8.653706
1212408375  8.771330
1212599713  16.984987
1212775307  11.709770
1213001502  6.408624
1213018777  0.000000
1213018782  7.758179
1211331322  21.092411
1212015054  10.005468
1212092137  2.377898
1211214413  11.229856
1211498784  5.634729
1211504357  7.209492
1212426110  15.237529
1212643115  8.551992
1212732887  11.923700
1212795401  9.795941
1211424541  6.612782
1211505291  6.714565
1211573210  10.057192
1211849190  11.243357
1211906015  4.875374
1212012764  3.753702
1212032670  3.660647
1212131272  3.960163
1212131798  2.726482
1212175993  5.083360
1212423920  4.602089
1212518922  9.659115
1212645930  3.989936
1212657829  3.996745
1212892495  4.666347
1211265689  12.406657
1211564628  7.085749
1211947234  11.277585
1212214925  11.457846
1212455580  30.734886
1212638241  12.270250
1212691004  5.338970
1212772653  8.582789
1211035584  16.457453
1211257944  11.709770
1211335289  15.402740
1211335665  7.941864
1211535088  11.631241
1211672428  11.745113
1211772626  2.219360
1211906325  147.405396
1212288587  10.761449
1212335273  9.794097
1212418116  8.814687
1212683533  6.522900
1212904216  10.733956
1211160219  10.493964
1211165006  10.733956
1211226309  5.833964
1211233078  3.829643
1211332885  8.595917
1211501300  1.891696
1211577811  12.490699
1211924227  15.268340
1211931737  9.147292
1212161978  7.941864
1212520983  15.388156
1212624214  9.232080
1212790031  7.363605
1212870129  5.888395
1212893012  0.000000
1212893066  46.927540
1211121358  8.415625
1211259352  12.977138
1211536501  97.959412
1212072687  9.482708
1212292112  11.452299
1212634869  9.333875
1212645739  11.350858
1212819646  3.301303
1212961275  2.926189
1211218620  16.251476
1211992846  12.437757
1212525984  6.646566
1212630317  0.000000
1212630377  3.859119
1213042525  9.235198
1211425663  12.774603
1211428557  16.106609
1211488734  6.993384
1212004884  16.713675
1212086727  8.290018
1212527500  7.465423
1212904534  10.561158
1211229711  4.666347
1211332063  3.411685
1211613991  9.209917
1211614072  22.961033
1212354681  6.993745
1212589352  10.119122
1212974864  7.073195
1211093183  10.920477
1211230265  6.149769
1211603457  11.208048
1212520540  11.008353
1212569848  6.612782
1212599343  6.176439
1212739698  9.100398
1212845074  12.406657
1211422768  7.105301
1211474051  6.980673
1211499532  14.646811
1211900476  13.100608
1211994931  5.022003
1212013902  8.076471
1212258764  10.320024
1212504234  6.833208
1212543972  6.833208
1212744435  12.306647
1212785133  11.207067
1212789636  5.542356
1212888271  12.406657
1211196903  18.945435
1211232592  3.859119
1211250004  8.670184
1211481326  13.896764
1211486527  9.840443
1211487570  10.057192
1211491640  4.507783
1211601040  9.950205
1211681486  12.249675
1211932192  15.709760
1212007608  9.492546
1212090174  5.634729
1212115456  12.584050
1212309813  10.484499
1212446451  5.931293
1212613546  7.685872
1212845474  5.542356
1211073386  3.809709
1211123495  11.226201
1211694173  11.704533
1211892355  13.100608
1211935522  8.905843
1211938754  3.952066
1212020167  6.881788
1211298332  5.994420
1211119591  8.556284
1211334935  7.770013
1211579423  5.925704
1211614711  10.543367
1212457152  4.982383
1212457510  7.598061
1212963038  14.124356
1211275992  12.010441
1211431193  12.215030
1211687641  10.370525
1211700671  8.356628
1211875569  11.208048
1212025120  9.473735
1212288735  5.681555
1212304083  8.434694
1212313859  10.370525
1212319232  8.575485
1212319439  0.000000
1212319499  4.345142
1212319948  4.346601
1212320945  7.413023
1212433304  0.000000
1212433364  0.000000
1212433424  2.467630
1212434173  11.298901
1212508414  7.511013
1212546872  12.406424
1211240721  11.704533
1211241023  5.730233
1211336496  7.461891
1211464798  8.595922
1211476706  9.441069
1211488903  12.008622
1211664415  14.332254
1211785410  16.427481
1211985587  9.278618
1212108882  7.690477
1212160795  17.058147
1212262374  10.644526
1212413991  10.870496
1212633210  11.501856
1212633556  4.913513
1212766907  13.794442
1212822505  9.902931
1211257051  9.084405
1211424561  10.733956
1212374153  11.232059
1212420552  8.443654
1212467695  11.490938
1212546789  15.945884
1212677252  10.367379
1212677553  7.410326
1212728016  10.564058
1212752433  15.976027
1212762768  7.569967
1212901350  11.889777
1212934176  6.378939
1212977008  5.456019
1211225187  8.042845
1211249222  15.755573
1211316701  6.591379
1211330986  12.961214
1211863708  12.203269
1211981709  8.871192
1212029372  12.150117
1212273754  16.040983
1212462771  9.794097
1212518865  14.401174
1212519062  9.084405
1212800134  6.833208
1212934399  9.312243
1212966355  12.406424
1211061551  8.565636
1211061695  17.207779
1211179702  17.207779
1211589963  3.923437
1211600473  11.452084
1211604565  11.374326
1212019312  18.538767
1212279267  6.650360
1212331479  14.624699
1212332023  11.655946
1212367409  7.941864
1212800955  8.237162
1212959576  14.063641
1212980035  16.718630
1211083215  10.235270
1213023684  12.886308
1213035007  11.468730
1211334285  1.927452
1211458081  18.383270
1211537265  9.159584
1211776851  351.391388
1212714397  6.315824
1212733647  9.612498
1211063565  6.522900
1211074044  9.521865
1211147881  10.943494
1211345754  15.932376
1211501983  11.366239
1211514789  7.321294
1211528129  7.569967
1211889623  7.801899
1211897081  6.438480
1211939961  9.257187
1212004915  2.144006
1212031852  11.468730
1212051046  22.518679
1212094139  8.155906
1212206328  9.528316
1212636095  13.235154
1212636881  10.543367
1212657514  6.522900
1212695850  7.684867
1212703074  7.968386
1212899564  13.370137
1212899684  9.331958
1211041515  10.557989
1211052550  7.760203
1211218224  4.832964
1211327459  4.550349
1211420533  5.459459
1211424404  7.105301
1211773572  3.859119
1211866101  5.825269
1211929998  3.207736
1211939544  2.043506
1212068081  35.139137
1212118994  9.070949
1212162234  9.215379
1212633501  2.294463
1212965156  4.535847
1211092316  10.791879
1211159736  14.132529
1211250582  7.941864
1211292257  0.210623
1211401176  11.685525
1211401412  3.690853
1211401645  4.919381
1211511773  8.814687
1211524350  10.284231
1211588608  10.629474
1211927718  11.447681
1211956579  7.937010
1212095599  4.597426
1212373486  14.678124
1212504067  9.011848
1212605973  10.392431
1211039683  12.977138
1211140669  13.429715
1212001194  7.932563
1212414703  13.157172
1212700542  11.365618
1211074283  13.022163
1211382402  6.091012
1211415237  10.919562
1212287421  8.676914
1212383902  6.981444
1212459408  11.552570
1212475448  13.638513
1212477415  15.797938
1212477715  6.489973
1212620043  15.159417
1212677969  11.944182
1212792334  11.402747
1211298332  5.994420
1211305659  2.564400
1211305769  2.731109
1211306232  5.663484
1211317343  12.322762
1211691915  5.607383
1211693316  17.685404
1211693593  12.610771
1211759261  18.635899
1212461714  13.878611
1212471732  8.436965
1212471842  2.560234
1212472188  5.000026
1212473257  9.175661
1212477084  13.986768
1212533451  20.238243
1213045043  4.862927
1211216908  5.082945
1211336069  4.059526
1211362454  11.039098
1211493000  24.162685
1211563469  6.313542
1211571943  5.122481
1211572120  58.415745
1211923798  16.762636
1212073077  3.486349
1212215298  6.679838
1212273126  9.465368
1212429927  8.588122
1212430729  10.222064
1212430850  11.464865
1212433752  9.638953
1212505092  6.915545
1212530602  8.120344
1212704631  10.546206
1212775610  8.089704
1212791077  12.242958
1212952464  11.526673
1212708992  5.201288
1212709537  5.829030
1211079854  4.087012
1211501032  6.224522
1211579975  17.926683
1211735129  6.753368
1212114404  10.884681
1212375822  12.874073
1212557521  15.849857
1212616847  12.951120
1212634837  16.543943
1212702454  4.782126
1212760409  12.986543
1211127765  12.323321
1212209864  6.024781
1212226692  10.733956
1212626906  8.468416
1211122466  6.981444
1211246263  4.098438
1211336056  5.459459
1211493076  0.000000
1211493141  5.678241
1211641414  12.096228
1211847813  11.563492
1211869603  9.147292
1212008528  11.745113
1212081089  4.078072
1212344133  6.924324
1212541279  0.000000
1212541280  11.693000
1212802273  9.300682
1212824925  6.317767
1211433474  17.502474
1211477388  30.431808
1211480589  7.669968
1211523098  12.764398
1211745855  14.896600
1212000295  26.800982
1212176134  4.911541
1212176862  16.916456
1212432415  8.306544
1212433066  6.378939
1212519138  8.771330
1212541678  11.974062
1212608297  8.726479
1212647549  7.948513
1212797793  5.733379
1213043144  17.356434
1211251330  2.377898
1211256566  3.137225
1211409033  6.042266
1211414391  9.147292
1211414947  6.050504
1212177473  3.923437
1212540637  6.155017
1212594286  5.216865
1213066622  6.766339
1211150743  3.465352
1211422271  9.742905
1211485407  7.941864
1211580668  2.777362
1211926293  4.761743
1211926813  6.313808
1212096907  10.093288
1212097329  3.244987
1212168641  19.638577
1212183182  2.421933
1212261946  20.134480
1212421378  1.981582
1212432329  7.117085
1212530065  8.926075
1212531629  6.315824
1212611927  6.915545
1212616478  9.159584
1212692320  5.634729
1212693667  5.083360
1212699864  3.766502
1212713910  2.673371
1212766473  8.907799
1212781123  10.203259
1212791824  5.000026
1212793657  10.001420
1211317102  4.666347
1211415089  4.832964
1211473734  5.459459
1211787050  6.692732
1211847967  0.000000
1211847987  2.043506
1212279509  9.597525
1212370931  6.739037
1212419789  21.982441
1211175293  5.544872
1211267841  12.237692
1211512098  15.848525
1212013710  5.774542
1212086790  1.658305
1212516086  10.852366
1212773455  14.740109
1212867519  7.486570
1211182648  17.688587
1211473168  7.003332
1211515346  11.931251
1211564438  24.814602
1211928204  7.550468
1212008951  10.848878
1212113418  7.447438
1212447416  6.037210
1212448029  8.890038
1212474418  9.084027
1212520766  8.580841
1212541762  6.172211
1212722496  11.794664
1212998434  9.147292
1213034506  5.350905
1211259799  8.584053
1211267388  11.889367
1211425443  15.324474
1212173477  10.973000
1212273970  4.638406
1212525677  9.341069
1212526456  4.521204
1212629564  7.368461
1212646316  13.442287
1212866395  6.397155
