1211925959  5.143227
1212725800  11.795664
1212736719  8.931381
1211273930  7.106397
1211524361  6.968822
1211561651  9.069354
1211616665  10.430394
1211650286  12.074414
1211659677  11.090252
1211667364  8.715270
1211691613  9.530136
1211927956  11.616584
1212595166  3.082117
1212720046  7.157892
1211223375  4.340966
1211821033  8.715270
1211856072  5.426207
1212081369  0.000000
1212081373  2.778220
1211535202  10.491521
1211617883  10.864862
1212082746  5.119797
1212227421  19.518297
1212292843  6.111771
1212387256  14.829840
1212398845  11.487218
1212536956  6.495362
1212606649  10.847959
1212801109  6.220129
1212925726  7.340549
1211083577  10.472733
1211146810  6.995161
1211147865  6.005972
1211304983  8.903687
1211305645  12.237706
1211423053  9.033408
1211622947  11.009609
1212099685  2.238011
1212111651  11.402315
1212168847  15.894113
1212337765  2.877443
1212362390  7.113723
1212612953  6.657277
1212731800  7.280009
1212854163  6.483077
1212048568  7.169706
1212139237  5.290457
1211066370  3.647741
1211126167  6.945810
1211262282  5.907764
1212206501  4.656163
1212523156  6.810498
1212523547  3.946332
1212728080  6.433443
1212728137  15.415954
1212827500  3.554228
1212948070  4.918616
1211663604  7.295238
1211781437  7.789638
1211857537  9.980575
1211857779  4.129454
1211858263  4.198278
1211858629  4.269435
1211859649  9.696763
1211861909  7.510739
1212622399  10.133724
1212778030  5.151160
1211156284  6.945810
1211221971  4.512993
1211322185  3.486422
1212608169  8.414038
1212616139  10.016974
1211090180  10.546747
1211150580  8.839317
1211678118  8.998513
1211956091  8.010013
1212173661  4.925712
1212197802  8.914129
1212375878  8.976510
1211106390  4.365906
1211164215  6.864630
1211175341  7.610106
1211235377  4.129454
1211276886  7.828954
1211324106  5.066561
1211774903  2.562089
1211881738  6.945810
1212175033  6.498527
1212179443  9.272143
1212441407  5.234190
1212702660  5.919563
1212777004  9.323556
1212883265  16.449541
1212899870  7.963499
1213026673  2.328711
1211080005  9.269247
1211080082  17.145428
1211322465  8.319732
1212069486  5.083502
1212500855  10.101429
1212537259  2.826961
1212635271  5.472886
1212647565  5.380126
1212650136  7.524148
1212677278  8.724545
1211431209  9.348138
1212308600  10.483150
1212383639  11.177752
1212513388  10.144983
1212514192  7.931405
1212642275  6.522439
1212709190  7.580214
1212729780  6.990308
1212729912  265.994049
1211245710  7.286590
1211443810  11.188195
1211535111  10.508248
1211560534  8.081808
1211620953  12.841251
1212272800  8.277658
1212559590  5.314583
1212829686  7.931405
1212917272  11.847557
1212264367  4.762807
1211170429  4.799616
1211170538  11.258842
1211438802  11.594596
1211791622  6.945810
1211798673  3.482762
1212046587  11.176969
1212132736  5.539987
1212283043  8.715270
1212395416  6.642456
1212568322  7.311379
1212651009  12.111258
1211161247  9.174674
1211303637  8.581520
1211771063  5.594495
1212179371  47.562599
1212179483  2.557727
1212228025  10.148397
1212680175  9.290327
1211299079  5.152589
1211429390  12.943355
1211656659  12.607799
1212212017  6.803000
1212253108  10.491521
1212478568  6.543800
1212291537  8.931652
1212383651  23.851213
1212470968  7.856262
1212471028  16.813766
1211317413  8.979036
1211986795  3.836590
1211691083  8.111336
1211903378  5.229632
1211987526  1.075002
1212011956  0.000000
1212011965  4.365504
1212160078  7.226727
1212708278  16.513945
1211510024  11.015201
1211525862  6.903966
1211851350  10.632092
1212047313  5.560249
1212918448  9.255960
1211026915  15.514284
1211347826  11.842942
1211681158  9.663957
1211764459  12.491689
1212015546  6.670101
1212226058  9.600725
1212375786  8.430264
1212376081  18.708094
1212643467  9.024270
1212718917  7.226727
1213023870  5.200006
1211165274  9.264865
1211212592  12.944796
1211664904  11.917356
1212213843  8.715270
1211310272  5.203728
1211383705  6.359237
1211501546  2.685613
1211559112  1.746201
1211571798  5.066561
1211904539  3.182890
1211920464  2.860215
1212078317  6.921287
1212095678  6.111771
1212778519  9.523077
1212782637  0.000000
1212782651  4.918163
1211076334  11.358643
1211376212  8.443109
1211428877  11.173966
1211530754  8.861543
1211618089  9.427421
1211900435  7.717566
1212521170  4.505662
1212659519  9.203769
1212719986  16.451239
1212998588  10.103594
1211099533  7.652118
1211273453  11.319309
1211789028  11.173095
1212571506  5.041530
1212631862  7.456147
1212720215  9.900566
1212784531  8.603647
1211669628  6.111771
1211672216  6.831944
1211695838  7.473689
1211924348  15.514284
1212070831  10.013859
1212242237  10.311295
1212359010  9.392598
1212476363  6.112121
1213017681  18.702847
1211354491  12.951804
1211535043  5.234190
1212347971  11.374665
1211442122  10.818512
1211481595  0.000000
1211481618  0.000000
1211481642  8.729179
1211492349  4.937761
1212607570  2.171523
1212607746  9.591872
1212786993  6.615057
1211229012  7.559511
1211702097  6.383995
1212399530  9.248465
1212472835  6.670101
1212486448  7.347425
1212968775  5.499098
1211601178  8.170566
1212127036  8.150280
1211472333  0.000000
1211472402  0.000000
1211472404  5.000165
1211472525  4.676826
1212735767  772.370483
1211425079  9.437346
1211490652  4.903123
1211700225  14.428518
1212395473  12.809945
1212402820  13.243374
1212560517  9.663957
1212777681  9.600005
1211065007  3.046481
1211467372  6.662022
1212508490  3.875333
1211179568  7.687946
1211434402  9.392598
1211607642  10.704822
1211919288  4.676826
1212431673  9.393350
1213075367  8.053427
1213079444  7.310276
1211268146  14.744921
1211408008  0.000000
1211408018  4.997605
1212097246  2.441466
1212126642  7.989419
1212191100  37.294674
1212216399  51.174717
1212350947  16.475471
1212860954  6.072394
1211498453  4.028419
1211772467  5.380126
1211863719  12.816168
1212468393  8.020349
1212707984  4.737722
1211096066  11.488786
1211461718  9.430413
1211714948  11.007741
1212173185  7.036642
1212191808  4.340966
1212284151  7.482797
1212300008  5.815289
1212542282  4.069655
1212628516  7.846630
1212998012  11.854274
1211315194  0.000000
1211315203  6.300643
1211687946  7.820855
1211880190  10.311295
1211952014  9.906013
1212086092  4.439905
1212519788  8.403861
1212566810  11.111572
1212635924  8.965999
1212848097  6.978347
1212849199  6.398348
1211036747  9.330177
1211044516  6.864630
1212169689  7.818975
1212559383  13.042028
1212869344  9.678614
1213002350  11.682169
1211521620  8.576577
1212062813  14.423100
1212814066  7.142056
1211061634  14.886559
1211689758  8.540677
1212158473  2.685613
1212159914  4.749221
1212304729  10.167004
1212304759  6.145178
1212458233  8.755292
1212796080  5.770739
1213084101  11.997441
1211795644  10.670959
1212287601  5.085904
1212867580  3.852561
1212922278  7.353575
1211275687  6.097230
1211496826  3.370415
1211916796  5.136360
1212259064  5.997276
1212293963  5.124177
1212297081  4.446079
1212511630  14.274734
1212511699  21.908186
1212526113  6.110426
1212532991  1.746201
1212697674  33.646164
1213029711  9.352216
1211300333  8.053427
1211966628  7.220212
1211993651  5.380126
1211993767  5.951578
1212051300  5.788423
1212474796  10.083258
1212518931  3.617010
1212519197  5.066561
1212519677  11.836779
1212521304  6.995161
1211270874  8.642008
1211316935  6.057161
1211404938  9.101455
1211480019  3.875333
1211480382  4.749901
1211480561  1.746201
1211489877  2.669321
1211559200  5.801818
1211572854  8.389038
1211573158  3.174912
1211576910  5.075469
1211688577  1.954801
1212009180  0.474551
1212009472  7.947552
1212097710  5.815766
1212141073  10.143255
1212146950  10.483150
1212181747  8.431389
1212396592  11.319309
1212425725  4.979950
1212435528  1.663049
1212436408  10.864551
1212440199  7.821913
1212518559  4.903123
1212595948  5.787954
1212701914  9.058661
1212779426  5.164149
1211216713  8.952250
1211570428  5.941761
1211571632  8.057903
1211875946  11.941058
1211969988  5.290457
1212989798  7.106397
1211288759  4.269803
1211575378  6.614572
1212220827  9.103957
1212246370  12.210855
1212276421  18.157368
1211163529  8.859162
1211039719  6.103085
1211610132  2.005655
1211610364  5.706237
1212419543  17.992619
1212948535  10.111442
1211250960  6.945810
1211608093  11.205148
1212098953  6.001881
1212572248  4.279716
1212624811  8.403861
1213030426  8.295156
1213030471  9.120141
1211522731  10.184043
1211928181  4.690408
1212078319  7.676337
1212108105  6.628860
1212389323  12.169490
1212535261  4.676826
1212647086  11.737108
1212905046  10.469455
1211019205  10.858770
1212307952  6.125537
1212308582  4.030067
1212520532  9.506613
1212791739  4.735599
1211214096  1.541059
1211437220  6.979041
1211773616  8.396556
1211960391  7.542348
1212033317  14.512114
1212039934  4.351045
1212084173  9.180919
1212130510  13.973505
1212288698  11.788496
1212373037  15.201384
1212640111  11.748461
1212655270  14.948369
1211490799  504.231659
1212160182  7.856262
1211116961  33.800301
1211124540  11.721286
1211304067  8.408909
1211461089  12.237706
1211471555  4.762807
1211556363  6.524128
1211693475  15.522678
1211856503  11.076929
1211931034  6.859556
1212166505  8.839317
1212288763  4.348462
1212415746  13.438721
1212504479  1.717901
1212587153  4.340966
1211084360  7.959356
1211099545  12.811206
1211348759  11.898881
1211916494  8.715270
1212284004  9.112982
1212301589  3.607343
1212698056  5.568902
1212734829  9.600005
1212980946  5.913712
1211039255  8.616991
1212266698  14.221427
1212843652  6.865279
1212901024  8.077276
1211506577  8.715270
1211584674  12.708755
1211741457  8.052915
1211757855  7.312398
1211865647  13.005030
1212184842  8.266092
1212192138  2.641587
1212375082  8.243050
1211250080  10.464675
1211318314  5.500562
1212915245  8.211898
1212923475  13.785036
1211059091  7.097558
1211174932  9.004137
1211216581  8.642008
1211340786  11.390612
1212319882  5.706706
1212319943  18.066345
1212476053  11.374665
1212786148  1.225002
1212828153  11.737264
1212958481  6.300643
1211158541  7.727471
1211442492  11.884627
1211808417  7.828954
1211815322  5.925498
1211920878  22.475151
1212884634  4.294334
1211158742  9.955450
1211280673  7.886676
1211503657  12.244985
1211659435  5.775590
1211911126  5.775590
1211984805  10.102260
1212131197  19.366102
1212177684  6.010255
1212284466  8.545672
1212414148  8.903687
1212436197  5.771407
1212447206  4.340966
1213008573  4.294334
1211335066  7.244598
1211400301  8.719303
1212002794  6.995161
1212263417  7.510739
1212293665  5.404732
1212301818  4.413556
1212959020  7.727471
1212959121  504.231659
1212962686  8.969792
1211041469  8.468930
1211125534  8.171541
1212416599  12.188076
1212561050  5.412210
1212590582  8.403861
1211091821  8.719303
1212083927  10.177018
1212312462  12.140076
1212462888  7.828954
1211353720  11.168701
1212041314  10.506351
1212258631  120.864243
1212294649  2.755373
1212447662  5.900154
1212743316  12.970482
1213048092  3.741860
1211216051  7.700611
1211478288  10.956892
1211755867  10.270224
1211996890  9.610432
1212420205  2.831678
1212420605  3.332088
1212446562  1.746201
1212505916  4.749901
1212514346  8.759570
1212613819  12.005516
1212625532  6.808073
1211655824  8.301764
1211675635  7.953048
1212170438  5.083960
1212207616  6.664178
1212020218  2.319313
1212172217  14.607563
1212439913  4.726212
1212520650  2.614816
1212766650  0.000000
1212766652  0.000000
1212766674  4.692463
1211021043  6.979041
1211409022  0.908192
1211921772  6.701564
1212003557  5.124177
1212132240  11.737264
1212793744  24.893042
1211028911  3.942686
1211085191  5.594495
1211992154  9.033408
1212255896  0.366709
1212443918  1.611878
1212567580  8.755292
1212778619  0.000000
1212778624  0.000000
1212778689  0.000000
1212778726  11.816108
1211063163  9.541793
1211560672  1.637375
1211580054  9.344559
1211642287  4.198278
1212293182  6.038294
1211491610  4.198278
1212012985  11.938225
1212034203  10.471642
1212300831  3.425668
1212645146  14.994835
1212859415  6.105627
1211699194  5.853941
1211838929  10.436220
1212093254  14.936942
1212165168  4.605965
1212385954  8.546299
1212425852  9.748579
1211354965  4.568880
1212044910  5.143227
1212286501  8.786041
1212292808  2.517762
1212333040  8.755292
1211850973  60.608578
1212343188  16.437700
1212422001  16.468113
1212538154  1.717575
1211109296  5.209580
1211333975  9.330177
1211350580  14.795511
1211562766  21.781096
1211618645  8.570769
1211850711  7.281711
1212208139  6.173601
1212382765  7.832090
1212382997  7.432522
1212397071  6.616017
1212648614  13.112911
1211357145  7.919465
1211611583  5.351054
1211617745  9.656728
1212129970  10.719645
