1211032479  0.755934
1211247180  5.037692
1211257460  6.274740
1211340815  9.494993
1211945147  10.859941
1212010376  4.267747
1212028168  4.623393
1212160385  7.473911
1212259437  10.990488
1212452861  3.683728
1212457303  5.417093
1212468357  7.043387
1212501103  6.436650
1212514783  0.000000
1212514785  7.921935
1212546592  10.688382
1212609849  9.675220
1212672683  10.033303
1211043042  14.975442
1211216816  14.987029
1211232953  9.046421
1211233106  14.068180
1212536923  8.241308
1212811447  10.976142
1212860969  9.991352
1212867490  4.547599
1212869612  9.842228
1212989354  26.928825
1213030508  9.476595
1211163843  17.353401
1211211133  11.772861
1211211441  7.374220
1211259529  10.233405
1211329616  3.585108
1211443577  3.870457
1212978171  13.236546
1211084616  5.807423
1211572013  14.975463
1212468408  13.346183
1211165879  6.097794
1211565805  4.063980
1211695508  9.819965
1211907980  7.632965
1211985461  8.623528
1211993406  9.176560
1212372245  0.000000
1212372304  8.868952
1212427457  18.690763
1212515284  10.551135
1212625642  5.757236
1212914662  18.357004
1211221299  5.541422
1211741669  11.913624
1211745683  5.997830
1211746558  9.197194
1212074460  4.953635
1212166372  4.063980
1212470998  5.357746
1212473168  11.376728
1212514710  6.770853
1212527016  3.978695
1212589361  4.781153
1212754767  14.933992
1213033002  12.097048
1211035801  16.697475
1211220655  7.160777
1211318967  13.479967
1211548892  6.545157
1211695886  8.952422
1212340816  4.096395
1211242239  2.250723
1211257881  8.021236
1211721525  30.725727
1212852834  6.138336
1212901906  11.296739
1211302540  2.288871
1211403974  6.847150
1211942983  10.273272
1212037584  14.334678
1212096009  6.331131
1212102541  13.553399
1212112280  5.868723
1212683828  6.034359
1211141781  9.896522
1211317856  10.551135
1211342856  0.000000
1211342911  2.973797
1211422188  11.384459
1211905914  9.197194
1211922534  10.551135
1211940420  4.547599
1212106765  14.572140
1212162964  6.545157
1212167125  6.518875
1212173256  8.803085
1212442284  4.656668
1212801098  8.892962
1211079443  4.955107
1211207503  6.889639
1211468809  2.288871
1212255855  6.334023
1212807111  7.114369
1212933384  13.317424
1211215796  7.437422
1211557085  9.019273
1211567506  5.952396
1212015040  9.432947
1212517524  11.903154
1212684832  4.063980
1212699140  10.426991
1212506035  10.444492
1212654699  9.143104
1212703308  4.503367
1211521782  11.292206
1211611119  4.788108
1211647035  10.444492
1212430183  3.824115
1212812559  6.385298
1211481142  10.273272
1211656922  7.043387
1211998476  760.117004
1212533666  21.890707
1212558470  10.558730
1212953632  9.019273
1211337216  5.853189
1211937103  5.997830
1211078599  8.014479
1211089513  5.045065
1211320077  9.739510
1211402628  5.103238
1212090929  10.444492
1211201610  12.142245
1211486192  7.611581
1211553392  4.869262
1211587901  5.314887
1212466101  8.378618
1212583500  10.810316
1212600619  4.953215
1212603475  10.766195
1212605923  9.447307
1212608974  11.945565
1212613936  11.483942
1212673039  10.827161
1212674394  16.975767
1212674989  16.524242
1212762007  4.547599
1211137269  4.119933
1211485577  0.000000
1211485633  0.000000
1211485728  3.242681
1211779992  8.388834
1211996013  9.757054
1212128417  10.278237
1212214154  11.198967
1213084570  39.024834
1211253386  11.635740
1212115494  9.665198
1212452842  11.003857
1212452884  8.053514
1212721861  16.827433
1212946276  7.311364
1211114805  15.618968
1211240990  4.834127
1211262686  6.545157
1211707625  11.749736
1211945295  11.292206
1212043710  9.511698
1212326480  24.380476
1212546408  14.415582
1212700608  9.548648
1211692916  8.892962
1212365513  15.339978
1211564084  7.273900
1211566050  5.574466
1211579553  3.484453
1212094411  10.957784
1211156176  6.567110
1211305824  12.798820
1211491364  16.390430
1212158400  11.667123
1212364068  10.273272
1212608518  4.885980
1212757244  8.195839
1211292161  6.545157
1211309495  6.402244
1211783549  5.532451
1212653404  7.761645
1212536389  6.498728
1212631939  10.654741
1212679584  8.703744
1212721415  16.298109
1212812463  10.061463
1211485258  4.132861
1211558820  12.040822
1211680785  8.440092
1211916123  7.988342
1212286305  5.779241
1213063179  17.225029
1212471648  20.296175
1212693265  7.703937
1212693688  6.397993
1211616062  18.295870
1211944557  7.189508
1211986742  6.030288
1212012972  7.488810
1212514226  8.195839
1212746821  0.000000
1212746882  0.000000
1212746942  1.852586
1212746996  5.447042
1212995342  10.408410
1211477054  0.000000
1211477071  4.092224
1211488324  7.114369
1211921720  7.251317
1212099045  9.436749
1212196202  9.335559
1212275241  116.778358
1212397663  13.208264
1212533686  10.061463
1212593645  6.183024
1212679566  2.270419
1211218655  8.868952
1211230358  3.462651
1211314307  6.331131
1211335731  7.700185
1211338594  3.700756
1211421510  4.433433
1211474011  10.866522
1211519503  7.974510
1211932088  11.944681
1212168311  8.868952
1212180292  6.726753
1212202717  7.112270
1212333023  5.403468
1212459411  7.632965
1212459569  3.215319
1212461012  7.957051
1212513884  6.841914
1212604171  8.241393
1212636418  3.376751
1212665650  14.460111
1212708002  10.273272
1212721313  11.579863
1212760949  7.160777
1212804504  6.545157
1211341054  6.760128
1211600930  11.646976
1212546805  6.331131
1212859377  9.919672
1211118917  5.605067
1211149866  5.853189
1211216740  5.203108
1211336368  5.043701
1211487141  11.749736
1211823475  8.723558
1211946353  11.772861
1211991226  7.167171
1212029590  4.590328
1212527759  0.000000
1212527769  13.554420
1212545857  0.534971
1212546044  4.030998
1212585161  8.332437
1212798434  14.900392
1212798671  6.076900
1212849180  15.954076
1212906215  5.655982
1211043811  16.234062
1211604563  10.408410
1211607692  11.376728
1211823148  11.345611
1211949230  11.945565
1212459745  9.986755
1212521678  2.369182
1212522177  1.226377
1212881433  5.757236
1213017265  16.226017
1211304993  6.229016
1211310683  4.267747
1211383730  13.479782
1212107202  4.623393
1212545978  0.000000
1212546024  26.312958
1212554004  16.224483
1211227127  11.913624
1211298294  2.213826
1211393552  11.630758
1211408803  6.041684
1211916791  18.947533
1211986467  4.633653
1212070899  4.063980
1212175781  10.613784
1212284839  8.195839
1212510968  10.231997
1212688804  4.020341
1212689484  13.457740
1212701542  6.385298
1212713901  13.651689
1212820024  8.719777
1211914857  15.058984
1212040142  3.519364
1212426851  10.444492
1212433180  5.722760
1212454391  5.706695
1211178213  14.398420
1211588324  2.288871
1211594087  6.884873
1211985184  0.000000
1211985185  0.000000
1211985249  9.502448
1212213913  13.921282
1212461924  11.678585
1212545351  4.623393
1212546357  7.189508
1212546720  11.483942
1211118988  18.333405
1211335786  10.387818
1211469700  12.644452
1211828930  8.195839
1211893591  8.332437
1212729274  8.723558
1212794538  9.511698
1211018556  6.055024
1211166087  116.274536
1211444125  10.247791
1211444797  12.130038
1211536550  11.483942
1211590592  5.123076
1211590651  6.845487
1211762753  16.854700
1212003236  11.282724
1212169142  1.664639
1212186509  10.580509
1212222667  10.247791
1212321296  10.061463
1212364498  20.228090
1212686514  7.114369
1212894661  5.130116
1211235921  10.399065
1211335841  7.602141
1211386112  9.157104
1211979791  38.338436
1212000997  1.875476
1212163675  9.133635
1212163717  16.488695
1212385343  0.000000
1212385363  0.000000
1212385365  4.671947
1212454612  7.071647
1211306511  6.775461
1212027781  16.767782
1211229367  8.609916
1211298336  8.241393
1211333374  2.027516
1211422884  10.180985
1211658343  0.000000
1211658412  10.434060
1212086872  11.678585
1212175830  6.364296
1212509460  8.195839
1212527757  3.472595
1212780539  8.594182
1212905749  11.589550
1211214639  0.000000
1211214641  4.051267
1211435770  3.824115
1211481828  3.937351
1211574325  4.063980
1212727813  16.774504
1212867935  6.154838
1211322515  13.031526
1211427650  6.467608
1211744456  14.128433
1211848804  3.751205
1211849611  7.911102
1212780641  0.000000
1212780695  5.058627
1211126021  5.836116
1211336232  8.723558
1212075730  8.195839
1212616696  7.705655
1212762634  4.623393
1212770794  9.919672
1212979139  7.012669
1211253191  13.387422
1211562359  8.808003
1212188891  60.877735
1212541184  4.181698
1212544254  9.445672
1212988712  3.333936
1213017548  6.997740
1211419058  4.842910
1211652094  29.791403
1211952607  22.925144
1212528521  10.635956
1212946085  10.810316
1211430396  4.348936
1211613773  10.421407
1211565391  3.390577
1211613897  7.114369
1212176975  10.444492
1212594537  10.866522
1212601470  4.063980
1212715795  13.938434
1212800945  2.077590
1211416023  16.234062
1211428341  5.487365
1212080496  8.811522
1211473563  6.752169
1211482482  7.114369
1211506084  3.206728
1211932072  10.444492
1212292595  5.589261
1212361381  8.161971
1212386784  9.064901
1212414294  6.436650
1212436374  12.759935
1212824305  16.598452
1212845061  10.766195
1213016898  11.369470
1211382824  6.097794
1211937637  6.886106
1212284092  13.794828
1212454976  12.628724
1211270788  14.978662
1211579481  4.063980
1211599802  7.173875
1211629093  17.690342
1211680418  6.656092
1212078488  4.547599
1212262534  5.420499
1212316413  16.854700
1211144624  4.474251
1211942719  8.646289
1212000927  4.944244
1211761604  5.321082
1212016394  0.000000
1212016396  22.507231
1212241710  9.757054
1212470751  8.855179
1211053527  0.000000
1211053544  0.000000
1211053582  2.596988
1211249022  6.171875
1211258093  5.447042
1211261333  6.392618
1211690398  29.076227
1211999934  14.263258
1212037388  4.348936
1212363934  8.619762
1212509926  2.500803
1212529100  4.798669
1212549467  37.497726
1212632505  10.799109
1211061318  5.851500
1211331107  7.654857
1211643592  11.604992
1212268499  9.672913
1212776914  10.236136
1211241568  24.091742
1211255671  0.000000
1211255721  0.000000
1211255796  18.725708
1211385993  8.868952
1211585286  7.426581
1212018508  7.186759
1212215833  11.198967
1212267119  11.291993
1212463563  13.167456
1212510126  9.019273
1212518809  11.483599
1212625994  0.000000
1212626008  8.647832
1212676145  9.675220
1211093404  10.408410
1211336818  5.130451
1211498537  10.061463
1211780554  6.667741
1212647303  8.868952
1212797253  5.181923
1211128452  4.788108
1211506684  7.698499
1211750170  5.402197
1212179159  8.314642
1212214938  14.149499
1212434243  9.919672
1212713901  13.651689
1211048217  9.947136
1211214549  4.792305
1211251302  5.757236
1211303080  7.183711
1211303682  7.632965
1211474801  5.255573
1211637136  7.972353
1211691091  5.757236
1212023243  5.757236
1212026458  4.132861
1212055758  8.021236
1212716228  0.000000
1212716288  7.114369
1212940569  9.766623
1211229769  5.043701
1211402447  5.917132
1211591312  5.853189
1211818538  18.947533
1211905065  9.157104
1212476135  8.723558
1212592026  3.751205
1212797036  9.167875
1212802119  13.389616
1211084265  5.501928
1212111586  6.643838
1211083481  8.031063
1211093029  13.764840
1211634497  5.135418
1211649682  9.479082
1212192514  2.250723
1212457931  3.529952
1211270788  14.978662
1211478826  8.771632
1212026358  16.758207
1212467440  14.979316
1212515868  8.771632
1212818673  2.483707
1211330046  4.623393
1212429808  12.759935
1212506863  8.106288
1212513093  1.738234
1212518523  7.069978
1212794191  8.697054
1211151845  4.547599
1211254436  13.016058
1211315768  12.668616
1211674432  6.855306
1212011960  8.723558
1212523679  9.656299
1212761097  3.824115
1212975123  9.511698
1211046724  499.946198
1211088553  11.295680
1211106348  10.613977
1211343152  8.195839
1211567960  0.000000
1211567961  5.757236
1211735971  7.021800
1211985923  6.437860
1211992153  4.547599
1212184914  2.046112
1212204272  7.114369
1212335754  1.343522
1212543100  5.853189
1212854036  10.303582
1212900084  6.626252
1211214164  12.133869
1211220878  25.011824
1211594522  4.560927
1211683232  6.260436
1211819377  10.697520
1211839522  6.371077
1212045259  8.868952
1212674650  9.806232
1213024509  13.236546
1211819461  8.770986
1212084761  17.481525
1212424328  0.000000
1212424335  11.312165
1212544453  7.114369
1212623655  7.440433
1212632403  10.444492
1211256446  12.628029
1211406900  5.853189
1211829222  8.868952
1211838060  8.868952
1212014096  9.776911
1212147542  0.000000
1212147543  2.213826
1212630370  7.114369
1212848971  13.733480
1213076841  9.287061
1211421575  4.967413
1211490154  6.086110
1211560960  8.295587
1211567011  10.444492
1211575175  9.726892
1211690615  4.454761
1211899209  10.444492
1211926718  19.139902
1211946698  7.001804
1212078770  6.384144
1212169015  1.709410
1212372380  8.826712
1212430625  9.919672
1212431540  7.820683
1212525485  12.497270
1212696922  2.775544
1212900572  13.269569
1211572943  2.907605
1211616866  15.315194
1211644874  8.948503
1211778247  4.431283
1212105523  13.434779
1212711591  2.847409
1212734057  4.623393
1211092826  9.265666
1211245851  10.300798
1212183798  0.996805
1212346566  12.005610
1212367117  5.853189
1212373447  9.494993
1212376470  5.471323
1212468668  7.228865
1212632406  10.273272
1211557308  23.838688
1211591313  72.332314
1211940845  13.256281
1212944439  10.766152
1213033299  8.236608
1211336430  6.098031
1211577391  13.434779
1211908135  4.623393
1211995558  15.073050
1212523135  8.877535
1213041799  3.727659
