1211068982  1.904993
1211076447  13.715495
1211076507  6.564742
1211079898  5.293190
1211240073  6.743957
1211244222  3.740604
1211244342  3.768199
1211244644  5.390962
1211247752  8.091425
1211248010  3.740604
1211251422  3.832067
1211255122  10.834518
1211330387  1.936743
1211334439  5.550233
1211335420  9.542325
1211336195  7.163215
1211338249  1.636684
1211508434  7.948969
1211640541  3.706425
1211641875  4.007790
1211641990  4.007790
1211646452  5.350013
1211647321  18.991222
1211671546  6.550921
1211671889  4.110763
1211854883  9.510499
1211854996  2.914756
1211860651  4.972391
1211860889  14.892969
1211917528  7.611741
1211932272  1.904993
1211939253  8.703107
1211939802  12.344091
1211946479  145.037781
1211947219  9.577545
1211955395  3.452865
1212022602  1.509151
1212025120  6.660220
1212025542  7.650653
1212026958  1.884099
1212028719  6.575723
1212036157  3.349795
1212040466  3.450327
1212041193  3.832067
1212041755  7.179387
1212042657  5.439179
1212043489  9.809233
1212111576  7.852524
1212111757  4.832010
1212111844  9.575867
1212114532  1.932136
1212123014  6.282069
1212162109  427.791199
1212166626  8.330569
1212366506  2.405312
1212465094  12.442545
1212467791  11.093857
1212467911  2.142914
1212468176  14.825214
1212538646  5.534273
1212538930  7.013632
1212540040  3.792914
1212546835  5.062385
1212547031  13.895588
1212559873  1.824146
1212561262  2.235534
1212646647  8.803391
1212890204  9.782265
1211042765  7.162797
1211223846  2.338691
1211224270  3.939273
1211257944  10.775369
1211267919  6.690903
1211268077  6.781214
1211421913  3.425635
1211422077  8.059893
1211438544  8.249629
1211438604  10.687942
1211467679  5.673362
1211468205  12.275901
1211580600  3.518050
1211599801  15.643752
1211599911  8.149519
1211948092  2.981794
1211948669  8.820292
1212172703  6.983411
1212186203  6.904828
1212203943  8.025731
1212345629  8.561536
1212345935  6.033114
1212356133  17.783506
1212538575  7.067883
1212538636  7.140610
1212612742  10.526478
1212613229  14.771837
1212613891  5.020781
1212614076  7.558974
1212689349  9.401571
1212690084  7.057086
1213022991  11.899921
1213023167  1.932136
1213027051  25.901089
1211260021  4.874118
1211385664  6.527015
1211490672  8.564339
1211567566  11.037876
1211678322  9.037660
1211682774  9.439400
1211688369  3.515645
1211938394  8.305614
1212982292  9.612729
1212982380  2.168186
1211225405  32.623646
1211225449  15.671841
1211312273  9.698871
1211677083  8.665678
1211718308  8.535375
1211779385  18.140116
1211780211  52.680042
1211783599  2.312621
1211823414  3.679282
1211937175  5.660007
1211937415  10.343226
1211937537  6.898062
1212001476  3.916361
1212031963  10.443396
1212115307  10.582959
1212118412  5.469630
1212125259  3.807299
1212203980  9.309307
1212373725  5.817251
1212456859  7.042895
1212461726  9.941529
1212701219  6.947033
1212869350  5.760095
1211045004  11.010328
1211256479  8.007146
1212002668  5.439179
1212624290  121.296379
1211268540  1.736820
1211269040  3.635318
1211314334  3.803731
1211500112  3.286630
1211591942  6.452059
1211616134  3.941606
1212131197  6.099256
1212173596  8.144592
1212330183  9.555850
1212625635  12.570112
1212721189  8.998094
1212882692  3.571712
1211041159  6.950052
1211220138  5.464118
1211230690  2.589627
1211309583  0.616316
1211337646  6.698058
1211506056  8.873267
1211592261  5.039322
1211599807  4.258582
1211640041  7.284625
1212106430  7.279070
1212264185  8.171146
1212327805  2.581361
1212329443  4.903173
1212331261  3.619939
1212331635  5.101908
1212331901  5.913188
1212332806  2.837833
1212332981  6.720192
1212333228  4.156227
1212333282  5.469630
1212333523  5.439179
1212333704  3.097150
1212333843  11.274647
1212334520  8.958212
1212335907  2.510391
1212337621  6.983411
1212338591  1.801420
1212426031  8.891127
1212452828  1.784173
1212456059  1.985201
1212519416  3.683961
1212651317  3.740604
1212651377  5.469630
1212651558  3.740604
1212911106  9.875614
1212911168  6.495020
1211123099  16.843069
1211227269  1.759109
1211339717  6.943634
1211681430  4.947534
1212331234  6.617337
1212331300  4.756200
1212331482  8.083710
1212334491  5.442035
1212335161  5.439179
1212335340  3.646644
1212335641  5.564112
1212338261  5.484250
1212338321  10.343226
1212385074  12.188675
1212477017  10.505270
1212543625  13.388643
1212630332  2.689982
1212642790  4.839740
1212799167  11.522937
1212806651  14.513592
1212812277  4.156227
1212895688  7.437425
1211347332  0.351972
1211857855  17.458715
1211905128  1.986161
1211905711  17.984234
1211926635  12.342080
1211947709  14.162920
1211947946  15.868022
1211950893  10.699353
1211964095  3.916361
1211964518  5.636817
1211964761  6.844707
1211966160  7.312333
1211968305  5.521459
1211969450  3.646644
1212007278  13.073758
1212018658  5.991275
1212037093  8.406633
1212037157  2.425356
1212066637  8.036995
1211063117  7.146721
1211064343  0.000000
1211064402  6.630021
1211249110  4.412461
1211251827  7.163215
1211252115  4.787991
1211334464  7.840382
1211635593  2.075082
1211635831  3.679282
1211636133  1.997632
1211647303  4.987472
1211647468  7.140610
1211849819  10.729920
1211916554  7.114844
1211685084  7.641265
1211735216  6.160794
1211735509  5.923109
1211735760  4.316848
1211756828  6.685483
1211764648  8.894510
1211843988  5.866296
1211844452  8.695844
1211861732  8.543329
1211861993  5.020781
1211930415  11.334633
1211935738  3.671588
1211936162  12.022256
1211943218  8.036995
1211943664  12.694302
1211944892  3.887168
1211947697  5.244266
1211948835  11.684015
1211952764  3.358391
1211953620  2.806197
1211954464  3.462208
1212018650  3.117170
1212019071  4.700339
1212019139  8.090703
1212020340  5.057414
1212100123  4.801679
1212127710  11.292801
1212162668  5.895480
1212204444  11.600560
1212557783  21.215811
1212557815  14.132693
1212588403  5.933650
1212591228  4.645741
1212591533  19.712955
1212591713  5.379964
1212591955  5.531369
1212592195  7.140610
1212618921  10.204802
1212623120  13.146519
1212624511  3.999581
1212647285  6.275487
1212681934  8.092748
1211035293  2.492535
1211035593  2.719590
1211035807  7.140610
1211036468  9.712337
1211036881  16.409950
1211036907  23.192051
1211037936  5.870070
1211076189  6.800581
1211271418  7.196426
1211399998  5.484250
1211400118  3.611000
1211910920  8.267203
1211911403  3.619939
1211911465  5.379964
1211911901  3.048486
1211912111  13.275543
1211937891  7.606427
1212019236  5.480812
1212019393  5.270718
1212255583  12.273206
1212267535  11.231189
1212268963  91.730736
1212270531  15.312587
1212331034  7.789756
1212332723  7.140610
1212334389  12.123845
1212335014  1.787763
1212336234  10.530961
1212336594  3.165578
1212339074  5.827693
1212341040  3.679282
1212342558  4.050745
1212342736  22.977062
1212344416  10.936658
1212344838  8.012894
1212346682  13.068551
1212355567  10.072188
1212576858  11.220214
1212576978  3.640574
1212577339  4.303745
1212577683  3.768199
1212577804  7.080355
1212578096  7.023551
1212579141  6.018333
1212580268  13.352784
1212833140  7.114717
1212882167  1.844517
1212927194  10.778495
1212930513  4.944709
1212931277  3.619939
1212931339  5.789683
1212931587  6.192034
1212931640  5.626738
1212932471  1.815697
1212932773  12.220673
1212933554  4.080659
1212935650  5.099231
1212935887  5.531369
1212936081  13.326781
1212937671  8.134733
1212937867  3.180945
1212939943  10.526478
1212944210  3.439048
1211037502  5.755939
1211247481  7.081871
1211258520  3.680389
1211262743  9.607581
1211262799  2.713601
1211266749  2.083580
1211351736  5.321168
1211352339  8.214638
1211358548  11.579241
1211359152  5.379964
1211359904  4.037356
1211360200  5.439179
1211363742  6.983411
1211364860  6.983411
1211365470  3.611000
1211365767  14.259198
1211556532  6.963743
1211642817  5.577203
1212067147  4.400711
1212068220  7.618266
1212194841  8.209956
1212223905  19.835464
1212423085  7.210090
1212451699  5.919960
1212512618  4.870907
1212520320  3.115987
1212618700  5.072245
1212684492  5.569020
1212692594  5.541382
1212721516  12.108947
1212756750  5.855179
1212820866  7.476946
1212869938  7.861290
1212905933  6.800607
1213066418  6.047187
1211311035  7.382711
1211595549  89.888420
1211595714  0.994052
1211674060  9.803210
1211674712  109.573257
1212117869  8.236411
1212289834  12.411872
1212290233  13.109230
1212422940  2.477698
1212438982  6.588383
1212506903  3.966525
1212507126  11.969833
1212508762  2.808815
1212520681  5.266485
1212680241  1.377007
1212887076  6.630021
1211385255  5.320426
1211624705  6.736576
1211736247  10.800963
1211842615  11.265179
1211912863  8.134733
1212006234  9.191496
1212006419  5.728458
1212030676  17.334759
1212200479  9.465494
1212373357  3.740604
1212373505  23.572248
1212480862  7.410239
1212590726  16.540415
1212767915  12.079329
1211064684  3.869590
1211090951  5.918340
1211156881  10.223403
1211367132  5.830752
1211367671  5.350013
1211368155  5.350013
1211368277  5.379964
1211368391  5.439179
1211369236  5.350013
1211369357  5.350013
1211370429  7.566600
1211423287  3.740604
1211423407  10.710915
1211468179  3.684675
1211468533  8.157537
1211590233  1.858772
1211591719  7.359818
1211594933  8.844564
1211601274  5.101908
1211732530  3.768199
1211732710  7.140610
1211732884  8.918721
1211733809  6.983411
1211922227  10.507110
1211973823  3.706425
1211974503  11.157758
1212077297  3.349795
1212196558  7.467312
1212196648  2.982710
1212246390  4.987472
1212246495  5.469630
1212247107  12.092364
1212265024  8.112849
1212591036  3.450365
1212762585  9.452041
1212764345  13.460737
1212801653  12.067948
1212803090  13.647785
1211733453  0.000000
1211733513  3.699548
1211734723  0.000000
1211734761  0.000000
1211734762  2.235534
1212120868  9.420497
1212167777  10.400491
1212463033  5.469630
1212593239  10.832742
1212593736  5.281981
1212602071  8.772513
1212683622  12.190248
1213030460  7.114844
1211923690  4.558025
1211923931  5.933650
1211924263  3.965802
1211936433  3.916361
1211936713  1.559255
1212047661  81.811958
1212470553  12.788391
1212470758  11.712776
1212473385  6.046705
1212474096  5.350013
1212474215  9.388128
1212597888  15.569957
1212614853  2.574759
1212633892  20.016260
1213073964  4.032119
1213076002  5.463706
1212065820  12.680613
1212215401  8.859254
1212455633  0.000000
1212455694  4.930226
1212625581  6.989264
1212978988  3.852158
1211342496  11.784796
1211381662  5.554158
1211394342  8.819109
1211776465  1.740656
1211989036  9.707260
1212197497  7.472563
1212256103  1.433601
1212260147  1.277775
1212289366  6.571054
1212438107  53.892605
1212591368  3.865139
1212592407  3.996161
1212600829  10.589111
1212764923  5.108462
1212875470  12.551952
1211072576  5.612394
1211081428  7.694352
1211208261  11.471579
1211301223  10.416297
1211303824  10.316548
1211303985  5.439179
1211304165  7.168205
1211304291  5.442035
1211375610  10.565578
1211513761  10.482443
1211610880  4.678348
1211661583  3.852158
1211731319  3.706425
1211731742  7.023551
1211731866  3.832067
1211732045  7.023551
1212198492  5.508407
1212377492  10.966133
1212543568  4.685369
1212557646  3.320131
1212560606  12.584226
1212764123  7.983512
1212764294  1.932136
1212764716  2.719590
1212936966  5.830752
1212937083  5.439179
1212954185  9.104400
1212954790  6.865833
1211076977  8.715856
1211265457  32.956661
1211269078  5.830752
1211269561  4.156227
1211356294  5.700934
1211446477  14.043893
1211524468  71.753090
1211573156  4.997649
1212007714  10.597788
1212394608  10.600595
1212717894  6.416558
1213005914  3.832067
1213007587  3.740604
1213007899  4.225667
1213069619  2.953108
1211244521  3.140000
1211244886  3.229885
1211645146  13.868622
1211736059  7.936893
1211915093  10.350376
1211930234  8.074712
1211971672  7.940761
1211972337  3.611000
1211972457  7.293288
1211972609  5.350013
1211972731  48.775776
1211982788  5.180171
1212006531  3.153310
1212009424  17.183039
1212039823  17.695347
1212327249  15.966938
1212400648  8.967075
1212516535  5.622851
1212546718  1.615763
1212614774  13.690965
1212946499  4.511146
1211226362  5.376505
1211472234  8.687565
1211492651  4.469407
1211492941  6.459770
1211549215  2.026010
1211628527  5.379964
1211628648  5.433808
1211628770  3.679282
1211951731  7.762482
1212579652  5.350013
1212613780  5.969407
1212627820  4.842773
1212699214  8.798793
1212699782  5.439179
1212784743  6.732463
1212882989  10.393793
1211170440  8.669689
1211172179  7.233295
1211172239  3.768199
1211173282  13.787912
1211179783  15.501784
1211181951  8.636258
1211321899  14.659720
1211566630  3.916361
1211695963  7.673217
1211998307  3.561667
1211998749  5.855179
1212182905  16.876198
1212637273  6.077366
1212637327  5.439179
1211385054  3.400549
1211385695  8.169342
1211387284  5.224622
1211387778  1.899932
1211467110  4.186888
1211467634  4.470559
1211467707  6.023105
1211472588  3.740604
1211472768  4.495586
1211472893  5.439179
1211473013  6.110593
1211492695  18.235571
1211492967  6.694322
1211815971  11.155938
1211988288  8.856596
1212007974  12.898806
1212074182  6.660220
1212074249  9.976864
1212074483  2.658847
1212074955  4.207407
1212075033  9.443769
1212078098  6.862753
1212078287  5.776018
1212078596  8.215777
1212509424  8.433182
1212509535  2.167101
1212509859  7.694973
1212603274  8.814183
1212605196  1.242799
1212614818  2.719590
1211358624  2.702432
1211606517  7.390150
1212231143  5.567220
1212231505  5.717945
1212602205  30.670776
1212768306  16.013357
1212953894  14.454996
1211321913  8.819109
1211321973  15.000395
1211391745  11.600254
1211546205  5.293190
1211563069  11.341742
1211673220  9.793869
1211909005  15.852443
1212182511  3.289228
1212484293  19.668509
1212542272  7.749959
1212585823  29.020416
1212607572  18.522909
1212798115  3.161074
1213014789  3.024977
1211075555  1.756226
1211214022  7.134300
1211245790  52.362419
1212162464  2.038677
1212162585  4.080659
1212162766  4.639948
1212163204  2.356896
1212203567  12.472235
1212223508  7.237501
1212306152  34.000900
1212406319  13.605087
1212420682  0.000000
1212420742  0.000000
1212420802  3.761208
1212420923  5.352821
1212421105  5.350013
1212421226  5.249261
1212430750  7.778022
1212765110  5.442035
1212858254  7.332617
1212444966  6.011128
1212591556  3.349795
1212608820  3.740604
1212610710  5.531369
1212695446  5.480812
1212695506  6.872766
1211419895  6.133667
1211548895  5.183017
1211755375  3.635318
1211761971  5.011786
1211916553  1.874268
1211923526  6.367604
1211930790  12.607191
1211944793  7.398907
1211945005  1.964338
1211945365  15.874475
1211983267  3.680389
1212063190  5.545555
1212091460  6.065844
1212095760  6.275976
1212098646  3.740604
1212116132  6.175856
1212168700  10.585626
1212172358  6.279271
1212238463  9.313839
1212238575  4.186888
1212246486  6.282069
1212246599  10.404860
1212456378  19.243486
1212456655  3.768199
1212457018  6.479763
1212457299  8.231428
1212460454  10.291716
1212460587  6.663716
1212460854  4.987472
1212460899  4.816312
1212461302  8.512778
1212472299  10.711141
1212506280  7.391179
1212633150  3.267994
1212653015  6.386770
1212653135  8.391395
1212653327  12.819439
1212654833  5.107648
1212799096  13.560283
1212808810  11.812433
1212808843  6.649763
1212815877  9.596187
1212963709  6.364950
1213023188  6.515674
1213038529  8.481843
1213044524  10.632938
1211022952  18.380367
1211076366  6.898434
1212020972  3.680389
1212021117  7.996211
1212100609  6.870439
1212117614  9.273554
1212190465  8.994864
1212262169  11.885643
1211026681  9.579589
1211042829  16.813778
1211057296  1.936743
1211075374  30.528637
1211204810  2.675006
1211205982  7.308428
1211206961  12.601076
1211409238  6.948997
1211409899  14.125291
1211411274  6.183727
1211412136  10.391266
1211493289  3.768199
1211493637  4.895685
1211624890  11.132870
1211948474  8.810106
1212006563  7.261638
1212007348  3.679282
1212087885  7.440698
1212117187  13.840856
1212154200  5.442035
1212157552  6.746778
1212349801  0.805191
1212362342  11.060116
1212362597  7.210674
1212462767  10.878359
1212462908  6.563556
1212463651  3.620055
1212631939  9.164914
1212632061  2.003057
1212721518  12.978375
1212866736  5.567220
1212955266  6.296946
1212961624  11.339765
1212961802  2.074238
1213033483  2.633243
1213033607  9.402130
1211082267  10.630383
1211150650  3.937478
1211247419  8.312453
1211379342  7.963953
1211379506  3.349795
1211379573  6.983411
1211379809  7.080355
1211403665  8.608500
1211899072  6.462738
1212014291  1.874268
1212206042  3.374506
1212206222  5.249261
1212414764  4.302269
1212505293  7.530073
1212505351  9.861051
1212605838  7.239637
1212887967  5.763379
1211089144  3.467811
1211224971  6.563980
1211234741  3.832067
1211235049  8.278876
1211236114  7.642944
1211249553  9.895286
1211319808  7.233295
1211320098  4.947304
1211320704  5.439179
1211320945  3.835068
1211321081  52.234547
1211407395  3.506816
1211407825  4.978773
1211409977  6.157562
1211494145  6.527015
1211494255  4.911148
1211494563  6.739831
1211498080  1.787763
1211509950  8.572791
1211597337  5.982798
1211604827  11.265179
1211938885  3.291763
1211939095  3.345808
1212013114  3.982740
1212021653  10.197638
1212026145  10.066207
1212028962  5.945174
1212098540  5.840891
1212098718  4.944709
1212098784  3.140166
1212099235  5.082618
1212106744  2.278521
1212213852  13.234599
1212444694  2.944311
1212444997  4.741719
1212538459  5.891675
1212538532  6.178823
1212540343  4.607483
1212540436  4.777886
1212550848  2.176798
1212623550  2.112811
1212638356  2.112811
1212697143  9.151972
1212710694  6.032705
1212710969  4.222727
1212714209  4.087924
1212804133  7.805299
1212878966  4.999609
1212881470  6.384943
1211118502  4.662154
1211120548  4.399539
1211120736  5.475765
1211246595  6.925602
1211330085  7.279070
1211330206  3.768199
1211599826  4.822849
1211600614  8.099059
1211605668  6.941002
1211679259  160.408020
1211765592  3.679282
1212072290  2.738592
1212073560  6.660220
1212073654  10.253131
1212074423  0.693296
1212074658  0.952497
1212075031  85.531998
1212105095  5.273251
1212112324  8.692821
1212114443  3.680389
1212126553  7.969988
1212420336  3.768199
1212457167  16.666155
1212462662  12.688727
1212629263  19.654247
1211036432  5.484250
1211127303  4.879048
1211342028  9.630131
1211386604  10.797793
1211485376  13.327046
1211511007  5.304011
1211557594  3.619939
1211945669  5.195391
1212018576  3.561667
1212031583  0.000000
1212031589  5.497774
1212033932  3.680389
1212087893  5.449026
1212153335  5.610386
1212590926  8.814183
1212636403  3.496797
1212682957  5.263722
1212683080  11.681805
1212710505  4.433175
1212877141  8.265247
1212886594  3.524661
1212891544  15.408258
1212895492  8.601724
1212904296  6.434938
1212936338  17.185373
1213025797  17.875803
1211123520  1.660066
1211170397  11.156753
1211304511  0.000000
1211304513  7.133086
1211328747  3.345605
1211337346  2.248168
1211337529  4.190880
1211340780  6.445486
1211348481  0.290892
1211350970  11.672278
1211440739  0.691836
1211523138  3.932039
1211527503  8.938297
1211589488  7.513847
1211604136  2.192539
1211616738  9.354437
1211617139  1.327326
1211691652  5.781068
1211696873  5.875982
1211736790  2.090827
1211851950  3.058964
1212032063  3.452865
1212034392  6.655916
1212034558  7.115608
1212045995  11.181101
1212047339  0.546929
1212113814  5.411357
1212132535  7.185681
1212133343  11.332037
1212293232  0.719347
1212293544  1.820672
1212451561  8.967075
1212451621  8.481807
1212622633  2.112811
1212633173  1.441226
1212650467  3.671588
1212651727  0.689449
1212709227  5.076811
1212763496  6.237627
1212837005  3.740604
1211381029  3.832067
1211381396  3.074469
1211381469  38.851635
1211565710  12.635774
1211565991  16.619747
1211666742  1.114730
1211669569  6.531781
1211988500  16.542011
1211988529  3.506816
1211988833  5.020781
1212105297  10.045699
1212105640  4.421633
1212113152  10.125628
1212114698  4.462549
1212118655  9.525572
1212449969  9.733068
1212450030  5.127778
1212454050  1.760676
1212535929  6.466958
1212536395  6.607004
1212544402  6.845317
1212549268  7.185681
1212549610  105.897026
1212556851  4.455886
1211121909  3.801944
1211123000  8.403769
1211426965  5.936224
1211488416  3.955420
1211914672  11.674821
1212095639  10.469229
1212522613  1.716481
1212522855  7.838924
1212692490  13.992291
1211082561  6.801351
1211482823  4.399539
1211483071  4.061113
1211903444  2.582324
1211905536  3.740604
1211905596  3.646644
1211938626  3.916361
1211942617  11.373222
1211946616  7.233295
1212022926  0.000000
1212022987  0.000000
1212022997  5.212426
1212370131  3.452865
1212374611  6.551970
1212631433  6.988296
1211158562  3.583405
1211381999  7.662279
1211465362  0.000000
1211465407  0.000000
1211465408  5.576060
1211917322  4.370321
1211931447  8.994864
1211988061  4.298676
1212061145  12.601077
1212242873  10.125901
1212243474  3.562480
1212244334  0.796445
1212248562  9.358832
1212248982  3.252699
1212249051  3.898137
1212417094  5.660007
1212545802  7.067883
1212730864  10.262611
1212730984  2.036818
1212803630  3.740604
1212830183  9.047833
1211184224  7.242581
1211212628  1.302253
1211335969  6.530595
1211341083  3.895980
1211559973  10.939260
1211603399  3.505132
1211736430  6.311111
1211736624  10.298705
1211987371  10.908261
1212604433  8.726884
1211041872  8.272427
1211079806  19.696363
1211400939  6.685984
1211447860  5.484250
1211448107  7.819860
1211448222  3.916361
1211481916  4.662154
1211482216  7.140610
1211484503  4.944116
1211790140  12.770055
1211899965  8.665678
1211900026  5.730844
1211966570  15.527785
1211988292  8.556071
1212187102  10.077688
1212203659  9.517184
1212203804  8.400718
1212423480  2.877388
1212651079  11.093857
1212651200  5.469630
1212651335  7.094582
1212651742  4.972391
1212651808  5.099231
1212894379  5.797229
1211123344  1.708891
1211346545  3.685919
1211386393  2.553386
1211511719  7.897787
1211550339  10.710773
1211756704  15.237483
1211903274  11.610707
1211903394  5.658238
1211903452  12.174916
1212069338  19.163448
1212424845  1.957668
1212768742  6.975233
1213025568  9.627002
1211432478  7.739181
1211464410  14.967558
1212156392  5.428500
1212206449  6.043533
1212422782  14.021640
1212556594  5.540398
1212556893  7.694352
1212637319  3.740604
1212717518  12.458473
1212802270  5.442035
1211122279  39.156006
1211164081  3.257641
1211174368  12.511494
1211176554  10.904541
1211300393  5.531369
1211300518  5.936765
1211469431  3.478338
1211469880  8.259475
1211472588  4.370321
1211504668  5.664010
1211576021  7.185681
1211576392  3.869590
1211576450  5.895480
1211577974  5.379964
1211578401  2.911991
1211589048  3.876476
1211589192  4.614121
1211821435  10.400636
1211995384  6.043533
1211995650  11.889414
1212010570  7.129853
1212085012  12.482367
1212085565  7.023551
1212085928  9.010391
1212092556  7.185681
1212117036  18.317900
1212165034  3.265961
1212256317  15.821266
1212448277  9.449045
1212508667  7.094582
1212508901  20.721550
1212519672  1.426936
1212526871  11.085222
1212552891  6.434938
1212603420  5.564073
1212679281  5.966869
1212769007  2.313469
1212769213  4.186888
1212859530  24.837763
1212863119  9.798656
1212863412  7.517508
1212863764  8.645231
1212909496  6.072406
1212970382  6.812871
1212972952  6.697506
1211528039  10.132790
1211535602  3.071490
1211991297  14.136123
1212477657  19.249872
1212477751  1.683718
1212731258  8.986277
1211049215  6.765861
1211120789  6.120421
1211121503  6.099093
1211123326  4.712053
1211124525  5.586524
1211125399  10.534176
1211125591  6.929033
1211135612  4.521022
1211136834  7.236212
1211442774  8.267885
1211669142  8.493623
1211671500  1.765873
1211672552  0.264741
1211674636  9.275189
1211678952  1.506698
1211681071  128.992020
1211681145  5.439179
1211685700  5.730572
1211688443  3.937478
1211766417  5.084683
1211772559  9.307874
1211912347  7.239879
1212201394  5.132059
1212202572  27.130323
1212206844  3.706425
1212206905  15.301307
1212210245  12.378280
1212216682  4.433616
1212217579  11.025564
1212375502  11.027848
1212813698  13.794023
1211053052  3.679282
1211053173  8.719733
1211084288  4.410677
1211162324  4.398252
1211167641  5.484250
1211328949  10.399674
1211412744  3.671588
1211824053  14.341173
1211824563  5.020781
1211825229  3.162736
1211825451  10.142076
1211849696  8.967075
1211849756  6.868928
1211850635  8.810106
1211861431  9.737195
1211931495  3.583405
1211952451  5.439179
1211952571  8.004336
1212810963  1.969569
1211258916  5.020781
1211272425  3.478338
1211272546  7.140610
1211272666  5.469630
1211272786  5.350013
1211274336  7.110978
1211274497  9.010391
1211274557  8.664647
1211274678  8.876835
1211278622  8.445413
1211308957  7.067883
1211309018  9.292025
1211342768  10.825918
1211381855  15.795526
1211382621  6.989264
1211558686  9.625765
1211694204  5.096655
1212472512  4.793205
1212571636  11.287722
1212571939  5.439179
1212572190  5.439179
1212572575  5.541382
1212572874  3.400549
1212572940  4.012222
1212573143  7.412304
1212573449  18.530760
1212645798  17.436836
1212645858  12.434455
1212899900  14.698978
1211080566  18.866690
1211238259  4.598903
1211258766  8.925762
1211260676  6.367604
1211304254  12.093419
1211559188  311.461914
1211861555  3.014559
1211932462  7.707599
1212116798  3.631241
1212196717  6.538793
1212779754  10.845863
1212888336  7.409052
1213038846  1.739816
1213055867  3.680389
1213066707  2.112811
1213067064  2.270957
1213071424  6.359175
1213080687  2.420929
1213081539  934.313782
1211399027  1.936743
1211416814  8.300154
1211746570  5.256803
1212083405  6.782735
1212220565  8.956137
1212645161  11.145948
1212645926  15.452540
1212802727  7.214349
1212889592  7.109500
1211302841  9.653440
1211334293  8.571844
1211399646  4.550718
1211473226  3.943956
1211473408  4.675755
1211473456  7.143203
1211660643  18.670366
1211859979  11.393255
1211934969  12.087571
1211939863  4.080659
1211940168  16.476992
1212203703  14.833520
1212548696  9.871997
1212629565  3.932682
1212629927  4.915042
1212629973  14.749359
1212646582  5.908217
1212676934  5.827693
1212677056  16.478331
1212721881  5.469630
1212965103  6.782735
1211081397  2.788983
1211095706  4.592772
1211124006  7.770327
1211423455  8.967075
1211424054  1.532163
1211484884  0.156585
1211609295  1.335685
1211671469  12.494998
1211678044  8.259475
1211833471  3.561667
1211892867  5.256803
1211893558  10.589703
1211904158  10.415502
1211940195  3.506816
1211944414  5.340427
1212199793  6.212356
1212284060  6.493821
1212284757  2.888060
1212285891  1.725707
1212286207  24.492352
1212497507  5.439179
1212525248  7.615042
1212802588  6.386770
1212802788  11.723262
1212887535  11.257663
1212890688  3.782601
1212896471  9.458848
1212974037  3.679282
1211237113  5.180171
1211242623  9.946133
1211495753  5.180171
1211567957  5.484250
1211568137  7.023551
1211568405  9.347900
1211676884  6.296946
1211677065  3.571712
1211677415  3.740604
1211677656  10.006404
1211771787  10.204802
1211771847  3.611000
1211843801  7.015248
1212041015  9.941065
1212259474  8.994864
1212290481  11.868252
1212436950  3.588761
1212437555  7.907979
1212536474  7.179387
1212536609  7.192672
1212544952  11.880239
1212623530  2.602736
1212883669  3.679282
1212883730  3.768199
1212883970  12.087571
1211174159  12.308081
1211176753  8.554318
1211178640  5.484250
1211231503  3.452865
1211231921  5.812565
1211268497  10.760490
1211339175  7.185681
1211381630  8.038269
1211385272  6.144176
1211385524  15.024843
1211386770  1.824685
1211387147  35.703053
1211472771  0.385164
1211488917  4.156227
1211548240  6.065844
1211552191  2.075082
1211552313  2.853720
1211932317  10.274778
1212111005  3.768199
1212111065  7.642944
1212113531  2.721017
1212214128  11.798796
1212276389  7.323829
1212416698  7.386837
1212417114  3.708392
1212437533  5.442035
1212437678  5.531369
1212437797  6.591332
1212517822  9.449045
1212528123  7.140610
1212533990  7.819860
1212534045  3.452865
1212534110  7.168205
1212534170  2.112811
1212758350  6.983411
1212759308  13.215159
1212779339  4.300086
1212779389  19.569025
1212791936  3.560328
1213074823  6.019153
1211210477  11.039005
1211466585  7.224457
1211911877  16.420155
1211989688  1.128200
1212072367  2.916197
1212072483  7.365476
1212205240  8.924750
1212205339  8.114949
1212674565  5.385452
1212678035  7.233295
1212678095  8.004336
1212678151  14.492290
1211119653  8.682465
1211204907  7.023551
1211206259  3.434464
1211229825  4.533088
1211321717  22.247280
1211391157  13.066173
1211652086  7.187017
1211825563  13.232668
1212177759  4.051408
1212199611  8.397448
1212289630  8.796734
1212304080  8.837693
1212306068  5.556288
1212526116  47.253757
1212614176  10.602733
1212706565  8.399152
1211101862  15.989100
1211204222  12.226089
1211208867  9.189829
1211209042  5.350013
1211209530  9.607688
1211257754  18.627678
1211315898  3.966525
1211477059  16.599333
1211705043  6.735219
1211945823  11.233241
1211961444  17.176355
1212027061  6.696753
1212056686  3.937478
1212056868  3.832067
1212085415  7.831201
1212381315  5.459426
1212418722  8.819109
1212435566  5.442035
1212507388  14.771837
1212558275  3.687659
1212577011  5.394344
1211073736  2.526187
1211867782  11.381676
1211929784  5.457479
1211985322  8.262609
1212000060  1.854845
1212000358  7.060919
1212034183  6.209226
1212034303  5.090095
1212034457  0.976509
1212242132  5.325374
1212505177  7.233474
1212599435  5.701252
1212709105  3.660130
1212717698  6.280495
1212721451  7.178601
1212862208  13.122602
1212865333  13.382573
1212865374  5.084939
1212969108  29.834345
1212982588  7.233295
1212982704  1.964338
1211044317  11.466342
1211044373  5.895480
1211044736  6.983411
1211053973  11.419855
1211148304  3.768199
1211156137  6.753569
1211173771  4.982556
1211213300  8.977449
1211244668  5.223165
1211244769  6.434859
1211266638  5.439179
1211267812  6.043533
1211309320  5.439179
1211424783  7.534716
1211425920  10.580015
1211498073  11.590956
1211498146  7.890109
1211554003  12.388858
1211554555  14.233580
1211554916  3.161074
1211555646  9.442347
1211556068  8.952310
1211564391  11.332098
1211565385  2.330903
1211579005  7.354032
1211581732  5.285737
1211696418  7.279070
1211915714  7.185681
1212025091  13.029405
1212028695  7.593537
1212363470  5.694784
1212676356  7.140610
1212722627  8.352976
1211119658  8.000896
1211122177  9.162416
1211177342  9.099334
1211411635  11.199949
1211643768  6.474429
1211644706  5.442035
1211644827  5.439179
1211645113  13.990976
1211735730  17.498409
1211917444  3.740604
1211931454  8.847408
1211945386  8.291170
1212030038  3.916361
1212086850  7.261206
1212242452  7.427588
1212254501  26.202421
1212521446  3.852158
1212524167  7.426139
1212537865  5.772894
1212594728  7.644619
1212600133  16.294260
1212602704  3.869590
1212931257  5.048889
1212972872  3.646644
1211067469  9.588276
1211250666  14.680079
1211341344  5.484250
1211341404  7.140610
1211391536  4.508265
1211590263  5.166733
1211602705  5.927242
1211677515  10.364831
1211687412  0.000000
1211687432  6.960650
1211845900  5.660007
1212019112  7.384472
1212388955  3.879301
1212443023  8.819109
1212443083  3.768199
1212443258  1.777745
1212447716  3.620055
1212448066  8.572289
1212461960  14.366287
1212467356  5.484250
1212518406  8.558604
1212543320  8.476720
1212605772  8.790274
1212638633  3.966846
1212640939  10.196375
1212767792  7.369292
1213028042  9.022346
1211120149  10.388820
1211148646  8.810709
1211162149  5.343225
1211224234  11.462314
1211320021  11.111638
1211338647  5.857274
1212758821  8.831281
1212959882  7.990328
1212960234  75.363976
1212984374  10.388820
1213032726  7.067883
1211035878  11.484015
1211036529  7.140610
1211037321  1.063804
1211919059  2.222141
1212023451  7.835374
1212024010  2.026729
1212024251  7.240963
1212459984  3.588761
1212461922  13.234674
1212461971  64.040985
1212613222  11.866817
1212874243  3.452865
1211039708  5.439179
1211120898  3.679282
1211120959  1.964338
1211147624  26.707018
1211162335  9.661673
1211197639  7.233295
1211197699  3.768199
1211200059  1.936743
1211330936  7.185681
1211589629  6.496943
1211821436  10.387906
1211821859  6.120546
1211822804  9.495550
1211822985  13.822412
1211823045  19.600271
1212019230  5.233936
1212094596  7.224598
1212195736  3.680389
1212279051  9.739248
1212386078  10.418321
1212430840  8.967075
1212465109  3.966525
1212539351  13.493455
1212543109  9.686618
1212546506  5.350072
1212624702  3.916361
1212629730  9.468279
1212633532  14.964452
1212634630  7.332617
1212799068  7.484560
1212806930  9.421752
1211115995  0.000000
1211115997  8.251514
1211164538  6.224284
1211164922  8.939731
1211497007  7.114717
1211497128  6.943634
1211497176  2.001774
1211508980  86.143211
1211771839  12.025661
1212039945  8.669370
1212040306  7.749959
1212041097  10.008547
1212041343  2.142183
1212047312  10.855538
1212047376  6.491463
1212047924  7.964672
1212048036  3.679282
1212048277  3.706425
1212048398  7.023551
1212048817  7.050693
1212048878  3.740604
1212048938  1.932136
1212049148  5.439179
1212049328  7.140610
1212049448  14.429285
1212049787  4.325819
1212053313  7.114717
1212053374  5.562335
1212110204  28.598133
1212127985  3.916361
1212130481  20.701271
1212183676  3.588761
1212183888  10.726055
1212256662  6.744481
1212257700  5.717945
1212337248  2.765684
1212774638  9.121982
1212796448  5.875982
1213033982  2.781168
1213034523  7.436008
1211038620  7.662179
1211052189  6.928266
1211227913  7.734027
1211229479  15.341073
1211255568  7.532178
1211422367  2.969621
1211424052  47.532356
1211769801  3.742768
1211857008  7.482719
1211858066  8.365857
1211987336  9.912275
1212813383  11.831699
1211119888  17.739960
1211156982  6.154040
1211213088  13.298700
1211226085  6.199661
1211989247  213.895599
1212176657  6.684704
1213034215  363.889130
1211125445  6.386770
1211167886  5.011786
1211553677  5.577203
1211767068  5.340427
1211767527  8.278876
1211842575  6.789747
1211852010  1.815697
1211853734  5.484250
1211854393  8.153323
1211856271  5.429434
1211856835  5.439179
1211857125  1.883394
1211863528  29.721960
1211943818  13.898046
1211951917  10.965894
1212195216  3.944181
1212229526  3.768199
1212230167  7.185681
1212385271  4.875592
1212442293  5.263722
1212442355  7.469385
1212444450  7.114717
1212461531  11.007852
1212466200  10.709452
1212553416  3.255509
1212557630  3.740604
1212635196  8.745370
1212708957  10.189753
1212806400  6.962821
1212809455  4.079954
1211309698  3.514104
1211310365  14.630913
1211316275  7.530073
1211462775  14.907985
1211872604  4.436714
1211897319  5.350013
1211897509  5.933650
1211897898  5.439179
1211898379  1.708643
1211898629  6.329422
1211911041  6.844778
1211991921  7.499663
1212015958  5.567220
1212097620  5.350013
1212100394  5.100823
1212100438  109.392601
1212100562  1.773326
1212102355  5.660007
1212430961  3.151470
1212439238  3.349795
1212439305  6.386770
1212445002  6.527015
1212445117  5.821908
1212451998  11.252150
1212460044  3.301128
1212461058  5.469630
1212461365  6.943634
1212461545  6.311111
1212478308  13.030643
1212478828  4.915042
1212478981  7.023551
1212654028  3.740604
1212736172  23.974392
1212978255  4.977172
1212978396  6.647661
1212978541  5.802034
1212980710  5.020781
1212980775  2.853720
1212981026  6.157562
1212981160  7.417745
1213026496  12.226031
1213036368  2.526187
1211062681  8.757890
1211063356  9.441603
1211064317  10.223403
1211078345  7.614598
1211082173  13.814732
1211085025  9.963417
1211085143  13.824075
1211098305  13.379755
1211338962  7.163215
1211500038  9.787094
1211604446  17.543535
1211643275  5.429434
1211644066  3.679282
1211644604  5.379964
1211647358  3.680389
1211647658  3.768199
1211647877  10.560413
1211648799  41.054844
1211652014  6.093611
1211653272  1.961692
1211653399  3.706425
1211653652  11.358059
1211655450  13.554009
1211656660  7.726653
1211658473  5.340427
1211664906  5.626738
1211775815  13.935164
1211855407  3.425635
1212004650  9.151237
1212105433  6.324013
1212105654  26.430319
1212107532  7.159741
1212112996  8.657327
1212119321  2.529851
1212119501  6.300538
1212132748  1.874268
1212134528  5.350013
1212166894  3.562480
1212166957  5.248104
1212175865  5.449026
1212434509  6.080083
1212441915  10.236503
1212451658  13.302269
1212462841  10.095805
1212463803  5.725452
1212556491  15.599216
1212616180  6.781214
1212634277  6.563556
1212634327  5.439179
1212682935  10.367671
1212773887  7.036460
1211141761  3.602041
1211251833  4.632218
1212190371  8.410744
1212190434  6.958627
1212505018  14.182076
1212706289  2.075082
1211135367  12.051074
1211157726  7.519671
1211316008  5.480812
1211507316  5.294029
1211578858  10.254837
1211633221  7.185681
1211633739  5.439179
1211637177  5.484250
1211637538  5.023417
1211637603  5.531369
1211638272  4.732747
1211638972  9.661673
1211646139  8.396538
1211653971  9.104328
1211834252  7.023551
1211834374  3.768199
1212026687  10.386141
1212171661  9.692809
1212183710  6.350855
1212282531  7.642944
1212282697  6.388392
1212361982  3.327530
1212450080  5.469630
1212471776  11.168972
1212477463  10.546502
1212503742  5.439179
1212517522  3.740604
1212517582  7.642944
1212547942  9.867682
1212554582  2.324092
1212605235  8.425385
1212645358  6.451628
1212788373  5.610386
1212789290  16.832575
1212868861  4.733693
1212947052  7.940761
1212973361  7.233295
1212973444  10.988701
1211039841  0.000000
1211039854  6.447784
1211130508  6.713906
1211250676  8.121544
1211832296  6.289822
1211832365  13.539253
1212032839  10.244756
1212037420  4.795544
1212108461  6.033114
1212203841  7.233295
1212375229  6.870439
1212375781  1.684481
1212617514  8.083458
1211171408  7.398907
1211230571  7.653579
1211231048  3.717921
1211257400  9.093644
1211330338  7.519161
1211492198  5.141484
1211492262  5.224836
1211493501  11.573814
1211506150  5.135427
1211507256  7.544163
1211688802  10.611009
1211739211  3.619939
1211739273  5.115686
1211834637  6.591332
1211835014  4.915042
1211835378  6.798636
1211838426  4.799276
1211839208  4.399539
1211847287  4.732495
1211850947  3.742768
1211857941  12.025605
1211858169  5.658238
1211858227  9.076888
1211869421  5.442035
1211873996  5.966869
1211913635  7.218026
1211914236  4.810008
1211917689  0.233623
1211940054  3.619939
1212002914  4.176488
1212037976  19.745552
1212153262  3.966525
1212169483  15.017860
1212241937  5.101431
1212244859  1.904993
1212249086  5.024265
1212249494  4.799276
1212249802  5.336749
1212251308  8.082603
1212251411  209.502319
1212253591  9.093644
1212353297  5.442035
1212353663  5.577203
1212355699  3.646644
1212355941  5.789683
1212356015  6.002920
1212467899  5.359698
1212474361  12.041639
1212522092  0.822809
1212540408  9.439400
1212544630  4.162210
1212546899  9.729514
1212612704  3.661851
1212612821  3.551803
1212642969  5.534273
1212700556  3.505210
1212700679  5.180171
1212701421  10.485166
1212810045  3.003139
1212845143  3.252699
1212896639  3.161074
1211472155  7.134300
1211472201  3.355678
1211472384  4.532650
1211472622  29.109539
1211603349  5.802106
1211817616  9.848394
1211942860  6.237627
1212083233  5.439179
1212087368  11.865902
1212242325  16.178766
1212435052  5.772894
1212543873  9.313736
1212629636  3.680389
1212629731  2.234704
1212781672  5.442035
1212875797  3.417487
1212876260  7.440373
1212933671  8.267915
1211073800  9.267399
1211248478  3.999581
1211297991  5.933650
1211386244  3.951612
1211591782  4.245920
1211591949  6.822183
1211598987  2.953384
1212087454  8.642576
1212201522  7.426337
1212359327  9.619617
1212626226  7.354032
1212722057  5.048889
1212722368  14.779301
1212787855  7.115608
1212850182  3.965802
1213055986  1.936743
1213078077  7.140610
1213079097  13.233073
1213081778  3.768199
1213081898  6.591332
1213082143  4.110763
1211113965  3.679282
1211209840  8.471762
1211211736  1.936743
1211213829  12.211454
1211215382  6.452059
1211215433  1.884099
1211236570  5.024265
1211236916  2.026010
1211237339  5.352821
1211312900  1.004244
1211317148  3.632847
1211318919  8.316355
1211319730  6.068896
1211330927  5.054676
1211435421  5.484250
1211435481  7.316367
1211482538  3.768199
1211556949  1.783575
1211557242  0.759997
1211559956  5.469630
1211561732  4.879048
1211582009  10.024114
1211654569  3.804004
1211654628  2.856418
1211899453  4.662154
1211899643  4.471756
1211900110  5.933650
1211900282  8.083709
1211900576  1.841567
1211900776  13.408508
1211901307  8.480476
1211901706  4.470559
1211901779  4.533088
1211934125  2.371522
1211999363  10.790156
1212002894  5.936765
1212008970  7.050693
1212013850  6.722916
1212014029  6.694322
1212019441  5.754775
1212034575  1.817450
1212044486  8.204975
1212073450  5.728458
1212077933  11.590956
1212089322  7.114717
1212089565  5.442035
1212090784  2.702432
1212178752  6.848329
1212463720  2.571040
1212465783  2.192539
1212469848  10.796194
1212475667  1.075215
1212504671  4.756200
1212505038  3.506816
1212505218  1.592707
1212505501  3.768199
1212505561  42.843658
1212507696  3.768199
1212507891  9.543087
1212511053  8.656283
1212521445  5.429434
1212530350  3.761208
1212530590  5.350013
1212530651  5.562335
1212530892  3.679282
1212531014  3.611000
1212531196  1.904993
1212531910  5.379964
1212532298  3.916361
1212533723  7.187017
1212543163  6.557728
1212603844  7.233295
1212612672  8.622817
1212612722  4.662154
1212614087  7.749959
1212614143  1.805500
1212615076  4.732204
1212617716  4.947304
1212625418  1.684124
1212627796  3.991660
1212677225  3.397282
1212701488  5.629691
1212704740  5.660007
1212706090  5.352821
1212764260  3.729867
1212766836  1.708891
1212766963  4.110763
1212767657  14.182076
1212770148  4.286396
1212777743  4.362382
1212782874  13.216522
1212815181  21.361967
1212887863  7.589553
1212887961  4.037356
1212890818  8.213185
1211335602  10.786125
1211338425  11.238191
1211346185  17.638218
1211349555  7.585711
1211350153  3.998012
1211406902  24.060051
1211420580  8.939925
1211426870  6.011128
1211484941  7.569039
1211489603  10.288601
1211500374  2.151937
1211501855  3.740604
1211501915  15.306864
1211521466  9.560994
1211530702  9.105584
1211530953  6.133667
1211591554  5.469630
1211591736  3.620055
1211600536  12.510379
1211646422  5.223165
1211646521  3.532686
1211674165  13.156914
1211675783  8.222663
1211756741  5.817251
1211785836  8.283001
1211950627  3.998106
1211952102  0.621707
1211955400  5.442035
1212075914  5.469630
1212075974  3.635318
1212076156  7.168205
1212085162  27.169088
1212110036  6.737828
1212202350  8.274296
1212202449  12.107562
1212207623  3.768199
1212215567  5.936765
1212291356  9.615129
1212364333  5.626738
1212371491  11.495767
1212372940  12.898389
1212374088  5.233936
1212421649  3.452865
1212431232  3.140166
1212448325  3.506816
1212465147  10.775742
1212472171  1.936743
1212472510  5.350013
1212499630  4.796415
1212513413  0.718431
1212526286  5.990324
1212539882  10.790156
1212545130  5.429434
1212552303  7.557250
1212558935  8.967075
1212558995  6.563556
1212559483  7.023551
1212561644  3.562480
1212601294  4.199435
1212641016  13.957175
1212647094  9.895286
1212706698  5.484250
1212706775  1.936743
1212716142  5.786322
1212736114  2.198885
1212740593  5.390962
1212782862  4.651682
1211167982  8.420930
1211214361  5.838242
1211231050  8.437385
1211245222  15.854257
1211245392  14.834126
1211320271  10.370197
1211912952  6.526001
1211914430  2.591445
1212442171  12.226089
1212448444  3.740604
1212703540  3.879301
1213026812  3.909169
1211051241  7.962203
1211304106  14.184020
1211316249  5.469630
1211316490  5.281981
1211317633  11.064925
1211317876  5.350013
1211318058  11.371210
1211391528  4.186888
1211391791  6.327981
1211561819  8.692821
1211561988  3.740604
1211575797  23.224321
1211603609  5.617630
1211869277  10.611938
1211910060  2.106534
1211914282  15.388703
1211915855  14.357203
1211924440  3.888484
1211926567  5.469630
1211926692  6.399035
1212004861  10.496557
1212019045  14.991955
1212034657  6.053421
1212034788  3.932890
1212099305  11.866817
1212099365  4.898176
1212099743  7.094582
1212099909  3.943956
1212100486  5.469630
1212168770  2.712213
1212245001  21.699886
1212291304  9.151972
1212472920  11.346724
1212473799  13.614464
1212517987  7.740695
1212524283  0.512436
1212527890  4.664601
1212528013  3.364441
1212528494  6.449827
1212528620  13.625672
1212603880  6.296254
1212696225  5.367057
1212720008  6.452059
1212730158  35.649265
1212734083  7.450319
1212741152  9.643621
1212767853  6.868928
1212780058  3.679282
1212947387  5.610773
1212986539  2.834683
1211261821  0.703001
1211332480  5.869180
1211334743  9.883904
1211416832  4.767623
1211417887  2.742521
1211418020  4.316082
1211422735  1.964338
1211423922  4.810467
1211424271  3.790026
1211559795  3.699548
1211592845  3.913720
1211599145  4.799276
1211599385  5.439179
1211914678  7.304884
1211992414  9.562232
1212037071  8.015580
1212048534  10.602092
1212048590  4.574356
1212048831  13.653728
1212050670  2.949512
1212050911  2.142914
1212051507  6.685984
1212052049  7.494120
1212163221  3.450365
1212281177  8.690628
1212459583  10.790156
1212546818  5.567220
1212639961  6.879379
1212640032  3.939273
1212861366  4.370321
