1211256564  11.339802
1211333692  12.865921
1212538448  8.596486
1212867211  12.409428
1212176453  5.771648
1211479440  7.097097
1211967766  3.188973
1211708828  15.844963
1212307974  20.402403
1212954335  3.353920
1211472714  0.000000
1211472752  6.707839
1212006211  20.076185
1212078984  4.275232
1212888560  3.242122
1211448346  0.000000
1211448406  0.000000
1211448425  8.596486
1211855664  9.551652
1212203125  5.947371
1211122223  3.188973
1211124844  8.570879
1212423638  125.885445
1212462030  4.763989
1212559365  3.472772
1212971452  8.455561
1211260811  552.095093
1212296203  21.002089
1212730060  14.260646
1211814874  8.274816
1212067133  10.951213
1212604831  6.479705
1211237751  6.557045
1211248628  6.147229
1211768310  6.125584
1212008596  8.062218
1212178360  6.203500
1213004074  19.280636
1211206169  8.059206
1211220143  7.025405
1211466922  11.297963
1211468215  5.119140
1211541028  11.217307
1211623111  15.772808
1211861855  17.809519
1212665173  5.066192
1212738395  8.412749
1212926752  11.990737
1212929559  7.301631
1211476097  6.449552
1211658253  22.424221
1212616236  5.066192
1212684205  5.748126
1212794692  2.386731
1212981470  9.658399
1211681592  17.117294
1212335637  17.252972
1212209651  0.000000
1212209656  8.925103
1212468932  0.000000
1212468960  4.772411
1212590489  4.059178
1211904951  3.414892
1212005471  8.455561
1212112729  4.983140
1212961842  13.687930
1212961902  8.089340
1211708048  21.926701
1212597339  2.947384
1213071809  41.586494
1212215225  8.381114
1211905940  9.686060
1211314390  19.074127
1211654890  8.596486
1211738623  120.615433
1212089441  29.989105
1212448438  6.557045
1212844628  9.664258
1211139619  16.022253
1211210174  9.055103
1211213061  6.923867
1211994911  9.297126
1212079522  5.568497
1212814793  5.050822
1212821698  7.002540
1212011162  3.838811
1212230833  0.000000
1212230893  8.842152
1212459383  9.017046
1212808768  17.725298
1212886777  5.845606
1211283564  8.089340
1211315287  5.114580
1211471764  6.557045
1211491035  11.325141
1211491209  9.015784
1211560488  10.426269
1211714938  0.000000
1211714998  0.000000
1211715033  3.242122
1211994650  3.897070
1212046586  10.630324
1212409588  6.449774
1212476771  17.983635
1212579233  3.473702
1212584822  6.244804
1212599879  3.242122
1212697058  5.526754
1211321766  9.210521
1211566344  11.499540
1211926407  6.443153
1212163052  5.939730
1212676528  4.958043
1211532267  16.008759
1212210832  55.639820
1212648028  3.242122
1212734540  8.756639
1211217550  15.717689
1212506819  8.381114
1211093189  12.613209
1212614853  10.015573
1211213845  10.037241
1211502676  6.430657
1212891590  10.597177
1212545781  109.874023
1212583149  6.345527
1212608214  11.818502
1212609937  3.188973
1212669784  6.449552
1212674108  7.619195
1212713139  10.630324
1212756018  5.066192
1213015609  6.829784
1211565686  16.258566
1211990405  9.142527
1212249837  6.331975
1212798849  7.814988
1211103740  11.841050
1211528945  0.000000
1211529018  13.016292
1211386250  8.354714
1211621412  5.254387
1211762256  5.939730
1211905342  19.717682
1211909968  8.455561
1211979186  6.557045
1212954406  4.752363
1211997423  7.413939
1211998908  8.712718
1212012581  8.763853
1212736000  3.242122
1212818395  3.602358
1212887624  3.188973
1212888318  27.833590
1211405828  26.152328
1212782371  14.854861
1213029070  11.590078
1211333330  55.099846
1211503518  8.167034
1211841689  2.947384
1211935296  2.903393
1212420131  8.596486
1212545433  8.345927
1212788802  2.238404
1212794859  7.188867
1211522897  17.446140
1212429084  6.557045
1212505046  0.000000
1212505107  8.596486
1212542636  250.358398
1211920433  15.403807
1212018008  4.804605
1212422522  5.091197
1212426033  9.551652
1212556636  32.476181
1211147216  8.364367
1211166739  8.424886
1211166913  18.227839
1211489406  30.518764
1212457420  4.412110
1212624850  6.392809
1212725898  5.082136
1212019764  8.368283
1212770764  4.103517
1211111117  6.449774
1211285151  7.309627
1211481409  8.000700
1211762457  23.049660
1211812244  3.790691
1211871175  0.000000
1211871235  23.497652
1211897285  7.150311
1211898081  41.905571
1211984706  0.000000
1211984766  0.000000
1211984836  8.661406
1212157571  5.877383
1212327713  5.485557
1212581387  4.986870
1212681457  2.739821
1212751282  8.681364
1212754115  8.570815
1212805804  7.027877
1211345723  4.320526
1212521128  6.292826
1211230022  9.200805
1211432110  4.412110
1211578846  0.000000
1211578907  0.000000
1211578940  4.535616
1211994446  11.499540
1212099050  7.153140
1213027053  3.242122
1213034239  3.242122
1211292105  1.103505
1211382907  5.620324
1211500043  5.750048
1212774849  6.345527
1212206230  4.322830
1212294928  13.641880
1212691979  5.586373
1212812900  9.244957
1211926026  61.343899
1212087955  3.297073
1212766430  5.939730
1211131492  6.079430
1211446814  8.608447
1211746425  6.344040
1211990006  3.188973
1212070821  8.089340
1212292971  6.643067
1212418596  13.860371
1212513057  3.297073
1212616090  9.200805
1212013640  10.348284
1212598560  5.152059
1212607916  8.364367
1212896664  11.375132
1213052147  3.132349
1212089709  2.381191
1212606145  42.640808
1212617802  16.845282
1211422984  7.273006
1211475073  6.449552
1211660460  2.903393
1212031546  3.873118
1212909553  5.578856
1211057413  11.885053
1211207034  9.312349
1212310426  20.980907
1212311327  15.208033
1212319105  3.242122
1212504568  21.229544
1212589346  3.242122
1211593445  15.716614
1212047810  14.452418
1212150963  6.557045
1212156857  8.455561
1212262325  16.493534
1212690652  5.169435
1211256359  9.508779
1211408270  6.147229
1211633831  0.000000
1211633890  6.052657
1212784306  10.616313
1211139072  9.500064
1211321534  11.765267
1211778221  16.212677
1212183665  6.668181
1212606920  5.321910
1212944286  7.935218
1211148299  23.365929
1211808440  10.630324
1212187177  0.344261
1212354844  21.128855
1212433176  13.416780
1212457948  3.242122
1212822249  13.661161
1211328527  8.412749
1212613596  5.066192
1213029373  6.557045
1211590431  10.288187
1211781528  16.266283
1212723673  15.101913
1212723965  18.553684
1211509025  6.668181
1211514502  7.338056
1211670939  3.242122
1212868355  5.341960
1212907050  17.759510
1212930684  5.939730
1212983829  7.803964
1213035313  5.960949
1211038245  16.839033
1211472704  0.000000
1211472720  3.242122
1212019734  13.131607
1212068043  6.449552
1212112136  6.449552
1212195098  8.195354
1212195160  19.819880
1212538971  6.557045
1212604185  3.137537
1212605474  9.997508
1211324759  0.000000
1211324780  0.000000
1211324782  0.000000
1211324796  0.000000
1211324802  0.000000
1211324889  7.118159
1212130424  23.657557
1212183128  24.515072
1211205782  9.658399
1212337822  18.658680
1211206157  19.808302
1211228805  8.274816
1211239952  3.242122
1211374779  11.256629
1212536842  8.596486
1212708417  9.140000
1211409279  5.198691
1211986682  7.123210
1212545462  6.557045
1212906268  9.076848
1212444496  8.742189
1212601895  2.467103
1212919101  8.507161
1212964426  8.474538
1211211771  3.242122
1211401345  8.107394
1212442194  7.572578
1212860821  4.955002
1212890687  34.287029
1211525008  2.585672
1211653652  3.242122
1211696348  38.075523
1211822436  3.242122
1212345981  3.180975
1212353852  6.560081
1212619949  20.213387
1211814265  13.985326
1212184508  7.391453
1212595295  3.208209
1211213546  8.596486
1211226734  10.183117
1211380610  3.242122
1211404330  4.228855
1212090616  9.200805
1212509457  8.573124
1212862907  7.167495
1212951538  4.452002
1212423509  0.000000
1212423541  0.000000
1212423647  0.000000
1212423708  0.000000
1212423769  3.890547
1212606354  0.000000
1212606368  6.047574
1212643669  7.353946
1213027756  0.000000
1213027816  0.000000
1213027850  0.000000
1213027929  0.000000
1213027949  3.536860
1213028128  20.447279
1213046347  0.000000
1213046417  10.113513
1211264560  5.152059
1211583081  2.947384
1211779041  6.535535
1212010434  4.499323
1212198006  3.242122
1212419534  5.730991
1212832376  0.000000
1212832388  3.188973
1212891664  1.265083
1211227755  29.317902
1212039072  0.000000
1212039087  3.412760
1212221630  6.245934
1212339727  8.480803
1212432898  11.240778
1212887138  2.992728
1212138910  13.993625
1212736731  11.985855
1212953646  11.247000
1211320653  0.000000
1211320665  9.377985
1212468288  3.242122
1211307851  13.085588
1211997211  4.744569
1212269098  17.530371
1212422477  5.482828
1212461152  7.138637
1212466526  3.473702
1212903688  9.775082
1211593293  35.619038
1211907593  8.493690
1212000597  2.976819
1212292330  33.286186
1212531385  0.000000
1212531418  0.000000
1212531419  0.000000
1212531480  7.935218
1212637136  9.739244
