1211243353  9.224557
1211245365  4.200930
1211257641  14.809690
1211339401  13.524055
1211341011  9.774322
1211417780  9.616685
1211433747  12.229189
1211511039  5.989534
1211517001  9.774322
1211518957  11.166549
1211566644  12.229189
1211706543  9.059397
1211863529  11.914139
1211933451  6.152080
1212029832  12.028710
1212036694  13.490769
1212105535  6.723171
1212453036  9.776963
1212462967  8.964228
1212545751  12.171649
1212612297  12.171649
1212617565  5.926361
1212637913  12.171649
1212641463  11.090014
1212647517  6.584846
1212900103  8.172170
1212993355  16.421047
1211064638  6.723171
1211089364  9.056844
1211155131  7.337204
1211267280  12.028710
1211337374  0.000000
1211337391  9.381168
1211434270  10.006041
1211656995  7.861290
1211938979  6.723171
1212013576  8.260797
1212140595  10.833990
1212309769  238.498749
1212505617  6.531259
1212539341  13.278163
1212551082  7.334368
1212559066  4.563589
1212624713  11.595378
1212629168  4.270945
1212706719  13.587988
1212719162  12.591361
1212780455  5.767575
1212811502  9.672505
1212861348  6.723171
1212870016  9.454917
1211212753  3.585228
1211224121  3.944312
1211233488  5.181590
1211263208  17.733950
1211307310  12.585679
1211335030  6.051227
1211342576  9.774322
1211386231  11.288483
1211443698  8.463252
1211511896  6.475874
1211513634  3.715573
1211516683  7.077022
1211679184  4.518030
1211998917  12.198207
1212005678  6.955005
1212026401  9.360490
1212116054  12.650886
1212116726  10.475318
1212124080  7.920412
1212957119  8.777257
1211084858  9.133193
1211220938  9.653728
1211228903  8.604306
1211243222  6.722303
1211343744  12.436463
1211473448  8.803020
1211549752  8.322579
1211620168  6.976014
1211695302  12.378941
1211702369  8.604306
1211941247  5.859124
1212043259  6.612955
1212161144  8.221062
1212202039  12.028710
1212218099  9.672505
1212263670  9.789430
1212285510  12.229189
1212295447  9.616685
1212452217  9.224557
1212544357  6.612955
1212772160  8.463252
1212825545  14.608157
1211086120  8.604306
1211166000  11.661065
1211215443  8.651244
1211391747  7.866798
1211565925  9.628947
1211642923  9.285413
1211651652  12.580367
1211686538  12.921618
1211690852  10.512277
1211736303  11.661065
1211770111  12.229189
1211862088  13.269609
1211947802  1.834437
1212007066  9.938087
1212115354  6.723171
1212196014  1.775262
1212200139  7.444123
1212286947  8.604306
1212374819  12.171649
1212526645  17.834661
1212597292  3.715573
1212722921  9.148796
1212726840  12.540065
1212728596  11.284902
1212794749  8.783265
1212811602  16.002401
1212886390  12.028710
1212904630  12.580367
1212917731  14.270514
1212977657  10.748067
1212979554  5.126734
1212991803  11.661065
1211221598  13.490769
1211345206  11.718941
1211506255  9.789430
1211509855  3.903302
1211512951  6.756973
1211515041  9.036397
1211586513  2.904982
1211718392  3.795388
1211992766  11.397666
1212119047  10.114100
1212120693  12.229189
1212122771  11.661065
1212166553  3.715573
1212198546  7.220120
1212214433  11.972114
1212225898  9.616685
1212346759  8.326748
1212471059  12.377949
1212473231  12.872830
1212693263  11.469900
1212716384  3.778548
1212806332  7.340455
1212827390  10.006767
1212834923  8.921834
1212952847  5.928067
1211041865  14.368679
1211151496  9.955352
1211249938  10.991916
1211260200  14.608157
1211262151  9.754012
1211338390  11.858710
1211339917  10.646286
1211350644  12.482268
1211488420  10.742129
1211504763  9.129683
1211665589  11.719264
1211700686  10.983491
1211989524  12.481230
1212088142  9.224557
1212110681  9.057164
1212344170  12.229189
1212347604  8.326748
1212527957  37.799225
1212549007  10.899984
1212643070  11.252326
1212682997  21.999922
1212881549  8.194577
1212979134  11.991181
1211058465  8.074272
1211228320  7.320054
1211242419  6.723171
1211245125  8.046106
1211250532  6.612955
1211253423  11.858710
1211261223  11.469900
1211318899  8.197337
1211483542  4.270945
1211488096  6.578035
1211490076  7.337204
1211594608  9.628947
1211600011  7.340455
1211608794  9.513940
1211772358  12.889550
1212095611  11.987057
1212120770  10.902439
1212175547  6.386700
1212182371  9.789430
1212219213  8.133393
1212268392  14.035086
1212287463  4.900696
1212352132  13.212408
1212595189  3.715573
1212603581  0.000000
1212603602  0.000000
1212603606  9.285413
1212614624  12.006008
1212640003  7.340455
1212699730  7.337204
1212743010  9.955352
1212771203  5.376751
1212795916  11.972114
1212816211  7.628127
1212852911  9.584436
1212901969  13.891473
1211169153  3.605009
1211328201  8.028065
1211331241  286.455658
1211339939  10.755383
1211352495  14.324126
1211390972  12.028710
1211402481  12.028710
1211427695  13.715551
1211534673  9.886919
1211611550  14.675027
1211958502  12.436463
1211966386  6.612955
1211986640  12.229189
1212037634  10.790461
1212102636  10.249507
1212106891  12.229189
1212112531  9.570266
1212221811  11.830874
1212278784  10.033624
1212387345  11.972114
1212606636  1.691640
1212623339  4.563589
1212626498  6.152080
1212809022  10.984221
1212821656  10.951891
1211083913  6.723171
1211108725  11.185600
1211141842  9.542645
1211218616  12.619599
1211250093  8.463252
1211311410  15.187148
1211326999  7.340455
1211399321  8.604306
1211502004  2.928071
1211506404  13.866966
1211515574  13.428424
1211660944  12.377949
1211683713  6.506295
1211735085  8.844890
1211741193  10.983491
1211749002  5.165887
1211864590  9.955352
1211916011  8.988313
1211926477  9.285413
1211933094  6.612955
1211945500  15.184070
1211957645  9.224557
1211765990  11.235369
1211840202  12.956738
1211939566  4.566597
1211946920  7.779841
1211951040  8.814606
1212009189  9.995198
1212079676  10.325168
1212105850  6.612955
1212106993  9.196725
1212118049  9.628947
1212165660  6.302973
1212173424  12.493998
1212176931  11.223008
1212181986  9.774118
1212194634  3.285342
1212205042  8.626732
1212260943  7.239972
1212268588  5.917506
1212375255  12.229189
1212467359  9.193429
1212548184  9.628947
1212556876  12.493998
1212559197  6.506295
1212589508  13.912531
1212761545  10.703425
1212778006  8.044801
1212801208  10.482162
1212813952  7.909613
1212912995  10.623837
1212976152  10.662896
1211079566  12.650886
1211086193  13.755586
1211086579  7.320054
1211096757  10.637338
1211100315  14.599956
1211210750  9.692798
1211252741  8.067805
1211274192  10.126996
1211357770  12.229189
1211403523  7.200053
1211468928  4.900696
1211577200  9.776963
1211617170  11.220785
1211878907  10.811721
1211941313  4.900696
1212138325  14.562862
1212224604  9.789430
1212301877  9.311394
1212726463  12.181689
1212821291  9.473641
1212832683  21.032125
1212883058  5.003011
1213026371  9.224557
1211085648  6.723171
1211093753  10.288759
1211156856  7.451102
1211228095  11.469900
1211229671  10.863293
1211317606  11.806407
1211327492  7.375120
1211361413  9.360490
1211504005  12.377949
1211524612  8.648022
1211542217  9.382621
1211570161  12.812263
1211588899  13.278163
1211695638  9.789430
1211698960  8.077490
1211789505  13.364521
1211943487  8.755489
1212131997  17.235092
1212208966  14.262475
1212504205  12.533810
1212513478  11.858710
1212626894  1.834437
1212628945  9.163426
1212643710  0.000000
1212643727  9.533520
1212699321  11.661065
1212870531  12.171649
1212892498  9.616685
1213036650  6.723171
1211106406  13.142982
1211407223  9.298751
1211510503  6.506295
1211570970  13.946028
1211586112  9.605599
1211610577  12.908806
1211619665  11.552997
1211767820  6.111974
1212216708  6.424482
1212330794  16.416656
1212336107  12.438893
1212426942  1.371184
1212702463  6.723171
1212708218  8.604306
1212715050  5.597625
1212728749  9.211001
1212776593  11.981302
1212836765  12.515380
1212894718  11.469900
1211106266  4.950334
1211580489  1.747083
1211595527  6.416850
1211651684  8.908371
1211670990  4.287199
1212001276  9.789430
1212014774  10.006041
1212099794  4.495732
1212214773  12.872830
1212218008  13.131311
1212312608  4.688522
1212458655  12.229189
1212552849  7.047895
1212599226  8.928467
1212603268  9.883453
1212611983  6.612955
1212634733  8.368876
1212703429  9.942675
1212729537  0.000000
1212729596  7.718760
1212805944  9.030261
1212873760  9.720291
1212976275  8.501707
1211057429  9.921293
1211065222  9.955352
1211088816  11.834699
1211443220  10.937980
1211517393  8.604306
1211600709  11.381879
1211604907  11.469900
1211611240  7.320054
1211691244  6.578035
1211698592  14.791430
1211718113  8.783265
1212163372  7.802454
1212204493  7.461564
1212208347  10.937980
1212223717  9.056844
1212301290  11.166549
1212515090  28.052303
1212640372  11.469900
1212703116  12.229189
1212716029  5.331062
1212802507  9.616685
1212867721  9.774322
1212959727  12.028710
1211388752  5.926361
1211408414  24.400181
1211550424  8.362869
1211563298  12.009966
1211934280  7.220120
1211957361  6.723171
1211988310  4.806154
1211996954  7.156861
1212028852  12.377949
1212176257  7.690100
1212182167  8.344720
1212255553  7.572470
1212259578  6.152080
1212264770  7.220120
1212463471  7.282532
1212557706  4.073634
1212691618  3.944312
1212806519  8.530191
1213019451  9.285413
1211084112  11.595378
1211170140  9.020833
1211249411  12.256998
1211257069  9.224557
1211337383  6.506295
1211343040  6.612955
1211694688  10.585142
1211712212  6.723171
1211759217  13.339090
1212556371  11.419312
1212734071  11.082374
1212810687  12.830264
1211311850  6.152080
1211460139  14.791430
1211522540  7.590211
1211549840  6.837123
1211568650  12.171649
1211574898  8.648022
1211689607  11.267553
1211741181  6.152080
1211898659  4.270945
1211922696  44.192390
1212094034  14.608157
1212179074  7.687392
1212304916  9.513940
1212340113  14.063597
1212340177  20.892008
1212486622  9.789430
1212639739  6.612955
1212642088  12.229189
1212728502  11.592047
1212824128  8.604306
1212896303  8.463252
1212898526  12.229189
1212901685  13.755285
1212935740  14.215878
1211087531  9.776963
1211098615  15.111887
1211152955  6.835645
1211180631  1157.499756
1211235457  7.464869
1211266299  7.340455
1211400381  12.229189
1211554925  9.127178
1211581752  8.396450
1211622601  15.869338
1211659927  10.242496
1211663234  15.442344
1211670613  20.746868
1211836287  8.756854
1211863869  12.028710
1211949274  8.604306
1211988032  9.159763
1211989821  6.152080
1212010372  1.965469
1212091492  9.369149
1212109357  9.024889
1212164042  17.161064
1212166275  6.365841
1212168796  12.229189
1212266814  13.278163
1212478313  2.244296
1212525367  4.128414
1212546398  17.063984
1212594327  0.000000
1212594343  7.470190
1212619147  8.926991
1212637438  1.834437
1212723651  9.224557
1212814239  96.410233
1212985074  13.428424
1211044552  622.365479
1211088643  6.723171
1211313174  6.514826
1211339195  10.049792
1211437908  4.163522
1211522772  11.195291
1211554614  4.667330
1211588082  13.652683
1211645861  5.926361
1211659660  9.774118
1211671729  11.972114
1211677687  12.619599
1211690997  8.531992
1211763201  14.113291
1211893805  9.776963
1211918267  2.445917
1212025396  9.776963
1212067670  10.051485
1212132653  6.470199
1212198850  7.869093
1212215904  8.604306
1212287767  12.210830
1212292218  7.461564
1212308552  10.983491
1212347770  7.200053
1212452228  8.926991
1212468709  12.212516
1212521285  6.026868
1212525468  3.335341
1212555560  15.153410
1212609034  9.616685
1212627042  2.117824
1212817627  9.616685
1212907261  14.368679
1212910170  8.326748
1212912246  10.114100
1212919481  12.315243
1211075977  6.668561
1211194029  6.612955
1211219430  14.562862
1211258557  11.166549
1211339796  12.028710
1211346302  7.733869
1211423327  6.775805
1211486614  6.175046
1211494727  7.923393
1211510767  22.710907
1211517066  5.374886
1211520490  12.721162
1211783118  6.591515
1211861110  11.439865
1211969961  12.028710
1212055786  13.428424
1212076217  10.080922
1212077952  0.000000
1212077987  9.948656
1212123371  18.097088
1212128477  14.791430
1212134198  15.172379
1212140897  6.862551
1212156731  12.171649
1212186747  7.920412
1212188742  6.051227
1212214218  11.502310
1212216253  14.608157
1212224774  11.363666
1212282030  5.275535
1212283821  9.776963
1212295301  10.716584
1212301630  3.564353
1212545146  6.302973
1212633902  8.309949
1212645871  5.376751
1212696688  8.326748
1212705984  9.461577
1212708416  4.270945
1212719948  2.391463
1212769007  4.900696
1212773016  9.130098
1212825942  9.450513
1212829111  7.934570
1212976575  11.670973
1212986079  14.293219
1212993292  10.895109
1212994951  37.763439
1213075446  5.835436
1211229894  9.224557
1211243484  7.176039
1211335956  6.723171
1211339923  7.905837
1211423499  5.466363
1211514699  6.342575
1211678589  0.000000
1211678600  5.451356
1211855634  9.776963
1212022426  7.216922
1212026912  7.705320
1212033354  6.837123
1212115609  10.304663
1212131194  1465.561279
1212218277  11.661065
1212360677  11.284902
1212399902  12.229189
1212467067  9.789430
1212475287  7.320054
1212543339  5.846236
1212547290  13.105552
1212552957  10.143041
1212558724  13.956773
1212708936  10.679378
1212717056  11.166549
1212718426  6.206004
1212727947  11.068260
1212787009  6.837123
1212806372  9.740724
1212895529  7.334368
1211060020  10.689921
1211067317  8.604306
1211157636  12.872830
1211241105  7.340455
1211248469  6.723171
1211254393  17.655609
1211262806  9.928045
1211333272  7.340455
1211339521  6.723171
1211344764  12.340569
1211427101  10.716584
1211431396  11.834699
1211514055  4.900696
1211588736  6.723171
1211698054  9.133193
1211707686  11.595378
1211921079  6.206004
1211940376  4.270945
1211949902  8.926991
1212017294  11.661065
1212043831  11.609633
1212264683  11.469900
1212366388  9.789430
1212439262  11.661065
1212551383  5.003011
1212633703  6.723171
1212638484  11.464865
1212717278  6.837123
1212812976  6.835645
1212915173  11.469900
1211026730  18.339203
1211049703  5.926361
1211101184  7.334368
1211162615  8.326748
1211211381  9.091246
1211401904  21.477560
1211489946  9.774322
1211512245  6.723171
1211536322  11.661065
1211572440  9.380905
1211604571  10.431061
1211693024  9.285413
1211734939  11.283837
1211737331  4.200930
1211904638  6.431016
1211916130  9.513940
1211921979  9.789430
1211927877  6.612955
1211942806  31.207188
1211958176  4.900696
1211989129  5.069686
1212096586  5.926361
1212131993  7.788405
1212167512  45.199612
1212197921  9.442793
1212200272  10.395531
1212229553  8.463252
1212256955  6.506295
1212433152  7.464869
1212455150  4.200930
1212626278  5.912374
1212631452  10.249507
1212721243  8.604306
1212905558  12.229189
1211100097  4.141528
1211228333  8.604306
1211300225  3.778548
1211306116  6.152080
1211386214  16.231285
1211388473  15.180422
1211468073  6.612955
1211493358  12.377949
1211566167  14.030727
1211619593  2.515159
1211779662  9.880194
1211924902  4.200930
1211926729  8.604306
1211988692  12.229189
1212023187  10.764060
1212138542  9.616685
1212266660  7.861290
1212316019  10.131089
1212681118  8.635830
1212704669  6.206004
1211101369  11.806407
1211167417  7.673615
1211224202  9.224557
1211266377  17.857731
1211318939  9.285413
1211568912  9.776963
1211579839  9.672505
1211612857  13.340934
1211627207  12.220667
1211771822  6.365841
1211863843  11.443304
1211919336  7.320054
1212077945  6.051227
1212079999  2.431320
1212164504  8.604306
1212167573  9.762807
1212287685  13.116773
1212596476  6.723171
1211080029  10.665778
1211088848  6.008544
1211089932  6.578035
1211091755  9.133193
1211093497  15.389771
1211204662  11.646847
1211261448  12.833491
1211263880  11.355812
1211398300  3.315437
1211400938  10.877144
1211489735  11.068260
1211509811  7.184340
1211511313  8.748915
1211579189  12.721162
1211588487  8.380254
1211610753  4.053352
1211641639  13.355600
1211673620  7.200053
1211693830  9.461577
1211756366  12.229189
1211814308  12.356408
1211922663  11.469900
1211952818  8.463252
1211960813  12.171649
1211963752  11.405890
1212076299  7.575287
1212084374  13.278163
1212086116  10.665778
1212113170  7.495298
1212116055  17.515335
1212128145  7.317096
1212166384  11.609633
1212192194  11.065136
1212212863  0.000000
1212212928  8.625566
1212478700  8.604306
1212515254  10.863293
1212557639  12.111407
1212561007  10.475318
1212608640  10.991916
1212641876  13.997280
1212655901  11.419312
1212675758  7.332491
1212724231  18.882677
1212763193  8.784065
1212814355  8.604306
1212834714  14.199422
1212900277  11.858572
1212905995  6.539567
1212993190  13.880643
1211092110  15.828444
1211102456  7.788405
1211250944  9.882296
1211309611  12.229189
1211344549  6.955005
1211418187  4.270945
1211421997  6.612955
1211683030  13.836835
1212123740  7.334368
1212150818  20.513523
1212174127  12.171649
1212345430  12.229189
1212459612  2.752438
1212476855  13.338778
1212506537  6.041721
1212564012  11.166549
1212595364  7.687392
1212653502  11.972114
1212681762  15.215851
1212777677  14.113291
1212811991  9.710059
1212891986  13.455074
1212905269  5.559014
1213023102  8.256828
1212296818  17.539806
1212296871  11.614240
1212304137  10.129541
1212311381  6.334750
1212440509  7.985514
1212632128  4.820357
1212636501  9.955352
1212638146  7.093965
1212643322  9.513940
1212717541  9.067974
1212723267  10.126996
1212724271  9.616685
1212725648  12.591361
1212727551  6.851849
1212820167  7.320054
1212935908  8.604306
1212996091  17.306648
1211224086  9.461577
1211235340  13.102702
1211313215  12.229189
1211325613  6.578035
1211332942  10.466426
1211355739  9.789430
1211357348  10.551825
1211384863  10.488675
1211415572  13.587988
1211485438  3.715573
1211561565  10.983491
1211618043  6.256353
1211697324  10.051388
1211984142  7.220120
1211985763  4.639711
1212025759  14.564522
1212039806  8.463252
1212104498  9.843890
1212110213  6.881677
1212121690  12.229189
1212169213  9.789430
1212189015  12.210830
1212191098  9.285413
1212234873  7.673615
1212283590  8.604306
1212296627  10.129541
1212358658  8.939144
1212422002  6.573542
1212473142  6.723171
1212519488  4.270945
1212557047  16.847252
1212614303  4.900696
1212870310  9.776963
1212939473  9.513940
1213019047  4.270945
1213036987  7.220120
1213065611  10.009711
1211044275  11.288483
1211077865  9.542645
1211081683  6.506295
1211260069  12.018666
1211262097  12.171649
1211328895  4.900696
1211329534  4.147900
1211347684  10.291540
1211406217  4.820357
1211414967  10.181585
1211426956  10.600967
1211577041  9.177590
1211581489  6.506295
1211680664  6.633390
1211692907  17.353138
1211694180  11.235369
1211698948  10.695583
1211988337  8.604306
1212008583  7.593574
1212011071  10.304663
1212032921  7.331528
1212038798  16.766190
1212245592  434.528412
1212358740  9.133193
1212461877  10.600967
1212614986  7.077022
1212633107  10.937980
1212643218  11.858710
1212702978  11.105776
1212896128  6.955005
1211098962  0.000000
1211098974  8.232454
1211102313  12.123104
1211136035  8.901007
1211152573  9.616685
1211225401  9.776963
1211422122  1.775262
1211429146  11.056794
1211509323  6.374310
1211516477  6.403020
1211608453  13.428424
1211694198  4.900696
1211699781  11.661065
1211819356  10.815095
1211831749  6.386700
1211885567  9.276953
1211905939  12.028710
1211911260  13.533425
1211997045  6.612955
1212013029  6.190026
1212025917  9.614087
1212035785  12.229189
1212093161  10.126996
1212199628  5.312413
1212292594  10.840271
1212299452  5.735188
1212377262  1.834437
1212542970  8.497193
1212544634  9.616685
1212614874  11.972114
1212747116  11.363935
1212826510  7.216922
1212865833  8.956666
1212899392  20.666140
1212905646  9.311394
1212964323  8.929653
1212995400  11.469900
1211213436  8.463252
1211222726  15.812932
1211270145  7.470190
1211288820  0.000000
1211288881  0.000000
1211288951  0.000000
1211288976  16.547207
1211349564  11.819627
1211349855  11.284902
1211394071  4.900696
1211488384  11.972114
1211556257  8.463252
1211787775  9.774322
1211835477  10.991916
1211893571  8.225773
1211911010  18.038561
1211916649  6.386700
1211921842  4.900696
1212013343  0.000000
1212013362  13.758281
1212031752  11.281112
1212070961  11.579693
1212079049  12.580367
1212080900  9.776963
1212099439  8.377990
1212250126  11.266251
1212520691  6.670186
1212525171  7.340455
1212533809  9.605599
1212598803  13.410358
1212610658  8.512547
1212669844  9.776963
1212684754  11.981302
1212802010  4.894715
1212871585  16.153690
1212941295  9.789430
1211048223  6.578035
1211076437  9.776963
1211078012  9.218900
1211226840  11.661065
1211240063  9.776963
1211368692  9.628947
1211413104  12.417793
1211421669  12.171649
1211425255  7.203397
1211466915  6.089360
1211478940  11.315152
1211485173  8.463252
1211513364  11.661065
1211518095  12.229189
1211569519  12.436463
1211581778  8.604306
1211599968  5.389041
1211937627  2.201325
1211942007  8.326748
1211944966  11.964159
1212017904  10.988526
1212032237  10.679378
1212102348  8.571150
1212115521  11.469900
1212177176  9.776963
1212207333  13.105552
1212211181  8.286854
1212214660  8.964228
1212288086  10.391232
1212300037  7.200053
1212447655  8.604306
1212456478  6.723171
1212459675  10.475318
1212461127  8.604306
1212514039  13.656025
1212532606  8.604306
1212539239  8.463252
1212556145  13.278163
1212556591  16.189301
1212619997  11.405890
1212624795  8.648022
1212634346  12.028710
1212635802  9.490990
1212636538  9.672505
1212674461  6.723171
1212687181  12.171649
1212707485  12.229189
1212727023  10.932248
1212731256  9.882296
1212767248  7.738865
1212768543  2.391463
1212780183  5.678843
1212789209  9.628947
1212805263  8.514976
1212887884  8.635830
1212901728  7.445459
1211080820  8.604306
1211094074  18.738298
1211144221  9.165903
1211257836  5.525894
1211333744  9.073335
1211335612  7.320054
1211341232  6.971480
1211412181  11.592047
1211497223  12.274805
1211614200  8.259990
1211658736  10.951512
1211706969  11.834699
1211785978  0.000000
1211785979  4.270945
1211840735  10.298270
1211929469  12.229189
1212004401  16.447111
1212106907  6.723171
1212111331  7.294083
1212119187  13.340934
1212466948  11.964159
1212798147  13.102702
1212811844  6.955005
1211054342  11.661065
1211090855  13.478965
1211119585  14.675893
1211149986  12.229189
1211250392  6.612955
1211263057  9.442793
1211336543  8.604306
1211342426  12.229189
1211344173  8.604306
1211384996  8.368876
1211415575  0.000000
1211415597  36.688747
1211423823  9.942675
1211478073  9.224557
1211487202  9.776963
1211490412  4.182111
1211514214  9.323266
1211671562  9.616685
1211686001  9.285413
1211702953  8.626732
1211782825  8.750142
1212006194  8.514976
1212029086  4.095268
1212029981  6.955005
1212104885  6.711360
1212116904  8.463252
1212120170  9.339649
1212121204  11.469900
1212181945  10.758669
1212217413  7.320054
1212268413  3.057396
1212362414  7.607281
1212546425  5.215530
1212560129  10.488675
1212641491  112.899261
1212673179  13.789736
1212731823  13.208286
1212762331  14.648794
1212786443  8.604306
1212794539  10.054693
1212800672  9.776963
1212888166  9.285413
1212906335  13.340934
1212911316  8.658329
1212912675  16.612385
1213018770  8.538762
1211068391  9.616685
1211082743  13.384348
1211099160  3.982963
1211209059  8.908371
1211262770  8.885747
1211298580  0.000000
1211298614  0.000000
1211298616  1.834437
1211298796  2.352891
1211298958  4.141528
1211300206  15.040195
1211330490  12.374131
1211380487  3.715573
1211427532  4.900696
1211496211  5.834280
1211498284  7.906763
1211510326  6.152080
1211574311  14.608157
1211586520  174.754349
1211588139  6.723171
1211592796  9.776963
1211595891  6.723171
1211601790  9.224557
1211604679  6.506295
1211607755  14.387281
1211611467  14.069884
1211691997  9.030261
1211770902  13.002221
1211870084  10.649557
1211872915  12.233994
1211928354  6.060772
1212026567  7.472339
1212029914  8.882224
1212033282  7.842915
1212086940  12.171649
1212190033  6.723171
1212282197  9.311394
1212283529  10.863293
1212294209  12.229189
1212299196  2.059615
1212304161  7.340455
1212429536  6.247828
1212465435  12.063170
1212522549  9.461577
1212626211  4.667330
1212697965  7.170456
1212697995  13.420547
1212707896  12.171649
1212710203  12.436463
1212722429  7.660726
1212854017  11.082374
1212866293  6.291819
1212881554  9.789430
1212884157  8.139315
1212896686  5.406808
1212906200  8.604306
1212906541  11.766055
1213017325  8.108789
1211081232  43.300308
1211134085  7.216922
1211140723  6.723171
1211279002  8.463252
1211370295  0.000000
1211370348  6.723171
1211506844  6.130718
1211605308  7.320054
1211680317  10.097922
1211915375  8.590285
1212009797  13.842951
1212018430  11.661065
1212107327  8.004223
1212116608  8.604306
1212121661  11.806407
1212125566  11.355812
1212170937  6.837123
1212215640  16.415552
1212216796  5.542850
1212292613  5.926361
1212417693  4.270945
1212429080  11.858710
1212468518  13.587988
1212528795  11.848610
1212550493  72.551521
1212554948  6.493145
1212557725  9.323266
1212989709  13.912531
1212990868  14.974517
1213034384  5.926361
1213044611  14.286339
1211089711  0.000000
1211089729  4.744956
1211321477  12.229189
1211329369  12.299409
1211336197  9.155619
1211469378  3.483349
1211509526  8.262222
1211512998  15.936172
1211596628  11.661065
1211608947  4.200597
1211619050  10.655110
1211840971  8.157858
1211920747  9.022450
1211951681  9.653728
1212020481  287.074280
1212032488  10.758112
1212037610  12.025455
1212092912  16.271254
1212107912  12.721162
1212129216  11.559417
1212163123  15.301480
1212168507  11.516976
1212301595  6.651487
1212370344  8.604306
1212384530  7.602608
1212430902  7.083923
1212458387  9.605599
1212511027  11.661065
1212516534  7.340455
1212701657  7.337204
1212777937  9.386516
1212784258  6.804864
1212891700  9.602507
1212908485  112.640900
1212911098  14.720072
1211187053  12.592638
1211261922  6.723171
1211939609  6.723171
1212018082  15.187148
1212019601  12.650886
1212213855  8.062386
1212299642  23.190313
1212371668  12.871474
1212381975  9.036397
1212447104  11.472408
1212447978  4.659213
1212537254  6.578035
1212544555  6.651487
1212705666  1.834437
1212787193  6.723171
1211049011  5.856818
1211094662  11.858710
1211097547  6.924248
1211268120  9.628947
1211500101  7.864773
1211510587  10.291540
1211519714  11.646847
1211588443  4.900696
1211594209  6.506295
1211803893  15.819853
1211899543  8.964228
1211928636  9.628947
1211937346  1.804365
1211949010  11.661065
1212029253  8.604306
1212061420  10.212458
1212122463  12.377949
1212213975  9.789430
1212228264  12.229189
1212252904  11.469900
1212296822  9.224557
1212424791  6.612955
1212453129  12.210830
1212459073  9.036397
1212466359  14.791430
1212471624  13.029652
1212534613  11.661065
1212552774  3.414503
1212559956  9.285413
1212696199  9.672505
1212719515  6.723171
1212722044  12.377949
1212755962  14.663055
1212828141  12.229189
1212883672  5.331062
1212887582  12.377949
1213027078  2.282387
1211139064  12.492165
1211181904  7.216922
1211336471  9.776963
1211566077  14.658771
1211741225  7.216922
1212020306  4.270945
1212094957  14.562862
1212114571  8.901007
1212146378  11.858572
1212227200  9.452927
1212289713  11.574792
1212295060  8.391919
1212719244  7.572470
1212730279  10.983491
1212793337  8.376436
1212806438  13.490769
1212808490  8.604306
1212816537  11.065136
1212823408  840.028809
1212879277  9.726150
1213044791  6.089360
1211018674  3.585228
1211093165  11.972114
1211347985  8.246899
1211402476  12.577011
1211441326  11.065136
1211448628  4.182111
1211469634  8.808546
1211469840  4.211723
1211521693  9.292077
1211588961  3.660810
1211608238  10.877144
1211610264  4.141528
1211701356  7.340455
1211839561  9.882296
1211854191  6.111974
1211953171  16.460346
1211989390  4.163522
1212036721  9.942675
1212047761  13.881925
1212097282  9.224557
1212136335  13.881925
1212169442  5.243668
1212204217  4.270945
1212211647  9.218900
1212291136  9.165903
1212294772  13.269609
1212308228  13.533425
1212308973  8.604306
1212321356  9.672505
1212334304  11.609633
1212445526  9.513940
1212649554  608.507385
1212652842  7.320054
1212686639  9.133193
1212690710  6.837123
1212768987  12.229189
1212814320  3.773924
1212820095  9.579708
1212834239  2.879270
1212960244  12.853505
1212982376  11.858710
1213000227  9.928045
1211092110  15.828444
1211119686  12.229189
1211172817  13.587988
1211201110  7.220120
1211236005  11.381879
1211368239  7.773651
1211370225  11.609633
1211382551  14.608157
1211384348  10.899984
1211387795  8.899482
1211390066  9.955352
1211463724  9.285413
1211578901  1.835346
1211619561  8.604306
1211653616  6.743598
1211785309  12.597487
1211900907  6.612955
1212091932  0.000000
1212091952  6.129018
1212156494  6.723171
1212177026  4.900696
1212198428  8.514976
1212455074  12.229189
1212475133  10.457220
1212583867  12.229189
1212750054  12.613002
1212754712  7.320054
1212756471  9.513940
1212802523  15.001170
1212917773  7.253070
1213018466  8.604306
1211055090  11.166549
1211306795  3.715573
1211388461  7.961941
1211432747  12.171649
1212028044  9.752847
1212266967  9.386516
1212286865  13.912531
1212307169  8.604306
1212309610  9.030261
1212544188  6.837123
1212609775  9.774322
1212637820  10.475318
1212702225  1.747083
1212794331  4.270945
1212802906  6.152080
1212814833  7.320054
1212891949  4.742610
1212896608  8.604306
1211088881  0.000000
1211088887  3.585228
1211122504  12.041964
1211255420  11.516976
1211316228  8.604306
1211333708  7.909613
1211434396  8.463252
1211505471  5.558722
1211510518  7.340455
1211595149  9.218900
1211597175  15.530729
1211609561  4.363236
1211618245  7.673615
1211623116  6.723171
1211697649  6.298640
1211700560  12.229189
1211705915  8.512547
1211783943  8.158430
1211915538  11.661065
1211947707  11.646847
1212116269  4.820357
1212132771  11.609633
1212166471  5.678843
1212283920  9.939988
1212298506  11.041318
1212313856  6.607508
1212339418  19.085037
1212391346  12.650886
1212424774  9.276302
1212525444  8.888148
1212541937  8.335626
1212553386  13.881925
1212555447  10.488675
1212604881  11.105776
1212646112  8.750142
1212648885  8.769354
1212744685  10.983491
1212805036  5.765525
1212821330  7.653671
1212830781  12.229189
1212904433  4.969833
1211228439  6.493145
1211238943  12.028710
1211310597  6.012584
1211412414  6.723171
1211485492  7.320054
1211523466  11.006920
1211529885  6.723171
1211531010  12.123104
1211534441  10.566847
1211561858  7.677152
1211568474  1.411106
1211578760  7.413754
1211602746  10.450205
1211612634  256.256714
1211703544  11.858710
1211879322  9.285413
1211918135  5.716266
1211993511  6.723171
1212052804  13.881925
1212116529  11.661065
1212133095  9.789430
1212188681  8.463252
1212202026  5.960606
1212211939  8.504432
1212276608  9.224557
1212424749  7.256769
1212640649  9.571327
1212719606  7.861290
1212724871  8.783265
1212727528  8.463252
1212729472  16.571068
1212731779  6.140852
1212735015  12.351672
1212794181  12.591361
1212906310  12.010653
1212909178  12.619599
1212913128  7.631846
1213034563  8.770714
1213035384  4.820357
1211119426  7.340455
1211148724  9.942675
1211254087  9.165903
1211357842  0.000000
1211357903  2.116659
1211448539  7.033829
1211574506  12.229189
1211577234  5.348646
1211672049  14.608157
1211675470  9.414245
1211680478  10.011361
1211688924  9.397194
1211692672  12.171649
1211702308  4.805158
1212003750  9.386516
1212031019  6.470199
1212132439  9.511287
1212192238  13.183029
1212207375  50.003754
1212221437  8.390940
1212284601  11.281112
1212290828  6.269814
1212297812  17.915602
1212348437  17.291435
1212538733  3.654662
1212556835  7.083923
1212558360  14.466765
1212736612  12.412721
1212789795  11.469900
1212816200  10.805385
1212868055  8.604306
1212960304  12.616312
1211146968  12.351672
1211160344  6.955005
1211162806  5.437423
1211322570  9.616685
1211406215  5.408698
1211421677  10.482162
1211427776  10.129541
1211522255  11.355812
1211592669  7.320054
1211762567  6.642938
1211774221  7.788405
1211814509  14.346644
1211848854  11.998236
1211952859  10.863293
1212011996  2.201325
1212114971  12.412721
1212119542  12.229189
1212241594  12.229189
1212386796  13.719426
1212463046  10.679378
1212466899  13.269609
1212468795  7.220120
1212539795  7.337204
1212873751  6.468995
1212986409  9.067974
1212995239  14.387281
1211050223  7.200053
1211126144  16.387032
1211131899  9.285413
1211178333  7.320054
1211265461  11.208459
1211271928  5.466363
1211322921  5.592800
1211471863  10.079793
1211495950  4.200930
1211509617  9.981892
1211519611  5.949084
1211528327  8.571150
1211529740  14.387281
1211615664  8.326748
1211813161  13.116773
1211854387  10.029884
1211963658  18.724312
1211964516  9.789430
1212124949  14.186088
1212208863  8.201333
1212293501  5.310358
1212388891  11.415996
1212550079  12.229061
1212648074  10.541829
1212689751  9.856028
1212745822  11.512212
1212769856  9.056844
1212828729  9.628947
1213072692  12.721162
1211057567  9.285413
1211083881  12.229189
1211199631  7.191431
1211211155  0.000000
1211211157  7.077022
1211216624  5.466363
1211246058  13.298259
1211251460  7.942436
1211259054  11.469900
1211562527  4.067567
1211607898  9.582340
1211610721  8.380254
1211695136  6.955005
1211702774  10.064700
1211768916  4.141528
1211861902  9.789430
1211947153  13.083032
1212008017  6.612955
1212115188  9.056844
1212195460  4.270945
1212210728  10.291540
1212213336  0.000000
1212213350  8.769354
1212384285  10.991916
1212541419  8.750142
1212602536  9.024889
1212613789  4.862641
1212624051  6.723171
1212641497  13.269609
1213018972  13.387792
1213048510  9.776963
1213059385  3.824727
1213072234  13.338778
1211090597  12.229189
1211113792  8.785292
1211260331  10.489899
1211347574  12.229189
1211387626  12.304160
1211393348  11.972114
1211419176  12.650886
1211422112  8.463252
1211424521  6.723171
1211489036  9.813261
1211504884  4.950334
1211508696  10.634809
1211652174  12.693651
1211738960  11.661065
1211803649  11.402462
1211952850  9.073335
1211957673  8.901007
1212083820  12.171649
1212172470  9.473641
1212198686  7.320054
1212332790  2.293047
1212341648  14.479944
1212560995  11.629361
1212598869  4.270945
1212678447  6.612955
1212721505  11.469900
1212787498  19.183868
1212801816  10.634809
1212803828  11.629361
1212893372  7.083923
1212947379  6.612955
1211049619  10.811721
1211082357  0.000000
1211082375  4.928014
1211175932  15.064503
1211248659  4.141528
1211465045  11.858572
1211892007  12.229189
1211930141  10.488675
1212023504  5.678843
1212052956  12.171649
1212108400  4.270945
1212127745  6.256208
1212201131  8.636251
1212203986  12.078223
1212210113  8.156061
1212427652  9.920465
1212427919  5.850468
1212501533  3.882678
1212548942  9.774322
1212559404  11.646847
1212584974  8.604306
1212618170  5.307766
1212708007  3.942411
1212769311  6.569304
1212910403  7.461616
1212913674  4.172252
1211102871  18.252102
1211161212  9.616685
1211230506  6.612955
1211400411  11.972114
1211599954  8.571150
1211613957  14.608157
1211959086  9.942675
1212178570  14.608157
1212201006  31.027699
1212205490  9.050369
1212309182  11.284902
1212632431  11.732356
1212716009  9.776963
1212773369  15.001170
1212773429  17.217106
1212791355  8.463252
1212972263  8.604306
1211161123  6.723171
1211349621  8.929653
1211356850  12.171649
1211376733  6.051227
1211431703  11.661065
1211496394  14.113291
1211523034  8.463252
1211566126  5.926361
1211604190  12.229189
1211606153  22.848236
1211674089  9.616685
1211681041  11.972114
1211777018  6.756973
1211930520  8.901007
1211960356  12.229189
1211993482  6.612955
1212025913  6.612955
1212028325  6.578035
1212029357  9.133193
1212115815  10.628247
1212123795  11.469900
1212169969  13.578123
1212217177  6.585873
1212274125  9.133193
1212277182  6.506295
1212524564  9.133193
1212539061  9.672505
1212552240  11.972114
1212613239  10.983491
1212727204  10.063152
1212773856  9.056844
1212780724  11.972114
1212786081  15.646704
1212787754  10.641545
1212807181  9.710059
1212914215  0.000000
1212914220  2.445415
1211053289  12.028710
1211166909  10.472487
1211170914  12.545140
1211184866  13.052950
1211187975  9.789430
1211191623  14.608157
1211225111  11.834699
1211341480  6.573542
1211482602  11.609633
1211506259  5.963305
1211619900  12.274805
1211690151  5.829207
1211704712  6.185961
1211711911  9.056844
1211872020  250.926666
1211910113  11.633761
1211930388  7.100520
1211995600  13.399858
1212003072  14.877050
1212009269  9.789430
1212029988  13.984540
1212044850  11.401544
1212210313  12.350398
1212214449  13.779225
1212272854  13.993278
1212298880  0.000000
1212298915  0.000000
1212298917  5.912374
1212333530  12.291865
1212457409  8.604306
1212509325  14.387281
1212530253  0.000000
1212530300  0.000000
1212530301  0.000000
1212530327  5.238834
1212689473  12.229189
1212809193  9.628947
1212824357  9.628947
1212899945  10.511787
1213002965  9.269907
1213049256  12.028710
1211070464  6.651487
1211208049  9.133193
1211564001  8.380254
1211589144  7.337204
1211939345  0.000000
1211939409  1.693327
1211988787  12.171649
1212289798  7.340455
1212369171  10.794587
1212452150  1.834437
1212683171  4.969833
1211298517  12.380550
1211068247  7.942436
1211076831  7.753050
1211081382  16.590784
1211210343  9.987947
1211213915  7.575287
1211256007  5.206060
1211579663  9.130098
1211588161  7.655877
1211595227  11.419312
1211599975  10.054693
1211624079  4.639711
1211680666  13.983026
1211698313  7.788405
1211914707  7.970495
1211916177  7.220120
1212001666  9.285413
1212028198  8.705074
1212136801  9.672505
1212167642  18.153894
1212184106  6.711360
1212200698  7.189297
1212205959  9.442793
1212217173  7.754720
1212262647  9.024889
1212316473  7.200053
1212370566  7.340455
1212524368  10.862339
1212607456  12.812263
1212638728  9.789430
1212900379  11.167455
1212944584  13.431444
1212990535  4.742610
1211031507  8.604306
1211041936  14.387597
1211062137  9.073335
1211089848  6.723171
1211205368  3.715573
1211277478  5.892319
1211342803  8.368876
1211346381  7.672413
1211371991  0.000000
1211372124  6.026868
1211401603  11.419312
1211423327  7.220120
1211485826  9.776963
1211511722  12.171649
1211515212  6.386700
1211555395  6.603199
1211599948  12.176800
1211691929  7.320054
1211692632  14.135183
1211694595  14.350831
1211784288  6.302973
1211829760  8.500714
1211906992  9.133193
1211978502  10.852524
1212028664  13.116773
1212041304  8.604306
1212045106  9.672505
1212057363  14.113291
1212087341  10.126996
1212141354  14.368679
1212184810  6.775805
1212204012  10.781286
1212206977  9.789430
1212219478  5.241250
1212294206  17.186068
1212295549  7.340455
1212310666  5.470487
1212375634  9.981892
1212382112  8.326748
1212385659  9.285413
1212396734  8.463252
1212428605  14.888259
1212436429  12.351672
1212456809  7.200053
1212457904  10.153547
1212458858  4.270945
1212464271  12.220667
1212549207  11.117445
1211062795  7.271245
1211065069  9.880194
1211121528  9.948656
1211124087  7.083337
1211153295  6.578035
1211220637  11.821301
1211232285  6.122250
1211241350  6.723171
1211307255  13.524055
1211420148  9.285413
1211523702  8.463252
1211550633  17.609289
1211664542  9.948656
1211709168  12.171649
1211781043  14.174269
1211854898  8.448140
1211941193  7.334368
1211997350  3.911158
1212016466  12.194870
1212019874  5.198941
1212027613  8.054737
1212121651  13.102702
1212150795  8.924059
1212174649  8.463252
1212198959  11.469900
1212209869  11.267553
1212220632  15.901452
1212279888  8.500591
1212283326  22.878187
1212292768  12.768822
1212313304  11.779016
1212327982  9.270480
1212340355  10.810182
1212509896  11.288483
1212542519  9.150067
1212553125  6.939151
1212588191  15.523255
1212600658  6.723171
1212641596  7.590211
1212644892  16.442968
1212710476  16.228865
1212718559  11.972114
1212721907  10.834684
1212773677  11.288483
1212987550  16.847252
1212992661  14.141609
1211054647  2.879270
1211097262  6.971480
1211167508  11.592047
1211242033  13.116773
1211249150  10.253031
1211258153  14.608157
1211262698  5.993672
1211285888  4.788028
1211302808  4.200930
1211324263  3.550524
1211329030  12.171649
1211504346  4.270945
1211683169  12.229189
1211700291  5.387601
1211700406  4.518030
1211896397  7.677152
1211986449  6.470199
1212120591  2.431320
1212188687  20.161844
1212193904  0.000000
1212193966  1.865530
1212279268  8.604306
1212280292  12.229189
1212457859  12.591361
1212510279  15.611731
1212529281  11.160583
1212549657  9.776963
1212903284  6.775805
1212997025  9.776963
1211061441  9.628947
1211088555  9.776963
1211093372  8.604306
1211099360  9.955352
1211248307  3.778548
1211252943  9.776963
1211331338  9.789430
1211591848  5.953626
1211750115  7.340455
1211992121  4.073634
1211996300  9.203395
1212102485  7.340455
1212223921  11.661065
1212253496  10.419532
1212265949  10.096597
1212268558  9.308878
1212431006  8.463252
1212517669  5.735188
1212551100  10.288759
1212709579  9.513940
1212724588  10.468639
1212897993  3.595716
1212966789  12.721162
1211069405  4.867828
1211092772  7.572470
1211097308  8.672287
1211135071  8.463252
1211160944  6.723171
1211239685  6.440441
1211253110  65.045715
1211258149  12.099219
1211464147  0.000000
1211464150  5.892929
1211480065  12.752561
1211511716  11.638520
1211519526  11.972114
1211555970  13.102702
1211576795  8.985883
1211585406  9.073335
1211671688  8.407836
1212072404  9.720291
1212189081  9.024889
1212203082  5.620947
1212215911  5.681553
1212276726  4.962155
1212290599  11.667211
1212297740  11.661065
1212384117  8.604306
1212454202  6.612955
1212464205  12.171649
1212606536  9.285413
1212641253  9.789430
1212799923  4.856905
1212870537  8.607203
1212898916  15.288218
1212910325  6.267562
1212954067  9.776963
1211054342  11.661065
1211091079  10.291540
1211093462  10.901686
1211197623  6.737929
1211224715  8.194577
1211335387  13.428424
1211336999  7.340455
1211387014  11.761671
1211392353  12.234092
1212757690  14.113291
1212917256  11.056794
1213002565  12.157111
1211066002  7.078338
1211088390  13.967091
1211099353  13.280143
1211122524  8.463252
1211310827  3.838576
1211313107  12.181689
1211468281  8.698141
1211498597  9.224557
1211542534  6.111974
1211589389  8.625276
1211594830  7.331528
1211704682  105.312668
1211911292  8.750142
1212022243  8.695085
1212024968  6.406418
1212040707  9.525852
1212272282  6.635249
1212298065  4.024633
1212318300  16.634630
1212340590  7.293962
1212464243  67.488358
1212464999  8.632629
1212596078  6.955005
1212600320  11.139626
1212633655  12.171649
1212646468  10.350557
1212761263  8.361358
1212774736  9.917723
1212845481  8.604306
1212894413  4.217916
1212895434  14.368679
1212899524  6.380177
1212901537  7.077022
1211082786  14.608157
1211090280  6.738600
1211094644  6.955005
1211099657  13.587988
1211104618  20.100996
1211128572  9.789430
1211148003  11.469900
1211256290  12.171649
1211325922  12.028710
1211434672  11.661065
1211473385  4.067567
1211483881  8.007770
1211506860  6.612955
1211619021  11.754262
1211753644  8.868966
1211917537  12.406231
1211934261  9.224557
1211940203  3.715573
1212133836  6.612955
1212180920  14.422677
1212193007  7.337204
1212214999  9.789430
1212468676  13.482315
1212477112  12.593278
1212547458  8.604306
1212557261  7.200053
1212606449  12.229189
1212625436  2.391463
1212639423  12.901743
1212645697  11.609633
1212744731  17.060383
1212816984  18.916723
1212858401  6.334750
1212892243  5.926361
1212946136  9.892521
1212971323  12.901743
1212975359  6.166908
1212990247  11.410921
1213022469  4.270945
1211066824  8.658329
1211072122  9.776963
1211120077  9.628947
1211213556  10.033624
1211218990  12.580367
1211241520  13.587988
1211243069  9.942675
1211248975  9.774118
1211251422  9.224557
1211434864  12.229189
1211437109  6.723171
1211474925  12.646532
1211579114  7.248631
1211637309  12.028710
1211691212  7.200053
1211926113  4.133173
1211930246  11.469900
1211940889  3.882678
1212023418  3.942411
1212026702  9.369149
1212037853  11.661065
1212056108  12.229189
1212102985  11.469900
1212106032  11.410921
1212122996  14.195891
1212186399  1.775262
1212451633  9.073335
1212545260  9.210350
1212607766  5.250746
1212624996  8.988313
1212627886  7.216922
1212632626  5.989534
1212634484  14.080112
1212685630  12.229189
1212716408  4.270945
1212774997  12.561023
1212791032  9.774118
1212879005  9.024889
1212937989  9.776963
1211160044  3.057396
1211398790  7.203397
1211498519  7.320054
1211524464  9.789430
1211608953  9.817349
1211693277  19.180792
1211818792  11.609633
1211827803  9.614087
1211854820  8.463252
1211858805  11.609633
1211903370  9.789430
1211906541  12.028710
1211985807  17.060383
1211993498  11.235129
1212020817  7.376757
1212095976  6.847288
1212112959  11.117445
1212207224  7.864773
1212211941  12.028710
1212280710  10.679378
1212307853  12.171649
1212441047  11.972114
1212474736  9.473641
1212513262  2.201325
1212513574  6.756973
1212526677  3.561826
1212539403  6.893615
1212553318  11.469900
1212602651  9.789430
1212633128  6.612955
1212761436  6.223551
1212770972  8.688999
1212814112  7.340455
1212967882  11.469900
1211078300  400.349884
1211078307  509.731628
1211082604  9.224557
1211149419  6.111974
1211198913  3.990909
1211377300  10.304663
1211979311  12.721162
1211988299  4.523720
1212086067  12.028710
1212111821  3.585228
1212151060  5.387601
1212429191  6.775805
1212580724  12.171649
1212590887  10.264121
1212607103  11.288483
1212801743  9.224557
1213015669  11.779016
1211083582  12.229189
1211092625  7.160439
1211101905  11.972114
1211244890  9.073335
1211252358  8.604306
1211323148  3.654662
1211347683  9.776963
1211382961  4.900696
1211415624  17.165258
1211460809  9.616685
1211588934  4.820357
1211594990  6.690410
1211649802  8.604306
1211658193  9.776963
1211698702  12.147159
1211774510  12.296974
1211838721  11.661065
1212067590  8.463252
1212216550  9.776963
1212217877  13.102702
1212293799  3.712614
1212361807  6.591515
1212457330  13.201205
1212484943  7.083337
1212713618  3.882678
1212729222  8.056040
1212791285  4.200930
1212876691  6.152080
1212879466  11.166549
1212880958  9.882296
1212891321  9.789430
1212959839  12.229189
1212994439  12.010653
1211298517  12.380550
1211580435  6.152080
1211900775  9.073335
1212101528  5.912374
1212103291  8.604306
1212145376  14.608157
1212208136  12.171649
1212213530  11.972114
1212226866  9.088130
1212295420  7.320054
1212369726  5.466363
1212431791  15.042133
1212474421  8.262222
1212508678  8.368876
1212516703  10.250269
1212619082  7.340455
1212636707  11.419312
1212658325  9.776963
1212760635  6.111974
1212773728  16.586367
1212818975  6.612955
1212908361  804.598083
1212972923  3.715573
1213047662  6.116249
1211078735  12.591667
1211085581  8.194577
1211091341  8.326748
1211165317  9.789430
1211174075  9.653728
1211244487  18.583960
1211251377  12.171649
1211265816  10.304663
1211336604  3.654662
1211385326  12.436463
1211394338  4.182111
1211426879  7.214606
1211530720  12.149186
1211555586  8.225773
1211560545  4.359503
1211657501  15.729547
1211692760  9.228807
1211706586  8.231682
1212003718  6.470199
1212108064  9.224557
1212119910  12.028710
1212129974  7.861875
1212135565  9.628947
1212198418  4.200930
1212215904  12.028710
1212431034  12.591361
1212432166  11.609633
1212465336  8.463252
1212513406  13.795393
1212517425  15.565025
1212521872  0.000000
1212521932  1.834437
1212547006  12.591361
1212551397  13.116773
1212592713  13.014173
1212642466  1.804365
1212794300  12.591361
1212893360  12.229189
1212894977  9.776963
1212976296  8.604306
1212983909  11.005806
1211171566  8.571150
1211338402  10.679378
1211495739  7.592035
1211508153  4.745495
1211509022  10.928748
1211773411  8.604306
1211991804  9.357412
1212540508  8.281456
1212718366  9.224557
1211094099  5.959458
1211095522  8.239899
1211146798  5.829207
1211154985  12.229189
1211242437  6.152080
1211253956  11.830874
1211308390  9.224557
1211333602  0.000000
1211333664  0.000000
1211333691  6.114791
1211336691  6.612955
1211428132  9.224557
1211467757  9.317224
1211502788  7.444123
1211510323  1.927986
1211532569  0.000000
1211532571  3.585228
1211577099  167.621826
1211584783  9.057164
1211600563  0.000000
1211600564  11.609633
1211674497  13.212620
1211839840  17.115652
1211854673  11.439865
1211857352  4.141528
1211928245  4.270945
1211960082  5.926361
1212028411  8.604306
1212153867  11.363935
1212170196  11.609633
1212188454  8.463252
1212452919  7.660726
1212533541  12.833491
1212557581  9.776963
1212740954  14.304382
1212863991  9.789430
1212901526  5.754067
1212940516  14.791430
1212941538  9.269907
1212945467  9.774322
1212975183  9.939988
1211025035  7.643682
1211057735  6.947092
1211075252  9.386516
1211086085  8.534564
1211096269  13.116773
1211120066  10.233057
1211127886  12.171649
1211165464  263.864899
1211205919  8.532036
1211254880  9.495469
1211313570  11.281112
1211337591  12.171649
1211338739  12.171649
1211343333  7.320054
1211414714  14.649190
1211436512  7.585206
1211475215  3.841316
1211568090  14.110602
1211706508  5.926361
1211707603  7.909613
1211710959  9.856028
1211728102  9.073335
1211741759  12.212516
1211754934  7.320054
1211829803  10.334526
1211988626  5.437423
1212027590  2.282387
1212073329  12.969939
1212114018  10.665778
1212119424  13.340934
1212139101  6.654594
1212204393  6.723171
1212210986  9.386516
1212252113  13.395731
1212282115  6.837123
1212342966  13.823581
1212361435  4.983759
1212438339  3.355957
1212451660  10.291540
1212466968  12.171649
1212519842  10.662896
1212538635  9.073335
1212546446  16.364912
1212555477  9.616685
1212556374  8.994441
1212612701  5.835169
1212623885  9.163426
1212676979  6.990910
1212721268  9.776963
1212726084  5.754067
1212760924  11.858572
1212855943  6.313715
1212876136  6.971480
1212887268  5.926361
1212891054  6.269814
1212900197  10.541829
1212976128  6.386700
1212980881  14.608157
1213014011  9.143179
1211060652  13.524055
1211086102  9.900673
1211214535  3.942682
1211321578  6.089360
1211335427  6.723171
1211441315  9.906419
1211503987  14.044210
1211594647  10.932248
1211608313  13.431575
1211610872  17.858484
1211693209  10.884031
1211739756  8.942208
1211778368  6.365841
1211780741  15.001170
1211839589  17.186068
1211869920  7.189297
1211914756  18.570457
1211927445  8.463252
1211941933  7.340455
1211952408  7.220120
1211991819  2.895251
1212003516  9.177590
1212042330  12.736300
1212045380  10.307584
1212082962  15.315578
1212110939  234.587799
1212364199  9.459021
1212382958  17.362101
1212443455  8.575796
1212465069  9.616685
1212507393  8.604306
1212550233  8.066537
1212640601  4.200930
1212776691  6.612955
1212802572  10.291540
1212804832  8.490791
1212808478  7.444123
1212816743  14.952036
1212825106  13.997280
1212905144  10.584043
1211481539  16.744286
1211483917  9.927626
1211506716  6.723171
1211519436  8.750142
1211595169  11.410921
1211658656  8.834049
1211690545  12.229189
1211779346  8.194577
1211810230  13.881925
1212023881  1.971341
1212039959  21.740763
1212111239  6.723171
1212115974  11.661065
1212370124  7.334368
1212378731  11.288483
1212425056  9.776963
1212544573  9.776963
1212618105  3.144750
1212716314  5.171670
1212716926  13.125576
1212725935  12.107790
1212802981  9.167960
1212851541  12.229189
1213028493  11.464865
1213047885  7.200053
1213066340  9.789430
1211097359  6.723171
1211147550  6.542447
1211251867  7.698158
1211256022  4.644466
1211256978  16.297485
1211407085  4.576013
1211477351  6.152080
1211928091  11.469900
1211952053  11.867870
1212094316  2.431320
1212193466  7.340455
1212202004  4.900696
1212211468  14.110602
1212364527  8.804645
1212368811  7.793509
1212540818  7.337204
1212553006  13.715551
1212630490  5.260963
1212647434  8.604306
1212674860  6.152080
1212810022  9.270480
1212819763  16.268341
1212873830  3.715573
1213077227  12.171649
1213082589  14.113291
1211072575  7.382629
1211076862  9.776963
1211098571  13.143030
1211154054  95.453201
1211220601  11.777053
1211223303  9.776963
1211234939  11.367332
1211237920  9.628947
1211351038  14.096311
1211407344  7.788405
1211421815  5.466363
1211472075  4.270945
1211495001  6.723171
1211527458  8.988313
1211570674  0.000000
1211570707  0.000000
1211570710  5.110646
1211594933  11.592047
1211690726  12.775446
1211695643  11.063770
1211782455  10.063152
1211845933  12.920566
1211898928  9.123130
1211913761  12.650886
1211943055  10.985330
1211963834  13.997793
1212004278  10.665778
1212009939  9.133193
1212042857  9.628947
1212045114  12.266726
1212109466  9.542645
1212200886  11.472363
1212267077  9.177590
1212310539  11.310754
1212340071  3.911129
1212346122  11.223008
1212350357  7.899802
1212466420  10.475318
1212476787  13.269609
1212521948  10.363399
1212527420  13.102702
1212609259  11.661065
1212694495  7.464869
1212718726  11.363935
1212723918  14.675027
1212783289  8.194577
1212787792  12.901743
1212792039  9.955352
1212798041  7.942436
1212801462  9.789430
1212808187  11.188224
1212813679  9.165903
1212986597  9.628947
1213024077  8.110606
1213026600  13.807479
1211332193  7.001565
1211415534  9.308878
1211423138  9.133193
1211499103  12.229189
1211507682  6.612955
1211512819  9.616685
1211575574  12.210830
1211593249  14.049862
1211616927  8.463252
1211672499  9.285413
1211692836  8.942208
1211698289  13.719426
1211743617  9.616685
1211786009  11.700936
1211900437  7.942436
1211925960  6.576632
1211949040  8.901007
1212032766  12.210830
1212104512  8.750142
1212177056  5.426023
1212212845  13.040272
1212215861  11.166549
1212290017  10.133380
1212301750  6.073628
1212309812  9.218900
1212312036  11.609633
1212313705  9.323266
1212365063  8.888148
1212368907  7.320054
1212422996  6.506295
1212453653  6.723171
1212458591  8.463252
1212465983  9.323266
1212545722  15.121383
1212550404  8.604306
1212555596  11.661065
1212558033  3.920729
1212559890  12.006410
1212627907  4.594403
1212631340  9.628947
1212641278  11.419312
1212645747  11.166549
1212688289  10.488675
1212710025  9.942675
1212711751  1.834437
1212725422  10.932248
1212799345  3.654662
1212801443  11.469900
1212821400  0.000000
1212821402  0.000000
1212821414  0.000000
1212821435  0.000000
1212821495  9.381168
1212832345  12.351672
1212947881  9.942675
1211065227  12.229189
1211177529  16.847252
1211247346  7.906763
1211249016  27.266514
1211252993  5.153358
1211317553  6.403020
1211421816  9.654623
1211423114  10.466426
1211494424  9.653728
1211505088  5.592800
1211517652  2.868183
1211794633  19.707571
1211794745  6.578035
1211925444  9.616685
1211944504  17.858484
1212033642  9.752847
1212098165  11.988796
1212099476  6.291819
1212270648  5.892929
1212343006  6.493145
1212367357  10.983491
1212506166  7.067214
1212526188  4.270945
1212609549  8.257833
1212619981  5.762718
1212702147  4.900696
1212716711  9.678755
1212802444  9.672505
1212829997  8.463252
1212836338  4.270945
1212913213  9.789430
1212980192  12.407276
1212988257  14.325994
1212991645  14.324126
1212995256  12.741158
1211060613  22.506111
1211060673  9.448302
1211156193  14.462848
1211173408  7.942436
1211216863  7.277284
1211218445  10.063152
1211221159  8.604306
1211237408  11.469900
1211306397  11.779016
1211496158  1.834437
1211496541  3.526454
1211523196  11.195291
1211564576  11.235369
1211579558  8.389200
1211583203  11.661065
1211591668  1286.398926
1211604834  6.568421
1211652968  11.469900
1211656784  6.723171
1211660182  8.604306
1211665342  10.126996
1211824806  0.000000
1211824866  0.000000
1211824900  10.035616
1211935290  6.723171
1211953901  7.677152
1212000752  10.488675
1212035475  9.628947
1212182693  10.899984
1212206141  7.200053
1212273411  7.970495
1212292231  8.152449
1212307605  10.586817
1212439881  11.661065
1212467167  4.270945
1212623725  14.113291
1212641021  11.061199
1212648492  10.641545
1212702295  9.133193
1212780503  9.942675
1212804529  45.092747
1212818588  166.692734
1212888123  11.830874
1212910949  10.304663
1211050388  10.222272
1211156249  4.717040
1211166987  3.713866
1211183955  10.951512
1211226879  6.064539
1211336561  10.535885
1211348865  13.204045
1211425584  12.229189
1211504686  0.000000
1211504699  0.000000
1211504704  0.000000
1211504753  3.371799
1211584680  11.609633
1211599941  23.557465
1211611274  7.482005
1211915830  12.171649
1211963485  14.030727
1211986977  6.723171
1211990109  5.507373
1211997506  8.326748
1212012760  7.307231
1212037402  13.587988
1212122109  15.774499
1212128102  8.705074
1212172857  7.417529
1212188160  2767.458740
1212202286  8.463252
1212256115  6.458871
1212268323  6.401429
1212285992  12.149186
1212293648  11.469900
1212306789  5.953626
1212460113  12.206516
1212469323  12.274805
1212523314  9.777895
1212534541  4.270945
1212543120  12.950071
1212553815  9.776963
1212561993  9.007785
1212627136  1.834437
1212716772  9.311394
1212725924  9.605599
1212779236  9.616685
1212863626  5.241250
1212867164  12.181689
1213048076  8.985883
