1211240392  10.819692
1211254686  7.423925
1211256976  11.256525
1211335840  11.480317
1211336818  10.819692
1211432102  12.219325
1211643950  9.137992
1211683006  9.116417
1211684017  7.190551
1211904345  4.862089
1211945196  4.809580
1211952844  2.596344
1212023281  10.859523
1212025905  7.248093
1212109949  0.000000
1212110009  4.782382
1212119264  5.995629
1212127659  4.592966
1212163053  13.330173
1212289880  8.279679
1212367133  7.434298
1212452541  3.860569
1212457428  7.190551
1212468418  6.559489
1212539263  7.974975
1212603789  4.196873
1212609904  4.266821
1212900001  11.629642
1212903233  2.345085
1212993355  16.421047
1211043071  5.382444
1211047132  10.819692
1211257604  0.000000
1211257656  4.979712
1211434214  13.438996
1211556224  9.092760
1211616216  5.209381
1211693003  5.205857
1212163939  7.310393
1212309571  656.787231
1212519636  6.206922
1212522777  7.310393
1212536115  7.668948
1212611793  6.198871
1212614572  4.266821
1212845450  0.000000
1212845512  18.031301
1212845614  4.862089
1212973887  10.144863
1211069932  4.266821
1211092155  18.293783
1211210878  4.651075
1211219321  2.506815
1211259581  0.000000
1211259626  0.000000
1211259675  10.258206
1211268917  4.944497
1211506627  3.593398
1211508578  5.911235
1211511483  4.584207
1211555759  9.836083
1211577646  15.088555
1211944282  5.061191
1212072132  6.559489
1212125554  8.791249
1211095971  11.428315
1211120422  0.000000
1211120483  7.310393
1211298703  4.355399
1211477019  4.185663
1211479866  11.020116
1211653159  20.183794
1211734376  7.423925
1212001839  4.048429
1212019914  2.383529
1212028858  4.196873
1212217026  2.464327
1212237299  2.383529
1212255677  4.115902
1212341451  8.644685
1212356398  21.259010
1212468175  8.611922
1212469314  10.819201
1212597952  5.310102
1212725089  0.000000
1212725098  0.000000
1212725167  27.533232
1212899450  7.204991
1211042612  5.783591
1211161128  9.202469
1211402884  21.259010
1211785125  17.461950
1211908097  1.142339
1212261306  6.361220
1212302428  26.573763
1212372364  4.266821
1212544580  3.593398
1212714975  5.234294
1212788742  4.881979
1212916813  8.385245
1212917667  15.172701
1212977601  10.516919
1211203692  6.668814
1211311694  6.668814
1211375289  12.019008
1211484408  5.861773
1211542231  4.862089
1211546964  7.184443
1211548470  8.000991
1211558802  2.959770
1211722533  7.310393
1211897933  7.310393
1212074576  7.900396
1212086090  8.370188
1212174121  2.959770
1212288862  11.961844
1212290274  6.962279
1212327037  4.862089
1212330850  4.862089
1212339399  0.000000
1212339403  0.000000
1212339463  0.000000
1212339523  12.621912
1212339825  4.884748
1212345469  2.423255
1212411103  8.505428
1212419461  7.668948
1212421074  6.898773
1212436843  2.423255
1212527387  3.821034
1212544857  9.805909
1212589814  7.593781
1212754870  5.858375
1212758868  0.000000
1212758928  0.000000
1212758989  0.000000
1212759049  0.000000
1212759110  0.000000
1212759171  0.000000
1212759232  0.000000
1212759292  0.000000
1212759353  0.000000
1212759415  2.345085
1212844465  7.310393
1212897393  3.009936
1212993618  10.342714
1213014877  8.709446
1211217690  4.944497
1211220715  8.372833
1211225091  10.500937
1211240625  17.796583
1211300882  0.000000
1211300892  0.000000
1211300916  2.383529
1211459049  13.975295
1211601129  18.222010
1212102620  4.862089
1212151387  9.482205
1212190128  9.482205
1212204331  10.102431
1212329133  6.203052
1212338264  18.018389
1212344119  7.816571
1212354716  0.000000
1212354775  0.000000
1212354835  0.000000
1212354896  0.000000
1212354956  4.266821
1212434277  8.185948
1212445496  265.006744
1212509520  3.634882
1212544977  3.634882
1212643010  10.058216
1212682816  0.000000
1212682876  7.236459
1212802433  48.916817
1212815254  2.690085
1212819901  8.536486
1212904037  0.000000
1212904057  0.000000
1212904100  9.087206
1212979073  9.893328
1211036580  8.223367
1211054234  8.879310
1211253362  12.337440
1211436820  14.526057
1211585562  11.341143
1211599596  4.257830
1211612699  174.281799
1211623877  3.029069
1211639531  3.741729
1211673525  5.992251
1211732488  7.046482
1211762689  14.016647
1211938002  3.653288
1212032283  7.334336
1212124473  0.000000
1212124478  0.000000
1212124540  18.019394
1212175486  7.236459
1212182266  10.501312
1212285749  6.668814
1212336360  11.953901
1212340094  5.358292
1212340187  0.000000
1212340188  2.743307
1212341084  12.930495
1212558140  12.587160
1212595075  8.599096
1212609251  4.266821
1212625788  7.310393
1212714699  2.643551
1212771083  14.071818
1212825835  2.170079
1212873041  7.434298
1212889572  2.643551
1212901906  11.296739
1211215998  7.069265
1211298308  7.310393
1211302705  4.862089
1211352435  9.579123
1211390731  4.746734
1211427639  13.018609
1211681745  5.441135
1211954246  8.372833
1212021273  5.398604
1212036891  0.000000
1212036942  27.078693
1212612682  161.958115
1212681006  5.815812
1212683948  6.899215
1212720851  0.000000
1212720856  8.141434
1212810604  29.918625
1212814781  6.902772
1212895142  0.000000
1212895144  0.000000
1212895151  7.152923
1213073647  8.014224
1211135139  5.516048
1211135520  8.893263
1211308901  6.095557
1211311349  10.711126
1211343220  8.127991
1211393268  2.959770
1211422235  9.421704
1211515521  17.712633
1211565181  3.653288
1211689981  7.890617
1211738048  0.000000
1211738075  12.397371
1211856595  5.557345
1211901991  4.862089
1211915951  15.507780
1211936456  10.209043
1211984040  23.273571
1211987888  4.488082
1212019883  5.025480
1212109583  8.660861
1212128520  7.310393
1212129757  10.245016
1212163509  4.571594
1212167244  2.959770
1212268471  10.443018
1212375194  15.253554
1212420525  4.654714
1212467264  7.979117
1212585115  7.310393
1212623314  4.063995
1212689398  6.475619
1212823941  4.108808
1212904652  6.835574
1212908875  3.541273
1212914698  2.383529
1211034960  0.000000
1211034986  0.000000
1211034987  8.408366
1211052835  23.762972
1211076700  7.310393
1211096699  11.240940
1211207620  4.862089
1211208917  2.959770
1211220950  7.190551
1211543106  8.097608
1211878847  10.051575
1212255917  19.214729
1212436218  0.000000
1212436220  2.992625
1212471138  4.266821
1212483804  11.325771
1212738919  4.862089
1212881805  3.206383
1212992048  4.266821
1213011373  8.232568
1213026311  5.990018
1211044416  0.000000
1211044471  0.000000
1211044869  0.000000
1211044929  0.000000
1211044969  0.000000
1211045021  0.000000
1211045085  0.000000
1211045145  0.000000
1211045178  0.000000
1211045187  2.464327
1211067719  0.000000
1211067779  0.000000
1211067840  0.000000
1211067900  2.202959
1211086844  7.338093
1211132135  2.423255
1211215132  0.000000
1211215195  0.000000
1211215229  0.000000
1211215251  0.000000
1211215312  0.000000
1211215363  0.000000
1211215423  0.000000
1211215454  0.000000
1211215512  0.000000
1211215573  0.000000
1211215609  0.000000
1211215657  18.996679
1211216414  2.464327
1211263915  15.325127
1211305089  4.129182
1211307259  18.508860
1211309419  4.862089
1211311872  13.285162
1211351170  7.580903
1211358175  11.852189
1211394525  0.934093
1211412152  7.702403
1211505052  0.000000
1211505110  7.310393
1211557144  0.000000
1211557198  2.345085
1211588656  4.405918
1211643141  2.943565
1211783970  4.392442
1211826239  0.000000
1211826300  2.345085
1211837674  0.000000
1211837735  0.000000
1211837796  0.000000
1211837856  0.000000
1211837916  0.000000
1211837977  0.000000
1211838037  0.000000
1211838098  0.000000
1211838125  2.383529
1212015153  0.000000
1212015213  0.000000
1212015253  0.000000
1212015256  35.322266
1212093608  7.310393
1212131766  15.007529
1212198410  8.284002
1212498514  0.000000
1212498576  0.000000
1212498626  0.000000
1212498688  4.932902
1212499522  10.344224
1212500551  4.862089
1212504145  6.664926
1212506532  0.000000
1212506592  0.000000
1212506652  0.000000
1212506682  0.000000
1212506716  0.000000
1212506774  0.000000
1212506821  12.973964
1212517049  2.464327
1212584632  7.668948
1212674911  0.000000
1212674972  7.310393
1212694056  0.000000
1212694116  0.000000
1212694119  0.000000
1212694174  0.000000
1212694209  0.000000
1212694270  3.591149
1212694713  0.000000
1212694774  0.000000
1212694834  0.000000
1212694895  2.423255
1212695197  0.000000
1212695258  2.423255
1212783772  19.386600
1212798798  2.650540
1212799284  0.000000
1212799336  0.000000
1212799396  3.938604
1212895305  46.360474
1213026052  0.000000
1213026112  4.196873
1213028051  2.423255
1213036340  3.093517
1213071563  2.506815
1211298071  0.000000
1211298118  1.547909
1211302469  3.534022
1211610577  12.908806
1211764861  0.000000
1211764891  0.000000
1211764953  2.596344
1211767020  3.381286
1212012933  5.805292
1212519033  4.196873
1212524132  6.554736
1212551120  6.696021
1212708159  14.760537
1212757556  7.190551
1211140763  2.464327
1211323440  123.477066
1211416565  0.000000
1211416632  2.692505
1211580936  3.228840
1212184441  23.180237
1212200817  6.177797
1212547457  7.460394
1212865427  2.383529
1212871861  2.423255
1212956921  9.851090
1211057369  7.893581
1211065106  3.372266
1211517288  5.902865
1211521782  11.292206
1211601535  12.546479
1211690689  7.091660
1211698532  10.316388
1211734831  15.574236
1212011618  3.160423
1212163251  4.759984
1212223597  7.117098
1212283102  9.217734
1212301198  7.801053
1212515090  28.052303
1212619752  6.412766
1212640312  4.759984
1212676706  8.840162
1212677751  0.000000
1212677811  5.771728
1212717317  0.000000
1212717319  0.000000
1212717380  17.735126
1212741328  0.000000
1212741330  0.000000
1212741391  4.281578
1212757995  19.690077
1212911885  7.111498
1213023773  0.000000
1213023829  15.690068
1211642683  0.000000
1211642740  3.451581
1211646299  0.000000
1211646359  12.561476
1211647083  4.266821
1211656166  0.000000
1211656227  8.548506
1211656983  8.013992
1211657700  5.029747
1211752950  2.911249
1211939049  7.457290
1212113213  4.884748
1212202974  1.598559
1212609332  3.860569
1212786531  0.000000
1212786583  0.000000
1212786584  4.196873
1212930085  11.618787
1212932113  12.019008
1212938714  0.000000
1212938774  0.000000
1212938834  2.345085
1212941134  0.000000
1212941194  11.963993
1212944136  0.000000
1212944195  0.000000
1212944238  0.000000
1212944298  0.000000
1212944358  0.000000
1212944418  0.000000
1212944478  0.000000
1212944540  0.000000
1212944598  0.000000
1212944658  0.000000
1212944719  0.000000
1212944740  0.000000
1212944796  12.353024
1212953691  0.000000
1212953788  2.345085
1211249351  20.414171
1211346440  4.862089
1211571518  7.119742
1211692224  10.720699
1211694626  13.491552
1211782410  10.465991
1212456105  10.688426
1212471742  9.981269
1212553392  4.862089
1212650612  10.688426
1212720486  9.974328
1212720672  5.815812
1212723184  6.962279
1212739691  10.046093
1212801938  4.210218
1212824576  16.665684
1212883434  5.319537
1212904672  19.829693
1213053561  0.000000
1213053621  4.862089
1211184787  4.266821
1211256688  7.960647
1211388743  4.803336
1211418508  4.782382
1211561640  4.026027
1211837045  10.819692
1211898598  16.126883
1212304862  5.885000
1212370879  0.000000
1212370928  0.000000
1212370989  0.000000
1212371091  0.000000
1212371152  7.481763
1212377812  1.556811
1212453733  3.479322
1212486560  8.790816
1212601857  4.115902
1212639618  12.426495
1212642028  21.179386
1212686342  18.967291
1212901685  13.755285
1212980685  5.268649
1212980806  2.383529
1211091145  4.167505
1211210336  7.562476
1211211467  4.834570
1211218810  18.838207
1211303392  0.000000
1211303447  5.702425
1211308522  3.845567
1211319204  3.653288
1211319837  18.838207
1211320697  6.492910
1211335577  43.938301
1211382122  7.561069
1211402747  2.423255
1211428565  6.060476
1211468441  4.944497
1211474141  7.846908
1211483401  2.423255
1211554767  6.269070
1211620779  15.819539
1211741674  2.943565
1211772252  14.475024
1211989706  9.648797
1212012545  4.803336
1212039804  15.568829
1212161586  4.862089
1212168745  12.136927
1212180564  3.581321
1212198211  5.141528
1212198671  5.541415
1212208451  6.092123
1212309383  2.943565
1212330091  0.000000
1212330150  0.000000
1212330212  0.000000
1212330231  0.000000
1212330290  0.000000
1212330351  0.000000
1212330419  0.000000
1212330471  0.000000
1212330532  0.000000
1212330592  0.000000
1212330616  0.000000
1212330677  2.423255
1212331879  0.000000
1212331939  0.000000
1212331999  0.000000
1212332035  0.000000
1212332091  0.000000
1212332150  0.000000
1212332211  2.423255
1212334863  2.907906
1212335515  0.000000
1212335575  0.000000
1212335636  0.000000
1212335697  0.000000
1212335757  0.000000
1212335817  0.000000
1212335878  0.000000
1212335938  0.000000
1212335999  2.423255
1212339259  8.446080
1212341868  0.000000
1212341911  0.000000
1212341972  0.000000
1212342031  0.000000
1212342092  2.383529
1212343239  4.659512
1212432991  0.000000
1212433051  0.000000
1212433116  0.000000
1212433183  0.000000
1212433248  0.000000
1212433308  0.000000
1212433352  0.000000
1212433422  0.000000
1212433474  0.000000
1212433532  0.000000
1212433586  4.141199
1212438603  0.532583
1212460831  0.000000
1212460832  6.050104
1212503627  4.420081
1212543037  0.000000
1212543082  4.862089
1212554957  2.992625
1212596657  7.310393
1212599085  7.310393
1212638348  33.196533
1212702406  4.862089
1212723585  7.665715
1212742795  0.000000
1212742855  4.681952
1212902297  11.752809
1212905377  27.462297
1212979966  0.000000
1212979969  9.143134
1212985014  9.092489
1211044552  622.365479
1211142272  14.102645
1211200801  4.803336
1211201686  10.196033
1211205126  5.496855
1211230592  0.000000
1211230635  0.000000
1211230669  2.464327
1211247280  11.356206
1211289661  7.310393
1211300137  0.000000
1211300447  4.782382
1211381892  4.266821
1211437726  4.196873
1211461090  6.095557
1211462894  7.128588
1211477860  5.224455
1211546712  9.107648
1211552396  10.819692
1211553511  6.615291
1211588025  8.288546
1211678542  221.728317
1211689074  5.963728
1211689712  268.090393
1211732751  5.995629
1211896200  0.000000
1211896263  0.000000
1211896322  0.000000
1211896382  7.310393
1211899677  13.290213
1211902963  0.000000
1211903022  7.190551
1211905552  9.458294
1212025332  10.209043
1212065397  4.059209
1212073858  0.000000
1212073919  0.000000
1212073979  0.000000
1212074039  0.000000
1212074100  0.000000
1212074160  0.000000
1212074222  0.000000
1212074282  0.000000
1212074343  0.000000
1212074404  0.000000
1212074441  0.000000
1212074501  7.099131
1212156238  7.310393
1212158268  5.398604
1212163448  0.000000
1212163505  0.000000
1212163565  4.732006
1212168268  4.623446
1212294316  4.782382
1212370380  548.947327
1212379525  4.862089
1212414761  7.320814
1212424974  20.516413
1212503284  7.279351
1212504410  0.000000
1212504434  13.891683
1212508288  4.862089
1212515501  7.074574
1212590277  6.386469
1212592143  0.000000
1212592203  0.000000
1212592264  7.310393
1212593308  4.266821
1212605820  18.091892
1212624185  7.577826
1212625306  7.310393
1212756652  7.310393
1212762189  0.000000
1212762250  8.548506
1212817567  6.644085
1212851569  0.000000
1212851592  0.000000
1212851594  0.000000
1212851655  12.160124
1212893082  10.357285
1212956624  6.577267
1212974770  0.000000
1212974781  0.000000
1212974787  0.000000
1212974815  0.000000
1212974849  16.478531
1213036834  3.461793
1213036999  0.000000
1213037019  2.992625
1211050741  12.319211
1211122414  2.423255
1211123500  4.141199
1211170669  4.141199
1211288614  7.305532
1211288684  11.618787
1211474736  7.060157
1211507519  4.217841
1211523475  8.865968
1211524692  9.715889
1211775665  18.529385
1211780030  8.383397
1211995394  9.676046
1212055726  16.642506
1212077832  6.347548
1212102858  0.000000
1212102860  9.773571
1212123330  19.132555
1212202309  14.072759
1212372825  4.357793
1212394911  5.841040
1212445987  5.897643
1212543925  4.801947
1212548920  12.134755
1212589876  0.000000
1212589932  0.000000
1212589992  0.000000
1212590052  0.000000
1212590110  0.000000
1212590120  0.000000
1212590126  0.000000
1212590186  0.000000
1212590246  0.000000
1212590310  0.000000
1212590366  0.000000
1212590426  0.000000
1212590486  0.000000
1212590546  0.000000
1212590606  0.000000
1212590688  3.728085
1212610040  5.026313
1212718766  5.543060
1212993243  13.962525
1212994356  8.529366
1211050033  8.964877
1211074626  8.313223
1211504281  3.815210
1211653330  4.558208
1211860978  11.379059
1211905389  11.155536
1211984925  7.532936
1212009855  3.160767
1212064691  5.633053
1212102030  5.764003
1212147409  2.959770
1212184679  17.172108
1212203536  9.069593
1212260520  3.115547
1212344817  18.838207
1212353799  6.341855
1212453026  3.171182
1212468070  8.258040
1212721861  16.827433
1212897449  5.310102
1212909177  6.155828
1211107953  2.383529
1211114925  6.546621
1211156530  4.266821
1211508819  5.398604
1211718426  0.000000
1211718485  0.000000
1211718545  0.000000
1211718579  0.000000
1211718639  0.000000
1211718682  0.000000
1211718740  0.000000
1211718796  0.000000
1211718859  0.000000
1211718918  0.000000
1211718977  0.000000
1211719036  0.000000
1211719096  0.000000
1211719147  0.000000
1211719207  0.000000
1211719268  0.000000
1211719329  0.000000
1211719346  0.000000
1211719407  0.000000
1211719467  2.423255
1211719587  0.000000
1211719648  0.000000
1211719708  0.000000
1211719769  0.000000
1211719829  0.000000
1211719890  6.009756
1211945295  11.292206
1212039382  17.947538
1212114205  4.782382
1212326644  0.000000
1212326704  0.000000
1212326766  0.000000
1212326825  0.000000
1212326885  7.327291
1212337506  8.693396
1212337810  4.547651
1212340456  0.000000
1212340516  0.000000
1212340576  0.000000
1212340636  0.000000
1212340697  0.000000
1212340758  2.423255
1212461813  10.864040
1212544873  18.567822
1212546408  14.415582
1212700656  8.540426
1212850441  5.959468
1212966497  2.506815
1212970379  0.000000
1212970380  8.548506
1212979611  8.754879
1212980198  12.448700
1211101119  15.134459
1211180143  11.380987
1211210944  2.423255
1211338829  5.710858
1211536262  8.128580
1211668238  5.117989
1211674983  0.000000
1211674997  0.000000
1211675044  14.644063
1211688710  5.896060
1211769507  0.000000
1211769550  0.000000
1211769551  0.000000
1211769557  5.810238
1212041557  7.456573
1212124677  4.618580
1212293018  9.638566
1212304285  8.289327
1212365598  0.000000
1212365657  10.104525
1212427903  0.000000
1212427962  0.000000
1212427983  0.000000
1212428043  6.556846
1212511848  10.734571
1212625788  6.992311
1212643104  13.456931
1212699252  0.000000
1212699328  0.000000
1212699475  2.077076
1213030831  4.862089
1211080455  6.173853
1211219034  10.296701
1211289474  16.042875
1211302552  15.046457
1211318489  0.000000
1211318538  4.690171
1211388402  11.264286
1211564199  2.959770
1212681048  11.270564
1211139943  14.731309
1211773397  23.985184
1212172739  9.968719
1212362083  6.665833
1212709291  4.801947
1212710537  4.339140
1212954377  0.000000
1212954437  0.000000
1212954498  0.000000
1212954557  0.000000
1212954621  0.000000
1212954666  0.000000
1212954727  0.000000
1212954787  0.000000
1212954848  0.000000
1212954908  0.000000
1212954953  0.000000
1212954958  7.695151
1212980323  0.000000
1212980383  10.127903
1211167487  10.821469
1211204602  6.644085
1211207824  8.204600
1211230421  10.343637
1211263823  10.809440
1211285366  16.850876
1211289661  8.679041
1211292086  10.688426
1211320878  18.529385
1211384613  12.160124
1211392045  4.630561
1211462513  7.434298
1211471755  0.000000
1211471779  2.679962
1211489664  11.456710
1211579124  8.312810
1211698152  12.248708
1211760666  13.014296
1211791339  7.797126
1211818612  6.993774
1211831239  0.000000
1211831301  0.000000
1211831359  2.423255
1211902856  8.891752
1211904159  2.423255
1211906005  0.000000
1211906065  0.000000
1211906126  0.000000
1211906186  0.000000
1211906247  10.819692
1211998490  2.943565
1212003887  7.335768
1212071410  10.688426
1212071716  0.000000
1212071775  0.000000
1212071835  0.000000
1212071896  0.000000
1212071956  0.000000
1212072017  0.000000
1212072060  0.000000
1212072120  0.000000
1212072180  0.000000
1212072241  5.245476
1212073424  4.862089
1212076182  4.889077
1212082381  10.688426
1212156153  9.571725
1212157362  11.056993
1212158400  11.667123
1212158581  0.000000
1212158604  0.000000
1212158664  0.000000
1212158723  2.943565
1212158843  0.000000
1212158890  0.000000
1212158949  0.000000
1212159009  0.000000
1212159073  0.000000
1212159129  0.000000
1212159190  0.000000
1212159244  0.000000
1212159287  0.000000
1212159348  0.000000
1212159407  0.000000
1212159431  0.000000
1212159490  2.383529
1212162738  14.630028
1212169385  0.000000
1212169443  2.307862
1212199053  5.608717
1212361175  0.000000
1212361182  0.000000
1212361203  2.992625
1212426105  6.812443
1212444074  8.560263
1212502360  14.731309
1212505960  4.983326
1212511370  8.666291
1212592295  0.000000
1212592360  0.000000
1212592421  0.000000
1212592478  0.000000
1212592549  0.000000
1212592583  0.000000
1212592641  0.000000
1212592724  0.000000
1212592761  0.000000
1212592821  0.000000
1212592881  2.202959
1212593730  4.491391
1212595865  8.630696
1212608579  9.453299
1212672427  11.803300
1212676616  0.000000
1212676655  0.000000
1212676691  0.000000
1212676744  0.000000
1212676816  0.000000
1212676863  0.000000
1212676919  0.000000
1212676981  0.000000
1212677039  0.000000
1212677100  0.000000
1212677140  0.000000
1212677188  0.000000
1212677209  2.464327
1212679381  11.056993
1212696888  9.866240
1212698286  17.219528
1212757305  10.484832
1212849153  11.257795
1212851527  0.000000
1212851587  0.000000
1212851648  0.000000
1212851708  0.000000
1212851771  0.000000
1212851829  0.000000
1212851890  0.000000
1212851950  0.000000
1212851995  0.000000
1212852049  0.000000
1212852109  0.000000
1212852169  0.000000
1212852230  2.464327
1212856413  0.000000
1212856487  5.491590
1212864582  0.000000
1212864643  0.000000
1212864702  0.000000
1212864763  0.000000
1212864822  0.000000
1212864886  7.974975
1212866928  0.000000
1212866989  0.000000
1212867054  0.000000
1212867100  2.743307
1212869207  2.930437
1212869433  7.150621
1212903627  21.296694
1212985840  22.879965
1213023540  0.000000
1213023563  0.000000
1213023658  0.000000
1213023711  0.000000
1213023770  6.009756
1211100168  8.122659
1211214386  6.900630
1211682969  10.681820
1211717126  0.000000
1211717186  0.000000
1211717246  0.000000
1211717306  2.383529
1211721090  7.357067
1211744765  5.943183
1211783839  8.534390
1212148059  6.725546
1212207504  5.631395
1212212893  6.435389
1212308548  8.548506
1212424168  2.383529
1212476793  7.638949
1212506537  6.041721
1212526526  2.852867
1212590262  4.705247
1212596294  10.513206
1212612250  7.087486
1212614809  4.688890
1212630684  5.398604
1212685416  10.513206
1212685781  13.957207
1212691228  2.506815
1212765411  0.000000
1212765472  0.000000
1212765533  0.000000
1212765592  0.000000
1212765652  0.000000
1212765712  12.362793
1212857672  10.241153
1212863676  2.850888
1212304072  11.215480
1212311279  8.274072
1212583651  11.636786
1212584311  0.000000
1212584371  0.000000
1212584441  0.000000
1212584492  0.000000
1212584552  0.000000
1212584612  0.000000
1212584672  0.000000
1212584707  0.000000
1212584767  0.000000
1212584827  0.000000
1212584888  0.000000
1212584948  0.000000
1212585008  8.548506
1212590217  4.538431
1212592544  8.999761
1212601575  0.000000
1212601636  0.000000
1212601708  0.000000
1212601757  11.774089
1212643263  12.847732
1212674470  0.000000
1212674531  0.000000
1212674591  0.000000
1212674652  0.000000
1212674712  7.101775
1212677946  0.000000
1212678006  2.423255
1212682632  0.000000
1212682692  0.000000
1212682752  0.000000
1212682813  0.000000
1212682873  0.000000
1212682934  5.018961
1212721357  3.779264
1212756377  7.939123
1212757144  0.000000
1212757204  0.000000
1212757264  0.000000
1212757324  0.000000
1212757387  12.426432
1212847898  5.959468
1212888304  3.653288
1213023556  6.351252
1213032330  1.644317
1211224025  7.062886
1211384732  4.746734
1211414122  4.782382
1211525330  0.000000
1211525379  4.558208
1211549360  0.000000
1211549415  15.217319
1211681184  4.288138
1211923923  11.277197
1212003023  3.838491
1212146429  2.423255
1212152038  0.000000
1212152094  0.000000
1212152156  0.000000
1212152214  2.423255
1212261198  26.208979
1212451334  4.180872
1212559232  2.850118
1212580491  9.686231
1212768917  5.270451
1213026492  11.298768
1213036876  4.151929
1211311280  2.236851
1211328775  9.005544
1211421208  4.862089
1211490402  3.804140
1211495121  6.343293
1211566821  7.622910
1211570452  0.000000
1211570512  10.296701
1211572790  0.000000
1211572847  2.383529
1211593148  2.087712
1211600239  4.510906
1211604807  2.611562
1211692907  17.353138
1211698896  16.751198
1211818228  10.554183
1211832174  10.869585
1211888675  11.073826
1211943939  10.554569
1211992169  0.000000
1211992229  3.160767
1211993314  11.243987
1211996187  11.428315
1212000200  0.000000
1212000261  2.423255
1212039914  11.954433
1212088162  0.000000
1212088225  0.000000
1212088286  0.000000
1212088344  0.000000
1212088402  0.000000
1212088451  0.000000
1212088512  0.000000
1212088572  0.000000
1212088633  0.000000
1212088655  4.543603
1212123119  4.685272
1212245377  336.378296
1212421455  0.000000
1212421512  0.000000
1212421572  0.000000
1212421632  0.000000
1212421692  0.000000
1212421752  0.000000
1212421812  12.362793
1212480207  0.000000
1212480275  5.720105
1212555604  15.294378
1212593421  0.000000
1212593481  0.000000
1212593540  0.000000
1212593600  0.000000
1212593661  0.000000
1212593720  0.000000
1212593781  0.000000
1212593808  4.889740
1212612054  2.383529
1212616041  0.000000
1212616102  0.000000
1212616327  0.000000
1212616366  0.000000
1212616406  14.986868
1212616537  7.357067
1212643156  8.715043
1212648538  13.268772
1212689534  4.266821
1212689765  0.000000
1212689826  0.000000
1212689886  0.000000
1212689947  4.759984
1212690189  10.513206
1212696113  69.712723
1212730064  6.329862
1212769523  2.423255
1212770984  7.726573
1212771580  0.000000
1212771635  11.363823
1212791973  0.000000
1212791977  0.000000
1212792039  2.506815
1212820704  9.851488
1212951644  7.974975
1212952411  0.000000
1212952471  0.000000
1212952532  2.423255
1213034395  2.383529
1211064774  7.718270
1211152021  29.055025
1211152451  4.153434
1211265003  7.995324
1211386701  0.000000
1211386762  8.446080
1211420775  12.219325
1211608332  7.042709
1211682695  4.267449
1211684204  0.000000
1211684206  0.000000
1211684266  42.742527
1211699598  6.866211
1211826443  10.819692
1211852041  11.056993
1211863333  4.084916
1211911260  13.533425
1211941862  5.806098
1211948898  5.310102
1211979560  2.423255
1211979680  0.000000
1211979740  0.000000
1211979793  0.000000
1211979853  0.000000
1211979913  0.000000
1211979973  0.000000
1211980011  0.000000
1211980072  0.000000
1211980132  0.000000
1211980192  0.000000
1211980252  0.000000
1211980303  7.335768
1211981413  2.383529
1211986884  0.000000
1211986945  0.000000
1211987006  0.000000
1211987064  0.000000
1211987124  0.000000
1211987184  0.000000
1211987245  0.000000
1211987304  0.000000
1211987366  0.000000
1211987426  0.000000
1211987487  0.000000
1211987548  0.000000
1211987600  0.000000
1211987630  0.000000
1211987690  0.000000
1211987750  2.423255
1211994320  3.653288
1212066036  4.048429
1212155469  0.000000
1212155471  0.000000
1212155531  2.423255
1212263459  16.907995
1212461130  7.190551
1212477138  12.469108
1212489082  11.921039
1212514287  2.959770
1212544452  7.071785
1212546102  15.197045
1212591289  0.000000
1212591309  0.000000
1212591366  9.773571
1212603445  11.229376
1212694197  10.819692
1212726583  9.606760
1212802813  16.070518
1212850911  8.408366
1212861248  5.374747
1212861975  3.206383
1212865039  6.992311
1212908327  6.464999
1212997843  9.606434
1211118463  8.356972
1211121602  0.000000
1211121662  8.408366
1211150922  4.724496
1211258386  6.160921
1211336151  5.860137
1211384170  5.504252
1211393644  0.000000
1211393704  0.000000
1211393764  0.000000
1211393825  0.000000
1211393889  0.000000
1211393890  0.000000
1211393950  6.327700
1211398499  2.464327
1211507315  3.751623
1211756852  0.000000
1211756853  4.782382
1211817571  0.000000
1211817631  6.564341
1211835423  12.073603
1211921780  12.899424
1211985316  4.215333
1211998049  4.914702
1212031693  6.756697
1212066133  4.944497
1212080834  11.384671
1212098777  39.040398
1212188381  4.881979
1212218601  1.216070
1212591335  9.090962
1212595490  0.000000
1212595550  4.862089
1212613092  12.061923
1212678198  7.190551
1212697766  0.000000
1212697826  8.114942
1212697887  10.859719
1212967095  0.000000
1212967103  0.000000
1212967131  5.747520
1212979839  6.095557
1212981610  2.202959
1212989274  11.215799
1213018690  13.038493
1211024745  4.862089
1211028351  4.054076
1211034824  5.496855
1211085678  4.862089
1211089938  0.000000
1211089951  0.000000
1211090012  3.197634
1211202417  9.969341
1211211968  4.343653
1211216430  0.000000
1211216465  7.310393
1211217215  7.247397
1211218715  0.000000
1211218776  4.782382
1211219508  5.995629
1211219689  11.618787
1211222699  6.095557
1211225259  23.730955
1211250191  4.862089
1211287794  4.881979
1211290867  10.403650
1211291689  6.009756
1211314488  7.190551
1211321454  9.613348
1211372077  7.872283
1211376267  7.320814
1211377504  6.782944
1211383151  10.819692
1211384548  2.423255
1211413045  11.018547
1211463520  5.689095
1211465417  6.668814
1211472504  2.383529
1211551652  4.862089
1211560737  7.310393
1211573374  9.107648
1211597518  3.009936
1211599845  9.586108
1211605093  5.310102
1211641266  7.808973
1211897391  7.335768
1211898850  0.000000
1211898910  0.000000
1211898970  0.000000
1211899034  0.000000
1211899090  2.423255
1211915051  4.782382
1212059646  11.661988
1212060760  9.176328
1212063305  6.668814
1212066997  9.743172
1212069433  7.310393
1212070355  11.460933
1212084083  7.797126
1212086955  4.288138
1212089996  7.310393
1212154278  11.265973
1212158120  6.725546
1212163458  0.000000
1212163524  7.974975
1212181700  2.761607
1212195998  4.782382
1212214600  16.395664
1212279205  4.782382
1212293880  9.041484
1212299977  11.553220
1212333143  4.266821
1212335802  7.370234
1212339488  4.803336
1212509438  2.959770
1212510619  11.592527
1212511864  10.760818
1212521905  4.782382
1212530875  4.266821
1212550133  10.819692
1212584530  7.872283
1212588487  6.668814
1212596302  6.449357
1212599855  6.092123
1212604294  2.506815
1212606024  5.623497
1212611583  11.600879
1212624361  2.943565
1212641338  12.989763
1212641684  7.190551
1212666416  0.000000
1212666446  7.310393
1212669514  9.410495
1212685425  13.802129
1212721189  5.952076
1212726004  7.335768
1212751341  9.969341
1212751948  9.090962
1212761009  6.668814
1212764446  5.852875
1212766105  6.416376
1212775414  7.310393
1212778885  4.160228
1212794976  4.862089
1212805203  9.005544
1212812229  10.819692
1212852856  5.398604
1212862022  12.305303
1212876559  19.917919
1212881771  5.117989
1212887817  5.949927
1212897741  5.974842
1213030455  6.668814
1211341109  10.711126
1211421493  13.092134
1211424059  6.342364
1211425559  8.898047
1211496973  0.000000
1211497036  12.789096
1211590351  2.423255
1211598391  4.608598
1211647210  0.000000
1211647261  1.938604
1211648947  10.057065
1211657785  2.911249
1211657885  697.127197
1211663267  0.000000
1211663323  0.000000
1211663389  2.643551
1211726596  0.000000
1211726658  2.423255
1211726814  11.618787
1211938769  2.596344
1211941322  7.704123
1211941742  2.506815
1212065356  0.000000
1212065416  15.184584
1212065574  0.000000
1212065643  0.000000
1212065696  85.485054
1212283143  7.808973
1212442190  2.959770
1212464795  2.423255
1212536519  3.878928
1212537305  10.928317
1212538451  3.690121
1212546927  6.559489
1212596331  3.043347
1212699823  12.825533
1212713244  0.000000
1212713246  0.000000
1212713266  0.000000
1212713327  4.266821
1212803785  2.911249
1212811636  7.409793
1211036613  7.668948
1211036733  0.000000
1211036793  0.000000
1211036854  2.345085
1211037885  12.448700
1211122723  5.720105
1211202335  7.190551
1211216800  8.534390
1211223982  4.766285
1211291086  0.000000
1211291088  3.827471
1211478013  9.229156
1211479901  5.358292
1211557958  8.070315
1211559173  0.000000
1211559234  7.310393
1211670244  4.266821
1211772208  4.115902
1211820080  0.000000
1211820140  0.000000
1211820201  2.423255
1211823536  0.000000
1211823598  0.000000
1211823658  0.000000
1211823719  12.362793
1211830717  0.000000
1211830777  2.423255
1211899922  0.000000
1211899982  7.074574
1211916059  0.000000
1211916119  0.000000
1211916147  0.000000
1211916208  0.000000
1211916268  0.000000
1211916328  0.000000
1211916391  0.000000
1211916454  0.000000
1211916509  0.000000
1211916572  2.550795
1211933943  5.959468
1212001975  3.653288
1212034461  4.558208
1212072514  0.000000
1212072574  0.000000
1212072634  2.423255
1212119717  9.773571
1212179280  4.125617
1212418995  0.000000
1212419056  0.000000
1212419114  0.000000
1212419174  10.819692
1212502338  6.615291
1212585221  4.288138
1212588496  10.819692
1212599579  10.642320
1212640044  29.966400
1212679621  5.304097
1212680590  0.000000
1212680650  0.000000
1212680679  0.000000
1212680739  0.000000
1212680800  0.000000
1212680862  0.000000
1212680921  0.000000
1212680981  0.000000
1212681037  2.464327
1212731763  9.617311
1212762089  9.341833
1212800612  13.268772
1212849337  2.774784
1212855028  4.196873
1212867411  2.643551
1212906290  16.991936
1212969860  3.009936
1213017582  2.992625
1211043931  7.190551
1211072898  225.155899
1211081958  2.643551
1211082692  12.811348
1211093762  19.895079
1211124396  5.444270
1211198550  0.000000
1211198610  0.000000
1211198670  0.000000
1211198740  6.363326
1211210139  7.145158
1211434123  7.310393
1211527205  4.510949
1211555707  9.877664
1211603654  15.138114
1211687357  2.992625
1211742164  7.310393
1211744752  7.310393
1211762805  5.902865
1211764845  4.746734
1211803505  0.000000
1211803565  0.000000
1211803625  0.000000
1211803685  0.000000
1211803748  0.000000
1211803806  0.000000
1211803866  0.000000
1211803927  0.000000
1211803987  0.000000
1211804047  2.423255
1211936415  13.151547
1212111957  2.423255
1212149939  0.000000
1212149996  0.000000
1212150056  0.000000
1212150118  0.000000
1212150177  0.000000
1212150237  0.000000
1212150298  0.000000
1212150358  0.000000
1212150413  0.000000
1212150473  0.000000
1212150533  0.000000
1212150593  0.000000
1212150653  0.000000
1212150717  0.000000
1212150775  0.000000
1212150834  0.000000
1212150897  0.000000
1212150955  0.000000
1212150982  0.000000
1212151042  0.000000
1212151103  0.000000
1212151163  0.000000
1212151218  0.000000
1212151279  0.000000
1212151339  0.000000
1212151399  0.000000
1212151459  0.000000
1212151519  0.000000
1212151580  0.000000
1212151639  0.000000
1212151701  0.000000
1212151761  0.000000
1212151822  0.000000
1212151882  0.000000
1212151943  0.000000
1212152003  0.000000
1212152064  0.000000
1212152124  0.000000
1212152186  0.000000
1212152245  0.000000
1212152306  0.000000
1212152369  0.000000
1212152429  2.464327
1212153462  15.010393
1212168587  4.092028
1212192827  6.301157
1212196681  3.815210
1212207512  0.000000
1212207574  0.000000
1212207634  0.000000
1212207695  0.000000
1212207755  0.000000
1212207816  0.000000
1212207875  0.000000
1212207935  0.000000
1212207995  0.000000
1212208055  12.160124
1212243840  7.532936
1212436299  5.029747
1212460151  4.121104
1212625583  9.739902
1212838059  0.000000
1212838119  9.773571
1212866171  0.000000
1212866172  0.000000
1212866232  6.535166
1212903423  1.986808
1212989286  9.048338
1213017265  16.226017
1211020855  8.455778
1211165250  3.985405
1211299688  10.538255
1211302735  3.653288
1211305176  4.889740
1211312396  2.959770
1211373446  4.862089
1211374793  4.782382
1211390106  8.770516
1211518411  7.310393
1211676357  10.642320
1211779536  7.310393
1211898975  3.653288
1211922912  3.529140
1211923535  5.764642
1212022346  0.000000
1212022412  7.126925
1212106099  10.819692
1212215295  2.423255
1212521169  22.903769
1212528735  3.529140
1212546043  2.864294
1212554063  11.146635
1212974131  14.942535
1212981334  0.613482
1213012673  10.642320
1211134234  140.471146
1211227533  3.304439
1211292180  7.019804
1211299470  3.241393
1211329289  10.859850
1211376912  10.004830
1211377884  6.481956
1211391056  3.653288
1211464854  4.092028
1211465399  0.000000
1211465459  0.000000
1211465519  0.000000
1211465579  0.000000
1211465645  0.000000
1211465713  0.000000
1211465764  0.000000
1211465829  0.000000
1211465881  0.000000
1211465942  0.000000
1211466006  0.000000
1211466066  0.000000
1211466125  0.000000
1211466185  2.423255
1211514611  2.423255
1211548530  3.942234
1211593439  46.782753
1211812805  6.559489
1211814438  10.819692
1211833392  0.000000
1211833452  0.000000
1211833513  0.000000
1211833574  0.000000
1211833634  0.000000
1211833695  0.000000
1211833755  2.383529
1211838533  2.596344
1211894989  2.959770
1211905485  2.138166
1211983808  6.853494
1211986655  3.308568
1211992311  0.000000
1211992367  0.000000
1211992422  0.000000
1211992483  0.000000
1211992541  0.000000
1211992602  0.000000
1211992662  0.000000
1211992723  0.000000
1211992793  0.000000
1211992849  0.000000
1211992908  0.000000
1211992964  0.000000
1211993024  0.000000
1211993084  0.000000
1211993149  0.000000
1211993210  0.000000
1211993257  0.000000
1211993312  0.000000
1211993383  0.000000
1211993432  0.000000
1211993493  0.000000
1211993554  0.000000
1211993613  0.000000
1211993683  0.000000
1211993732  0.000000
1211993812  0.000000
1211993867  0.000000
1211993911  0.000000
1211993971  0.000000
1211994037  0.000000
1211994106  0.000000
1211994166  0.000000
1211994224  2.907906
1211995128  0.000000
1211995177  0.000000
1211995236  0.000000
1211995297  0.000000
1211995357  0.000000
1211995417  0.000000
1211995477  0.000000
1211995538  0.000000
1211995562  0.000000
1211995621  3.608759
1212032488  10.758112
1212037560  13.039491
1212072419  0.000000
1212072479  12.362793
1212107357  4.862089
1212129216  11.559417
1212154244  3.115547
1212159448  4.862089
1212161249  0.000000
1212161266  0.000000
1212161327  2.236851
1212250162  5.224455
1212265199  10.688426
1212269926  11.056993
1212284900  4.694438
1212368557  7.205942
1212675903  22.700195
1212714554  2.911249
1212759115  7.190551
1212761653  0.000000
1212761713  0.000000
1212761773  0.000000
1212761834  0.000000
1212761871  12.572331
1212773000  3.093517
1212774006  6.724679
1212786097  10.577981
1213032518  2.943565
1211084589  0.000000
1211084640  10.304468
1211094465  34.832088
1211133301  89.348656
1211278569  9.806545
1211789006  8.548506
1211900891  5.361982
1211948804  7.128588
1212154052  10.538255
1212162648  5.898926
1212217187  4.627971
1212422802  4.862089
1212423971  4.054076
1212424825  4.491391
1212544044  11.590118
1212621928  10.690059
1212713613  0.000000
1212713624  33.651726
1212916124  11.507967
1211094591  10.688814
1211268061  15.441062
1211333350  6.083713
1211504682  5.330134
1211581911  5.496855
1211985305  2.383529
1212070610  5.398604
1212146929  10.245429
1212299368  0.000000
1212299370  0.000000
1212299407  0.000000
1212299467  5.399186
1212361501  5.756927
1212631092  7.010070
1212755901  6.300535
1212782263  0.000000
1212782279  8.185555
1212798567  0.000000
1212798590  0.000000
1212798653  0.000000
1212798683  0.000000
1212798685  0.000000
1212798694  0.000000
1212798747  2.850118
1212803985  7.190551
1212807037  7.190551
1212854014  4.782382
1212969616  7.853046
1213027017  14.837844
1211114755  0.000000
1211114812  0.000000
1211114872  0.000000
1211114933  0.000000
1211114955  0.000000
1211115015  0.000000
1211115075  4.266821
1211119013  5.889487
1211121553  0.000000
1211121615  0.000000
1211121669  19.255064
1211122357  6.986446
1211175088  2.643551
1211202509  9.371026
1211203385  7.302221
1211205083  14.928840
1211208230  9.586998
1211209927  10.642320
1211211296  7.846908
1211215871  7.950726
1211288113  10.385638
1211290287  4.782382
1211303105  4.196873
1211382464  14.400679
1211389869  7.506641
1211403106  7.006731
1211464030  7.335768
1211472556  4.266821
1211523119  17.637716
1211809594  8.257717
1211814453  8.512381
1211820978  2.911249
1211828991  4.724593
1211864515  4.266821
1211892880  5.995629
1211948358  3.878928
1211987722  7.310393
1212010895  7.190551
1212074550  6.114132
1212221114  0.000000
1212221172  0.000000
1212221189  0.000000
1212221217  10.296701
1212284215  1.943002
1212289652  11.412418
1212295009  15.610320
1212420895  7.310393
1212512940  9.458294
1212520652  0.000000
1212520713  0.000000
1212520773  0.000000
1212520834  0.000000
1212520894  0.000000
1212520955  0.000000
1212521015  0.000000
1212521076  0.000000
1212521136  2.383529
1212584199  11.017122
1212585630  2.383529
1212587425  2.423255
1212682042  6.265221
1212716543  7.590719
1212729335  10.685632
1212788960  0.000000
1212789068  0.000000
1212789092  4.782382
1212806254  2.464327
1212821620  5.791850
1212955462  2.992625
1213032146  3.115547
1211091077  16.918789
1211092748  9.863289
1211105142  9.090962
1211137609  5.402321
1211166096  4.881979
1211178538  9.336275
1211387421  0.000000
1211387427  0.000000
1211387487  2.943565
1211399672  7.413126
1211402476  12.577011
1211437118  9.836083
1211448546  12.984216
1211608175  12.148711
1211609305  2.550795
1211640002  3.085734
1211685535  8.526350
1211695333  4.881979
1211707696  4.862089
1211907490  4.949254
1211958222  3.653288
1212003270  9.092489
1212198479  4.196873
1212281126  4.862089
1212297313  5.444270
1212301272  5.623497
1212305239  6.492910
1212308228  13.533425
1212355963  6.455820
1212364589  8.871337
1212642817  4.141199
1212652325  4.266821
1212808401  0.000000
1212808422  5.504252
1212864861  0.000000
1212864906  0.000000
1212864964  0.000000
1212865024  8.232568
1212871379  0.000000
1212871399  10.840147
1212978601  3.529140
1211100168  8.122659
1211118682  9.642920
1211136554  10.942678
1211235921  10.399065
1211348938  0.000000
1211348960  0.000000
1211348961  0.000000
1211349021  16.610212
1211468594  2.423255
1211547567  10.296873
1211578901  1.835346
1211597153  8.373426
1211792519  4.623446
1211892992  7.190551
1211979886  6.554736
1212078451  2.521350
1212163859  5.007224
1212238888  5.398604
1212260954  4.266821
1212424630  8.382411
1212454380  2.850888
1212542266  6.645812
1212556579  7.875937
1212601344  6.094079
1212627219  3.751623
1212643582  220.999863
1212739636  7.609114
1212765772  10.147266
1212788910  7.200800
1212838855  9.007444
1213018346  11.818935
1211046439  0.000000
1211046541  0.000000
1211046600  7.610759
1211306674  13.102613
1211463487  3.751623
1211508549  10.833360
1211519462  2.818829
1211808863  2.992625
1212027862  8.857912
1212096249  4.803336
1212174575  0.000000
1212174580  2.907906
1212210373  6.447282
1212286417  6.559489
1212640610  2.943565
1212802846  14.514528
1212814497  9.605046
1212822617  10.185027
1211044180  3.381286
1211111299  7.219737
1211163178  7.236459
1211229430  8.805911
1211298396  6.559489
1211467148  10.819692
1211473113  2.345085
1211560902  2.383529
1211594351  0.000000
1211594353  8.494280
1211644948  3.653288
1211658463  5.567910
1211692638  0.000000
1211692639  2.077076
1211775631  15.502961
1211824118  0.000000
1211824122  2.423255
1211941673  6.305748
1212086374  3.914237
1212166097  6.479023
1212380236  5.209381
1212427513  6.392341
1212551013  6.615291
1212553326  9.005544
1212679981  6.645812
1212764602  4.782382
1212797950  0.000000
1212798004  1.530477
1212830726  16.917578
1212865174  5.953578
1212895535  7.099131
1211228326  9.474314
1211339458  6.416376
1211487852  0.000000
1211487859  6.929533
1211508185  0.000000
1211508215  14.338544
1211611767  8.231805
1211652104  0.000000
1211652165  4.266821
1211653985  2.423255
1211654106  0.000000
1211654150  2.550795
1211703483  11.481645
1211965975  12.050749
1211993329  0.000000
1211993390  4.759984
1211995958  8.540426
1212052745  4.840662
1212181150  6.198871
1212193472  4.705247
1212199755  6.658502
1212211879  11.602626
1212396245  14.802798
1212471127  5.151175
1212637207  0.000000
1212637215  0.000000
1212637275  5.325080
1212640241  0.000000
1212640301  0.000000
1212640361  0.000000
1212640370  0.000000
1212640430  12.362793
1212686843  6.554736
1212702887  8.983569
1212895938  7.180601
1213033865  7.074574
1211214761  2.423255
1211228064  4.801947
1211228125  11.428315
1211231936  1.201614
1211232646  53.625168
1211291215  6.668943
1211386360  6.095557
1211465419  4.724593
1211466615  3.751623
1211680478  10.011361
1211697554  7.874118
1211725154  8.014224
1211782606  14.669193
1211815587  4.558208
1211912810  7.846908
1211950503  11.003077
1212022605  3.176772
1212028033  4.923255
1212033232  16.443731
1212116037  12.107925
1212120010  0.000000
1212120025  6.341855
1212122625  7.974975
1212165352  5.806098
1212212906  12.496737
1212221375  17.368586
1212307647  9.355227
1212425359  10.513206
1212517337  10.554183
1212517523  0.000000
1212517561  0.000000
1212517629  0.000000
1212517682  0.000000
1212517742  0.000000
1212517795  0.000000
1212517855  0.000000
1212517928  0.000000
1212517976  2.383529
1212528560  11.765749
1212538673  14.514528
1212558360  14.466765
1212613961  21.125067
1212678098  3.043347
1212811716  6.530953
1212934874  0.000000
1212934934  0.000000
1212934995  0.000000
1212935057  2.506815
1212938199  0.000000
1212938313  7.310393
1212941115  0.000000
1212941176  0.000000
1212941236  0.000000
1212941297  0.000000
1212941357  0.000000
1212941418  0.000000
1212941478  0.000000
1212941541  0.000000
1212941606  0.000000
1212941660  0.000000
1212941720  10.971761
1212960230  3.859447
1213001530  4.444903
1213031292  2.506815
1211258183  9.769117
1211262648  7.698997
1211298506  21.334106
1211319476  6.645952
1211434137  13.073913
1211485307  4.402956
1211699812  7.315192
1211773953  15.643909
1211990033  17.480549
1212164055  4.608464
1212462981  14.901042
1212468735  21.179386
1212626527  4.862089
1212886845  2.236851
1212901362  15.771624
1212961292  10.752053
1212964451  3.206383
1211123006  6.107616
1211178275  19.103008
1211306650  0.000000
1211306710  0.000000
1211306771  0.000000
1211306801  4.862089
1211336293  2.423255
1211381031  2.423255
1211473612  3.471285
1211559172  0.000000
1211559232  0.000000
1211559292  0.000000
1211559353  0.000000
1211559414  0.000000
1211559475  0.000000
1211559535  0.000000
1211559596  0.000000
1211559656  0.000000
1211559723  0.000000
1211559781  14.961493
1211645921  4.862089
1211653572  13.314302
1211854303  8.828725
1211990593  5.567910
1211997667  10.955008
1212071324  9.893328
1212074343  5.402321
1212075791  2.911249
1212264892  5.841742
1212275260  2.850118
1212336873  7.882521
1212379187  4.135798
1212379306  0.000000
1212379309  4.266821
1212424676  4.210218
1212503644  5.747520
1212528918  2.992625
1212608493  4.862089
1212691038  0.000000
1212691111  4.394237
1212762754  2.992625
1212769101  3.690121
1212979195  9.773749
1212984678  0.729611
1213029578  7.704123
1211038569  0.000000
1211038629  0.000000
1211038689  0.000000
1211038754  0.000000
1211038809  0.000000
1211038876  0.000000
1211038989  0.000000
1211039058  0.000000
1211039083  2.596344
1211080814  2.596344
1211161578  6.361220
1211209763  4.648390
1211213694  5.398604
1211225787  2.596344
1211568500  7.310393
1211621136  6.668814
1211657545  6.124561
1211789914  320.652771
1211924059  4.862089
1211931689  4.763474
1212192654  8.212676
1212384224  11.661952
1212471680  2.423255
1212527415  261.210266
1212543085  64.087715
1212656473  17.122513
1212678676  9.332417
1212785437  4.054076
1212889215  4.129182
1212983982  0.000000
1212984005  145.395294
1213072173  7.236459
1211027391  8.455778
1211088022  3.653288
1211097978  12.819757
1211113732  11.673005
1211118355  9.005544
1211347513  14.190654
1211351384  19.735422
1211387566  14.514528
1211631426  12.164588
1211952427  11.110456
1211952790  4.759984
1212086968  4.862089
1212099008  4.724593
1212560935  12.951533
1212704348  4.266821
1212892367  13.315995
1212902724  14.832494
1212913111  2.423255
1212930247  16.217455
1213026956  12.547030
1211049490  9.153906
1211076506  0.000000
1211076568  4.681952
1211076737  0.000000
1211076740  4.230740
1211092373  9.571725
1211153089  10.391811
1211154001  3.471285
1211607023  3.767787
1211692493  1.913096
1211749908  29.368162
1212126294  6.205554
1212201011  8.014397
1212507023  0.000000
1212507083  2.423255
1212548883  13.171050
1212584129  4.740912
1212584914  14.514528
1212673866  6.095557
1212677387  7.180601
1212765294  6.645952
1212769185  10.209043
1212818163  3.288633
1211122032  2.423255
1211156374  8.022830
1211322256  6.095557
1211520669  10.217767
1211565552  4.688823
1212214077  9.914931
1212498111  7.683022
1212498849  3.517147
1212499955  5.953704
1212505055  7.022932
1212507556  12.956673
1212518466  10.819692
1212583331  0.000000
1212583391  0.000000
1212583451  0.000000
1212583512  0.000000
1212583572  0.000000
1212583633  0.000000
1212583693  0.000000
1212583755  0.000000
1212583815  0.000000
1212583876  0.000000
1212583936  0.000000
1212584000  0.000000
1212584061  0.000000
1212584118  0.000000
1212584178  0.000000
1212584239  7.485795
1212596425  4.266821
1212601591  8.999761
1212667932  5.310102
1212686113  8.552665
1212740169  0.000000
1212740228  0.000000
1212740289  0.000000
1212740352  7.969783
1212758101  9.773571
1212763763  12.219325
1212850091  2.423255
1212852264  6.156019
1212853330  2.423255
1212859831  5.287926
1211200792  9.805909
1211250087  2.383529
1211416203  0.000000
1211416260  0.000000
1211416262  0.000000
1211416322  0.000000
1211416352  20.590021
1211471938  0.000000
1211471998  3.565954
1211522974  19.010283
1211606153  22.848236
1211742714  9.512514
1211772640  7.753299
1211844065  3.471285
1211897188  0.000000
1211897248  0.000000
1211897308  0.000000
1211897369  0.000000
1211897429  0.000000
1211897491  2.464327
1212080619  0.000000
1212080676  0.000000
1212080736  0.000000
1212080780  0.000000
1212080842  12.572331
1212105168  9.773571
1212110842  4.803336
1212115755  20.463661
1212123735  13.623678
1212187789  4.724593
1212196822  0.000000
1212196847  12.160124
1212197071  2.506815
1212260223  5.437739
1212346702  0.000000
1212346743  0.000000
1212346804  0.000000
1212346864  0.000000
1212346925  2.423255
1212556327  0.000000
1212556367  4.862089
1212898467  0.000000
1212898469  0.000000
1212898528  8.693396
1212898871  7.086876
1212911620  16.704338
1211212188  4.801947
1211224121  6.772840
1211289521  0.000000
1211289581  0.000000
1211289641  0.000000
1211289701  0.000000
1211289761  0.000000
1211289822  0.000000
1211289898  0.000000
1211289942  0.000000
1211289976  2.720568
1211333328  0.000000
1211333335  4.063639
1211549756  4.266821
1211619835  10.775082
1211707186  10.068525
1211708530  3.551724
1211805266  2.992625
1211807956  11.767173
1211938594  3.921266
1212009219  19.371355
1212023818  4.623260
1212026990  7.310393
1212029988  13.984540
1212066702  4.862089
1212115843  9.416289
1212151209  8.197893
1212153929  10.688426
1212157218  7.372448
1212162528  49.331196
1212210313  12.350398
1212361428  10.782249
1212386724  10.095518
1212414483  14.264761
1212449689  5.029747
1212548126  8.104877
1212686755  6.416376
1212686874  0.000000
1212686934  2.423255
1212843819  0.000000
1212843880  0.000000
1212843910  9.953388
1212844153  2.550795
1212852007  4.355399
1212852556  9.416289
1212856890  9.030672
1212867805  0.000000
1212867865  0.000000
1212867931  0.000000
1212867989  0.000000
1212868025  0.000000
1212868060  0.000000
1212868129  0.000000
1212868146  5.764642
1212869731  4.141199
1212892848  0.000000
1212892893  8.141434
1212898931  0.000000
1212898994  2.423255
1212996410  11.706094
1213018785  3.653288
1213029429  0.000000
1213029489  256.455170
1211069029  0.000000
1211069031  0.000000
1211069039  0.000000
1211069100  5.939104
1211074553  0.000000
1211074613  7.190551
1211115092  9.686231
1211121543  7.421563
1211123614  2.911249
1211201288  3.160767
1211382988  6.244129
1211580468  4.678020
1211662554  3.528753
1211792173  2.943565
1211818474  11.876029
1211935962  0.000000
1211935996  0.000000
1211935997  5.399056
1212079691  21.699196
1212157059  2.959770
1212839007  4.405918
1211106421  5.956563
1211121007  9.071357
1211121436  0.000000
1211121499  11.669014
1211139437  4.571594
1211210278  8.385087
1211226148  5.029747
1211335090  0.000000
1211335134  0.000000
1211335140  5.567910
1211360978  12.761463
1212066384  0.000000
1212066442  0.000000
1212066502  0.000000
1212066562  0.000000
1212066622  0.000000
1212066682  0.000000
1212066742  0.000000
1212066803  0.000000
1212066863  7.676983
1212078859  5.325080
1212197624  8.718786
1212296793  6.492910
1212525164  11.928147
1212527733  17.941151
1212727990  0.000000
1212727992  0.000000
1212727993  0.000000
1212728006  0.000000
1212728066  25.753319
1212792006  4.339140
1212881362  0.000000
1212881380  2.796063
1212944584  13.431444
1211038608  0.000000
1211038669  0.000000
1211038729  0.000000
1211038791  2.992625
1211041289  0.000000
1211041350  0.000000
1211041410  0.000000
1211041442  0.000000
1211041495  0.000000
1211041556  0.000000
1211041616  0.000000
1211041682  0.000000
1211041737  2.423255
1211057254  27.885088
1211097835  4.881979
1211142481  2.596344
1211144807  8.185555
1211204609  0.000000
1211204669  10.443419
1211205273  16.368834
1211368613  5.440252
1211372772  8.575765
1211542340  5.995629
1211551527  0.000000
1211551587  0.000000
1211551647  0.000000
1211551708  0.000000
1211551768  0.000000
1211551829  0.000000
1211551889  0.000000
1211551950  0.000000
1211552011  0.000000
1211552073  0.000000
1211552116  0.000000
1211552176  0.000000
1211552236  7.220138
1211552476  0.000000
1211552546  0.000000
1211552596  2.423255
1211554225  0.000000
1211554285  0.000000
1211554345  0.000000
1211554405  7.220138
1211609961  11.646033
1211610276  4.746734
1211630313  2.464327
1211686983  0.000000
1211687021  0.000000
1211687088  17.482094
1211700911  8.086226
1211906871  14.179688
1211946111  0.000000
1211946171  0.000000
1211946232  0.000000
1211946292  9.790218
1211962060  2.959770
1212044749  2.992625
1212057306  15.052751
1212134553  4.210218
1212264724  0.000000
1212264726  0.000000
1212264786  0.000000
1212264846  2.423255
1212288855  6.603534
1212296170  0.000000
1212296171  0.000000
1212296231  17.185341
1212382052  16.773874
1212421316  13.406292
1212476180  5.623497
1212481886  21.785225
1212484711  8.095756
1211072928  7.631752
1211117786  7.310393
1211134606  6.971771
1211211146  8.258335
1211220577  15.798780
1211245457  21.259010
1211290674  6.853494
1211390349  10.059495
1211397801  10.385378
1211548306  5.939104
1211661044  4.558208
1211664476  18.419966
1211666065  6.725546
1211697636  6.479023
1211773620  2.959770
1211820984  5.496855
1211938357  20.287355
1212016402  13.107893
1212151558  2.959770
1212197766  6.676116
1212508302  0.000000
1212508362  0.000000
1212508422  4.488082
1212540284  0.000000
1212540345  4.862089
1212583209  0.000000
1212583238  7.310393
1212584720  4.782382
1212585326  7.310393
1212641482  15.447090
1212644826  9.796094
1212679150  7.704123
1212709422  5.183478
1212775220  8.952473
1212865640  3.529140
1212915226  0.000000
1212915287  0.000000
1212915351  0.000000
1212915409  0.000000
1212915469  5.613625
1212929475  13.050963
1212947144  4.210218
1212950440  6.447282
1211054526  5.406742
1211174687  37.516232
1211257171  8.548506
1211320765  6.197859
1211385218  4.923255
1211387749  0.000000
1211387810  2.423255
1211425310  8.073685
1211690707  4.266821
1211819948  11.893121
1211979830  7.310393
1211988963  11.292115
1211993995  16.349249
1212019700  2.992625
1212040599  10.073265
1212040850  7.201858
1212106904  0.000000
1212106967  7.695151
1212168504  6.014598
1212343596  2.010137
1212364052  4.862089
1212420962  0.000000
1212421034  2.692505
1212423399  0.000000
1212423459  12.160124
1212510205  14.517704
1212545202  0.000000
1212545214  0.000000
1212545239  5.815893
1212546837  10.942678
1212549597  6.644085
1212554971  34.938103
1212631819  7.215509
1212642200  13.351082
1212680180  0.000000
1212680213  4.630561
1212728191  9.107648
1212752769  2.506815
1212790000  0.000000
1212790038  4.862089
1212791407  2.959770
1212796382  2.743307
1212797048  2.959770
1212811955  4.210218
1212817370  5.959468
1212890939  7.576134
1212902905  0.000000
1212902938  0.000000
1212902998  5.939104
1212966865  2.202959
1213023085  11.610864
1211042736  6.487299
1211061384  14.030952
1211146527  2.423255
1211164016  5.696902
1211164077  30.309877
1211178359  0.000000
1211178384  7.310393
1211321429  4.862089
1211375380  8.534390
1211409959  0.000000
1211410023  26.784731
1211464316  7.310393
1211605448  15.452658
1211615261  5.963423
1211615854  3.938604
1211920683  7.964015
1211926933  4.368267
1211980979  10.127903
1212099552  4.210218
1212223867  14.037336
1212242972  0.000000
1212242974  2.423255
1212354169  18.529385
1212421861  3.653288
1212519182  6.556846
1212618577  9.336275
1212704814  4.862089
1212801358  4.801947
1213001585  3.877743
1213027334  12.483991
1211086751  0.000000
1211086762  5.019790
1211092631  32.065277
1211160737  25.819527
1211180846  0.000000
1211180880  0.000000
1211180887  12.190845
1211201144  7.808973
1211202236  21.259010
1211210560  11.618787
1211229218  0.000000
1211229242  7.408248
1211236173  283.541199
1211341987  6.095557
1211383262  0.000000
1211383293  0.000000
1211383309  14.310992
1211386053  2.423255
1211397948  0.000000
1211398008  0.000000
1211398018  0.000000
1211398080  0.000000
1211398113  3.886356
1211411624  6.092123
1211479990  6.644085
1211546423  2.423255
1211546541  11.428315
1211548456  6.725546
1211563875  2.423255
1211586424  10.819692
1211593805  9.482205
1211602887  9.482205
1211641208  10.640425
1211649003  0.000000
1211649058  0.000000
1211649115  0.000000
1211649175  0.000000
1211649236  5.447098
1211650208  2.383529
1211685573  2.105109
1211739625  22.355335
1211808998  10.688426
1211821311  6.095557
1211825275  5.841742
1211869382  6.095557
1211899426  0.000000
1211899486  2.423255
1211900548  0.000000
1211900570  4.210218
1211909709  10.688426
1211986960  0.000000
1211986961  0.000000
1211987021  4.604038
1211999109  0.000000
1211999160  13.768411
1212013670  427.814148
1212067291  0.000000
1212067351  12.219325
1212068975  0.000000
1212069036  0.000000
1212069096  0.000000
1212069157  0.000000
1212069218  0.000000
1212069278  0.000000
1212069339  0.000000
1212069399  0.000000
1212069460  0.000000
1212069520  0.000000
1212069581  0.000000
1212069641  0.000000
1212069666  0.000000
1212069726  2.423255
1212072212  11.618787
1212075763  5.858375
1212150999  8.394483
1212152336  0.000000
1212152401  11.803300
1212255744  0.000000
1212255781  0.000000
1212255804  0.000000
1212255979  0.000000
1212256004  0.000000
1212256077  0.000000
1212256152  0.000000
1212256232  0.000000
1212256305  10.302327
1212389462  8.211072
1212428660  11.428315
1212444233  81.276047
1212452783  4.862089
1212498818  0.000000
1212498878  0.000000
1212498939  2.423255
1212499465  4.782382
1212510185  0.000000
1212510246  0.000000
1212510306  12.362793
1212518809  11.483599
1212520106  9.003040
1212582836  7.939123
1212589201  0.000000
1212589262  0.000000
1212589321  0.000000
1212589381  0.000000
1212589442  0.000000
1212589502  0.000000
1212589564  0.000000
1212589623  0.000000
1212589683  0.000000
1212589743  0.000000
1212589804  0.000000
1212589865  7.310393
1212592993  4.801947
1212606224  2.959770
1212639873  7.718270
1212641198  17.136580
1212670578  2.643551
1212671318  0.000000
1212671379  2.423255
1212671439  11.243987
1212672014  10.688426
1212676200  0.000000
1212676260  2.423255
1212679169  0.000000
1212679229  12.602583
1212683028  3.653288
1212685426  8.456486
1212687991  4.881979
1212697918  7.247397
1212771426  9.953388
1212771607  0.000000
1212771653  2.423255
1212772336  8.201496
1211120391  4.115902
1211122959  2.423255
1211125612  10.343637
1211147942  11.240940
1211332460  4.623446
1211392339  28.474651
1213013931  6.668814
1213023453  0.000000
1213023516  15.951595
1211088252  5.351067
1211388747  3.264681
1211423397  9.613348
1211503912  5.019790
1211505866  0.000000
1211505884  2.643551
1211509535  8.127409
1211518712  5.292918
1211570166  5.512084
1211575284  2.959770
1211692987  3.017936
1211699086  0.000000
1211699170  8.435699
1211704427  4.151016
1211904755  5.073891
1211906122  10.513206
1211918278  3.664438
1212040555  6.164143
1212297987  12.591411
1212336302  0.000000
1212336356  0.000000
1212336697  22.552526
1212340523  12.548011
1212348387  3.886356
1212464014  6.934024
1212638151  0.000000
1212638176  9.147794
1212647363  4.196873
1212667182  0.000000
1212667242  10.642320
1212705683  4.889740
1212720912  4.630561
1212757320  8.372103
1212861622  11.073241
1212862047  0.000000
1212862107  0.000000
1212862168  0.000000
1212862227  0.000000
1212862284  2.345085
1212866214  0.000000
1212866274  0.000000
1212866334  3.381286
1212893239  14.954012
1212974533  4.059209
1211147942  6.286039
1211173690  0.000000
1211173714  0.000000
1211173716  2.423255
1211198196  7.310393
1211334373  3.593398
1211434611  12.764414
1211646345  4.685272
1211750291  5.496855
1212179223  5.117989
1212180037  3.529140
1212180454  0.000000
1212180500  0.000000
1212180560  13.430486
1212212592  12.575940
1212264614  2.864294
1212636557  11.453739
1212702010  4.266821
1212733615  0.000000
1212733668  0.000000
1212733672  2.506815
1212812827  14.875213
1212816798  4.054076
1212874306  4.266821
1212714554  2.911249
1211064621  3.479322
1211066662  0.000000
1211066693  0.000000
1211066695  0.000000
1211066734  0.000000
1211066764  6.644085
1211209044  23.995108
1211288220  0.000000
1211288275  0.000000
1211288336  0.000000
1211288395  0.000000
1211288455  0.000000
1211288518  2.506815
1211290007  0.000000
1211290043  8.435041
1211300190  3.987616
1211303800  4.160228
1211304201  0.000000
1211304267  0.000000
1211304322  0.000000
1211304382  0.000000
1211304442  0.000000
1211304503  5.939104
1211315832  4.944497
1211410005  7.310393
1211474868  14.710836
1211637251  6.873191
1211843081  10.077472
1211939062  5.061191
1212020047  2.307862
1212034686  12.248708
1212056048  17.912895
1212110586  0.000000
1212110648  7.434298
1212114381  8.681828
1212122996  14.195891
1212192956  5.764642
1212373026  0.000000
1212373085  0.000000
1212373122  72.697647
1212445937  4.803336
1212462697  5.953578
1212543203  6.305748
1212553822  5.565419
1211209417  0.000000
1211209482  2.550795
1211230122  4.782382
1211250097  2.423255
1211250218  0.000000
1211250278  0.000000
1211250281  0.000000
1211250342  10.715168
1211272337  0.000000
1211272397  12.263227
1211402568  7.190551
1211466539  0.000000
1211466599  0.000000
1211466659  0.000000
1211466721  6.450347
1211524403  12.547030
1211589234  4.705247
1211822459  13.915461
1211838364  5.224679
1211858685  7.389863
1211906411  2.383529
1211935556  4.724593
1211991401  4.266821
1212114932  6.198871
1212216918  8.408366
1212418770  0.000000
1212418821  1.864042
1212438735  2.959770
1212449787  4.884748
1212471517  0.000000
1212471532  13.159847
1212476196  9.159113
1212540376  4.196873
1212553259  12.019256
1212592181  2.423255
1212592261  0.000000
1212592321  0.000000
1212592382  0.000000
1212592448  0.000000
1212592502  0.000000
1212592566  0.000000
1212592615  0.000000
1212592675  0.000000
1212592739  0.000000
1212592796  0.000000
1212592865  0.000000
1212592879  0.000000
1212592932  12.973964
1212595028  7.074574
1212598061  9.107648
1212677385  4.862089
1212682698  12.164588
1212683321  0.000000
1212683381  0.000000
1212683441  0.000000
1212683452  8.548506
1212684260  7.389933
1212713282  0.000000
1212713353  3.029069
1212762270  5.117989
1212770852  2.383529
1212800297  4.746734
1212852652  8.512381
1212864564  3.699713
1212864915  10.688426
1212868340  3.529140
1212999714  22.162598
1211078300  400.349884
1211084385  8.232568
1211114276  10.819692
1211125005  11.575979
1211246164  3.849970
1211979246  12.575704
1211989429  6.748055
1212001254  7.128588
1212180189  6.318382
1212278093  6.416376
1212587220  4.115902
1212709282  4.801947
1212716286  0.000000
1212716330  0.000000
1212716346  5.408313
1211028559  13.005843
1211211266  5.029747
1211405733  3.115547
1211415498  20.550772
1211542186  0.000000
1211542244  0.000000
1211542304  0.000000
1211542365  2.383529
1211548122  6.748055
1211725786  0.000000
1211725846  0.000000
1211725906  0.000000
1211725966  0.000000
1211726026  0.000000
1211726086  0.000000
1211726148  7.190551
1211731672  8.548506
1211854730  4.266821
1212230989  10.004830
1212331197  0.000000
1212331266  0.000000
1212331319  0.000000
1212331380  0.000000
1212331438  0.000000
1212331497  9.613348
1212434274  5.496855
1212547723  6.645812
1212689233  2.423255
1212729166  19.290905
1212791172  13.073913
1212795088  4.862089
1212797807  4.944497
1212806792  9.794493
1212989220  0.000000
1212989234  0.000000
1212989235  12.770833
1211306581  5.434534
1211467278  4.862089
1211471179  10.642320
1211478947  10.642320
1211900431  2.550795
1211950634  8.232568
1212016855  11.803300
1212026549  4.862089
1212038943  2.307862
1212216803  0.000000
1212216816  2.170079
1212262926  0.000000
1212262971  0.000000
1212262973  4.862089
1212369638  15.451015
1212428761  5.995629
1212467440  14.979316
1212474301  7.604601
1212481214  4.862089
1212515990  7.190551
1212559419  7.610759
1212604166  5.800960
1212629343  4.217841
1212720704  7.562476
1212759241  4.862089
1213026958  7.074574
1213037024  6.962279
1211078614  11.198037
1211316791  4.803336
1211325221  0.000000
1211325282  0.000000
1211325342  4.141199
1211330106  6.559489
1211386860  0.000000
1211386868  0.000000
1211386918  2.992625
1211410558  0.000000
1211410587  17.499384
1211410986  7.704123
1211530660  15.183711
1211606166  2.959770
1211740279  5.028843
1211740599  11.233930
1211770508  13.942544
1211921204  7.310393
1211937085  5.939104
1211987380  3.987616
1212005740  9.773571
1212080556  7.215509
1212085488  8.126548
1212107895  0.000000
1212107944  4.281578
1212133191  10.819692
1212135504  16.590418
1212442966  7.718270
1212443984  7.310393
1212445693  11.637452
1212511023  8.400419
1212518643  10.304468
1212537946  4.630561
1212540874  9.769117
1212597753  8.294052
1212637359  0.000000
1212637474  2.596344
1212686073  12.334793
1212793830  19.019682
1212808686  0.000000
1212808744  3.770345
1212952592  7.562476
1211151982  4.820099
1211171502  17.109346
1211670484  0.000000
1211670507  6.400351
1211693635  0.000000
1211693636  4.543603
1211865921  14.375676
1212018347  0.791302
1212026975  4.355399
1212356887  0.000000
1212356889  0.000000
1212357001  0.000000
1212357051  9.773571
1211207294  8.575765
1211237490  4.862089
1211330919  2.959770
1211579200  16.241659
1211580215  4.141199
1211582731  5.398604
1211634071  4.196873
1211657936  8.337609
1211676151  16.155033
1211691496  4.074405
1211835297  4.288138
1211839780  12.743952
1211855330  23.752058
1212012021  3.690121
1212104458  9.242725
1212112132  7.310393
1212335461  7.704123
1212363171  9.546787
1212541891  0.000000
1212541914  8.408366
1212548611  0.576196
1212562115  0.000000
1212562120  0.000000
1212562180  5.939104
1212677365  16.908306
1212886181  6.256938
1212974486  3.441560
1212987129  11.802539
1211046766  7.269765
1211106469  7.310393
1211205798  6.095557
1211332953  4.630561
1211342444  4.782382
1211343213  3.529140
1211414657  12.448310
1211461647  5.479267
1211486453  3.938604
1211736053  2.911249
1211943752  6.649698
1211987083  0.000000
1211987143  0.000000
1211987208  0.000000
1211987263  0.000000
1211987329  0.000000
1211987391  0.000000
1211987455  0.000000
1211987511  0.000000
1211987568  0.000000
1211987627  0.000000
1211987689  0.000000
1211987750  5.862348
1211992324  7.408248
1212011888  4.862089
1212027410  4.438163
1212105731  6.164968
1212109543  4.944497
1212139041  21.091810
1212163860  4.354110
1212281992  7.218709
1212503383  6.898773
1212508626  3.878928
1212510807  4.413953
1212538369  9.498340
1212792472  6.649698
1212890471  4.740912
1212893370  5.806098
1213018942  12.840748
1213020799  4.196873
1213028760  6.829756
1211121242  0.000000
1211121302  8.951502
1211163529  3.938604
1211221479  3.653288
1211299633  6.550645
1211642537  0.000000
1211642596  2.383529
1211661445  2.307862
1211681853  14.681825
1211683317  0.000000
1211683372  8.863770
1211819498  0.000000
1211819559  4.862089
1211900394  7.190551
1211991702  14.270638
1212002188  5.117989
1212042270  11.553220
1212045319  10.100624
1212154834  40.591591
1212212407  4.225204
1212250109  6.649698
1212255236  8.132728
1212390361  350.462402
1212415074  0.000000
1212415076  0.000000
1212415135  7.310393
1212501437  4.266821
1212531054  9.969341
1212540948  2.464327
1212611528  0.000000
1212611588  15.795904
1212658151  3.751623
1212673700  17.078482
1212679118  0.000000
1212679424  0.000000
1212679447  0.000000
1212679473  2.331159
1212778132  2.550795
1212812414  0.000000
1212812438  2.643551
1212856174  0.000000
1212856237  12.789096
1212856751  12.100104
1212857967  0.000000
1212858028  0.000000
1212858089  0.000000
1212858131  8.404572
1212876200  5.029747
1211054729  9.661775
1211481479  13.748809
1211519322  13.136159
1211717141  8.725968
1211810171  4.840662
1211819578  0.000000
1211819637  2.423255
1211821598  0.000000
1211821644  0.000000
1211821711  0.000000
1211821771  0.000000
1211821828  0.000000
1211821899  0.000000
1211821955  0.000000
1211822009  0.000000
1211822077  0.000000
1211822130  0.000000
1211822190  0.000000
1211822251  0.000000
1211822315  0.000000
1211822375  7.876513
1211826192  2.643551
1211831767  4.705247
1211938237  3.715208
1212077537  4.654714
1212111118  7.238183
1212197185  0.000000
1212197244  5.841742
1212206968  11.233930
1212274199  0.000000
1212274242  6.477259
1212424369  4.881979
1212450814  4.797409
1212518389  6.555665
1212623758  0.000000
1212623783  0.000000
1212623819  11.439182
1212849481  5.605773
1212858815  11.660101
1212859995  11.646033
1212861813  10.554183
1213028441  17.893593
1213044422  7.765069
1213061428  4.360818
1211089236  25.901024
1211091163  4.588314
1211093779  9.790218
1211094269  14.262450
1211311906  16.409946
1211376804  4.154151
1211415073  5.325796
1211420954  8.232568
1211503771  4.983326
1211546088  0.000000
1211546148  0.000000
1211546208  0.000000
1211546255  4.266821
1211551940  4.654714
1211561013  0.000000
1211561073  0.000000
1211561133  0.000000
1211561193  0.000000
1211561253  0.000000
1211561281  0.000000
1211561342  0.000000
1211561402  0.000000
1211561433  2.345085
1211664172  20.480783
1211769066  6.559489
1211806316  5.939104
1211809640  2.992625
1211829282  2.423255
1211838120  4.431809
1211887376  2.423255
1211973903  6.668814
1211977759  6.009756
1211990573  6.092123
1211995368  0.000000
1211995369  5.841742
1212014156  6.095557
1212042437  0.000000
1212042443  0.000000
1212042446  8.693396
1212066471  8.999761
1212087999  9.669912
1212146741  2.464327
1212147783  6.559489
1212157203  5.482250
1212168166  2.992625
1212178182  2.423255
1212179922  4.115902
1212233211  20.586803
1212267505  4.881979
1212364407  8.156544
1212562988  4.801947
1212581713  4.228202
1212594709  7.463947
1212598399  3.751623
1212600841  11.073241
1212601630  0.000000
1212601667  0.000000
1212601728  0.000000
1212601788  0.000000
1212601848  2.383529
1212602101  0.000000
1212602152  0.000000
1212602212  0.000000
1212602273  0.000000
1212602333  0.000000
1212602394  0.000000
1212602454  0.000000
1212602506  2.202959
1212732911  7.382317
1212819671  30.146252
1212856367  7.974975
1212874540  13.087868
1213016679  4.266821
1213017395  3.529140
1213075342  2.423255
1213078333  6.977076
1211076805  11.462785
1211088280  3.029069
1211102590  9.600526
1211152638  3.056373
1211169822  1.131731
1211219724  3.997662
1211220535  6.819602
1211445530  8.934157
1211553875  2.762423
1211655701  7.718270
1211680493  7.569926
1211733487  0.000000
1211733542  0.000000
1211733557  0.000000
1211733613  9.049372
1211831005  0.000000
1211831074  0.000000
1211831126  2.271801
1211833870  4.881979
1211916720  12.135569
1211946774  10.200549
1211963774  13.692063
1212002019  2.959770
1212034856  11.135887
1212036101  7.434298
1212169136  4.968129
1212180949  9.476046
1212183297  7.916091
1212468368  6.644085
1212524818  3.685524
1212526576  7.068330
1212543581  5.871802
1212553316  4.257830
1212553600  13.942544
1212611242  9.121775
1212641702  8.156544
1212694373  4.141199
1212716070  3.171182
1212813629  15.922527
1212815419  7.226996
1212869083  0.000000
1212869099  6.482785
1212986537  15.183711
1211311705  6.195379
1211329741  0.000000
1211329779  0.000000
1211329781  0.000000
1211329851  16.896996
1211478032  5.268649
1211485388  6.004170
1211573073  0.000000
1211573133  2.307862
1211644974  9.636657
1211721665  11.110456
1211726288  13.792249
1211779732  7.010070
1212120097  7.832564
1212170377  4.543603
1212309745  17.133728
1212371176  2.911249
1212544111  5.224455
1212545658  10.673129
1212636184  0.000000
1212636189  0.000000
1212636249  17.735126
1212863895  6.143901
1212934681  7.074574
1212978069  12.512340
1211092102  10.505411
1211245720  9.498340
1211520990  8.408366
1211822882  9.946342
1211833707  3.947080
1211942205  5.841742
1212038781  8.211072
1212091679  0.000000
1212091733  8.548506
1212556688  5.398604
1212634508  22.809036
1212770516  0.000000
1212770542  0.000000
1212770553  0.000000
1212770609  0.000000
1212770629  5.209381
1212829937  17.327919
1212913044  8.970108
1212964439  8.383397
1212973820  0.000000
1212973844  6.746315
1212976366  10.642320
1212988174  7.745542
1211224399  3.231007
1211271805  2.023363
1211523141  17.200550
1211557401  9.315521
1211579498  14.514528
1211656320  0.000000
1211656381  7.465494
1211664119  2.506815
1211688926  3.728085
1211703131  13.291751
1211906265  6.095557
1212006178  2.911249
1212009012  13.347139
1212010692  6.725546
1212037052  4.881979
1212302105  9.603369
1212315080  8.718595
1212396769  13.720618
1212439643  5.703287
1212597137  4.724593
1212640961  12.756147
1212722848  4.944497
1212730351  2.423255
1212731423  6.478324
1212740560  2.959770
1212765513  4.881979
1212816674  7.517849
1211333811  9.579123
1211348484  4.160228
1211421182  10.819692
1211423301  5.861773
1211477715  8.575765
1211605604  8.252575
1211908582  4.782382
1211945829  4.491391
1211955574  6.501063
1211963424  16.100492
1211985733  6.095557
1212081672  7.201858
1212086994  6.475619
1212089986  3.886356
1212115740  12.426432
1212162032  14.843051
1212205144  7.310393
1212417400  16.212261
1212418320  9.964549
1212422110  6.490207
1212428886  7.906251
1212435144  0.000000
1212435204  0.000000
1212435264  5.810238
1212469268  7.039235
1212514231  6.530953
1212546939  7.800939
1212618482  8.526350
1212863232  0.000000
1212863262  0.000000
1212863264  0.000000
1212863330  4.355399
1212895279  18.065943
