1211033209  2.450141
1211243304  9.564171
1211245244  9.535909
1211247240  9.211388
1211257580  5.681624
1211339334  1.129415
1211340951  10.857612
1211417720  4.857752
1211479974  2.345695
1211516941  9.069390
1211518897  13.319723
1211566585  6.195635
1211933390  13.101367
1212028228  4.808168
1212029773  9.859159
1212036634  12.733889
1212100159  7.380041
1212105415  4.863646
1212259730  4.207682
1212301762  21.934195
1212354128  18.949953
1212452976  7.585550
1212462871  7.866241
1212545691  16.558353
1212547303  5.157292
1212612237  4.863646
1212637857  7.148637
1212643589  10.772045
1211089248  4.863646
1211155010  5.705850
1211337264  9.372887
1211662329  10.490048
1211936717  2.930561
1212013527  6.981366
1212537036  5.251198
1212539275  1.146527
1212550957  8.838923
1212558965  5.223944
1212624594  2.849333
1212629047  3.892217
1212695414  3.648953
1212704097  8.631118
1212706653  5.251198
1212719109  7.553277
1212780405  11.281441
1212811447  10.976142
1212846432  18.651217
1212846771  8.437618
1212861228  4.277810
1212869957  7.943125
1212972057  7.278613
1211167160  6.668593
1211178093  12.755364
1211320038  1.610017
1211329680  11.186355
1211342524  10.464681
1211386165  6.895955
1211443640  13.779024
1211511172  10.496058
1211511773  6.615508
1211513526  5.347263
1211516561  6.354344
1211998917  12.198207
1212026341  3.892217
1212115993  4.778117
1212116666  15.849857
1212124020  11.129096
1212979440  4.207682
1211084737  5.681624
1211220877  11.376354
1211243102  4.902471
1211343684  7.322172
1211576505  4.829844
1211702214  4.922289
1211763914  8.170784
1211941127  5.473527
1212201978  9.535909
1212218037  9.308861
1212285452  7.847121
1212295328  0.961142
1212452157  4.208274
1212689704  8.487491
1212825484  12.822100
1212982347  5.506989
1211086060  9.401200
1211099164  13.087893
1211165939  8.122725
1211391672  5.337649
1211406493  50.761703
1211428669  5.951843
1211565865  12.134600
1211646169  13.737283
1211736243  2.973651
1211770056  10.576190
1211862028  11.210433
1212007006  2.490977
1212195893  2.665505
1212197789  5.681624
1212200016  2.230725
1212364736  4.783914
1212374790  10.062715
1212422471  6.626100
1212597232  10.947054
1212625703  3.945257
1212688904  19.214705
1212722921  9.148796
1212728536  4.208274
1212794689  10.389347
1212811542  16.502306
1212886336  5.397502
1212966692  6.092375
1212979493  10.767594
1212991742  9.461465
1211210929  6.669143
1211221478  4.277810
1211345084  4.808168
1211506194  9.601899
1211509768  2.700352
1211512902  14.977109
1211514924  15.235371
1211746678  9.917095
1211992706  5.776318
1212118924  6.672061
1212120633  9.694840
1212122711  5.701449
1212166432  2.709202
1212198483  4.626431
1212214373  6.672061
1212228026  9.967781
1212470998  5.357746
1212473168  11.376728
1212693203  7.810739
1212716322  9.097936
1212721742  0.900117
1212827260  5.357558
1212834863  10.947054
1212883164  2.225611
1213033002  12.097048
1211041823  12.682909
1211134364  9.124166
1211260140  7.629548
1211262091  11.598392
1211338274  11.346089
1211339793  0.945123
1211379561  9.119697
1211488353  8.681947
1211493609  6.265098
1211504716  13.791967
1211507551  5.579752
1211548952  7.869586
1211550679  4.362108
1211665523  8.546546
1211685260  3.658508
1211700625  10.113155
1211989464  5.776318
1212068713  10.486741
1212088084  4.026432
1212110563  10.772045
1212128596  5.754435
1212280387  6.050811
1212340936  1.112806
1212460140  108.914597
1212548951  12.175949
1212571964  11.232374
1212700477  5.932441
1212715034  57.813599
1212881429  4.208274
1212905379  2.300399
1211058345  0.945123
1211242299  12.134600
1211245065  8.216077
1211250472  11.282335
1211261163  10.042321
1211594488  4.863646
1211772314  14.300101
1211869663  7.629548
1212024396  6.255062
1212078276  11.867374
1212120650  8.838923
1212191185  24.765997
1212721118  15.555940
1212722182  9.535909
1212742956  12.634515
1212795856  9.575682
1212816157  13.482888
1212852856  8.520806
1211018764  13.220802
1211328048  7.232585
1211331241  286.455658
1211339815  6.208909
1211390914  6.886371
1211402421  5.776318
1211534585  10.349156
1211617542  8.839090
1211681380  4.594342
1211835560  4.346860
1211840919  8.298331
1211944296  5.299075
1211958441  20.028803
1211965770  10.390891
1211966326  15.200858
1212037584  14.334678
1212042664  6.188912
1212042927  58.209671
1212102565  6.978679
1212106831  5.776318
1212112470  12.798267
1212132519  5.949993
1212221764  16.641449
1212308404  6.447505
1212308813  1.460924
1212387284  4.783914
1212623231  10.321808
1212626380  6.902133
1211083797  9.893880
1211141781  9.896522
1211159639  4.694482
1211168998  27.684786
1211218556  0.945123
1211250031  9.097936
1211399224  5.348922
1211501882  4.208274
1211506284  2.166066
1211609609  5.157292
1211654352  3.518277
1211660883  12.822100
1211683676  18.295679
1211696232  10.771739
1211864531  12.340271
1211906316  5.438071
1211932973  3.688663
1211945438  12.890055
1211737914  16.872456
1211765930  4.277810
1211840134  8.487491
1211939388  3.183287
1211946838  7.093786
1211949659  2.763084
1211950980  9.575682
1212009127  3.766662
1212105731  2.533196
1212106927  10.847539
1212117872  9.836980
1212165600  11.282335
1212173356  3.713183
1212176872  11.132597
1212181862  6.207188
1212194525  9.821026
1212204949  3.287657
1212260943  7.239972
1212548069  7.413402
1212556823  8.179137
1212559134  12.217323
1212589461  6.208909
1212778006  8.044801
1212801098  8.892962
1212813894  13.270540
1212823256  6.136034
1212912929  14.891673
1212976087  11.052009
1213021697  7.333851
1211079504  9.382104
1211100260  15.122819
1211194614  6.487028
1211210642  5.965905
1211357710  9.694840
1211403409  4.753122
1211468868  12.134600
1211541453  8.838923
1211542386  14.139633
1211577139  8.959678
1212137034  7.226934
1212138265  13.670118
1212224549  14.802388
1212301814  13.019160
1212471049  22.728437
1212613206  16.732220
1212726393  8.058171
1212807111  7.114369
1212882905  5.874221
1211085533  5.211049
1211228035  3.892217
1211229603  9.819791
1211361353  7.810739
1211503944  2.709202
1211524552  10.003185
1211553890  13.330380
1211567625  2.609337
1211570101  6.297901
1211588844  2.717429
1211787691  23.426281
1211789505  13.364521
1212131997  17.235092
1212513381  5.438071
1212530145  4.863646
1212628884  4.808168
1212699261  4.208274
1212740940  9.093438
1212784727  6.092375
1212854041  16.076174
1212870471  0.026557
1212892438  4.888606
1213076620  26.441753
1211510443  12.162843
1211553599  8.399361
1211564371  3.234630
1211570850  1.261180
1211585989  0.945123
1211619602  4.545451
1211786335  7.468659
1211855849  3.375133
1212216604  12.548409
1212330728  10.498852
1212336044  14.477008
1212567396  7.751067
1212715050  5.597625
1212728622  6.904736
1212733719  10.682136
1212758984  6.996014
1212787290  5.348922
1212894655  7.438799
1211496591  8.216077
1211580309  6.158826
1211595461  10.498878
1211700237  7.141941
1212014711  3.706873
1212091920  3.828410
1212099674  2.490977
1212217942  6.895955
1212458595  11.503257
1212550514  12.417305
1212599166  9.244995
1212603204  7.322568
1212611450  13.391319
1212703373  10.387329
1212814617  9.306717
1212873639  0.929630
1212976211  4.554142
1211088756  5.776318
1211443160  10.947054
1211604847  4.208274
1211611179  14.364566
1212208287  12.733889
1212475271  3.342451
1212538269  6.617190
1212678210  4.072523
1212703055  5.992500
1212715911  2.899321
1212802447  9.694840
1212826636  5.148698
1212867661  3.342451
1212959667  5.776318
1211406728  3.909279
1211570833  3.287657
1211722604  14.609938
1211852153  6.997668
1211868417  6.613159
1211934220  9.694840
1212028790  0.914635
1212175575  7.584071
1212176194  8.953525
1212182044  2.576872
1212259518  13.319723
1212463410  13.101367
1212806460  2.801039
1212986473  4.350316
1213019330  2.490977
1213030839  3.540491
1211084005  6.629369
1211170050  3.784716
1211334907  5.776318
1211337276  4.968788
1211759217  13.339090
1211937282  2.450141
1212453003  4.350316
1212555201  9.538836
1212556307  10.873493
1212733944  9.266630
1212895186  9.404759
1211311734  3.567724
1211460079  14.406877
1211568590  0.945123
1211572797  9.905877
1211574838  5.438071
1211689547  11.001510
1211812154  10.507652
1211866180  19.763021
1212093973  8.694023
1212178955  3.892217
1212257657  9.069390
1212298706  16.819120
1212702378  7.141941
1212704765  10.915491
1212728442  3.518277
1212766987  8.053171
1212769803  16.545900
1212896046  1.240505
1212898465  9.535909
1212935633  3.342451
1212962985  16.558353
1213028216  17.681856
1211087471  9.080080
1211098569  17.003220
1211180631  1157.499756
1211182608  9.102462
1211219474  12.985562
1211235396  8.959678
1211248390  12.767575
1211431042  6.537259
1211487031  16.987324
1211495053  13.080956
1211622601  15.869338
1211863809  5.776318
1211949213  10.767594
1212010059  4.248885
1212091370  10.338174
1212109291  5.251198
1212266748  4.421496
1212328923  4.350316
1212478190  10.823066
1212524159  10.510281
1212546327  4.105143
1212594207  11.503257
1212601992  5.311106
1212619087  3.892217
1212637298  3.892217
1212826686  11.778998
1212869200  7.288878
1213032459  1.825630
1211041904  8.130122
1211202965  11.232374
1211210847  14.243707
1211333585  2.450141
1211554554  9.761930
1211560241  5.681624
1211671664  3.922048
1211677627  8.732106
1211695543  28.882565
1211743300  4.670915
1211752923  429.110901
1211763141  7.810739
1211893745  10.142205
1211918206  11.097379
1212067611  13.045616
1212118350  14.852453
1212198850  7.869093
1212308492  9.717257
1212452167  8.122725
1212468649  5.311010
1212470327  5.424785
1212519942  8.216077
1212525347  0.929630
1212600677  9.233181
1212608974  11.945565
1212645822  8.261666
1212905703  11.395279
1212907203  12.232571
1212910109  11.026655
1212912183  9.200763
1211213721  15.822798
1211219370  5.776318
1211258491  8.977270
1211269946  14.179338
1211339746  7.310850
1211346171  6.634389
1211388595  13.429355
1211485728  3.242681
1211486614  6.175046
1211494727  7.923393
1211511060  7.753256
1211516614  3.692020
1211516945  8.434351
1211520438  17.258467
1211779257  10.037805
1211783054  13.831856
1211969901  14.406877
1212076192  9.341321
1212080622  9.601899
1212128417  10.278237
1212134153  25.257092
1212156671  5.311010
1212186635  5.836374
1212188622  4.706754
1212201506  14.097941
1212214154  11.198967
1212216199  11.869756
1212281909  6.565710
1212283766  6.301438
1212436076  5.776318
1212443015  5.056867
1212545023  5.438071
1212645811  15.128140
1212696511  4.421496
1212705864  6.158826
1212708361  15.943663
1212768947  12.134600
1212772971  8.397202
1212825942  9.450513
1212829075  24.339958
1212900367  13.701895
1212978389  18.117897
1211229839  4.246055
1211243364  9.316317
1211253386  11.635740
1211339807  5.211049
1211345903  13.001357
1211423406  6.656825
1211428313  6.965464
1211462206  4.971157
1211514652  14.765055
1211685412  3.404784
1211695975  4.772724
1211861115  14.114240
1211996487  19.894630
1212019429  4.809770
1212022376  14.561520
1212026721  4.421496
1212033232  9.575682
1212204435  13.686782
1212218217  5.701449
1212309079  12.936855
1212360628  17.100925
1212399842  7.585550
1212467008  9.927387
1212475228  10.866562
1212502451  7.810739
1212543158  6.672061
1212547235  10.255855
1212552896  0.929630
1212716511  1.418919
1212727867  8.661552
1212786888  0.945123
1212883361  7.701757
1211147142  11.364219
1211157571  8.949083
1211241045  10.142205
1211248349  7.322172
1211262746  13.319723
1211333211  5.681624
1211339401  10.915491
1211344764  12.340569
1211426978  4.277810
1211431336  9.694840
1211588616  9.619156
1211707625  11.749736
1211921018  12.617891
1211936238  4.111127
1211940196  5.776318
1211942995  15.596899
1211949842  3.892217
1212017234  9.619156
1212043710  9.511698
1212264621  5.517531
1212366327  8.081387
1212439201  5.348922
1212551334  15.707987
1212633581  6.562684
1212638436  12.677756
1212650111  9.250764
1212717157  7.322172
1212812910  8.546546
1212915113  8.258103
1212950939  10.140119
1211162558  9.896000
1211207406  5.625590
1211233724  12.581964
1211305197  5.134722
1211489885  3.287657
1211532314  10.311985
1211572373  10.215563
1211664377  16.149458
1211692916  8.892962
1211736404  4.179231
1211911005  10.062299
1211916070  3.892217
1211921919  12.134600
1211927757  3.892217
1212048778  4.139149
1212197827  5.701449
1212200209  3.484293
1212433091  5.681624
1212443812  0.027955
1212453775  1.050137
1212455029  9.109006
1212506851  5.476890
1212626158  8.532134
1212631326  4.863646
1212721183  9.717257
1212905503  6.646227
1211211945  6.195635
1211222441  20.781069
1211228273  9.401200
1211231415  3.234630
1211300162  10.425766
1211386146  5.887113
1211394094  6.508712
1211467956  14.013493
1211493297  15.341212
1211566113  10.445778
1211779597  16.055359
1211784919  10.311985
1211988644  14.379071
1212023127  4.208274
1212266421  7.260973
1212315959  11.786016
1212704579  9.151810
1211101306  11.046088
1211224143  4.279601
1211318832  8.186800
1211568856  6.188912
1211574315  7.810739
1211579779  7.810739
1211595954  7.730860
1211612789  2.465539
1211863708  3.706873
1211919275  9.606773
1212077885  11.210433
1212167573  9.762807
1212287685  13.116773
1212596178  6.515070
1212654338  8.153236
1211079965  5.415298
1211088758  8.216077
1211093417  10.805158
1211156176  6.567110
1211261391  5.119627
1211303406  13.452635
1211305824  12.798820
1211400874  12.720802
1211509750  6.562684
1211511244  2.166066
1211523843  16.383812
1211588443  13.830279
1211610631  3.454463
1211693777  6.539228
1211756306  9.694840
1211760666  13.014296
1211922606  4.429762
1211954088  5.004551
1211960758  9.162939
1211963752  11.405890
1212084309  9.861028
1212086010  7.779614
1212095521  29.016790
1212113170  7.495298
1212119745  6.498269
1212192144  11.490818
1212478640  15.128140
1212512286  11.011621
1212515192  15.338572
1212557569  10.995590
1212560953  12.365663
1212641876  13.997280
1212655824  13.276341
1212675698  10.281708
1212724169  9.382104
1212730525  3.816247
1212779228  12.849152
1212814235  2.490977
1211250824  4.946080
1211292221  9.233181
1211309550  7.461196
1211344427  6.785148
1211418069  3.688663
1211421882  4.246055
1211449457  19.496635
1212174056  8.092125
1212200978  4.222958
1212563952  9.401200
1212588709  12.195805
1212595253  16.082493
1212635058  8.122725
1212653447  8.638857
1212681702  9.096584
1212729182  12.768167
1212777617  5.438071
1212811923  3.434309
1212891922  9.377986
1212905218  12.096127
1212437403  13.293104
1212440449  12.231306
1212543869  11.187976
1212611039  14.300101
1212632068  9.761930
1212636440  11.935672
1212638085  9.247083
1212676284  11.795942
1212693448  0.994867
1212717483  4.937301
1212723207  12.134600
1212724211  11.503257
1212725585  6.354344
1212798529  5.668491
1212812463  10.061463
1212863674  4.139286
1212935861  12.001533
1212996032  17.588137
1211079970  14.081109
1211082042  8.396847
1211235277  9.659243
1211313155  7.322172
1211332886  3.919830
1211338712  8.520806
1211355679  13.943017
1211357276  10.435646
1211415501  4.881395
1211429270  8.323143
1211485317  4.863646
1211529682  11.201169
1211561505  10.947054
1211697264  9.694840
1211952043  8.484527
1211984091  10.716477
1212024850  5.311010
1212025699  4.857752
1212110153  6.092375
1212121629  9.535909
1212169154  8.355332
1212177511  24.071117
1212188955  3.658508
1212190977  2.490977
1212283470  3.538379
1212421965  10.794851
1212473026  10.259659
1212519402  9.480149
1212556989  20.009153
1212614184  7.682694
1212805941  4.583368
1212816245  9.821026
1212870249  5.681624
1212939421  8.336428
1211044214  5.681624
1211077774  4.783914
1211081576  6.165454
1211095490  10.848352
1211260005  6.255058
1211262037  6.643229
1211325920  11.236251
1211343658  4.248885
1211406094  10.645913
1211414906  9.093438
1211426896  9.244995
1211443107  14.680958
1211576980  9.860960
1211581371  10.029145
1211613166  6.427551
1211694125  10.446198
1211988220  6.830627
1212011008  9.297076
1212026961  9.950567
1212032856  4.512281
1212087633  4.248885
1212112005  2.490977
1212127303  6.785148
1212358681  11.473561
1212423180  3.567724
1212461817  8.258103
1212614862  4.863646
1212626033  0.929630
1212632988  10.959847
1212681759  9.694840
1212702916  4.072523
1212717921  24.303394
1212784541  0.945123
1212970852  8.841433
1211027051  21.686718
1211059584  11.503257
1211064153  9.694840
1211101919  6.378236
1211135941  7.810739
1211387369  6.769652
1211493938  9.069390
1211520203  9.535909
1211710846  5.098191
1211905879  5.776318
1211996192  3.108940
1212012972  7.488810
1212025857  3.658508
1212028819  5.625590
1212035726  6.356048
1212093097  7.702572
1212199628  5.312413
1212238268  11.591179
1212381875  5.776318
1212542970  8.497193
1212608442  17.255728
1212613876  9.619156
1212614816  6.902133
1212746996  5.447042
1212806606  13.059602
1212826450  18.289616
1212828486  9.975939
1212861476  15.271324
1212899392  20.666140
1212905525  7.643229
1212988794  14.976993
1212995342  10.408410
1211122004  1.825630
1211220894  5.339036
1211260026  4.853618
1211270022  7.261991
1211464605  8.989859
1211465448  2.423885
1211471095  20.594589
1211477104  4.863646
1211488324  7.114369
1211556133  10.473651
1211787719  7.779614
1211830598  9.136023
1212013215  2.899321
1212026024  16.279032
1212070902  11.082853
1212078929  3.342451
1212099384  5.332696
1212156494  14.164783
1212211897  20.630587
1212275241  116.778358
1212416941  5.978343
1212533686  10.061463
1212767590  7.892635
1212771021  8.299389
1212801889  4.863646
1212844733  6.565710
1212941237  8.499390
1212956539  6.459811
1213019778  16.674049
1213025000  1.350176
1213025224  31.920809
1211076376  5.681624
1211085291  4.222958
1211226780  9.244995
1211230432  6.617190
1211239601  5.311010
1211240005  5.975501
1211243059  9.672633
1211285315  4.277810
1211335816  5.211049
1211340141  7.503042
1211368631  11.935672
1211393757  8.216077
1211421626  3.475781
1211425191  12.026427
1211429933  11.973009
1211466805  6.547697
1211473648  9.308861
1211474280  11.728987
1211476746  4.888305
1211478726  11.973009
1211485052  2.410622
1211487233  9.978670
1211518045  11.633808
1211563871  13.405979
1211569458  7.461196
1211581658  7.810739
1211893452  9.189001
1211932401  11.093994
1211937322  4.590844
1211944901  8.678031
1212027876  5.438071
1212102288  11.282335
1212115461  7.810739
1212180086  17.494692
1212207273  9.717257
1212211114  9.852098
1212287974  1.240505
1212447595  10.947054
1212456423  12.308002
1212459611  9.088913
1212461068  9.881957
1212532487  7.943125
1212539119  12.010244
1212556080  11.086380
1212619997  11.405890
1212621666  3.342451
1212624730  5.019758
1212632635  12.399759
1212634290  14.646555
1212635682  4.863646
1212636478  8.258103
1212674341  0.945123
1212687121  8.838923
1212706163  15.296487
1212708278  8.258103
1212726962  3.828410
1212768433  8.174516
1212778157  8.520806
1212789089  5.311010
1212804564  9.535909
1211093966  29.801550
1211257788  14.102920
1211332609  5.023540
1211333638  10.446198
1211335495  2.533196
1211412126  5.793829
1211598980  7.297511
1211600930  11.646976
1211614139  16.277557
1211706908  9.535909
1211728987  13.862584
1211840675  12.134600
1211929408  9.975939
1211939880  2.335290
1212004346  13.237745
1212106782  5.776318
1212111215  6.943163
1212119121  8.813492
1212281590  5.067229
1212297309  12.706046
1212466887  10.767594
1212548061  8.726419
1212798087  9.080080
1212815617  5.079852
1211054284  8.080075
1211149926  5.776318
1211250297  12.735025
1211255588  11.796325
1211262962  4.694482
1211336423  5.438071
1211342365  9.535909
1211344112  9.247083
1211347998  10.387329
1211413598  12.134600
1211423640  5.992500
1211487141  11.749736
1211490325  10.770093
1211514154  12.134600
1211551881  6.646213
1211702896  13.926901
1211782765  9.401200
1211859022  21.331200
1211916992  7.380041
1212006134  9.244995
1212029026  10.281708
1212029856  6.040407
1212104820  9.115382
1212120050  1.261180
1212121118  9.642462
1212131205  13.355756
1212217352  10.821157
1212259771  18.284836
1212362382  2.364712
1212546324  7.209913
1212692176  2.450141
1212794480  7.838987
1212887957  6.562684
1212911253  10.599139
1212975144  3.342451
1211262716  7.416821
1211302528  7.558780
1211330023  7.260973
1211380436  17.797812
1211498169  10.008537
1211510205  2.490977
1211512174  9.535909
1211521770  7.322172
1211574249  2.410622
1211592736  5.776318
1211601730  10.576642
1211604563  10.408410
1211607692  11.376728
1211949230  11.945565
1211992539  12.560922
1212026438  2.490977
1212033218  9.156456
1212086891  5.955484
1212189912  9.093438
1212282141  12.324919
1212283463  5.251198
1212294088  5.438071
1212304101  9.694840
1212347497  6.527544
1212429536  6.247828
1212430360  3.615051
1212465387  9.763424
1212505555  14.378402
1212522489  10.142205
1212626145  7.469161
1212707834  10.338174
1212710078  7.629548
1212722369  7.322172
1212785279  2.384785
1212853962  13.725779
1212881494  8.216077
1211180633  10.434275
1211278942  15.128140
1211428723  2.330591
1211605189  4.943701
1211915254  7.810739
1211917934  1.386554
1212018373  4.097071
1212063293  9.402651
1212107262  9.011013
1212116488  2.754355
1212121538  5.416231
1212125504  10.593924
1212170812  1.261180
1212188378  4.783914
1212215952  8.309863
1212429018  3.766662
1212450839  3.109016
1212468452  4.416138
1212473994  7.682694
1212509161  8.052110
1212550493  72.551521
1212557667  10.098549
1212989653  10.259659
1212990797  9.721063
1213044541  10.767111
1211055386  19.219181
1211205733  4.583368
1211221645  5.251198
1211301960  6.675138
1211306900  6.105553
1211321416  7.202136
1211336143  9.128974
1211381123  6.758927
1211393612  8.881361
1211402227  6.157079
1211409135  9.298071
1211469317  9.713112
1211509466  5.776318
1211512932  4.828191
1211596584  10.651008
1211613519  7.322172
1211618996  16.889843
1211815599  4.666702
1211820970  4.277810
1211840913  12.553034
1211920688  11.426696
1211924071  10.098549
1211951621  10.685452
1212011737  7.129683
1212020481  287.074280
1212068067  11.798164
1212092832  4.078553
1212107846  4.943701
1212163062  12.256469
1212168440  7.357681
1212430842  11.001510
1212458264  2.450141
1212510968  10.231997
1212525560  0.900117
1212674368  5.681624
1212679738  19.743740
1212691321  2.930561
1212693241  8.514272
1212701597  8.216077
1212908375  6.299326
1212911048  12.691970
1213020766  4.277810
1211090260  7.215485
1211184146  10.882076
1211261861  14.951664
1211928974  3.104362
1211939368  3.892217
1212018021  9.975939
1212299642  23.190313
1212371589  4.208274
1212427286  7.384040
1212429052  6.656825
1212447913  10.414463
1212450234  18.110409
1212454569  2.372359
1212633569  11.633808
1212705364  7.639713
1212705551  8.555620
1212787072  6.297901
1212904573  17.773848
1211061601  2.450141
1211178377  3.959023
1211215816  16.821665
1211314873  12.317484
1211499979  2.410622
1211510464  10.682780
1211588383  12.134600
1211594087  6.884873
1211714318  19.214935
1211753406  9.819884
1211928575  11.935672
1211937105  7.322172
1211948968  11.158198
1211954079  13.111850
1212029131  4.863646
1212039381  11.548765
1212061302  11.051151
1212122402  6.978911
1212213218  5.776318
1212213913  13.921282
1212228204  11.503257
1212252851  9.348796
1212453069  3.342451
1212459013  12.134600
1212466244  2.717429
1212534553  3.892217
1212552714  11.282335
1212625746  0.929630
1212633852  3.060395
1212696139  8.258103
1212719454  11.097379
1212721982  9.266788
1212821734  9.247083
1212828081  15.849857
1212883574  3.983330
1212887528  1.401311
1211139064  12.492165
1211336414  6.080335
1211459065  2.547391
1212020182  4.208274
1212094837  13.043241
1212137640  8.713422
1212212614  8.966459
1212227140  11.756132
1212717358  1.261180
1212793237  5.771493
1212794538  9.511698
1212795490  1.261180
1212802534  3.342451
1212808370  2.490977
1212816529  72.954681
1212823408  840.028809
1212944014  15.085841
1211018614  11.282335
1211093105  12.550508
1211441268  7.892635
1211588843  5.494148
1211646046  5.532368
1211701296  9.694840
1211762753  16.854700
1211839499  14.132879
1211854123  9.955002
1211953097  7.166695
1211966817  6.656825
1211989331  10.455974
1212036660  8.959678
1212046450  11.698228
1212047702  10.755907
1212097222  9.244995
1212136172  9.049937
1212169322  4.888305
1212204096  0.026557
1212291015  4.863646
1212294722  13.136465
1212308913  13.319723
1212321296  10.061463
1212334188  7.740247
1212445466  7.810739
1212566476  8.842606
1212649166  2.605150
1212686514  7.114369
1212690529  2.490977
1212768939  14.379071
1212811199  10.682780
1212814193  2.028478
1212820049  10.187921
1212860624  25.729076
1212960191  13.554350
1211116683  9.694840
1211119626  12.460743
1211172751  9.033554
1211368168  10.840723
1211370105  8.878036
1211382466  7.470106
1211384288  8.838923
1211387735  12.134600
1211390006  8.689874
1211423203  6.274697
1211463636  11.730907
1211619458  9.533808
1211653495  1.261180
1211768372  8.689874
1211900786  7.558780
1212008055  8.989859
1212156372  7.106463
1212176966  8.216077
1212198367  7.682694
1212385365  4.671947
1212387685  4.153729
1212421976  5.071337
1212454734  2.103542
1212475012  9.380036
1212583807  12.460743
1212754653  14.851501
1212756411  9.244995
1212802462  14.164783
1212917773  7.253070
1211072836  9.535909
1211432688  6.404645
1211909407  10.843755
1212106036  55.350193
1212212638  8.155836
1212286805  1.261180
1212544067  2.335290
1212609715  4.888305
1212637755  9.362035
1212794271  12.828189
1212818940  0.945123
1211316168  9.717257
1211333582  2.767752
1211505406  6.758927
1211510457  5.681624
1211623055  12.617891
1211700507  12.598977
1211783822  8.206041
1211915477  3.828410
1211939511  4.072523
1211947653  8.428389
1212032871  9.726889
1212132555  4.828075
1212166356  6.527544
1212265115  10.044993
1212283864  3.581198
1212298506  11.041318
1212339418  19.085037
1212525386  6.886371
1212555385  8.256904
1212604824  13.181869
1212636219  7.220397
1212646050  10.593924
1212702038  5.681624
1212744625  10.947054
1212802816  11.984368
1212804972  7.702572
1212821267  15.716482
1212985112  13.846704
1211169957  8.417940
1211238894  7.653201
1211310538  11.473561
1211412354  11.756132
1211485395  7.886992
1211523412  10.107316
1211529824  14.951664
1211534328  12.326284
1211578636  3.933121
1211602509  2.638708
1211612362  3.353131
1211766991  9.917095
1211879262  12.828189
1211918075  9.401200
1212116468  4.294439
1212133035  12.134600
1212188621  9.401200
1212218163  6.376975
1212276549  3.958187
1212719542  14.064260
1212727410  11.696815
1212731779  6.140852
1212734988  27.959921
1212772749  18.065083
1212794119  6.456834
1212881369  3.485568
1212906236  6.250003
1212909130  1.576475
1212913065  12.468160
1212995025  16.677252
1212996181  10.642839
1213029284  9.761930
1213035262  6.433846
1211254027  9.694840
1211435830  7.260973
1211535634  10.797603
1211574385  4.863646
1211671988  9.418703
1211675470  9.414245
1211689951  4.888305
1211692622  12.819336
1211726288  9.080080
1211827563  7.384040
1211935102  5.199713
1211984317  16.728003
1212003685  8.678031
1212192172  8.977270
1212197562  4.003687
1212268600  10.445778
1212652403  12.260671
1212665769  21.686718
1212726752  11.386887
1212736553  6.979088
1212764354  27.217222
1212868000  14.530607
1213031834  5.854272
1211146483  6.562684
1211160219  10.493964
1211162745  9.247083
1211241579  10.254591
1211322515  13.031526
1211345328  11.656857
1211406087  4.130962
1211421617  5.776318
1211427650  6.467608
1211592609  9.766887
1211667515  79.754555
1211762442  6.297901
1211781801  20.485458
1211848854  11.998236
1211924277  16.071505
1211938929  5.438071
1211952798  10.946652
1211989135  24.001438
1212114836  6.584889
1212119482  9.694840
1212126062  16.497381
1212386734  9.403798
1212466839  10.947054
1212536884  3.725427
1212539675  7.209913
1212681013  6.255058
1212790986  5.387393
1212791229  3.200458
1212986341  7.286562
1212995142  7.209913
1211126021  5.836116
1211131838  11.097379
1211176455  5.854272
1211271891  13.755624
1211322824  6.240773
1211495858  6.092375
1211519549  9.447029
1211528211  7.148637
1211529676  12.815736
1211640814  11.095803
1211714152  6.376975
1211813161  13.116773
1212124889  7.322172
1212208835  19.810703
1212293440  14.364566
1212332444  11.844667
1212550079  12.229061
1212689698  14.820643
1212815845  9.892797
1213072632  15.497602
1211081597  8.582904
1211083820  5.681624
1211199448  9.247083
1211216298  7.682694
1211251340  6.891829
1211259000  13.914195
1211333715  6.862770
1211562418  0.026557
1211610661  5.776318
1211861845  10.275716
1211947088  8.762359
1211991464  2.490977
1211995122  13.111850
1212007956  11.097379
1212108289  9.694840
1212109400  2.754355
1212186565  4.559668
1212215166  7.332457
1212539443  7.260973
1212541298  4.863646
1212544343  41.688389
1212548930  24.341291
1212602476  4.888606
1212613667  0.929630
1212623936  7.855042
1212641376  4.750432
1213017548  6.997740
1213054656  4.222958
1213059270  5.681624
1211030804  4.502958
1211090539  10.029145
1211260270  14.170698
1211393291  5.590537
1211408124  6.568095
1211419114  9.815037
1211421992  4.863646
1211424399  4.863646
1211504763  4.946080
1211508576  3.892217
1211652174  12.693651
1211738899  3.828410
1211803589  17.452898
1211956927  10.489135
1211957610  22.937559
1211977003  6.456834
1212083764  12.868119
1212172410  8.532134
1212198625  10.510281
1212341648  14.479944
1212529219  4.207682
1212598808  11.963452
1212721384  9.593800
1212739478  8.989859
1212801724  3.828410
1212803768  3.658508
1211152893  6.835485
1211891947  9.694840
1211930076  6.736164
1212023447  14.020761
1212052896  7.629548
1212108280  8.949083
1212186130  5.438071
1212203986  12.078223
1212463000  5.579853
1212501474  13.045616
1212559348  12.324919
1212618015  8.732495
1212913415  2.975922
1211102871  18.252102
1211230385  2.450141
1211400351  0.945123
1211613897  7.114369
1211908684  7.640022
1212008749  13.143441
1212178509  2.450141
1212205430  10.685452
1212275272  7.887471
1212309121  8.122725
1212631129  0.945123
1212632363  8.554271
1212715948  5.681624
1212773146  8.014256
1212801010  2.951095
1211161002  4.179231
1211240439  11.935672
1211356790  7.629548
1211376673  9.717257
1211427606  9.535909
1211428405  8.648501
1211431643  5.438071
1211496334  9.619156
1211510536  5.729917
1211520182  4.888305
1211520368  5.776318
1211604130  9.694840
1211680980  7.504473
1211772701  32.708004
1211776896  0.000000
1211776957  9.606773
1211930457  13.924925
1211960299  10.205095
1211993362  8.878036
1212025792  2.450141
1212027483  4.706754
1212029237  7.810739
1212104429  8.542866
1212169909  9.717257
1212217055  6.978911
1212224196  8.301361
1212277061  2.490977
1212524443  4.225174
1212539001  3.892217
1212552179  0.929630
1212613178  8.343575
1212727144  4.772724
1212780664  10.682780
1212786021  9.619156
1212787633  16.091366
1212807117  3.648953
1212907965  32.572838
1211053234  6.646227
1211121118  10.664482
1211166850  12.175941
1211170914  12.545140
1211177130  11.265390
1211178070  17.407057
1211191533  12.337191
1211225051  5.776318
1211473583  5.701449
1211482482  7.114369
1211506134  4.863646
1211596887  6.333032
1211819095  5.951843
1211826299  8.537556
1211865820  5.491387
1211909201  4.390209
1211930327  8.081387
1211937362  5.701449
1211995529  7.944676
1212002941  2.490977
1212044815  18.682526
1212114106  2.717429
1212214386  9.315685
1212292658  22.447594
1212457288  5.538522
1212509260  11.502225
1212542403  10.907124
1212689418  6.646227
1212691445  0.929630
1212809130  9.547914
1212824305  16.598452
1212893017  4.179231
1212899818  5.067229
1212981123  9.413118
1213017865  5.819393
1213049196  6.092375
1213064911  6.617190
1211070375  9.694840
1211211427  4.988200
1211563941  11.622869
1211616304  41.116829
1211939044  5.139687
1211988731  9.470275
1212277620  17.773848
1212455266  14.198293
1212802772  8.216077
1212813436  9.731477
1211298392  14.912856
1211068125  4.229257
1211076710  6.562684
1211213794  7.585550
1211228577  7.629548
1211579541  2.391957
1211588082  4.248885
1211595106  2.450141
1211599915  3.342451
1211608477  8.826345
1211680537  0.914635
1211692180  5.223944
1212001543  2.450141
1212028079  4.489519
1212184040  12.108840
1212200583  8.032331
1212205896  9.870256
1212217118  3.956930
1212262587  9.694840
1212316413  16.854700
1212607397  7.215485
1212638671  14.676860
1212728223  9.460302
1212728414  2.256994
1212791518  11.743161
1212941715  4.248885
1212949400  7.716863
1212988492  8.375098
1211062077  5.438071
1211083997  4.863646
1211089726  3.510180
1211188523  8.838923
1211207407  12.689633
1211225658  4.783914
1211401482  12.829416
1211485767  9.859159
1211511662  6.672061
1211552902  4.248885
1211554944  10.882076
1211566819  8.680828
1211599890  10.135098
1211616333  4.746372
1211691875  13.590340
1211694595  14.350831
1211829639  7.095227
1212028664  13.116773
1212041243  13.101367
1212045046  9.244995
1212087279  7.951042
1212141294  12.536195
1212184690  4.277810
1212203951  13.050617
1212294137  0.821846
1212309858  6.283694
1212345426  13.639200
1212346082  5.854272
1212380006  5.826504
1212385549  4.277810
1212436368  9.601899
1212464146  6.562684
1212549146  5.681624
1211062747  11.751500
1211064943  9.726889
1211076299  4.086733
1211241295  12.308002
1211307185  0.810106
1211339906  8.612448
1211420027  7.224905
1211523642  15.128140
1211709108  1.825630
1211941068  3.627186
1212019753  6.562684
1212121584  5.961336
1212198849  9.394808
1212206192  8.874482
1212209815  11.872725
1212220495  3.164192
1212262489  1.240505
1212279888  8.500591
1212313244  6.672061
1212542400  3.639597
1212553008  5.690368
1212600533  9.418703
1212708099  4.828191
1212710409  2.230725
1212718505  7.883585
1212721787  2.490977
1212992661  14.141609
1211167443  14.976154
1211171223  3.469316
1211242033  13.116773
1211249083  10.103584
1211258093  5.447042
1211262532  10.539299
1211328949  4.863646
1211504225  6.562684
1211783133  19.979631
1211868430  19.255001
1211892263  16.518667
1211903685  19.008327
1211941937  6.417004
1211974110  13.022555
1212037508  3.342451
1212120476  8.637224
1212188619  6.891829
1212280232  9.694840
1212302590  256.668610
1212457797  8.171392
1212514778  14.751218
1212529227  4.324686
1212547969  2.717429
1212552345  17.414820
1212804659  27.759123
1212901501  15.233079
1211088444  9.535909
1211093320  9.787655
1211099299  14.656232
1211248186  9.288464
1211252886  7.707549
1211331280  8.499390
1211410123  3.922048
1211591667  6.672061
1211777629  15.554165
1212076258  16.548079
1212102424  5.992500
1212206189  6.080335
1212206669  10.891506
1212265769  3.720516
1212268499  9.672913
1212430948  9.725380
1212551052  12.533595
1212709527  4.491020
1212724531  11.523214
1212776974  8.552685
1211121297  4.277810
1211180967  9.759649
1211202941  8.231526
1211228178  12.578977
1211239610  6.248591
1211258051  4.084936
1211383355  1.825630
1211519467  9.891751
1211576673  0.026122
1211585346  4.208274
1211671586  4.857708
1212018508  7.186759
1212202966  6.450206
1212215833  11.198967
1212276700  11.013978
1212279267  6.650360
1212297680  12.522776
1212373409  5.951843
1212454077  2.490977
1212459763  3.590607
1212460650  7.260973
1212464150  9.642462
1212512600  26.154623
1212542046  4.888305
1212799803  2.533196
1212870404  4.910513
1212954006  5.681624
1211054284  8.080075
1211093404  10.408410
1211165688  14.327002
1211224662  15.078932
1211328794  2.717429
1211336877  2.490977
1212917158  18.576618
1211099292  4.750432
1211100778  8.700974
1211122405  7.359912
1211313042  7.858605
1211315859  3.697112
1211398577  6.414629
1211487735  24.001438
1211498537  10.061463
1211589318  2.512945
1211594769  8.920712
1211780614  5.721936
1211791484  4.783914
1211911225  11.403482
1211918087  12.456554
1212022185  13.779024
1212024827  4.935486
1212324447  10.044993
1212337045  3.815362
1212464999  8.632629
1212633595  10.131821
1212714813  7.141941
1212765821  5.887729
1212869369  11.795942
1212883620  3.342451
1212888250  7.810739
1212888623  8.081387
1212894344  11.154947
1212895374  5.311010
1211082727  9.891751
1211090220  11.756132
1211099595  9.382104
1211128512  12.134600
1211256230  9.575682
1211325800  9.567431
1211473266  0.977714
1211483760  10.123384
1211506739  2.955251
1211618959  12.890055
1211860322  5.058105
1211934201  8.258103
1211940021  8.418022
1212133715  6.194657
1212180860  3.658508
1212192947  9.761930
1212210301  11.160447
1212214938  14.149499
1212293957  5.776318
1212308189  22.428886
1212467934  8.261666
1212468614  17.812935
1212477112  12.593278
1212527501  7.776700
1212557201  11.001510
1212606388  10.946652
1212625375  15.644678
1212639423  12.901743
1212645637  11.282335
1212712649  5.874221
1212744671  10.131821
1212901052  14.400863
1212946076  9.069390
1212971323  12.901743
1212990188  6.785148
1213022348  6.200020
1211072041  8.520931
1211119995  3.828410
1211209044  23.995108
1211241453  8.681947
1211243011  5.025260
1211248853  2.335290
1211251363  4.279601
1211434807  10.676005
1211437055  12.535928
1211579003  3.393241
1211691152  10.685452
1211925992  7.991713
1211930189  8.692740
1211940768  1.201124
1212023304  4.579079
1212026517  3.938188
1212037793  4.208274
1212102914  4.595553
1212106010  2.577609
1212126330  14.603975
1212186282  7.845184
1212214650  36.624687
1212276191  8.258103
1212451573  5.438071
1212607701  10.633698
1212624870  2.668903
1212627826  8.216077
1212632506  5.725365
1212634433  14.276000
1212716288  7.114369
1212774935  12.176094
1212790968  10.577189
1212878945  5.776318
1212937926  9.659243
1211084493  5.438071
1211159918  2.490977
1211398671  7.215485
1211498458  12.289854
1211509915  2.989172
1211591372  9.754519
1211600783  7.495942
1211693215  3.234630
1211816341  4.207682
1211818730  11.770494
1211827745  5.056867
1211830398  7.347361
1211854759  13.101367
1211903319  9.665973
1211985747  4.277810
1211993338  10.636635
1212020754  5.998001
1212095854  7.202136
1212112838  2.450141
1212168219  6.656519
1212280645  7.584071
1212307802  12.567976
1212372224  1.921716
1212383846  8.392263
1212440987  0.945123
1212471673  19.910641
1212474676  8.216077
1212511661  10.422097
1212518880  4.888305
1212529099  0.929630
1212539272  4.110123
1212602591  8.216077
1212633007  12.124982
1212637200  0.929630
1212761312  7.322172
1212784754  2.235465
1212814047  6.758927
1212904349  6.079557
1212967827  4.246055
1211082548  10.306238
1211198913  3.990909
1211988206  9.418703
1212086008  5.874221
1212111700  5.681624
1212429136  5.299366
1212493870  21.686718
1212513981  17.674492
1212580666  11.880054
1212607043  9.694840
1212801634  13.080956
1213015608  5.223944
1211083481  8.031063
1211101851  9.821026
1211167454  7.810739
1211250769  1.031044
1211323027  4.863646
1211460761  9.481937
1211517199  3.598532
1211588878  13.001357
1211594929  12.617891
1211649748  10.445778
1211658132  10.946652
1211774510  12.296974
1212067503  2.702528
1212192574  7.141941
1212217812  10.618391
1212330069  12.317484
1212330190  7.927721
1212457267  4.007880
1212457996  10.029145
1212713491  3.828410
1212731903  19.291739
1212734675  5.246211
1212803436  2.147800
1212813970  6.755914
1212876571  5.348922
1212879405  10.767594
1212891268  11.051242
1212959773  10.457506
1212994383  14.638626
1211298392  14.912856
1212028321  9.418703
1212101407  0.945123
1212103230  9.247083
1212145316  8.878036
1212204782  7.156984
1212208076  4.863646
1212213470  1.261180
1212248865  5.637227
1212431730  10.946652
1212461714  13.878611
1212477171  9.461465
1212516586  1.304669
1212619027  7.987823
1212636642  13.490791
1212712823  9.619156
1212818867  0.033903
1212908078  333.594635
1213045447  3.828410
1213047600  10.918389
1213078358  7.322172
1211085477  3.892217
1211091281  13.319723
1211173955  1.418919
1211244487  18.583960
1211251320  5.119627
1211336483  7.810739
1211439095  11.690493
1211441367  10.685452
1211490004  11.992541
1211612635  71.186775
1211657380  6.672061
1211694894  16.498968
1211733255  9.860960
1211769991  10.883378
1211856813  5.776318
1211927195  7.708337
1211999657  4.863646
1212119856  10.772045
1212129853  6.562684
1212192409  102.062813
1212198296  2.450141
1212215847  10.205095
1212430971  0.900117
1212432108  11.671381
1212465215  3.648953
1212469590  3.598532
1212513346  9.401200
1212517365  6.675138
1212546947  3.688663
1212551397  13.116773
1212592513  9.380036
1212707224  14.675163
1212791077  12.242958
1212794237  8.041688
1212822268  14.423047
1212893298  5.589985
1212894915  11.132184
1212913475  7.488636
1212976209  3.538379
1212983848  11.935672
1211155537  4.863646
1211338336  11.031454
1211508893  2.801039
1211674233  9.593580
1211857710  5.172822
1211093980  4.258763
1211154924  5.681624
1211242375  9.403798
1211253898  9.905877
1211308333  4.429762
1211330010  10.085449
1211336621  28.353701
1211501141  7.558780
1211502684  3.892217
1211532453  11.290436
1211576914  12.645444
1211584662  5.211049
1211674497  13.212620
1211928125  7.260973
1212019808  8.382210
1212028301  5.438071
1212109810  2.490977
1212188394  9.717257
1212452858  5.681624
1212533480  16.286905
1212557521  15.849857
1212702927  13.755960
1212901087  17.539589
1212940456  11.503257
1212945407  7.260973
1212975123  9.511698
1211024945  13.934061
1211069574  0.929630
1211075191  10.767594
1211084356  5.148486
1211085994  1.261180
1211096269  13.116773
1211119997  7.910073
1211127827  8.988735
1211165161  6.617311
1211213588  8.744207
1211254820  12.231306
1211313496  9.326965
1211337529  6.456834
1211338688  8.975939
1211386808  5.470407
1211475109  11.935672
1211518878  3.342451
1211565079  2.478779
1211568022  5.096751
1211604045  6.724285
1211718805  9.080080
1211741699  8.535608
1211829743  4.857752
1211894270  12.653075
1211985984  7.810739
1212010423  6.156306
1212113953  5.331985
1212119358  8.813492
1212160192  8.949083
1212185041  6.836356
1212204272  7.114369
1212209211  0.886053
1212210921  10.104973
1212217305  18.664661
1212336197  4.863646
1212342898  8.002403
1212361315  9.642462
1212451599  9.535909
1212466907  8.305350
1212519777  3.377084
1212538574  7.078012
1212543160  4.111895
1212612606  7.333389
1212623829  5.237469
1212721214  13.845270
1212725960  9.575682
1212761997  4.670915
1212855874  9.291698
1212900137  8.216077
1212980821  1.825630
1212995160  0.076993
1211060586  0.859203
1211086040  8.776829
1211214471  11.713767
1211335307  5.589985
1211383180  10.125427
1211466067  6.376975
1211503933  1.576577
1211594599  4.865271
1211692255  6.549440
1211693147  10.918389
1211739696  11.129096
1211819377  10.697520
1211839522  6.371077
1211854677  7.629548
1211899262  4.010447
1211914695  8.920712
1211927324  4.783914
1211941873  11.926422
1212003455  8.392263
1212034389  10.680198
1212110736  17.260584
1212132406  9.575682
1212364144  9.893880
1212443327  2.450141
1212465009  4.857752
1212503799  10.687951
1212507279  8.487491
1212550173  9.401200
1212589008  4.863646
1212640541  12.828189
1212673640  7.708337
1212776632  11.473561
1212804770  11.224251
1212808363  1.576577
1212816689  23.762230
1212825106  13.997280
1212868222  9.694840
1212905084  4.863646
1212934073  5.151683
1213023635  6.780013
1211438408  10.140119
1211483917  9.927626
1211496609  4.072523
1211506600  7.322172
1211579753  8.216077
1211595109  2.490977
1211690474  8.192823
1211745855  14.896600
1211985912  7.629548
1212083473  13.859493
1212256095  22.065191
1212336581  8.809004
1212343502  16.085056
1212544453  7.114369
1212725935  12.107790
1212812384  7.730860
1212851483  12.337678
1212937093  9.535909
1213047825  10.685452
1211058100  39.380924
1211078566  8.159006
1211147490  9.096584
1211251797  7.810446
1211298475  10.678016
1211406960  1.261180
1211604781  14.477129
1211902368  9.096584
1211928034  12.406334
1211938229  3.828410
1212193351  9.008841
1212201937  10.866806
1212540697  7.810739
1212552945  9.908155
1212630370  7.114369
1212647374  15.128140
1213077167  0.026557
1213082528  13.213608
1211098571  13.143030
1211154054  95.453201
1211223245  5.975501
1211237860  12.134600
1211407285  5.874221
1211421695  9.453038
1211472016  11.473561
1211494888  8.542321
1211497762  4.754378
1211527399  11.698228
1211566583  9.575682
1211574646  11.166799
1211594814  6.217865
1211690726  12.775446
1211695593  10.915901
1211782390  9.269835
1211845933  12.920566
1211913699  5.895846
1211939218  2.884447
1211942981  9.401200
1212004219  11.698228
1212009818  8.833871
1212042796  11.359441
1212045048  10.214773
1212109053  7.987823
1212200821  1.309772
1212252413  5.951843
1212267018  12.340271
1212297504  19.645741
1212340002  11.582368
1212362828  1.134148
1212466347  6.018223
1212476667  8.878036
1212521883  9.269835
1212609198  9.461465
1212635029  11.236251
1212654986  25.315380
1212715667  4.531725
1212723848  8.693318
1212732717  9.093438
1212780097  10.149933
1212783229  9.874997
1212786706  12.343155
1212787792  12.901743
1212791978  7.177879
1212797981  13.319723
1212801401  8.081387
1211331096  5.776318
1211332066  4.728757
1211415474  7.260973
1211499042  11.314679
1211512759  11.503257
1211575515  4.971157
1211593066  3.518277
1211595079  3.287657
1211616866  15.315194
1211646770  11.989313
1211663326  13.184815
1211778307  8.122725
1211785949  17.757694
1211900316  9.069390
1211925908  12.694050
1211948977  10.676602
1212032707  6.788276
1212145555  7.223968
1212145672  15.323315
1212176928  1.240505
1212212785  17.075052
1212215800  13.101367
1212279570  4.579079
1212365001  11.132184
1212422936  11.282335
1212453533  7.322172
1212464807  7.095227
1212465924  12.795218
1212550027  1.240505
1212555542  13.095574
1212557972  15.775310
1212559768  4.783914
1212631220  3.342451
1212641157  13.087893
1212645687  13.319723
1212687016  6.339833
1212688225  8.528048
1212709964  10.946652
1212711629  7.180960
1212725363  7.943125
1212784363  4.208274
1212798214  6.672061
1212801382  3.828410
1213026520  5.026670
1211065107  6.835059
1211214818  10.552958
1211247291  4.246055
1211317433  1.261180
1211421700  2.450141
1211423053  7.141941
1211504967  8.637514
1211509250  11.364219
1211517566  11.376187
1211783076  7.026748
1211925349  6.672372
1211934926  4.783914
1211940510  5.776318
1212087294  3.567724
1212098012  7.682694
1212099428  9.152715
1212184097  9.694840
1212367297  9.401200
1212370419  2.375555
1212460891  0.945123
1212526087  7.129699
1212619863  2.335290
1212632211  5.494148
1212689553  4.270246
1212702026  10.003185
1212716711  9.678755
1212734510  6.255058
1212770100  17.616373
1212802387  11.133307
1212808451  4.222958
1212823638  22.065191
1212967304  1.418919
1212991584  9.535909
1212995256  12.741158
1211060613  22.506111
1211173348  14.753980
1211218379  3.538379
1211221039  0.945123
1211237348  3.892217
1211306343  11.869756
1211515452  1.065786
1211564515  8.694023
1211583141  9.308861
1211591328  5.215644
1211604834  6.568421
1211656669  3.838120
1211688820  0.000000
1211688833  48.482071
1211688857  13.114032
1211935171  7.421197
1212000687  7.584071
1212035414  11.935672
1212101688  4.907745
1212182633  2.490977
1212206081  11.001510
1212273350  11.026655
1212275050  6.158826
1212292171  8.216077
1212307511  7.871553
1212310637  42.062256
1212467047  7.629548
1212526133  8.802939
1212541883  2.490977
1212623665  8.258103
1212648436  15.392337
1212688334  5.589985
1212780442  9.535909
1212888076  8.039873
1212905245  5.681624
1212913738  13.321451
1211183895  11.503257
1211259847  9.470275
1211336430  6.098031
1211425500  10.873791
1211584559  12.561629
1211911062  12.188870
1211915770  8.399361
1211986857  2.490977
1211997387  9.859159
1212012656  3.396786
1212037336  8.813492
1212122037  0.787603
1212188160  2767.458740
1212222102  4.207682
1212256055  11.565960
1212268259  8.512575
1212276768  5.681624
1212285933  12.340271
1212293587  3.828410
1212456117  8.207290
1212460053  11.565960
1212523192  4.863646
1212534486  12.308002
1212543060  3.342451
1212553770  12.926454
1212627037  7.482532
1212716711  11.730907
1212725863  14.951664
1212779116  10.645913
1212867099  7.830124
1212895741  9.410259
1213047355  9.517090
1213047956  4.888305
