1211078753  5.008781
1211334167  21.456844
1211669238  5.280540
1211938800  4.292797
1212034978  41.343037
1212035007  6.719277
1212549528  10.306791
1212639818  19.718218
1212642557  64.846992
1211243915  26.552984
1211331734  13.714707
1211331805  9.070514
1211863988  4.087617
1212164813  4.341162
1212169610  9.752051
1212169730  5.486264
1212211348  11.634698
1212597196  12.563210
1212778704  6.896408
1213035293  9.673717
1211069489  6.509596
1211319484  9.496272
1211385183  2.033402
1211906280  32.066906
1211997574  20.671518
1211998341  12.638458
1211998463  2.994631
1212977491  7.463304
1213020064  4.937966
1213020156  8.740909
1211052250  14.126356
1211052370  10.106324
1211210986  8.184694
1211225163  5.635167
1211236503  7.958025
1211708741  5.255835
1212307829  10.304506
1212608185  2.517658
1212769700  8.184694
1212900608  19.748383
1212979822  2.600205
1211141833  0.000000
1211141834  6.091034
1211206009  1.782049
1211391612  23.395315
1211658434  7.660322
1212006025  5.542787
1212078806  10.922234
1212181144  8.470224
1212209992  5.542787
1212434911  6.741126
1212697200  5.170515
1213029653  6.368581
1211219532  4.285681
1211448226  7.958025
1211448533  2.949016
1211459796  8.050748
1211811540  3.563730
1211908140  5.635167
1212184770  18.301693
1212553796  12.286444
1212610742  5.931755
1212675955  18.630669
1212775031  6.822474
1212986652  4.807368
1213016759  7.148445
1211374728  4.529177
1212289175  14.019723
1212423173  2.688347
1212536638  18.733444
1212605881  6.397118
1212717236  18.530729
1212880064  4.557162
1213027133  6.719488
1211132099  10.269214
1211783093  9.628098
1211783220  5.330832
1212190696  12.189508
1212444155  6.042611
1212596271  12.600232
1212638097  15.305532
1212715264  9.100710
1211223465  13.753575
1211958329  20.371799
1212063173  20.656689
1212066995  3.756047
1212450792  8.742262
1212521546  5.735796
1212610638  7.676114
1213027586  8.866267
1213027768  5.486264
1211089221  6.719488
1211122509  5.633247
1211140453  12.555250
1211306763  2.403219
1211383658  5.635167
1211392678  18.778603
1211468315  7.135474
1211775514  8.473326
1211917362  13.524738
1211942799  77.795540
1212164657  4.898355
1212681186  5.635167
1212944552  2.059938
1212974917  9.967424
1213019810  19.168365
1211555008  15.211761
1212020800  19.888666
1212145652  8.637201
1212264952  6.050652
1212790077  9.899247
1212804519  9.878049
1212941530  6.096817
1211073448  4.229969
1211144229  7.277306
1211157496  4.761868
1211556216  5.425107
1211924724  2.600205
1212081565  5.240737
1212319807  8.690610
1212534440  10.469474
1212698226  8.361628
1212778922  8.848992
1211693830  23.961384
1211779841  16.448753
1212075278  6.211598
1212118113  4.667913
1212422366  6.257239
1212562081  6.330576
1211104769  5.614463
1211132609  11.948176
1211213495  5.437543
1211326760  3.956013
1211934819  7.827565
1211939255  8.637201
1212110733  4.358319
1212208950  5.747897
1212301901  24.213787
1212373236  10.463540
1212598493  8.427317
1212689844  9.209914
1212766877  9.549629
1212955560  8.312125
1212955624  6.454428
1213025030  6.914979
1211817240  96.466034
1212166105  16.509247
1212527759  7.958025
1211382739  6.332658
1211463939  4.537791
1211718244  5.282969
1212533091  7.254399
1212796880  20.722330
1213025549  7.958025
1213029505  1.866730
1211707873  5.635167
1211709461  14.373034
1211713529  7.277813
1211714408  27.640259
1211757834  15.074075
1212001999  14.255639
1212004798  9.027573
1211214311  7.466767
1211216303  23.425034
1211482062  5.329481
1211567928  6.745000
1211897368  12.443040
1211912453  5.460758
1211982401  5.635167
1212093613  5.829483
1212256474  21.772146
1212605230  10.362446
1212605411  11.410756
1212677063  8.845036
1212898163  7.066702
1212900071  4.613421
1212900311  3.726410
1211179902  5.829963
1211218213  8.133443
1211415349  8.457541
1211473519  6.261297
1211482274  5.453387
1211486104  5.730678
1211489331  11.633856
1211493819  16.726500
1211580524  9.223923
1211988795  0.277035
1212255107  7.958025
1212259766  4.834484
1212428139  5.360565
1212440988  5.551771
1212441897  5.542787
1212503034  8.139832
1212507069  6.636100
1212686032  4.503787
1212701779  9.732946
1212979164  12.591639
1213033269  2.652096
1211303596  9.075885
1211409160  2.643542
1211468326  10.095973
1212222657  13.103131
1212845992  25.130676
1212853263  6.288884
1211955615  7.192817
1212075658  3.530552
1212224317  6.114168
1212424779  5.164809
1212448587  7.108954
1212683590  32.039139
1212920411  2.298732
1211074079  10.013248
1211312678  10.779028
1211556329  14.865176
1211630641  15.262781
1211859453  3.241634
1212230411  15.022264
1212284732  3.387994
1212309530  8.949479
1212502055  25.772039
1212539944  4.428649
1211244712  14.489147
1211957015  20.633135
1212185191  6.147455
1212456800  9.310294
1212474126  22.247921
1212589131  12.885603
1212826998  9.331571
1212914695  6.719277
1211554131  7.571255
1211557323  9.905253
1211577059  5.678441
1211692204  8.587893
1211925784  4.629034
1211953249  22.350443
1212300182  15.857430
1212524299  6.177590
1211075448  13.121619
1211405680  19.682507
1212117233  5.635167
1212580161  15.410570
1212580277  10.858254
1212887893  10.472906
1211263739  17.069763
1211263787  7.343510
1211346158  10.062461
1211992656  14.419761
1212287222  8.186720
1212686855  4.611526
1212708803  10.469474
1212740776  578.796204
1212895847  7.958025
1211315146  36.517799
1211899332  9.973744
1211899908  20.415524
1211994656  12.395986
1211994779  9.055368
1212208529  6.212734
1212223387  12.511658
1212307048  36.394051
1212772198  132.324722
1212772227  3.334159
1212829326  8.356402
1213027117  10.824370
1213035637  10.071738
1213035766  19.325476
1211100053  9.517690
1211502861  3.757593
1211612713  9.364318
1211620335  7.277306
1212330504  19.293417
1212630026  2.949016
1212645795  6.036438
1212723193  5.715766
1212545655  6.120813
1212595738  22.772068
1212780523  19.937618
1211232835  7.906219
1211311146  8.837029
1212096864  8.252511
1212358058  22.681854
1212534792  10.567070
1212534853  10.234753
1212605150  5.087041
1212706558  19.263212
1212706662  9.145142
1213032638  4.578740
1211094360  8.706283
1211103589  8.864575
1211284391  22.639591
1211503693  16.711529
1211528764  5.829483
1211888352  5.028151
1211987614  10.001639
1212094812  12.493458
1212160406  22.489885
1212213639  9.314919
1212419396  3.468281
1212419576  1.418331
1212419765  7.665003
1212436167  2.600205
1212611391  10.426322
1212653640  3.410878
1211400385  8.462515
1211401632  7.833966
1211621229  5.169674
1211905198  6.534567
1212000307  7.081344
1212158399  6.305427
1212286737  8.766109
1212511946  13.218114
1212695615  8.101503
1212785092  5.635167
1212850021  7.528248
1212858911  12.151538
1211036133  14.952772
1211036245  5.672086
1211080629  6.016756
1211606632  3.567640
1211898786  9.673717
1212166864  4.147433
1212506927  2.781513
1212782594  15.637364
1212965875  6.436086
1212988691  2.127607
1211024342  4.297889
1211196530  41.342587
1211339384  7.184014
1211429728  28.721901
1211429753  14.415874
1211921856  4.227232
1212513570  8.624431
1212521335  5.635167
1212765636  6.096817
1211503316  7.279912
1211504824  9.699147
1211841567  6.181629
1212078401  8.232439
1212263225  12.019268
1212792849  10.370561
1211048198  2.114833
1211122074  7.432300
1211154444  6.962146
1211175924  12.616606
1211346420  18.688025
1211476950  7.184481
1212287383  29.505680
1212599045  8.866267
1212599105  9.705914
1212678900  5.375678
1213023850  5.071552
1213027412  13.111364
1211053814  2.517658
1211126177  2.087006
1211152997  8.396892
1211511936  19.776369
1211556373  9.433130
1211696444  3.956013
1211765563  7.530398
1212624639  3.969753
1212634364  12.360312
1212818523  4.367281
1212973301  8.309482
1211091491  8.866267
1211091616  12.343948
1211225752  7.121030
1211252498  13.042492
1211310265  2.992688
1211312007  5.421452
1211392569  16.294939
1211825775  11.924379
1211861031  8.580482
1211869984  9.442784
1211914664  10.458716
1211990576  4.613880
1212428480  6.725091
1212531082  12.851506
1212556515  7.761487
1211133611  8.521473
1211133765  7.430378
1211503139  9.621447
1211682316  15.828606
1211991458  2.515554
1212108905  4.933015
1212352980  7.299710
1212468150  6.313785
1212632005  26.002281
1212866924  3.397527
1211091182  25.886732
1211166182  27.037014
1211184692  5.931755
1211261483  26.162802
1211846261  23.307314
1211878879  10.052046
1212425323  5.878026
1212902373  14.583500
1211090770  9.224435
1211245061  18.589619
1211398944  8.021766
1211504014  9.496881
1212436466  11.559999
1212436586  7.308205
1212450031  1.060282
1212605093  17.278099
1212606223  3.333349
1212680410  9.380260
1213036432  7.958025
1211334172  26.548502
1211401500  3.065534
1211401623  4.261951
1211670839  10.094997
1212511669  5.299605
1212512024  6.594908
1212607264  15.599794
1212800497  9.899247
1212811410  6.336046
1211245095  19.462677
1211284236  5.169674
1211700556  4.971738
1211700921  8.781356
1211700976  13.348568
1211762016  4.501612
1212076314  1.290423
1212320225  5.512383
1212320722  14.365786
1212320841  5.395169
1212598206  2.093891
1212598562  23.922510
1212925697  5.329481
1212978038  8.830017
1212978157  8.177690
1211355677  5.176202
1211442322  0.387847
1211510717  4.520559
1211532591  8.940860
1211609972  5.490473
1211872487  3.452101
1212208251  10.484771
1212388506  8.246882
1212411264  6.299471
1212416122  17.257324
1212523551  8.184246
1212523671  3.776080
1212535091  4.691086
1212562724  8.740170
1212606628  15.954042
1212606736  5.486264
1212743420  17.096146
1212743691  1.429737
1212809525  0.000000
1212809585  0.000000
1212809650  0.000000
1212809711  4.290675
1212893106  0.632662
1212893448  8.623128
1212954808  7.864646
1212999406  0.935284
1212999673  1.096224
1211387796  5.282969
1211893810  13.218114
1213024534  6.330576
1211233321  5.569255
1211406237  2.921708
1211520317  13.235589
1211657722  15.114356
1211657848  7.836124
1211993329  17.538231
1212293596  17.230343
1212593631  2.577162
1212807000  4.268008
1211499937  7.957057
1211651681  9.333486
1212381748  9.699143
1212681805  12.315625
1211407832  6.522178
1211694749  7.911438
1211696216  8.085178
1212208173  6.395377
1212209823  6.654724
1212212446  7.224519
1212294785  8.382983
1212611052  8.100628
1213035662  5.465278
1211169488  10.157133
1211318892  8.930967
1211581326  10.635864
1211646005  10.611882
1211785269  15.422718
1211918976  18.627226
1212165735  8.110788
1212279200  10.192596
1212437302  5.602335
1212437357  8.169265
1212534882  11.057537
1212623455  20.922329
1212686059  5.635167
1212695850  7.865319
1211190513  7.595160
1211380548  3.270094
1211381429  12.520598
1211527209  2.643542
1211621109  5.453387
1211623252  12.611220
1212138788  4.675288
1212318232  7.958025
1212944106  8.798723
1212948465  6.973644
1211217825  6.551984
1211224782  5.329481
1211230016  7.958025
1211258273  17.809662
1211308681  7.299120
1211901228  3.768041
1211921596  4.844982
1211989839  4.244737
1211990961  2.563948
1212677709  4.837603
1212682591  4.817975
1212864954  20.663397
1212865069  11.363339
1211093774  10.062412
1211521092  8.321106
1211559184  5.057916
1212526905  14.869848
1212527020  8.049577
1212617688  11.885496
1212691906  20.779982
1211222449  3.258971
1211902412  2.182400
1212052133  16.486313
1211903300  7.277306
1211918376  5.598297
1212168455  2.059565
1212292502  0.251852
1212311170  2.923610
1212415717  11.638039
1212416970  5.335867
1212582848  7.180042
1212619845  3.736030
1212686823  7.277306
1212876568  7.673150
1212954810  7.478311
1213028944  7.958025
1211143426  19.705000
1211511449  16.543215
1211850844  4.216199
1212540788  19.260790
1212612030  2.734698
1212622727  13.862916
1212904650  20.688345
1211120610  8.101503
1212110663  11.010998
1212262039  6.645399
1212264756  8.385385
1212291263  5.329481
1212312685  2.688347
1212361205  13.344262
1212525130  6.037679
1212596471  10.238704
1212917973  10.871364
1213004755  12.184754
1211092732  4.825245
1211114449  7.234568
1211206247  3.530552
1211644764  4.591155
1211911088  6.522178
1212425855  2.874230
1212435525  9.224435
1212506896  5.542787
1212789030  14.151731
1212789157  8.735499
1211038710  10.735974
1211405884  12.600232
1211439570  9.263747
1211510377  8.531856
1212243557  13.732109
1212511174  3.026188
1212547537  4.837603
1212635953  3.633438
1213035623  11.074916
1211263093  15.215143
1211305547  3.444460
1211474781  10.238704
1211773332  18.470531
1211808205  5.169674
1211905549  5.240737
1212184230  3.258971
1212208700  20.342718
1212493842  7.184481
1211229122  1.603810
1211229413  82.848106
1211497461  8.758944
1211626940  18.209097
1211639917  8.509340
1211895665  4.930398
1212261922  23.004972
1212264928  22.932690
1212426478  13.468392
1212450698  18.230492
1212503784  20.394279
1212697122  7.816943
1212703290  14.126356
1212703411  12.097483
1212887898  5.329481
1211147745  4.285681
1211250676  83.420570
1211506383  10.646711
1211889136  17.680727
1212082645  5.419811
1212171523  7.262379
1212176372  21.950762
1212226890  2.643542
1212231928  13.894776
1212232050  8.347031
1212422592  2.911192
1212686636  7.598333
1211392342  14.625566
1211559124  2.132416
1211919585  4.877575
1211933904  8.866267
1211934024  6.898503
1212098143  3.551784
1212098266  10.454818
1212274187  23.405571
1212861393  22.696447
1211219145  19.353079
1211623221  15.410570
1211623337  11.262331
1211770693  4.701472
1211839512  2.643542
1211906391  10.642988
1212523360  7.305612
1212678591  4.354291
1211121686  5.635167
1211223505  17.628754
1211291768  17.910587
1211302160  4.779830
1211381833  3.877210
1211383341  10.450240
1212819103  23.529003
1212944834  5.996869
1212959558  7.066702
1211212436  4.366384
1211529120  9.573700
1212283023  6.274592
1212610353  5.157562
1212613056  2.867395
1212977366  19.492786
1211038144  7.958025
1211124967  8.327898
1211141956  23.896605
1211142049  23.125746
1211390236  15.727163
1211449223  15.152536
1211772064  17.273525
1212472066  33.506821
1212603642  4.285681
1212724970  19.279575
1212746116  16.133635
1212760434  16.486313
1212919682  33.611538
1212967589  23.281923
1211057314  7.926229
1211121895  4.695972
1211299556  3.608027
1211384335  8.753720
1212014878  20.636560
1212125592  8.074129
1212287370  5.558555
1212450933  3.382651
1212644029  10.771422
1212678949  4.688606
1212702367  7.803598
1212795815  11.903776
1211039659  6.485909
1211154432  10.400794
1211290615  8.050239
1211470385  12.016467
1211956762  21.880196
1212079363  5.542787
1212267175  8.490625
1212594416  7.064235
1212759877  12.155353
1212759937  5.637720
1211085908  4.862391
1211117597  8.732767
1211198691  3.735060
1211228095  8.821954
1211245603  2.600205
1211246931  4.433463
1211267632  7.939506
1211307018  3.300850
1211307913  7.180042
1211338319  9.549629
1211338494  3.330685
1211338620  2.093535
1211346760  14.672993
1211347064  6.570003
1211421468  10.858254
1211444614  7.395759
1211471600  10.120433
1211612282  1.811750
1211696574  4.926381
1211696815  5.024471
1211789629  3.544832
1211860250  4.349123
1211920792  0.000000
1211920852  0.000000
1211920913  0.000000
1211920973  0.000000
1211921034  0.606777
1211921525  1.977111
1211941412  4.862391
1211981987  9.355080
1211986464  215.854431
1211998729  8.949479
1212004318  7.420590
1212025461  7.231353
1212073402  13.809357
1212073603  0.438817
1212089234  4.972206
1212089567  0.837739
1212112601  1.393654
1212157516  0.000000
1212157576  1.164046
1212283908  4.514351
1212373752  8.194185
1212374172  4.290675
1212388947  7.144927
1212409503  7.064235
1212551156  4.735712
1212584160  9.526421
1212717125  1.672385
1212789369  3.228894
1212789683  6.789549
1212891245  12.069929
1212891547  3.714177
1212965339  4.152266
1212992122  0.000000
1212992182  0.000000
1212992244  1.185277
1213032699  4.785545
1213036022  8.795261
1211081550  80.952034
1211140314  6.571311
1211212822  385.864136
1211657701  10.005080
1211762330  7.794800
1211787089  4.861648
1212081355  15.327463
1212213590  23.995214
1212384045  29.409439
1212554433  5.622493
1212770652  6.944695
1211860578  2.643542
1211903578  4.417992
1211925861  11.669287
1212219825  9.517690
1212533077  4.770596
1212600308  12.268892
1212600385  13.731297
1212614652  6.037679
1212912692  18.006922
1213026315  4.301342
1211311772  19.293417
1211563703  5.764820
1211910960  6.898503
1212175052  19.851444
1212507612  3.582889
1212507760  5.486264
1212890737  6.048001
1213030841  8.123314
1211220683  11.335876
1211220774  13.287965
1211393960  3.110049
1211696067  11.264034
1212091064  16.426947
1212267055  25.988102
1212339393  15.573330
1212516625  5.372520
1212526476  5.240737
1212536603  17.086569
1212605006  19.260790
1212679070  12.881684
1212697346  6.468794
1212775063  7.066702
1212911415  8.444064
1212911538  9.699791
1211098976  7.958025
1211139867  11.549530
1211488261  6.161284
1211838695  15.556313
1211925047  3.124032
1212217095  11.771272
1212604674  8.199861
1212882077  17.744883
1211379363  16.808397
1211935840  7.825374
1212169889  10.417541
1212286532  6.114542
1212500966  24.972586
1212540000  7.346335
1212613587  7.350218
1212798339  8.785438
1212866855  7.942492
1211156386  0.994260
1211435317  28.183002
1211471802  7.576571
1211471914  7.190330
1211487424  8.139916
1211518233  19.448885
1212162806  16.188562
1212245648  19.398766
1212439242  22.581171
1212465191  14.350645
1212465671  8.713882
1212542790  7.827565
1212643427  6.590141
1212649555  576.009827
1212693830  5.645869
1212694792  4.161938
1212695021  21.403265
1212696749  7.034789
1212823888  1.010831
1213069101  12.681770
1211319865  4.851714
1211409340  1.951703
1211485665  4.448601
1211582731  10.026534
1211582829  9.277595
1211598562  17.779190
1211929080  8.524846
1211929199  6.785412
1212267067  2.643542
1212419265  5.635167
1212682613  10.892389
1212787679  6.330576
1211209343  3.410878
1211486376  41.478931
1212538654  8.092906
1212545681  21.825003
1212866075  5.891326
1212959919  4.249246
1213036340  7.097983
1211414696  20.614180
1211426160  7.170657
1211477114  3.468689
1211482463  4.285681
1211911768  2.643542
1212084866  7.823177
1212084985  9.337948
1212098126  2.600205
1212422391  27.784651
1212494458  6.415257
1212667535  20.045385
1212667656  8.992053
1212674712  9.427734
1212697175  5.609980
1212706538  3.211927
1212932027  7.234568
1213035055  4.447361
1211245035  11.913285
1212261130  20.211851
1212261325  2.681432
1212432578  16.154066
1212468128  12.942608
1212539137  6.937863
1212688857  3.960826
1212800717  4.974320
1212000191  7.156946
1212167829  3.448643
1212311856  8.493818
1212717013  4.691086
1211510367  7.101613
1212304077  7.579071
1212459086  17.278099
1212637012  9.762878
1212689476  2.643542
1212766484  11.881701
1212781994  4.503787
