1211218888  8.490399
1211665012  8.839402
1212204314  8.812488
1212208335  5.128722
1212609000  8.890288
1212987559  8.058568
1211074350  9.037427
1211145863  6.182882
1211384853  9.969339
1212022809  6.415374
1212259400  6.103878
1211062597  12.353506
1211318594  6.522296
1212030980  4.982837
1212098859  4.592446
1211838243  14.563804
1212283005  6.037829
1212285127  11.448104
1212301504  4.826231
1212344248  10.320704
1212804426  4.051601
1212965120  2.295264
1211572567  4.616940
1211831582  2.963111
1211907578  7.974168
1211941557  9.259552
1212807737  9.097623
1212907506  0.000000
1212907524  2.257637
1212995329  9.257053
1211069272  6.710375
1212557912  0.000000
1212557971  3.555260
1212620292  0.000000
1212620352  3.933045
1212696382  1404.737793
1212959884  26.513023
1211071508  1.176029
1211161793  2.596373
1211330390  7.455972
1211514011  6.747203
1212334766  9.190166
1212450378  10.091794
1212454859  3.308807
1212717531  6.148523
1211232901  13.683428
1212557783  4.190128
1212633469  9.397563
1211398177  7.157184
1211419427  4.327288
1212604592  2.694349
1212894255  5.712019
1212970570  26.306288
1211426051  7.205917
1211942865  5.288349
1212262590  6.946846
1212739655  5.242815
1212947469  6.550767
1211376143  9.926354
1212067954  11.731977
1212493210  10.718195
1211530674  10.401090
1212108834  8.336216
1212253691  5.950435
1212295711  6.618102
1212452584  2.944558
1212479566  10.091794
1212795106  4.731683
1213058217  3.308807
1211675194  3.151245
1212922722  5.662179
1211329031  7.641531
1211819922  7.525727
1211954706  2.420347
1212209846  9.918272
1212559671  8.021008
1212768360  11.238591
1212965288  6.415374
1211418347  4.920047
1211823418  4.731683
1212197426  6.914488
1211383353  6.651846
1211405438  9.756364
1211575660  6.211711
1211576137  2.380008
1212069852  30.720978
1212085779  9.103173
1212119440  4.924155
1212156045  4.830591
1212263382  5.775707
1212348937  6.522296
1212435481  9.431993
1212861103  69.732483
1211181704  15.227519
1211694221  11.120200
1211696601  2.380008
1212026230  4.025493
1212186532  6.415374
1212459738  3.687230
1212958607  4.342317
1213035619  3.364889
1211095727  6.522296
1212298474  0.000000
1212298475  3.724558
1212344733  2.257637
1212470209  2.944558
1211430292  6.522296
1211496745  9.918970
1211531605  6.522296
1211788526  493.396729
1211927552  6.735290
1212022331  6.769588
1212558550  8.297218
1212646574  39.459431
1212694648  0.000000
1212694650  0.000000
1212694662  0.000000
1212694723  1.176029
1213029485  11.536592
1211121205  6.311900
1211236561  27.040318
1211481994  7.952724
1211601494  6.522296
1211608040  13.365363
1211903820  8.904179
1212300674  301.268646
1212398385  151.906509
1212517659  8.738026
1212902021  8.678488
1212964027  9.576262
1211212687  15.749336
1211302251  9.037427
1211392485  6.800155
1211923148  7.163936
1211955019  0.000000
1211955042  0.000000
1211955057  1.156750
1212183222  11.443220
1212210648  10.753534
1212292855  12.372416
1212950783  11.378639
1211044128  5.667983
1211064146  4.985608
1211309798  7.169080
1211555742  3.986670
1212255077  2.040007
1211953742  4.737130
1212108004  3.308807
1212365506  7.930674
1212457621  0.000000
1212457622  1.176029
1212601769  5.932133
1212891667  3.724847
1211322366  11.845930
1211354543  13.426351
1211525795  7.751184
1211692014  1.176029
1212026835  4.580733
1212083572  7.363368
1212171741  8.507343
1212212504  9.468937
1212216376  1.282941
1212350037  4.029284
1212716223  10.472646
1212966473  6.020582
1211620579  8.294213
1212008395  5.671562
1212196859  0.980024
1212308452  10.218558
1212422615  3.008007
1211994127  3.545151
1212043353  1.048929
1212127998  9.105299
1212510807  3.441879
1212769393  5.166574
1212895670  16.940134
1212509875  2.340992
1212560104  6.972970
1212723087  6.166167
1212893534  6.687320
1212973537  195.668900
1211612050  6.684708
1212458546  7.771049
1212462972  9.667418
1212353842  6.530166
1212736807  2.822470
1212903574  6.522296
1211141660  9.640867
1211420493  6.632844
1212103516  2.596373
1212195738  1.085565
1212581274  8.748108
1212706967  6.912645
1212964853  7.363368
1212967418  3.308807
1211529067  8.481658
1211531244  7.579380
1211692450  0.000000
1211692479  0.000000
1211692483  0.993827
1212218433  2.822470
1212220203  14.086202
1212449246  8.326336
1212463746  10.870113
1212474095  7.843444
1212529239  9.127192
1212569299  6.358647
1212653912  6.043564
1212915093  10.323654
1211710482  6.415374
1211933224  3.308807
1212123894  13.255235
1212205613  2.426504
1212290003  20.871037
1212469318  2.651232
1212605636  8.321929
1212777760  0.000000
1212777765  4.995292
1212824166  6.415374
1212890366  19.103828
1212971895  2.266675
1212996377  6.496094
1211598194  17.123415
1211780920  16.118139
1212181315  6.415374
1212601691  6.211711
1212965064  5.568450
1212969934  7.641531
1211071354  8.415504
1211339185  6.772729
1211477792  4.731683
1211948959  3.391759
1212172531  2.257637
1212551209  6.020582
1212719390  13.177073
1211072830  6.415374
1211418782  11.419424
1211773494  6.617615
1212118382  0.000000
1212118556  0.000000
1212118602  12.574071
1212189565  13.125520
1212195607  1.195962
1212410531  12.536231
1212621431  2.365841
1211074377  9.036997
1212359080  4.731683
1212433845  8.594780
1212611056  5.749606
1212703631  12.882154
1212725766  6.358647
1211066845  9.356977
1211067906  7.115233
1211073405  8.507343
1211080231  4.355451
1211307791  13.579216
1211325961  6.043564
1211775022  15.786180
1212200266  6.522296
1212525804  3.623498
1212580856  8.451721
1211137820  5.590540
1211387603  7.447789
1212996066  7.516260
1211467249  0.000000
1211467258  6.406157
1211612089  4.158423
1211852940  7.719347
1212437984  5.929360
1212532117  6.608601
1212688348  7.553561
1211537690  10.468086
1212464178  10.107118
1212735954  10.922532
1212911434  8.043717
1212915850  2.205055
1211156832  3.499243
1212306865  4.731683
1212965610  6.522296
1211033904  8.340151
1211140297  7.104369
1211471956  5.848610
1211682217  7.218626
1211696043  3.282347
1211850226  2.505272
1212205632  8.650790
1212477756  13.049520
1212629503  3.151245
1211111531  6.904219
1211118860  11.199513
1211285451  8.924683
1211325369  10.494041
1211588235  14.827662
1211617689  11.715731
1211888562  6.723302
1211911745  4.731683
1212063072  4.731683
1212157018  3.308807
1212196925  1.102527
1212494923  3.553203
1212581993  5.356622
1212751487  5.161836
1212926215  9.177998
1213012461  5.161836
1212183006  8.595546
1212607466  8.655477
1211520968  6.632844
1212196163  0.000000
1212196223  1.176029
1212458950  10.091794
1212640263  9.967215
1212906591  5.577463
1211385398  0.000000
1211385409  1.383564
1212193721  0.000000
1212193792  8.292886
1212203131  3.634027
1212448758  8.650109
1212098823  1.176029
1212282423  1.176029
1212351001  6.522296
1212531504  3.099535
1212555322  7.515815
1212597017  7.974168
1212966521  3.932702
1213036993  6.415374
1212000462  9.066167
1212030468  10.222116
1212507009  10.707906
1212680714  7.820178
1211126722  7.214653
1211128254  7.225827
1211146181  4.654114
1211908570  10.815405
1212466517  2.380008
1212716897  5.678020
1212967479  1.174899
1211107584  7.641531
1211235778  12.187339
1211529369  10.046619
1211655302  6.522296
1212073029  6.020582
1212208441  8.544972
1212261789  6.920122
1212732859  6.960101
1212224805  4.025493
1212682981  12.281200
1211258860  11.556750
1212429332  7.820178
1212452497  10.892525
1212618296  1.306699
1212685016  6.632844
1211591933  3.990321
1211614366  8.541392
1211937734  17.133886
1212016264  6.600369
1212275456  1.176029
1212546370  6.415374
1212890577  5.259269
1211063912  3.493983
1211137779  5.511800
1211592823  2.380008
1212292208  21.920422
1212308490  7.246996
1212570158  0.220100
1212590247  10.198510
1212910165  109.228531
1211065121  7.090302
1211127372  8.108198
1211159061  7.619915
1212103977  29.411926
1212434247  6.833520
1212956287  32.568760
1211257042  18.016991
1211618667  21.158548
1212299677  7.413356
1212362760  6.415374
1212594583  0.000000
1212594596  0.000000
1212594639  0.000000
1212594714  2.713913
1212823224  9.439221
1212827571  5.438480
1212918341  4.885305
1211125815  10.886327
1211593193  13.567035
1212426630  11.237276
1212870166  10.541658
1211334630  8.021008
1212179539  18.638266
1212346297  4.654114
1212964946  7.405643
1211556996  6.358647
1212141030  9.297998
1212183688  7.115233
1211120897  3.493983
1211630410  2.221223
1211642140  6.947412
1212288266  11.712838
1212347714  315.517426
1212467821  6.114653
1212961202  7.035457
1211074150  6.211711
1211156746  9.279312
1211243711  8.380256
1211261999  3.176348
1211435079  7.952724
1211503437  3.499243
1211940575  8.454145
1212195898  1.764044
1212475392  9.024891
1212962013  4.731683
1213036453  10.844050
1211147501  9.176682
1211327394  4.731683
1211605020  2.231258
1211946528  5.398654
1212362139  9.584038
1212471539  11.334906
1212598905  4.726868
1212804630  4.428042
1212960205  7.691978
1213024010  1.176029
1212458858  0.000000
1212458888  6.373125
1212897275  6.522296
1212966230  3.700100
1211240082  0.000000
1211240143  0.000000
1211240180  8.738805
1211070353  7.826756
1211304147  13.605122
1212036702  2.550009
1212591900  8.696396
1212612418  2.334167
1212954096  0.000000
1212954131  0.000000
1212954132  2.118705
1211072643  6.632844
1211073260  8.816241
1211075678  6.415374
1211889380  10.087088
1212307889  9.744267
1212456685  6.522296
1212459203  6.522296
1212542561  1.195962
1212559355  0.000000
1212559359  5.716263
1212626860  2.131351
1212633972  7.249244
1212829827  5.114765
1212936445  8.628872
1212987445  14.673475
1211071610  5.840863
1211322680  8.904524
1211414951  5.514385
1211434088  9.521366
1212443588  0.365870
1212644252  70.561745
1212718229  11.367675
1212981230  9.599288
1211512061  8.043717
1211866084  9.772961
1212001296  7.567914
1212481788  10.604954
1212635738  8.167989
1212964153  9.174358
1211200696  5.286325
1211224328  6.522296
1211468720  1.195962
1211469356  3.083417
1211469600  10.855479
1212157939  4.745527
1212181951  3.933045
1212589510  1.069117
1213036259  8.587428
1211087029  1396.299194
1211151065  7.437305
1211688103  3.254565
1212126788  8.122610
1212128571  9.036997
1212543087  5.811064
1212770915  14.725101
1212966862  2.836121
1212994115  15.808165
1212018350  5.437821
1212043030  7.115233
1212123050  11.124190
1212554046  6.493911
1212633667  5.015380
1212679366  20.400070
1211135607  4.731683
1211564495  6.100341
1211926835  5.840863
1212234194  5.314163
1212235835  11.648223
1212452194  1.176029
1212527308  4.122813
1212544562  15.414623
1212634571  4.452504
1212679662  6.415218
1212724168  8.292907
1212797781  6.522296
1212965931  6.065824
1212085232  9.601753
1211240197  4.731683
1211804448  5.738160
1212615917  6.522296
1212966010  3.308807
1211068309  6.747203
1211152622  3.042820
1211167481  8.894977
1211909490  6.311900
1212038418  15.752318
1212512176  7.090397
1212627473  6.988175
1211755052  3.933045
1211775788  5.044644
1211826497  11.632928
1212458525  4.055728
1212532321  2.856010
1212613253  0.000000
1212613267  0.000000
1212613326  0.000000
1212613372  0.000000
1212613388  5.897731
1212901718  13.068644
1212960400  2.505272
1212973406  12.040247
1212989941  9.001917
1213020045  3.910089
1213037128  11.536958
1211156204  8.179416
1211486649  8.490590
1211716591  10.279873
1211988330  6.522296
1211992664  12.043078
1212104639  8.258966
1212263763  5.105887
1212460295  3.639756
1211382038  6.253005
1211387759  11.051282
1212266241  10.870495
1212433501  6.020582
1212555358  13.650119
1212969835  0.000000
1212969842  1.568039
1211314008  6.522296
1211559307  3.202072
1212188887  6.020582
1212258135  13.276928
1212482003  0.000000
1212482051  0.000000
1212482059  0.000000
1212482123  4.512445
1212538452  3.042820
1212550249  1.176029
1212647535  11.147465
1212703908  2.462077
1211425436  6.632844
1212111895  5.550642
1212449353  7.063481
1212527024  21.508099
1211073825  4.355451
1211419500  5.114765
1211742581  17.556139
1212534801  6.415374
1212542135  7.056174
1212547601  3.848820
1212594471  6.028158
1212824218  10.428667
1212948146  6.565445
1212963959  8.683638
1212966979  10.627301
1212991198  7.277649
1211698778  8.731452
1212016562  5.694633
1212347127  6.703010
1212770124  42.939674
1212913492  6.496094
1211418794  1.176029
1212630031  10.354251
