1211166960  5.000749
1212310062  6.077864
1212640452  6.719795
1211073264  7.439621
1212501550  9.754170
1211557601  4.598468
1211571521  5.235637
1211650362  7.780143
1211945344  6.454966
1212076357  7.520041
1212160099  0.000000
1212160159  0.000000
1212160224  0.000000
1212160340  0.000000
1212160405  0.000000
1212160461  0.000000
1212160526  0.000000
1212160581  0.000000
1212160644  0.000000
1212160704  0.000000
1212160768  0.000000
1212160825  0.000000
1212160887  0.000000
1212160944  0.000000
1212161005  0.000000
1212161076  0.000000
1212161125  0.000000
1212161185  0.000000
1212161248  0.000000
1212161317  0.000000
1212161367  0.000000
1212161427  0.000000
1212161489  0.000000
1212161588  1.747163
1211138149  5.429550
1211226198  9.367853
1211653270  9.260289
1211692283  14.125308
1212091477  9.658980
1212545124  5.303390
1212891497  6.204400
1211301572  4.779815
1211379473  3.868584
1211390521  8.159082
1211466569  5.373264
1211473656  7.636184
1211554965  4.983897
1211567238  5.357888
1211603513  11.489374
1211647245  6.982893
1211728117  2.386525
1211730072  9.332403
1211817946  6.895000
1211827975  7.315628
1211893738  8.110500
1211896842  6.509534
1211898474  10.167348
1211916209  7.798687
1211992661  4.198601
1211994533  6.414185
1211996386  8.159082
1211999150  10.356266
1212004879  5.427164
1212074193  5.132670
1212087603  2.666722
1212419471  10.415850
1212432120  11.363506
1212503967  5.672594
1212510911  5.106389
1212513951  8.999166
1212524630  5.237171
1212615416  8.763476
1212678903  13.968083
1212695172  6.644597
1212864450  6.213741
1212947113  11.674927
1211498275  7.209730
1211513071  6.298659
1212295695  7.329892
1211135630  10.938478
1211504939  9.090350
1212105209  10.495722
1212445571  15.435873
1212572776  10.113158
1212715076  4.828391
1212868166  5.672594
1211153541  6.980849
1211157472  14.671879
1211669756  7.805995
1211765190  25.142551
1212349200  4.470077
1211160201  6.159863
1211224513  6.509534
1212029109  5.267335
1212611145  12.100846
1213064737  5.466103
1211053937  7.980685
1211060951  5.912315
1211133113  6.950373
1211655031  7.195699
1211667358  14.202539
1211759766  6.282764
1212399119  6.663538
1212256037  15.418711
1212357148  11.243244
1213006692  0.000000
1213006730  6.436242
1211135974  0.000000
1211135998  7.051657
1211254253  11.902472
1212244794  7.853456
1212298735  4.544883
1212585157  9.500636
1212604017  7.209730
1212630909  7.329892
1212814392  6.939201
1211099010  9.723801
1212567637  7.918772
1212783427  12.435212
1211595708  12.965193
1211906357  14.328704
1212605974  6.858401
1211056267  6.564422
1211329519  9.560729
1212238889  7.315628
1212241122  7.329892
1211774937  4.672637
1211443250  7.582647
1211609546  8.169149
1211704563  6.182220
1211710876  4.571373
1211713032  5.731482
1211875201  4.749237
1212301070  6.618026
1212310855  3.175562
1212829616  9.757493
1212905297  5.898367
1211212216  6.650570
1211301927  6.618026
1211552354  9.486165
1211563093  7.079639
1211699398  7.715676
1211825973  12.809083
1211896199  0.000000
1211896260  4.828391
1211980938  9.053233
1212290692  4.721661
1212379484  1853.940063
1212509863  4.655263
1212515526  7.329892
1212755894  9.757493
1212880109  4.657300
1211332238  8.911799
1211428999  12.096263
1212638666  7.209730
1211044557  326.522766
1211128920  9.292850
1211464316  14.377491
1211678552  20.401890
1212370380  548.947327
1212419018  9.925270
1212421970  8.025940
1212644258  3.330035
1211357440  11.344759
1211523669  10.448760
1211858567  6.650570
1212081678  101.335442
1212215327  7.429987
1212444485  6.108947
1211442556  8.281842
1211787305  9.990042
1212273949  5.431140
1212725769  6.282764
1211817198  7.195699
1211836268  7.209730
1212184505  7.980685
1212203407  7.789105
1211669353  0.000000
1211669367  0.000000
1211669479  0.000000
1211669519  153.332504
1211909828  10.186491
1212229680  9.562430
1212230478  357.152802
1212608816  8.907140
1211590980  6.600402
1211605761  5.822343
1212084629  6.700280
1212125829  11.276757
1212301636  6.766054
1212515308  7.456246
1212888631  9.601478
1213022115  8.961379
1211679993  5.332393
1211851316  12.100846
1212262333  4.807895
1212373622  11.130778
1212646460  8.961379
1211235531  7.209730
1211932324  7.454127
1212545143  9.564389
1212569948  10.705796
1211430234  5.727661
1211605109  4.084360
1212911451  7.329892
1212967005  9.597534
1211213301  0.000000
1211213323  4.126490
1211880262  9.199029
1211945750  12.100846
1211135689  17.958965
1211371726  11.038604
1211911192  4.250458
1211950193  3.591793
1212113134  10.620204
1212435566  9.158786
1212554075  6.871774
1212599286  8.870448
1212991552  12.213155
1213032257  4.888026
1211197250  8.437475
1211292248  0.564507
1211381963  3.655673
1212159179  7.128712
1212456613  8.728849
1211261851  6.618026
1211674028  7.928665
1211699436  8.609552
1211832713  10.093958
1211859496  12.196866
1212082609  8.961379
1212549569  0.000000
1212549629  13.168339
1211100260  13.579576
1211380547  2.242983
1212110996  5.173276
1212210823  1.534790
1212429839  9.243078
1212543300  6.152973
1212814465  15.675135
1211698163  10.753654
1212092614  5.716935
1211039820  8.606621
1211333893  8.146708
1211859509  4.196430
1212673699  5.603370
1211266172  2.475219
1211525140  7.315628
1211530559  6.560272
1211771996  5.571220
1212360815  30.972534
1212707139  10.495722
1211596605  5.762488
1212009356  7.209730
1212277689  7.315628
1212635448  9.055592
1212685216  4.080330
1212694551  6.270538
1212763168  6.551308
1211028708  8.961379
1211038679  9.757493
1211236403  7.300870
1211703718  8.609552
1211741373  4.828391
1211795704  4.121730
1211142999  6.912234
1211703155  5.519329
1212151063  10.662676
1212895393  12.196866
1212609956  10.469954
1212704629  7.454127
1211680440  2.924538
1212542173  6.458544
1211171203  8.624373
1211221321  8.237139
1211348285  7.329892
1212862283  14.462559
1212952295  7.329892
1211350948  11.381800
1211524884  9.802370
1211684280  204.784485
1211898928  10.821923
1211915423  4.190425
1212337663  6.618026
1212346635  7.454127
1212348626  4.571373
1212351555  6.404541
1212664118  9.936234
1212692688  12.466157
1212933577  4.888026
1212979651  6.402765
1211217040  9.658980
1211649431  6.980849
1212543558  7.870515
1212723054  13.442068
1211421851  10.093958
1211515737  11.949434
1211619378  11.289907
1211947056  0.000000
1211947116  0.000000
1211947168  0.000000
1211947255  0.000000
1211947322  0.000000
1211947377  0.000000
1211947440  0.000000
1211947511  0.000000
1211947558  0.000000
1211947618  0.000000
1211947679  0.000000
1211947739  0.000000
1211947800  0.000000
1211947860  0.000000
1211947921  0.000000
1211947981  0.000000
1211948048  0.000000
1211948102  0.000000
1211948184  0.000000
1211948224  0.000000
1211948292  0.000000
1211948345  4.910228
1212308152  9.912126
1211161863  10.597887
1211252467  9.209077
1211579983  4.749237
1211933109  8.961379
1211656414  7.093444
1211247989  4.730348
1212121903  6.891984
1212532888  6.730196
1211081727  4.126490
1212911800  8.814471
1211086937  59.282558
1211872106  7.156660
1212296381  4.295223
1212830637  10.216082
1212986092  6.894492
1211161572  4.987928
1211636749  4.888026
1212116743  6.361415
1212355285  4.121730
1212450528  7.315628
1212475089  9.315220
1211047643  6.564082
1211123375  7.209730
1211210639  10.673533
1212051866  10.680443
1212067568  11.118749
1212176704  8.250730
1212430343  8.911245
1212458626  7.329892
1212598939  3.928524
1212614827  7.359069
1212637288  8.169149
1211348624  7.329892
1212266329  12.024538
1212298257  5.165618
1212153051  9.292850
1212328601  8.814471
1212453427  9.922874
1212458931  21.736938
1212605655  6.871774
1212622599  6.454966
1212853824  7.315628
1212908587  10.271046
1212944519  7.209730
1212998883  9.757493
1211080697  7.594219
1211510502  6.766054
1211868670  4.749237
1211906957  9.641676
1212041092  7.625863
1212426674  4.639875
1212552705  8.870448
1212659220  12.100846
1212962774  4.915526
1213032556  6.807553
1211317085  9.597534
1212100080  8.049150
1212267123  7.209730
1212387106  8.245769
1212698900  0.000000
1212698924  0.000000
1212698983  0.000000
1212699114  0.000000
1212699179  3.005362
1212972264  12.220066
1212986627  5.512549
1211214535  9.418610
1213020240  33.884411
1213034225  9.061772
1211206768  7.329892
1211405834  7.079639
1211617112  7.428294
1212215180  10.495722
1212519683  4.126490
1211331836  10.093958
1212225947  12.883526
1212400359  7.195699
1212448935  4.807895
1212452400  4.773031
1212594814  7.476328
1211085062  50.667721
1211761766  7.315628
1212798928  6.618026
1211078307  509.731628
1211313237  3.177030
1212415107  8.169149
1211243681  7.768305
1211618374  11.161315
1212017283  7.315628
1212136456  6.618026
1212181857  7.636184
1212311785  9.083092
1212773912  6.312372
1212787064  7.353363
1211232522  8.144324
1211768307  8.489617
1211913194  6.551308
1211921507  7.093444
1212133880  8.252932
1212252083  7.181183
1212417642  10.690298
1212872592  9.433030
1211339058  11.472560
1211407140  4.849805
1212344644  5.731482
1211162240  9.802370
1212453715  7.329892
1212519815  4.888026
1212613916  7.329892
1212722704  1.018556
1212792890  10.167348
1211120150  9.130884
1212073565  4.994887
1212095589  5.707776
1212590058  2.347402
1212764765  3.821914
1212811376  9.063242
1211082230  7.454127
1211349964  5.571220
1211354892  9.500636
1211608483  7.093444
1211662418  4.888026
1211856440  7.315628
1211937460  6.644597
1211850560  6.995196
1211943839  9.147650
1211952368  9.460696
1212630766  4.712890
1212631874  13.011970
1211528917  8.356832
1212311729  6.600207
1212555631  6.618026
1211485965  4.901185
1212308226  6.766054
1212583424  6.980849
1212688454  9.241833
1212700103  7.209730
1211915778  7.344455
1212378486  3.709862
1212634749  9.967035
1211147262  10.136395
1211771649  4.213017
1211968396  7.209730
