1212312797  8.461460
1211305212  4.053354
1211305332  11.606949
1211404379  6.351217
1211927956  11.616584
1212007617  6.284304
1212166961  6.600693
1212808435  10.250992
1211178539  12.946378
1212002915  11.254162
1212039565  7.765741
1211179213  8.657864
1212377714  11.371759
1212562776  2.658931
1212606709  13.522403
1212783060  3.854008
1211153895  5.734182
1211213101  4.435746
1211402032  9.802885
1211733228  16.847872
1212273182  4.011316
1212640399  8.373481
1212726155  7.938410
1212808200  3.113716
1212883734  7.312226
1212899268  6.698638
1211256410  4.168536
1211498791  3.113716
1212729845  8.017707
1212852123  3.113716
1211101365  5.734182
1211405777  7.758763
1212102833  6.612446
1212125026  9.646794
1212698572  4.835621
1212797271  5.390528
1211054531  7.645576
1211148094  7.946656
1211208151  5.235668
1211221765  7.590975
1211304805  5.706632
1212297306  5.235668
1212602729  7.931396
1212892278  7.118597
1211075342  7.858078
1211076779  8.038365
1211786132  9.034320
1212189329  42.904503
1212200372  6.307864
1212991634  6.968251
1211537362  13.590490
1211914039  4.344720
1211936863  8.157727
1212180475  12.969981
1211080196  4.609076
1211211218  4.609696
1211355505  52.984009
1211860607  8.637064
1211942763  8.441446
1212001082  5.212893
1212273583  9.109334
1212789042  5.326190
1213040222  2.830651
1213064423  4.786075
1211562339  4.648452
1212074300  0.000000
1212074301  0.000000
1212074340  2.558284
1212286208  7.280792
1212291576  3.918242
1212369481  7.834565
1212552814  8.682115
1212734533  5.490280
1211660977  8.768832
1211922806  3.919951
1212031095  9.115723
1212690785  6.028064
1212729915  6.544224
1211126214  6.536189
1211129946  3.113716
1212163611  6.716986
1212422058  5.221173
1212610755  3.437963
1213035573  6.618086
1212805293  6.529197
1212834024  5.573378
1211086087  5.931912
1211384065  7.946656
1212238844  7.568244
1212423957  4.053354
1212782603  5.072562
1211020039  10.384852
1211124683  3.988396
1211127810  6.645520
1211131420  4.703450
1211142652  8.514274
1211147194  5.936813
1211333741  10.214252
1211469551  3.147054
1211604841  8.087051
1211670863  8.993547
1211688687  5.437562
1211722125  7.793269
1211922099  5.058803
1211945309  6.531498
1212049533  9.412774
1212070895  5.571265
1212138871  8.014259
1212222678  7.118597
1212292236  7.212606
1212311590  3.716657
1212417515  7.523230
1212434728  3.764466
1212697474  4.190293
1212809482  5.994173
1212817410  8.291680
1212828200  9.309470
1211257086  6.445070
1211305681  3.918242
1211328296  3.918242
1211431897  7.946656
1211920978  5.831372
1212228484  5.734182
1212341901  34.673244
1211360146  6.027646
1212005837  4.480959
1212427380  4.725191
1212608765  3.166491
1211790104  14.175359
1212401579  5.734182
1212469262  7.814738
1211026915  15.514284
1211211694  0.000000
1211211707  0.000000
1211211710  4.262502
1212074112  3.943546
1212264892  8.539785
1212282042  6.357325
1212567825  5.907303
1212705409  3.918242
1212951508  6.728388
1211404295  2.437828
1211221662  6.399579
1211323584  0.000000
1211323587  2.234676
1211406814  7.103068
1211918741  10.432224
1212775495  3.826258
1212788459  7.343055
1211440995  5.460601
1211475992  7.617316
1211546726  18.639175
1212696276  5.659122
1212803566  9.008456
1211133054  5.326190
1211330744  4.617815
1212305572  7.833799
1212817708  2.704206
1213031493  0.000000
1213031573  0.000000
1213031607  0.000000
1213031608  2.234676
1211309467  12.321483
1211320789  5.663849
1211405466  3.736459
1211483996  6.615342
1211690916  8.682115
1211924348  15.514284
1211992034  2.427727
1212021318  5.768811
1212092022  4.565305
1212092567  5.664119
1212265094  4.753759
1212614534  4.609076
1211690135  7.448476
1212181618  6.645520
1212189821  5.168919
1211518587  3.997648
1212080114  9.732745
1212298670  8.989076
1212518451  5.606515
1211698710  6.130715
1211905776  6.938523
1211929430  4.671636
1212370801  7.022338
1212556689  4.961980
1212602195  6.728388
1212733336  5.109787
1212970294  4.993303
1212992956  10.046795
1211073687  5.481406
1211248971  13.465160
1212192318  3.739031
1212785747  5.655874
1211238288  7.744001
1212291519  7.236607
1212954262  4.086143
1211069223  4.173962
1211095475  4.860740
1211240864  4.353602
1212175399  9.033417
1211020117  5.482225
1212016162  3.113716
1212117398  7.946656
1212204759  4.372969
1212755697  14.447487
1211053882  12.492329
1211283250  13.655978
1211389438  5.310112
1211432940  10.738490
1211765243  10.135826
1213029034  19.455404
1211722494  7.696587
1211896060  5.066905
1211990454  5.465534
1212190709  0.000000
1212190732  0.000000
1212190780  79.848152
1212387359  5.881492
1212697489  6.026951
1211400629  5.375796
1212168833  6.258208
1212171629  6.035981
1212086245  35.296619
1212176147  7.675544
1212619272  6.055722
1211459962  7.991044
1211960313  7.224233
1212065227  6.469641
1212530931  3.854008
1211126773  6.808862
1211133802  5.664119
1211514720  19.022797
1212253054  7.496762
1212819085  6.486441
1213035064  7.346704
1211123786  6.837251
1211770673  5.734182
1211903513  7.215335
1212094243  4.190017
1212203489  5.772138
1212594706  0.000000
1212594781  30.317778
1212742422  5.971709
1212767618  6.984498
1212800258  3.959018
1211174012  21.097301
1211174386  3.113716
1211926856  9.815670
1212184449  7.763569
1212284707  7.312226
1212700871  10.574003
1212792705  3.615764
1212853506  9.526092
1212963111  5.640179
1211764205  6.931758
1211835173  5.734182
1211994877  10.124668
1212524216  36.850716
1212592426  6.538050
1212745738  6.095866
1211144226  8.126581
1211317042  6.239774
1211490160  0.000000
1211490210  0.000000
1211490254  0.000000
1211490283  1.100115
1211853448  6.342119
1212529788  6.829017
1212532256  3.816266
1212615235  4.869765
1212786272  2.600214
1212893076  3.748638
1213034492  3.673352
1211441697  7.041729
1211470849  6.469641
1211986307  6.363592
1212028616  4.993165
1212198321  2.778191
1212260241  4.707615
1212263281  4.441883
1212266374  6.511343
1211302939  3.358493
1211575042  4.936051
1211991767  2.709549
1212013074  3.174087
1212015580  4.700955
1212225157  5.767190
1212918098  12.657949
1212809758  7.804932
1212883825  6.030212
1212112398  4.515914
1212170490  2.832349
1212419431  5.655874
1211152295  6.728388
1211767713  7.312197
1212075710  6.230234
1212624628  3.946618
1211149193  6.969466
1211522767  14.706924
1211755677  6.143767
1212108384  4.786075
1212777671  3.311190
1212807024  6.486441
1213065950  6.929626
1211555669  0.000000
1211555690  21.452251
1211986386  7.527471
1212833060  61.583450
1211183362  7.364065
1211356928  10.402340
1212161851  3.178111
1212288321  5.391927
1212908749  8.047991
1211125735  6.260943
1211127638  7.946656
1211392134  3.854008
1212474411  10.894462
1211470338  9.613566
1211976812  14.854434
1211985885  6.486618
1212003093  4.546669
1212074100  7.871049
1212288574  6.008677
1212382175  8.682115
1212504540  21.890469
1212667534  17.816778
1211385594  4.993680
1211990553  6.130715
1212466176  368.321442
1211224622  10.192794
1211302803  5.283000
1211464882  0.000000
1211464903  6.736151
1211862600  8.477771
1211946885  6.698638
1212172622  8.836554
1212186433  8.000425
1212266698  14.221427
1212816357  5.640179
1211907111  5.971709
1212260825  5.419097
1212770421  6.142151
1212777249  6.689237
1212872894  4.441883
1213029922  0.000000
1213029930  3.462641
1211069223  4.173962
1211237458  7.795948
1211384526  3.918242
1211026388  5.367588
1211075464  7.324122
1211146479  7.892364
1211420298  4.864899
1211523101  6.507142
1212507465  0.000000
1212507467  0.000000
1212507527  6.501369
1211274946  9.324886
1211913183  4.011316
1212161265  5.690472
1211578406  4.849720
1212249815  6.856691
1212608056  6.160172
1212666942  9.149663
1211417534  4.951112
1211937272  5.766188
1212193142  4.274446
1212502652  5.386546
1212509035  25.085854
1212510133  3.969982
1211123480  4.105377
1211304331  0.000000
1211304392  0.000000
1211304452  0.000000
1211304514  3.862293
1211311929  5.640179
1212424154  8.200394
1212424366  4.882698
1212590225  6.046950
1212702174  4.515914
1213031449  5.382710
1211234784  6.031193
1211370112  8.171322
1211600912  6.688053
1211697847  8.518221
1211727767  20.039978
1212216037  30.058321
1212848310  6.618086
1212861952  7.434097
1212889365  7.946656
1212941525  5.745240
1211825774  17.643867
1213047843  4.521049
1211216451  3.623799
1211237411  6.129215
1211417562  0.000000
1211417579  6.678245
1211608694  14.015141
1211942500  6.030212
1212085844  2.832349
1212099243  11.702946
1212339521  8.539785
1212426840  5.640179
1212444346  3.943546
1212791450  42.904503
1212798383  4.350977
1211692445  5.293091
1212357352  6.067847
1211313161  6.130715
1211324700  8.389335
1211326264  14.132752
1211410470  6.231718
1211533406  4.786075
1211647373  7.946656
1211659351  5.471992
1211661117  3.731659
1212022418  6.122492
1211408777  4.998845
1211530395  4.955543
1211663792  3.682379
1212093091  6.382690
1212292808  7.057790
1212306727  5.881492
1211089589  4.769722
1211856320  12.355802
1212287701  7.584809
1212290221  7.276838
1211641288  6.130715
1211997870  3.674882
1212365644  17.459766
1212625285  11.331467
1212913015  5.640179
1212964236  4.105377
1211491860  4.130256
1212396454  7.070127
1212799978  5.944886
1211214403  4.609696
1211383931  2.258132
1211589053  4.168653
1211675814  4.168536
1211742242  8.732100
1212093254  14.936942
1212162332  5.231462
1212292376  19.005360
1212508478  7.801373
1212712122  4.418854
1212778570  3.134593
1211659569  5.168919
1212086193  5.416464
1212097699  5.512323
1211215118  3.562038
1212172541  13.512730
1212421844  5.859237
1212528402  6.130715
1211389060  5.573595
1211495499  4.053174
1211562766  21.781096
1211676542  9.912129
1211728507  7.038253
1211916581  5.664119
1211993969  82.143219
1212514856  9.526825
1212646760  16.267494
1212704274  6.797637
1211983400  8.065825
1211994450  6.484968
1212292870  5.640179
