1211560309  10.302450
1212629139  7.233584
1211119641  12.409728
1211652100  6.830221
1211683631  34.787846
1211817116  14.234334
1212223599  9.492375
1212681364  0.795234
1212743223  14.717711
1211020007  12.937162
1211172492  14.574269
1211515092  15.036944
1211565713  11.102128
1213019340  14.922237
1211042675  9.071884
1211050724  9.282946
1212397170  17.262117
1212478087  16.719608
1212732726  18.372200
1212849212  15.741681
1212905955  15.436797
1211235762  9.564636
1211483367  17.382429
1212163504  13.978358
1212310405  14.641722
1212610055  9.178322
1212959912  3.433556
1211089183  13.673293
1211561189  13.989597
1211739999  12.644957
1211825800  13.684890
1212007684  14.189104
1212212502  8.287580
1212417321  7.673726
1212435324  15.128467
1212830251  10.724645
1212916175  17.523863
1212539683  13.968802
1212590508  4.758586
1212854404  11.866850
1211310533  32.353737
1211394467  8.500655
1212217697  17.191542
1212220747  13.678454
1212743645  15.685258
1211915717  11.795126
1211924663  7.956168
1212168359  12.140255
1213025418  28.747932
1211486201  15.039680
1211598789  9.142104
1212124298  8.287580
1212797239  9.393267
1212818699  13.030266
1213002912  14.988460
1211161812  15.454724
1211352462  14.321753
1211432706  11.094790
1211567420  21.835699
1211708938  15.854801
1212156056  12.596304
1212468104  12.324738
1212761578  15.951938
1212766913  8.680916
1212835745  16.491467
1213024226  14.326190
1211315540  11.108511
1211384323  10.250317
1211392917  13.447650
1211604181  33.098862
1212965683  160.314194
1212032421  12.413216
1212466369  8.867167
1211721331  9.440593
1211775038  13.907198
1212213971  17.127413
1212254035  14.677610
1212375038  14.963784
1212522152  11.570928
1212863571  11.446187
1211067356  9.515255
1211261804  10.457929
1211476051  13.894852
1212149666  15.551270
1212428998  12.212906
1211699810  12.129675
1212807343  0.674785
1213008185  15.643729
1211879767  16.369989
1212804077  11.071186
1211167524  11.765914
1211177310  14.021410
1211406858  5.859477
1211559998  13.410774
1211677287  11.075727
1211685045  12.637322
1211705076  15.250270
1211728669  8.151718
1212214306  13.767744
1212349352  11.354199
1212485785  17.056967
1212694804  9.184656
1212918518  12.226905
1211084213  8.422214
1211229906  12.995729
1211828400  9.255695
1212044134  8.879550
1212221816  12.398368
1212224102  7.437624
1212346697  12.989303
1212552371  14.283977
1212560076  20.783560
1212916323  15.622313
1211153324  8.151718
1211765919  11.310662
1212129704  10.515842
1212134735  6.835286
1212135595  10.730801
1212371104  11.446187
1212510811  8.670254
1212639003  10.323958
1211058306  3.167611
1211062242  4.133340
1211514483  12.486750
1212171800  15.294876
1212180039  13.923996
1212004002  13.534831
1212113821  14.550014
1212776211  13.736928
1211102121  26.127863
1211529499  13.841806
1211548312  15.366209
1211639184  12.002110
1211672701  12.162169
1211745372  9.941348
1212216807  14.311021
1212300496  17.482925
1211832385  13.000645
1212210302  12.082610
1212245191  13.596900
1212339606  10.275804
1211024599  18.139233
1211094582  13.764686
1211116460  17.341249
1211501138  14.656589
1211831135  12.489868
1211971968  12.860126
1212148503  17.453590
1212449469  12.613220
1212579585  17.804619
1212594880  6.584229
1212730031  14.503253
1211321607  8.883168
1211336683  10.852073
1211564933  15.033206
1211657623  9.945096
1211915011  8.287580
1211922221  7.070985
1212087185  14.298935
1212092954  16.532270
1212110590  8.151718
1212296471  14.875673
1212594852  5.070625
1212781698  13.218853
1212819716  7.650671
1211075738  12.576512
1211149841  2.522531
1211283426  18.184362
1211411992  12.480083
1211561543  10.062437
1211585714  11.755960
1211700426  13.238059
1211704615  8.042651
1211845460  13.000645
1211951634  10.885099
1211983297  16.354015
1212153163  11.820551
1212275352  15.854037
1212311471  16.369989
1212618810  13.518196
1212880745  9.794044
1213013954  16.751356
1211252207  12.874574
1211759943  3.913150
1212368725  12.254713
1212551267  10.561848
1212566478  17.341249
1212689319  14.170019
1212313107  11.043346
1212915307  12.575753
1212931021  12.048618
1212955627  6.020463
1213008357  13.666829
1211063203  19.880915
1211096316  14.104039
1211222280  13.518196
1211302058  14.182522
1212001546  6.186542
1212365361  15.251073
1212578634  19.513395
1211085700  6.627316
1211509411  15.524835
1211798128  18.953371
1212188527  8.389195
1212256664  15.902019
1212370140  14.000984
1212551183  14.704003
1212964686  3.588636
1211083401  8.703099
1211203675  17.004566
1211308268  10.445231
1211703530  5.147819
1211770463  7.751164
1211952047  13.429267
1212896075  8.287580
1211055817  9.814982
1211116363  17.191841
1211149091  4.241944
1211754025  16.424232
1211798758  15.915921
1212173897  9.369895
1212597634  10.485152
1212706689  12.859278
1212977899  13.842521
1211075423  13.556509
1211675306  10.068213
1211906182  13.336954
1212104391  7.880117
1212517364  10.292000
1212884760  9.747659
1211028837  13.220995
1211785269  13.220995
1212310682  13.923996
1212744600  13.461918
1212959793  9.695223
1212163561  11.272867
1212258716  11.222559
1212499178  11.608585
1212610079  10.099494
1211097972  19.017866
1211291353  16.570114
1211471331  12.630086
1211767803  14.000984
1211931522  6.984279
1211975273  17.187941
1212005439  17.868729
1212063851  11.148914
1212156415  11.867215
1212579971  9.174762
1212738422  15.322167
1213015028  14.234334
1213019433  13.240872
1211090349  13.422992
1211608679  7.640631
1211687143  13.210093
1212073496  6.526285
1211170877  13.431785
1211445742  14.566906
1211875034  14.983510
1212131193  1628.959473
1212827949  12.381567
1211066792  9.672834
1212742858  17.860050
1212763751  6.027014
1211162966  12.454645
1212123515  14.566978
1212889744  12.559707
1212903680  15.520892
1211255870  11.211848
1211621087  13.876677
1211691544  9.687722
1212148151  19.297743
1212731519  9.760294
1212797633  2.589095
1211802590  14.350421
1211925005  9.509070
1212093912  10.724357
1212176408  11.445538
1212205533  10.512195
1212316864  12.374669
1212693794  8.278073
1211697842  13.306026
1211707892  19.351974
1212336692  7.417896
1212941575  21.331743
1211201129  15.447433
1211221074  13.068372
1212194939  6.376783
1212686118  12.488116
1211082969  13.543961
1211083034  22.864855
1211120753  14.589595
1211501864  8.147561
1211556399  11.075727
1211602545  9.786692
1211624840  14.900865
1211676722  11.529109
1211712087  12.993394
1211716381  13.511733
1211901779  8.459737
1211988861  11.789792
1212105590  13.794497
1212191193  11.545331
1212420283  9.778376
1212506627  6.811710
1212762554  8.793155
1212796699  15.173947
1212857221  11.866850
1212886469  13.656187
1211910643  11.275778
1212049220  14.292180
1212050847  20.019228
1212108817  10.438547
1212556563  8.943167
1212876957  10.841969
1211234139  15.249647
1211313294  11.075727
1211320162  8.670501
1211566107  9.778376
1211595652  8.247209
1211609239  12.464720
1211787689  17.618883
1211792932  13.467318
1211798699  14.234334
1211991363  51.321152
1212091002  15.988836
1212196205  8.770066
1212214553  12.915001
1212315880  17.024561
1212340128  10.662363
1212373500  7.724960
1212391965  12.410770
1212486981  18.003071
1211745765  39.906296
1211819945  14.321753
1211998115  11.633320
1212039336  9.659145
1212069858  12.644957
1212208714  13.433993
1212673628  9.856810
1212828251  10.014911
1212980970  14.346187
1211435927  13.679715
1211940155  12.136475
1212319619  12.939086
1212658600  11.674726
1212855196  10.478797
1213087149  12.993534
1211319999  7.264769
1211683748  15.171489
1211785514  24.329338
1211792645  11.258545
1211956470  13.132770
1212559295  10.744298
1212915255  17.166878
1213077226  16.691761
1211092489  9.210793
1211383191  6.627316
1211949842  14.060639
1211973667  17.698904
1212077190  13.255340
1212702655  9.353945
1212900681  13.679715
1212928962  14.715897
1211087028  13.331299
1211761699  2.606615
1212120627  12.343781
1212197372  5.155135
1212689572  13.548167
1211162723  14.538306
1211375517  13.194354
1211485251  12.007910
1211732931  11.075727
1211988176  7.313675
1212073333  6.627316
1212092021  16.250479
1212416427  11.840883
1212521576  12.994801
1212609019  12.836790
1212916717  9.984529
1211119798  14.589595
1211342860  14.351882
1211360467  12.847403
1212071578  10.820302
1212109826  13.190732
1212208835  13.372428
1212563378  13.210093
1212819621  8.676321
1211018605  19.867819
1211436039  14.742939
1211619497  12.208426
1211977163  16.997372
1212297042  11.512177
1211117626  9.953206
1211159999  14.679795
1211821910  14.811639
1211891904  16.029902
1212248045  12.222410
1212441789  11.601768
1212545302  12.641376
1211279671  8.406949
1211699925  14.521070
1211883074  11.728481
1212424802  11.446187
1212425345  15.013882
1212471198  14.958396
1211409754  15.983249
1211608796  13.085653
1211645455  11.075727
1211737245  14.704003
1211816705  10.342263
1212196548  9.687374
1212627038  12.626512
1212712234  7.117167
1212808802  13.951879
1211052680  8.042086
1211105669  15.081295
1211433835  8.995742
1211560330  42.640194
1211787059  12.686604
1212282868  8.887136
1212452623  4.271353
1212524563  14.015739
1212577002  15.500274
1211080541  8.399908
1211152427  8.287580
1211460919  19.089626
1211548201  17.462858
1211807863  19.407785
1211810942  17.486492
1211854476  10.730551
1211896561  12.431958
1212004246  12.961194
1212084114  15.005264
1212182156  13.159719
1212352345  11.063920
1212438635  15.213181
1212496490  14.589595
1212514140  13.380679
1212555178  15.827118
1212629975  14.030907
1211162903  5.795365
1211524600  9.406361
1211622209  14.546412
1211657072  14.858253
1211669780  49.518333
1211736075  9.190658
1211756966  3.458278
1212004119  8.487596
1212270527  9.856810
1212305922  10.926858
1212422519  14.139225
1212505994  3.636361
1212986284  17.837099
1211591625  8.855134
1211712806  7.641571
1211824659  8.409822
1211829042  12.477049
1211854961  16.175625
1212346246  8.322773
1212494418  15.622313
1212586639  11.049358
1212818690  51.035835
1212832216  18.469357
1212945854  11.937516
1213001388  11.258545
1211273269  13.000645
1211709488  18.208113
1211780526  12.415568
1212444224  7.350296
1212602793  14.072504
1212632021  10.901719
1213035645  12.543618
1211182794  10.926858
1211393133  14.000984
1211486597  12.796187
1211909942  13.511733
1211919857  12.086969
1212174968  11.506373
1212255552  10.448410
1212269715  14.287319
1212283661  12.486750
1212356508  9.396101
1212421935  13.519667
1212500489  14.538306
1212518595  12.745174
1212597110  12.437662
1212600884  11.838749
1212676969  4.632998
1212684573  14.564960
1212687335  3.206400
1212847302  13.690758
1212860699  8.287580
1211173222  12.957948
1211846240  14.677610
1211910263  10.153571
1212379211  11.840883
1212445574  7.881515
1212558265  8.197463
1212733752  17.191542
1211475518  12.285116
1211985268  9.704510
1211206394  12.644957
1211325656  10.462424
1211378882  13.995337
1211630301  16.317467
1211809719  17.068211
1211897190  10.662255
1211983784  12.255217
1212069907  10.293579
1212415479  13.511733
1212464991  8.013679
1212502307  15.836370
1212588593  8.306795
1212623253  9.623432
1212674790  11.112059
1212764034  11.312701
1212827635  16.346581
1212914187  14.072504
1212935484  15.449605
1213020451  16.380730
1211414877  1.404110
1211674240  13.461918
1211697195  16.007254
1212204054  10.569042
1212269568  11.840883
1212315974  11.302326
1212475842  14.669299
1211071374  9.586118
1211620723  12.834846
1211783452  14.825364
1211785547  15.276629
1212013586  10.859434
1212387362  12.118863
1212964060  0.312948
1211856039  15.943213
1211083579  17.949265
1211585968  16.803684
1211789881  7.423415
1211918692  10.282563
1212047711  16.950581
1212294532  14.589595
1211060517  3.726810
1211249400  9.959100
1211572277  4.299763
1212829691  16.040991
1211077756  13.447650
1211517763  13.227197
1211621041  11.596247
1211656090  13.923996
1212043566  17.949265
1212820325  15.889047
1212878075  11.917062
1212985972  10.521888
1211032337  12.414122
1211427214  14.682368
1211508758  17.566101
1211724319  16.278805
1212674117  16.333086
1212686777  7.658113
1212865444  10.112962
1212919212  17.197830
1213019845  17.243067
1211063117  5.730728
1211565153  7.469123
1211589546  10.772199
1211607878  9.599109
1212651158  15.316053
1211092748  13.936969
1211877301  15.988895
1212117912  11.329980
1212737671  7.495973
1212846136  13.821070
1211621970  12.898108
1211725218  18.581369
1211731476  12.489868
1211795608  13.447650
1211902371  13.735425
1212253334  9.788399
1212300015  16.603260
1212367596  13.556509
1212745403  17.174454
1212812437  13.030886
1211119829  12.428409
1211158367  12.082610
1212291564  14.559832
1212384625  13.722568
1212914751  9.811018
1211089438  11.487039
1211735289  12.086969
1211775985  11.804870
1212513898  10.414511
1212649860  13.000645
1212744495  15.889047
1212812217  54.970043
1211906247  11.446187
1211965280  19.885296
1212363434  15.881053
1212933188  10.404356
1212961390  13.593267
