1211647923  7.540621
1211954065  8.518109
1212125589  4.549867
1212611125  11.493524
1212677778  6.329861
1212814721  11.953135
1211683871  3.497588
1211689960  5.015913
1211083790  4.114754
1211671986  2.935733
1211687152  4.001220
1211699930  2.573596
1211820774  4.052391
1212163090  5.073874
1212691312  8.098023
1211679784  5.909738
1212632721  4.426503
1212673818  5.183110
1211501555  8.369828
1212329472  1.611240
1212554921  2.067176
1212597777  5.686361
1211377809  12.972896
1211509649  4.567785
1211588314  6.995081
1212570646  4.691953
1211604619  2.615786
1211769053  24.449829
1212110332  2.156256
1212358522  2.222787
1212368445  9.621730
1212631737  5.761983
1212644984  16.396795
1211158359  6.631774
1212632088  8.529893
1211158713  0.938590
1211651283  8.581124
1212103583  11.710162
1212699030  4.114810
1211082831  2.518145
1211938589  5.425933
1212070083  5.553332
1212809001  3.891779
1211355773  11.437848
1212470227  5.970046
1212507617  3.239958
1211666564  3.503185
1211926742  3.497588
1212373984  5.565468
1211125519  4.283005
1211464433  260.334381
1211469583  3.408916
1211647441  6.968084
1211718959  17.669382
1212157704  7.939056
1212943452  6.220248
1211345282  4.397615
1211308277  2.659382
1211564628  5.206957
1211565674  2.738028
1211655510  3.503185
1212772471  2.799350
1212807057  9.106502
1211236444  159.562927
1211743937  5.670754
1211463533  75.999870
1211513142  12.938370
1211520781  5.639195
1211658876  5.758355
1211662349  12.423579
1212223360  11.159414
1212465515  4.350694
1212203395  3.132169
1213076363  4.504886
1212167381  6.803650
1212287002  2.659382
1211284552  5.808791
1211977138  9.167838
1212807679  3.534081
1211169039  2.573596
1211840105  1.745510
1211944092  9.316651
1212642069  46.117504
1211320302  4.664329
1211369195  3.886209
1212600536  9.467859
1212367272  9.491841
1211587202  6.217376
1212276509  7.106156
1212976614  14.226202
1212791713  7.477993
1212295857  5.761168
1212302000  7.261799
1212814071  5.286951
1212899574  10.461419
1211345796  7.174829
1211564088  5.060576
1211571222  2.786245
1211682136  5.311530
1212454639  19.226336
1212873447  2.532745
1211075863  4.794285
1211160285  7.236389
1211254318  7.862181
1211506787  2.659382
1212014946  8.709897
1212375732  4.434089
1212387394  7.780498
1212440640  6.993849
1211680089  2.659382
1211040543  3.742944
1211228255  5.243003
1211687237  2.864465
1212101199  3.545563
1212515769  5.980785
1212597264  3.903862
1212863405  0.588144
1212875915  3.357377
1211945975  4.782825
1212109368  10.231760
1212201420  8.707406
1212628036  4.784409
1211069215  3.393197
1211870189  5.654302
1212161879  6.395541
1212352129  10.895679
1211461909  14.681561
1211686554  10.289920
1211772321  5.361838
1211776642  6.384017
1212309520  7.494730
1212759123  5.098141
1211941373  4.809447
1212524460  4.846546
1211050830  3.542599
1212367303  3.228543
1211264187  4.106409
1211095098  4.174850
1211149123  4.306333
1211150423  15.050756
1211428809  12.776395
1211464607  2.615786
1211890738  4.079052
1211915317  13.326517
1211988853  5.650327
1212155399  6.127978
1212217600  3.276000
1212286259  8.860322
1212412158  4.985582
1212468581  3.330600
1211679866  3.611612
1211869034  4.692145
1212989978  3.010621
1211347420  8.514987
1212029032  0.000000
1212029066  4.747947
1212163302  5.726452
1212329988  3.597021
1212510260  1.753439
1212767508  3.010621
1211067547  1.046889
1211761658  1.067416
1212707140  3.388326
1211698671  3.765463
1211860798  6.443383
1212638089  7.354347
1212333168  7.152684
1212544226  3.440251
1211250241  8.472622
1211342137  3.903862
1211669580  2.454419
1211686587  2.429393
1212902879  6.639750
1212938736  8.079844
1211087484  8.317927
1211376198  12.428213
1211503927  3.677627
1211512951  6.734661
1211521231  2.185794
1211943979  5.136661
1212127465  1.493201
1212134542  2.878283
1212640076  2.955708
1211675124  3.281945
1212383155  11.296264
1211400707  3.229010
1212094232  16.177418
1211590370  10.201729
1212585560  7.514104
1212842127  8.722797
1211241073  8.220906
1211348137  6.995081
1211937318  12.924685
1212638305  5.083759
1212037495  16.794594
1212121318  10.144409
1212719921  2.484420
1212847586  8.798345
1213079622  5.854327
1212302357  7.912980
1212453865  3.569171
1211067076  8.219199
1211217470  4.539724
1212359714  4.176155
1211307648  9.937048
1211338876  9.762160
1211341507  4.182709
1211751888  3.363745
1212105573  5.361838
1212112543  10.950134
1212433813  7.666298
1212891256  10.734434
1212895646  4.961994
1211390544  7.930654
1211687046  8.952790
1213000078  5.206957
1212853832  3.764757
1211024161  7.121783
1211343613  6.699305
1211673792  4.177301
1211846640  4.942928
1211851885  2.799350
1212513535  6.495878
1212549729  2.175662
1212958771  3.328675
1211257419  5.206957
1211852134  6.132421
1212718686  10.482556
1212859014  10.088374
1212886157  6.581568
1212018108  7.730872
1212280625  5.098141
1211074953  4.490675
1211165464  1.716895
1212022324  3.497588
1212046377  4.195583
1212855886  19.037882
1212875206  2.659382
1212898526  1.046889
1212980316  15.297485
1211158324  1.636415
1211169671  2.783662
1211291232  5.665478
1211379311  8.251054
1212426666  5.911735
1212802904  13.106968
1211373229  9.531540
1211342137  4.060242
1211518335  3.374785
1211766312  2.837220
1211817387  3.545843
1211818014  5.845598
1212332940  7.780498
1212556941  7.693077
1212804965  2.659382
1212991516  3.431032
1211679471  8.653636
1211822137  5.157052
1212274873  27.219109
1212556244  18.343220
1211236590  4.535740
1212186964  4.458657
1212188420  6.069688
1212214226  6.648455
1212820702  8.232471
1211245422  11.539385
1211350575  3.357377
1211498808  11.047194
1211687481  13.011786
1211725210  4.612617
1211907369  2.959453
1212247440  6.880408
1212296211  12.384048
1212937023  4.603369
1212970363  0.922682
1212982968  3.726002
1211784234  6.395541
1212636843  5.532182
1211157499  3.385251
1212697644  7.352222
1212947698  2.319718
1211513926  7.404443
1212871158  26.593821
1212983520  9.325412
1211470871  1.745510
1211563343  9.008911
1212733878  5.243003
1211787889  4.742067
1212551290  8.220366
1212639468  3.330600
1211425320  13.510397
1211729318  6.679666
1211746117  2.704456
1211927622  5.808791
1212527775  27.399593
1211164050  9.083413
1211176356  12.234634
1211596407  2.279470
1212455463  5.808791
1212068035  7.181998
