1211072712  8.752257
1211086847  4.757185
1211092843  7.364756
1211220979  8.070145
1211240624  6.663590
1211432222  4.582240
1211644118  4.506424
1211683209  4.881960
1211684139  7.168334
1211685653  4.434426
1211687047  10.905777
1211904526  0.000000
1211904587  0.000000
1211904609  7.326769
1212023559  0.000000
1212023600  2.438610
1212026203  2.398632
1212292027  7.025590
1212457603  8.289923
1212468600  9.613135
1212603970  7.025590
1211047253  3.927634
1211489269  6.102450
1211947253  4.582240
1212004503  2.709566
1212164156  3.525970
1212500137  10.331345
1212512555  4.506424
1212522958  4.530653
1212789918  0.000000
1212789968  7.712389
1212844801  7.450952
1211093126  7.450952
1211263265  9.712856
1211657959  3.905689
1211122625  4.837816
1211144178  4.649486
1211508476  7.050820
1211645904  9.301630
1211908162  13.748263
1212029060  4.507121
1212128665  4.801928
1212258191  4.659905
1212372522  7.085598
1212881423  4.801928
1211090456  3.927634
1211912907  4.801928
1212274731  6.737126
1212311854  7.206658
1212597640  18.756292
1212718101  192.713318
1212788983  7.050820
1212910034  11.034122
1212979626  14.167167
1211339703  7.233890
1211548650  9.470399
1211559043  4.506424
1211685529  8.494889
1211898113  4.582240
1212079036  11.953669
1212086208  6.937098
1212290457  4.909543
1212331031  6.910417
1212340040  5.050303
1212411266  12.202394
1212422365  6.910417
1212590038  2.438610
1212674268  4.659905
1212759675  7.144668
1212844707  7.326769
1211143516  11.218024
1211240982  3.954502
1211500242  6.666492
1212102860  11.721623
1212109515  9.773355
1212192797  6.073631
1212217638  7.891999
1212357671  7.025590
1212545185  7.791937
1212820082  7.545615
1212847269  7.144668
1212933310  0.000000
1212933370  4.881960
1211041417  6.291573
1211093603  3.715330
1211157391  5.073274
1211229373  8.359227
1211764440  4.693658
1211772426  14.324548
1211938302  3.905568
1212216621  9.374792
1212336478  7.168334
1212610339  3.108778
1212611534  2.322485
1212614849  0.000000
1212614850  4.881960
1212726123  4.582240
1212813824  3.817695
1211201994  11.963861
1211302946  7.468639
1211352616  11.372699
1212021517  0.000000
1212021579  12.019152
1212502200  2.438610
1212503672  5.138906
1212506267  6.291573
1212512253  10.968237
1212516716  4.823411
1212810671  7.235116
1212988327  11.469833
1211091718  7.705037
1211101091  0.000000
1211101102  2.438610
1211135695  6.386900
1211207909  6.910417
1211309118  9.773355
1211343822  8.288178
1211515694  14.175450
1211565361  2.438610
1211567445  2.438610
1211746823  7.355601
1211786978  7.216255
1211902172  9.470399
1211695251  3.626712
1211988159  6.464796
1212121332  8.015661
1212163745  4.881960
1212216941  4.377066
1212585296  7.326769
1212604896  4.054420
1212725837  3.872315
1212761670  9.470399
1212778438  10.100607
1212794437  0.000000
1212794497  11.887691
1212988096  7.585118
1211076891  6.852954
1211087949  0.000000
1211087953  5.006813
1211221132  2.398632
1211624005  9.470399
1212049965  4.230729
1212174524  0.000000
1212174525  0.000000
1212174586  2.032175
1212301940  18.268188
1212310950  7.326769
1212554904  6.117883
1211045428  0.000000
1211045486  8.389690
1211099337  9.021558
1211134905  26.417532
1211361966  11.437490
1211517029  5.984853
1211605160  27.465460
1211696562  7.206658
1212203540  5.225592
1212630591  4.231164
1212675153  10.019732
1212689116  7.322940
1212715346  6.628463
1212727569  6.798958
1212754635  7.025590
1213017361  2.398632
1211090335  5.865170
1211097518  4.941990
1211573558  4.582240
1212065360  13.396111
1212350642  7.325732
1212475875  5.649732
1212823946  7.326769
1212909476  9.219330
1211355494  4.801928
1211911831  4.869777
1212201064  0.000000
1212201120  0.000000
1212201190  0.000000
1212201205  7.326769
1211440694  2.438610
1212223777  14.411708
1212406906  5.149766
1212496991  7.168334
1212904264  4.582240
1212927570  9.454116
1211647257  4.507121
1212264951  0.000000
1212265014  10.263807
1212345954  5.013720
1212644625  17.331244
1212818615  9.019427
1212932234  6.910417
1213035874  4.881960
1211085710  0.000000
1211085769  6.612807
1211249527  9.117627
1211324096  0.000000
1211324157  4.029265
1211343162  0.000000
1211343222  5.501297
1211578295  4.576838
1211782658  7.850110
1212456409  5.627561
1212464777  7.326769
1212553581  7.579416
1212724180  3.480182
1212824814  4.543911
1211065929  7.144668
1211140724  4.582240
1211142284  4.801928
1211185028  6.374359
1211303146  5.013720
1211308812  5.962923
1211389264  4.507121
1211418898  0.000000
1211418959  9.472754
1211459438  7.050820
1211461958  4.679199
1211555588  7.326769
1211566401  6.910417
1211644363  7.326769
1211656914  5.003730
1211663852  7.025590
1211741336  8.615224
1211985442  6.910417
1212066519  7.025590
1212069928  4.801928
1212152491  6.910417
1212158946  7.025590
1212161946  4.881960
1212223919  4.881960
1212246083  7.206658
1212255657  7.168334
1212258427  5.013720
1212267897  4.881960
1212301477  6.485160
1212346087  4.507121
1212356074  0.000000
1212356134  9.167182
1212359110  73.158287
1212380716  6.736643
1212435900  7.025590
1212453974  2.398632
1212499340  7.025590
1212512483  5.087125
1212518902  6.393823
1212519421  2.438610
1212523317  7.168334
1212597011  10.691669
1212600660  2.438610
1212602097  6.691038
1212608458  2.359945
1212690004  7.326769
1212759308  7.168334
1212761734  0.000000
1212761794  5.090260
1212860726  5.003730
1212915801  11.361800
1212947867  9.477400
1212959188  5.090260
1211058513  440.406616
1211081616  4.434426
1211091546  6.736643
1211211692  0.000000
1211211735  2.216918
1211219611  9.437041
1211299445  10.848384
1211321003  5.045399
1211403282  10.306358
1211487633  7.050820
1211534585  7.168334
1211834661  4.576838
1211911360  6.485160
1211990057  11.319787
1212038892  7.964816
1212039918  8.968158
1212091550  6.965438
1212161986  4.998807
1212198912  7.206658
1212208632  9.470399
1212299849  6.763171
1212311817  2.398632
1212325966  4.160179
1212328097  4.753630
1212543267  5.325775
1212602384  3.707818
1212610426  8.844797
1212638549  4.241883
1212822452  11.255121
1212826870  6.168734
1212828795  8.439141
1212902697  8.218812
1211200982  7.050820
1211247427  0.000000
1211247487  7.928296
1211251274  130.796570
1211382135  3.528727
1211461270  4.507121
1211648260  10.029421
1211681114  6.795707
1211689252  7.168334
1211899919  2.438610
1212065604  5.860812
1212178534  13.846714
1212202765  171.373703
1212284376  28.104801
1212389834  63.030514
1212390604  106.004868
1212415001  7.206658
1212500767  9.019427
1212505462  9.613135
1212625606  4.881960
1212901249  4.364038
1212939451  0.000000
1212939455  5.678975
1211051686  4.530653
1211169056  4.507121
1211183239  6.829670
1211288909  7.953498
1211981802  5.013720
1212216313  6.277548
1212446348  6.868846
1212878266  5.895666
1212907215  10.661840
1211503676  0.000000
1211503678  0.000000
1211503738  14.246152
1211504644  0.000000
1211504707  7.850110
1211779781  11.653768
1212102201  6.616924
1212156118  2.479942
1212300156  6.400507
1212335000  10.881152
1212453264  0.000000
1212453329  0.000000
1212453383  12.219471
1212722086  8.004190
1212784838  1.925218
1212909358  4.757185
1211292278  0.600918
1211612123  6.423777
1211936732  0.000000
1211936785  0.000000
1211936787  0.000000
1211936850  0.000000
1211936907  14.429385
1211945475  6.910417
1211995413  12.002356
1212114890  6.374359
1212305992  4.881960
1212585517  5.091378
1212700937  7.025590
1211064004  6.374359
1211490127  4.881960
1211779757  9.086331
1212200392  14.357741
1212331550  6.937098
1212633513  0.000000
1212633533  6.650753
1212909725  3.954502
1213031072  6.910417
1211080820  5.590240
1211092913  6.584524
1211187314  10.036618
1211566227  7.510200
1211664384  9.477400
1211308390  6.904669
1211408303  5.087125
1212172966  9.458085
1212349589  7.326769
1212507676  7.168334
1211090141  5.365603
1211208028  6.660699
1211285689  6.021935
1211358598  11.034122
1211377185  9.759045
1211555133  12.035380
1211608151  7.705037
1211641702  19.244335
1211698266  1.900215
1211713028  7.395358
1211791459  9.599060
1211909733  6.967456
1212444291  0.000000
1212444320  11.825294
1212593908  4.649486
1212671484  13.389225
1212757508  5.474486
1212809268  9.472754
1212865061  3.384583
1212869609  9.454116
1211248824  4.881960
1211679930  7.355601
1211687061  9.599060
1212148264  2.438610
1212207582  8.388048
1212369762  6.849412
1212404477  7.326769
1212476915  8.813560
1212543205  5.230671
1212630926  2.438610
1212636605  10.029421
1212858842  7.687404
1212923975  6.691038
1212341630  5.006813
1212772923  8.969424
1211144844  0.000000
1211144871  15.035930
1211474422  7.025590
1211681336  10.538385
1211760371  4.881960
1211934067  0.000000
1211934122  2.438610
1212003202  9.611684
1212024009  9.234888
1212362530  4.881960
1212406468  7.206658
1212687393  4.302878
1212855015  0.000000
1212855075  6.663590
1213020890  11.218024
1213024144  9.741179
1213031206  5.181016
1213043748  2.566957
1211573491  4.649486
1211578633  1.807638
1211605050  7.356498
1211699397  6.232289
1211865947  2.286196
1212090278  4.582240
1212200941  12.423027
1212202244  5.804383
1212736336  7.326769
1212771816  9.315146
1212818695  11.392849
1212820884  7.326769
1211826619  4.964705
1211885682  4.582240
1211949081  7.326769
1212220476  7.824073
1212477260  12.202394
1212489202  14.647203
1212493564  7.025590
1212591549  5.065344
1212706349  6.849412
1212800027  7.956820
1211135581  13.009499
1211204444  5.633031
1211213561  8.539572
1211251581  0.000000
1211251644  8.744081
1211304221  9.164479
1211384435  7.326769
1211461925  8.763706
1211465747  7.168334
1211655474  12.311363
1211749484  7.025590
1211792360  2.438610
1211819832  2.359945
1211893799  7.712389
1211902523  9.065986
1211912243  14.794392
1211948654  0.000000
1211948715  2.479942
1211976125  4.881960
1212076803  4.125600
1212079304  0.000000
1212079332  7.206658
1212157758  2.359945
1212212213  1.741864
1212238589  8.734485
1212417267  6.628463
1212521415  0.000000
1212521476  16.215508
1212587598  5.390871
1212589479  0.000000
1212589502  7.090422
1212595730  0.000000
1212595790  4.801928
1212672028  3.402711
1212673819  7.539708
1211065113  4.582240
1211198802  0.000000
1211198864  0.000000
1211198886  0.000000
1211198986  0.000000
1211199046  14.467868
1211321697  4.576838
1211478998  11.782472
1211516323  6.374359
1211522037  9.357237
1211564559  7.206658
1211573554  7.326769
1211605275  9.470399
1211691055  6.616924
1211912907  9.770703
1211918336  9.532453
1212084323  12.219471
1212122846  5.542921
1212175845  5.862114
1212291905  6.967456
1212294120  7.289831
1212599976  8.433334
1212641805  7.050820
1212675226  12.752430
1212767389  5.769768
1212812410  7.330016
1212817519  2.374441
1211073911  4.230729
1211157515  7.168334
1211421663  0.000000
1211421732  8.619728
1211577448  4.582240
1211854489  9.477400
1212063750  11.034122
1212251174  6.795979
1212265607  9.353322
1212467348  79.549660
1212713628  0.000000
1212713689  7.129275
1212730166  54.990982
1211144534  7.468639
1211156907  4.659905
1211471438  4.438146
1211934244  4.801928
1212034641  9.315146
1212730653  5.090260
1212849574  9.454116
1211209180  4.229760
1211242761  4.933506
1211949442  11.916984
1212126750  3.788712
1212164978  10.561227
1212196917  0.000000
1212196983  4.977328
1212803172  0.000000
1212803219  4.801928
1211079007  7.233890
1211176358  6.660699
1211274728  19.504192
1211373608  6.104130
1211375036  6.798958
1211509314  9.470399
1211587923  7.992839
1211899216  4.724477
1212025580  2.032175
1212036018  7.014306
1212106342  7.450952
1212172192  4.582240
1212411065  3.954502
1212415855  4.701293
1212416610  6.371103
1212418702  8.615818
1212421360  0.000000
1212421389  7.206658
1212424067  8.721683
1212474275  4.724477
1212539465  6.280088
1213024720  5.641551
1213032132  2.438610
1211227699  11.691588
1211299747  5.888205
1211466366  7.050820
1211722793  10.808600
1211813106  8.489841
1211909475  4.165672
1211924309  4.881960
1211937561  1178.338135
1211951741  11.497054
1211984909  6.977875
1212336048  7.680358
1212338690  4.801928
1212342075  9.773355
1212347660  7.168334
1212351438  8.872324
1212760595  4.801928
1212774186  7.050820
1212908557  15.021263
1211870093  11.311936
1211901617  6.968261
1212217402  9.470399
1212419298  7.050820
1212429232  4.881960
1212665790  7.326769
1211110589  6.848920
1211520370  2.479942
1211582153  4.881960
1211928757  6.565095
1211954261  5.090260
1212202548  9.538348
1212232506  9.773355
1212610439  11.512027
1212626048  2.398632
1212874351  2.219073
1212875588  7.168334
1212973014  2.060797
1211142493  2.522334
1211210108  4.161373
1211211526  4.434426
1211313583  6.826985
1211431329  4.229760
1211472815  0.000000
1211472876  6.753178
1211602894  0.000000
1211602945  647.560364
1211829233  4.724477
1211987961  4.180473
1212118946  9.164903
1212221338  9.773355
1212256798  0.000000
1212256828  7.450952
1212513061  4.679199
1212602808  5.013720
1212671302  6.674514
1212682316  5.858352
1211091313  4.376616
1211105370  6.720313
1211707878  7.206658
1212049347  5.090260
1212212681  7.540310
1212297497  5.237050
1212301392  8.732581
1212650025  6.849412
1212808653  6.191636
1211118802  12.202394
1211136869  7.168334
1211423728  0.000000
1211423789  7.206658
1211702223  4.391248
1212101853  8.311399
1212180441  6.291573
1212239008  9.611684
1212455255  12.641889
1212542567  7.326769
1212766256  8.466124
1212789098  7.964816
1212839035  9.613135
1212917773  7.253070
1211314614  4.582240
1211611172  4.801928
1212210555  7.124056
1212281446  2.322485
1212728902  12.202394
1212896989  7.025590
1211048846  11.265308
1211829044  6.849412
1211862650  4.757185
1212339564  6.961478
1212380418  9.307957
1212604995  4.184537
1212680164  7.025590
1212772137  6.742185
1211359415  18.936707
1211399634  7.206658
1211531070  12.009756
1211562038  9.141881
1211852459  6.280088
1211871425  9.862264
1211912236  9.470399
1211919774  0.000000
1211919792  9.784172
1211967703  0.000000
1211967763  13.220720
1212005330  7.326769
1212128622  7.115302
1212703095  2.359945
1211898108  4.964705
1211912990  3.755354
1212120191  6.325001
1212213058  6.910417
1212326545  10.522666
1212327374  4.881960
1212472272  8.106553
1212486132  6.705717
1212536298  0.000000
1212536358  9.613135
1212697721  6.910417
1212737312  6.763171
1212770558  14.845172
1212786711  5.149766
1212846974  10.211234
1211262823  7.025590
1211319772  0.000000
1211319833  4.881960
1211334402  9.900466
1211346585  11.987305
1211986625  2.251024
1212626768  0.000000
1212626827  9.773355
1212983552  9.778117
1211102903  4.659905
1211110085  11.691588
1211124935  6.421324
1211126144  16.387032
1211600918  8.006564
1211872591  7.367103
1211986668  4.801928
1212125009  6.906228
1212298955  4.029265
1212332619  9.315146
1212815960  9.591615
1212830470  9.613135
1213062992  6.226738
1211213922  7.168334
1211552338  6.288970
1211568640  7.168334
1211610883  0.000000
1211610885  17.833853
1211611021  22.495222
1211657815  9.472754
1211924318  0.000000
1211924374  6.371103
1211934549  9.773355
1212678903  9.773355
1212693006  6.763171
1212778411  6.910417
1213019365  4.724477
1213072358  7.712389
1211419294  14.411708
1212199246  12.758124
1211154808  9.956990
1211175412  4.231164
1211228394  4.229760
1211465225  4.043153
1211466809  6.257357
1211840308  6.102450
1212300079  5.325775
1212416789  7.025590
1212507981  0.000000
1212508036  0.000000
1212508096  5.090260
1212584305  17.412750
1212585158  5.230671
1211146292  4.724477
1211154399  6.322080
1211322378  10.456119
1211422404  4.881960
1212010417  0.000000
1212010475  4.881960
1212205554  13.514081
1212214255  4.434426
1212756955  4.582240
1212855154  4.881960
1212859996  4.582240
1211250269  7.050820
1211524522  14.366296
1212261043  10.019732
1212800340  2.479942
1212900521  4.881960
1212905515  4.659905
1211333634  0.000000
1211333696  8.287877
1211527950  12.288572
1211549999  6.485160
1211757144  6.737126
1211805750  9.872084
1211808133  6.910417
1211839807  0.000000
1211839867  7.206658
1212030234  10.522666
1212327705  9.335735
1212343318  7.289831
1212348566  4.659905
1212520131  6.574768
1212542645  2.090237
1212548327  13.585022
1212981370  10.731598
1211322197  8.884868
1211438687  5.884023
1211787665  7.527736
1211982017  2.986053
1211987067  7.144668
1212666001  477.600281
1212683588  7.326769
1212842928  9.773355
1211125201  9.613135
1211207762  8.741907
1211210520  4.659905
1211361221  9.630914
1211699601  10.231482
1211953494  2.479942
1212197859  4.506424
1212223927  4.881960
1211111911  0.000000
1211111940  12.219471
1211142840  7.326769
1211211700  6.910417
1211354770  4.582240
1211753611  3.872315
1211907697  0.000000
1211907760  7.085090
1211962241  7.168334
1212185173  7.206658
1212213403  12.027529
1212421549  6.586491
1212464386  8.136600
1212476301  12.056493
1212496701  9.315146
1211099793  9.470399
1211134819  14.205599
1211211317  8.614581
1211251366  4.801928
1211390480  5.474486
1211569367  10.132128
1211746434  7.326769
1211821104  5.660213
1211936645  0.000000
1211936708  3.732996
1212102784  0.000000
1212102848  10.471451
1212169797  6.660699
1212216770  14.273897
1212293125  10.661811
1212331583  9.773355
1212376293  7.579416
1212378576  0.000000
1212378637  0.000000
1212378644  0.000000
1212378677  7.326769
1212446136  0.000000
1212446223  10.494087
1212601513  0.000000
1212601574  9.939004
1212846831  10.110366
1211122496  9.470399
1211422959  0.000000
1211422980  10.461343
1211906521  6.937867
1211911065  7.206658
1211935984  7.235116
1212041032  5.962923
1212073600  4.881960
1212117840  6.371103
1212298727  4.230729
1212415053  6.937098
1212421702  0.000000
1212421724  0.000000
1212421843  0.000000
1212421903  0.000000
1212421923  0.000000
1212421984  0.000000
1212422044  6.635738
1212520254  4.582240
1212680395  9.599060
1212728398  14.881433
1212808924  7.444602
1211464496  0.000000
1211464516  4.433836
1211605970  9.021558
1211616059  4.507121
1211920865  4.582240
1211996837  4.582240
1212168112  2.438610
1212291222  4.659905
1212379421  7.025590
1212515603  7.206658
1212517851  4.295850
1213027520  7.680358
1211029959  9.386954
1211069525  13.711040
1211106112  7.168334
1211146352  9.470399
1211564086  2.438610
1211586665  0.000000
1211586725  9.317464
1211594105  0.000000
1211594165  9.613135
1211607484  2.398632
1211637132  6.910417
1211641450  9.472754
1211847108  2.438610
1211852424  4.881960
1211858962  7.168334
1211859839  9.773355
1211870856  7.206658
1211928833  2.438610
1212083998  9.315146
1212269066  261.961365
1212309060  10.284871
1212447173  2.286196
1212456587  2.660301
1212500970  11.837143
1212511628  10.680096
1212520292  7.850110
1212629269  4.881349
1212640053  6.561285
1212683364  4.881960
1212685567  4.823411
1212698754  2.438610
1212772688  11.886448
1213025498  5.006813
1211207654  7.395358
1212812243  6.849412
1212898420  8.836280
1212906758  8.989173
1212915969  11.721623
1213014374  7.233890
1211075698  7.326769
1211423604  0.000000
1211423664  4.881960
1211531857  4.801928
1212025072  9.432028
1212667424  7.326769
1212670867  0.000000
1212670927  13.948458
1212939708  8.115095
1211043837  7.326769
1211049272  0.000000
1211049305  0.000000
1211049308  12.204900
1211488149  9.322033
1211684423  8.824757
1211850730  9.119323
1212210829  5.962923
1212777757  6.977875
1212810075  6.374359
1212870519  0.000000
1212870553  9.339437
1212912878  6.248509
1212956052  6.650753
1211078975  760.324280
1211156596  8.282952
1211328201  9.613135
1211360510  7.050820
1211410247  0.000000
1211410313  7.712389
1211760961  7.168334
1211843359  12.036775
1211858520  7.168334
1211932544  0.000000
1211932598  9.118915
1212110885  0.000000
1212110946  9.773355
1212126450  13.941734
1212685690  9.117627
1211402689  6.937098
1211564667  2.660301
1211705292  6.516667
1211727698  4.506424
1211759350  9.773355
1211838554  0.000000
1211838615  5.962923
1211935797  9.759045
1211938003  2.438610
1212115111  2.398632
1212363456  5.090260
1212449969  7.168334
1212539573  0.000000
1212539600  8.907373
1212551024  7.326769
1212598244  0.000000
1212598302  4.881960
1212677628  9.470399
1212820912  6.124874
1212852833  9.613135
1212946037  7.137530
1211050739  7.090422
1211114363  9.759045
1211078719  0.000000
1211078779  3.384583
1211214129  8.106553
1211286274  7.168334
1211474213  7.326769
1211548302  6.386900
1211552313  9.340107
1211756640  5.553178
1211854970  7.050820
1212234996  4.161800
1212434504  7.723382
1212550298  20.517580
1212798051  0.000000
1212798107  6.650753
1212819440  11.000293
1212824527  10.513494
1211831386  4.165672
1212026780  9.611684
1212139163  12.202394
1212604332  7.168334
1212658483  7.200536
1212690234  11.692906
1212734478  12.219471
1213027170  6.386900
1213037175  2.986053
1211314697  7.457070
1211317887  7.326769
1211429746  6.441938
1211726439  12.184778
1211731241  7.168334
1211781841  9.773355
1211811247  8.463647
1211921385  4.852629
1212005920  4.881960
1212130588  4.433836
1212273693  7.693266
1212328652  7.206658
1212511464  4.649486
1212518764  4.659905
1212539573  2.322485
1212541090  0.000000
1212541151  9.162519
1212600598  4.659905
1212814270  4.881960
1212984370  4.881960
1212203084  2.286196
1212706957  0.000000
1212707024  17.952839
1212731404  8.548073
1211331209  0.000000
1211331266  12.019152
1211523378  9.124090
1211583665  0.000000
1211583725  8.884868
1212303806  8.807220
1212363295  6.750503
1212524936  12.015245
1212675025  9.773355
1212798605  7.206658
1212864454  5.090260
1211143787  4.506424
1211506033  2.438610
1211518323  2.566957
1211829958  4.757185
1212009176  7.269372
1212012129  12.219471
1212106032  2.438610
1212673304  9.470399
1212792708  0.000000
1212792769  4.881960
1212911242  13.754685
1212940580  11.189268
1213020956  13.814032
1211091760  7.326769
1211416867  237.897873
1211605661  8.878499
1211650960  5.678975
1212381192  5.003730
1212416183  9.613135
1212658332  4.801928
1212876379  0.000000
1212876439  2.216918
1211160521  0.000000
1211160522  0.000000
1211160545  81.195045
1211556762  6.684988
1212080758  3.846512
1212209558  8.081209
1212731794  7.723382
1213044735  6.910417
1211504628  0.000000
1211504683  5.424400
1211546435  7.168334
1211707423  4.094254
1211925666  0.000000
1211925726  5.006813
1211938591  12.219471
1212083130  8.463647
1212369436  0.000000
1212369450  8.606857
1212819823  6.882813
1212856546  7.168334
1213040186  5.230671
1211528851  6.257103
1211655822  7.593116
1211666303  4.229760
1211682450  10.603536
1211957606  9.470399
1212035019  7.101971
1212036221  6.910417
1212304354  573.944519
1212468489  12.202394
1212546542  8.241806
1212641883  7.582580
1212722301  7.206658
1211645168  6.798958
1211952943  9.444237
1211993714  6.868846
1212012311  7.579416
1212072071  4.757185
1212104631  7.168334
1212120274  6.798958
1212915999  135.989792
1212978189  7.168334
1211143654  6.482399
1211752624  11.193693
1211789440  19.480827
1212272024  3.984556
1212504153  0.000000
1212504213  3.678895
1212770854  8.240887
1212976489  5.854658
1211353035  2.151714
1211596831  4.576838
1211650910  0.000000
1211650971  6.736643
1211737271  6.485160
1212000868  0.000000
1212000896  0.000000
1212000953  0.000000
1212000956  2.885285
1212010934  4.576838
1212187423  6.280088
1212538690  2.438610
1212542125  11.108610
1212723091  6.206219
1212731593  9.611684
1212958093  2.438610
1211227131  6.737126
1211305870  6.798958
1211946006  4.184537
1211986005  7.326769
1212081973  2.438610
1212114088  6.763171
1212115859  7.050820
1212117793  6.616924
1212205365  8.498569
1212211436  6.848920
1212213350  4.582240
1212360301  2.216918
1212758886  9.055830
