1211218954  2.297513
1211255883  7.713027
1211665012  8.839402
1212204374  4.798678
1211074350  9.037427
1211145863  6.182882
1211384853  9.969339
1211062661  3.966109
1211301133  7.501211
1211318654  3.510981
1211843535  7.096257
1212030980  4.982837
1212098859  4.592446
1211057221  5.225766
1211253367  5.889433
1211838484  5.634284
1212301599  6.601656
1212804475  4.522254
1211589165  11.528867
1211941765  3.399522
1212548455  9.587271
1212807896  0.000000
1212807897  0.000000
1212807900  9.033203
1212907585  9.508635
1211069392  10.862215
1211079152  1.694257
1212620352  3.933045
1212696382  1404.737793
1211071568  5.728189
1211161848  4.596264
1211330444  2.711819
1211372018  18.767923
1211514069  5.051240
1212334766  9.190166
1212450378  10.091794
1212569613  5.488479
1212593585  8.709043
1212717531  6.148523
1211146888  8.183089
1212594367  0.000000
1212594428  0.164484
1212594497  6.026998
1212633469  9.397563
1211398177  7.157184
1211975871  5.978507
1212295934  0.000000
1212295948  0.000000
1212295951  0.189156
1212296011  11.520630
1211426051  7.205917
1211942980  7.489679
1212265211  1.951690
1212716158  27.220160
1212739655  5.242815
1212947469  6.550767
1211376143  9.926354
1212067954  11.731977
1212493210  10.718195
1211244177  12.874084
1212108889  4.419798
1212258101  3.659420
1212295711  6.618102
1212479566  10.091794
1212721988  0.000000
1212722052  4.389480
1212786096  18.420700
1212795166  3.569498
1213058277  3.399522
1211320672  9.552652
1211675257  2.749531
1212110170  7.230080
1212922784  4.572205
1211329091  5.524748
1211819974  3.569498
1211954765  4.798678
1212113225  6.386631
1212370958  0.000000
1212371020  0.000000
1212371080  0.000000
1212371135  0.000000
1212371195  4.200830
1212381285  4.227940
1212444411  4.105485
1212591550  8.120550
1212768468  6.364655
1211823478  5.543409
1211899027  6.386631
1212197546  2.757016
1211383473  7.980096
1211405499  4.079668
1211575774  6.873827
1212069852  30.720978
1212085837  2.711819
1212094723  4.980180
1212156100  4.572205
1212263428  0.000000
1212263431  0.000000
1212263491  7.778371
1212348997  5.634284
1212861103  69.732483
1211523158  7.345165
1211696661  8.027426
1212026296  7.459507
1212186593  10.172060
1212459738  3.687230
1213035678  9.695245
1212344794  4.017998
1212345040  7.328974
1212470331  5.169405
1212471280  6.300960
1211496805  6.410652
1211594817  6.281932
1211788526  493.396729
1211927552  6.735290
1212108654  8.411068
1212214408  10.797294
1212558676  5.925713
1212694783  3.569498
1213029485  11.536592
1211236561  27.040318
1211482053  3.454353
1211601554  4.570170
1211608098  0.000000
1211608129  2.474560
1211903944  3.510981
1212300674  301.268646
1212398385  151.906509
1212517659  8.738026
1213033687  7.066770
1211302251  9.037427
1211923212  6.026998
1211943400  7.148120
1212183274  3.629998
1212210648  10.753534
1212292855  12.372416
1212556361  13.808691
1211064146  4.985608
1211555968  3.347849
1212255147  2.193006
1212108064  3.569498
1212805812  24.837835
1211322366  11.845930
1211468393  4.227940
1211525795  7.751184
1212026893  4.419798
1212037088  13.731758
1212212574  6.873827
1212216497  2.417159
1212716283  4.679375
1212966538  3.346404
1211245105  7.357622
1211520842  6.369792
1212008464  4.759330
1212196982  3.824462
1212308478  6.246033
1212322350  10.311753
1212422681  3.399522
1212423890  5.816271
1212427505  6.513919
1212927773  9.898567
1211264848  8.885118
1211607720  7.831688
1211994183  5.728189
1212769538  5.207445
1212209198  8.749034
1213035519  5.640923
1212462972  9.667418
1212593404  7.983289
1212353893  6.484742
1212388225  12.941219
1212736832  5.410235
1212903634  2.179406
1211141660  9.640867
1211420595  0.000000
1211420613  0.000000
1211420615  7.742745
1212706967  6.912645
1212967478  5.728189
1211261517  8.458609
1211313565  10.819708
1211529192  1.984235
1211531311  3.732391
1211916776  8.741810
1212129836  4.419798
1212218482  9.412084
1212220203  14.086202
1212449354  0.000000
1212449413  0.000000
1212449505  0.000000
1212449573  0.000000
1212449603  0.540446
1212449624  6.207139
1212463868  4.720012
1212466732  8.823565
1212529239  9.127192
1212564820  7.668121
1212915132  3.021449
1211066119  6.386631
1211933284  2.757016
1212073541  4.419798
1212469318  2.651232
1212471926  6.281932
1212605636  8.321929
1212692908  4.980180
1212777765  4.995292
1212824227  1.286218
1212971958  4.199409
1212996377  6.496094
1211598194  17.123415
1211781081  9.124936
1212181376  6.137345
1212556244  14.247063
1212601754  5.728189
1212969994  4.419798
1211948959  3.391759
1212551274  6.137345
1211418782  11.419424
1211773526  9.849688
1212118602  12.574071
1212189565  13.125520
1212195681  8.184714
1212410786  6.410652
1212422900  4.454946
1212621551  1.755491
1211074377  9.036997
1211425702  0.000000
1211425706  5.251173
1212174219  16.140413
1212433845  8.594780
1212678139  8.911578
1212703691  3.510981
1211162918  5.063182
1211487300  58.575024
1211505128  17.260864
1211775080  7.312582
1212077095  0.000000
1212077140  1.096495
1212319318  9.875319
1212525912  8.384879
1212580856  8.451721
1211257649  29.275356
1211505884  6.386631
1212996127  6.989320
1211852940  7.719347
1211857154  6.900046
1212180895  18.253147
1212438050  2.953946
1212532188  5.728189
1212010815  12.234182
1212735954  10.922532
1211492724  11.000036
1211033964  9.546087
1211140440  4.924569
1211682282  3.502705
1211696043  3.282347
1211850283  13.935927
1211857791  3.630008
1212460139  12.179354
1212477756  13.049520
1212904430  9.999238
1211111531  6.904219
1211285451  8.924683
1211325369  10.494041
1211378101  6.887268
1211888562  6.723302
1211912037  1.096495
1212063132  5.634284
1212157078  5.207445
1212197047  34.385777
1212494982  9.853267
1212582046  5.728189
1212751542  5.728189
1212926287  7.014109
1213012516  5.320064
1211159894  11.436672
1211239349  13.380962
1212607592  5.234922
1211428025  0.000000
1211428085  0.000000
1211428094  6.517496
1211505049  4.821598
1211506948  5.978507
1211925896  6.000915
1212458950  10.091794
1212906591  5.577463
1211385472  5.634284
1211705340  15.991067
1211826227  6.606860
1212193792  8.292886
1212203131  3.634027
1212448758  8.650109
1212562785  9.589443
1212789838  6.386631
1211681995  7.663958
1212282483  5.728189
1212555341  2.658875
1212966583  10.634119
1213037054  5.455418
1212000462  9.066167
1212030468  10.222116
1212507068  5.728189
1212680774  6.364655
1211126722  7.214653
1211128375  5.543409
1211908690  6.126702
1212345642  10.819708
1212349665  7.473133
1212716947  5.728189
1212967479  1.174899
1211107644  8.338342
1211235778  12.187339
1211527856  9.575784
1211529435  4.065640
1211655362  5.728189
1212073094  5.141441
1212261850  3.244998
1212732859  6.960101
1212999034  6.197666
1213001118  8.383963
1212031426  0.000000
1212031482  0.000000
1212031603  0.000000
1212031668  0.000000
1212031723  1.488892
1212224871  0.000000
1212224873  10.635546
1212683042  1.926721
1211258860  11.556750
1212429392  9.849137
1212452615  0.000000
1212452676  0.000000
1212452736  15.180812
1212453056  8.927007
1212618411  2.757016
1211242567  9.585518
1211591933  3.990321
1211614421  2.445449
1211937845  3.569498
1212016386  6.072108
1212022643  8.904593
1212116877  6.606860
1212546491  0.000000
1212546519  0.000000
1212546521  3.209339
1212731076  5.648102
1211898997  14.624280
1212458418  6.522007
1212590308  9.470996
1212910173  8.862917
1211065149  5.728189
1211127372  8.108198
1211159061  7.619915
1212289867  5.177069
1212434247  6.833520
1212904022  18.712950
1211257042  18.016991
1212362974  10.341595
1212594740  2.017329
1212823467  3.510981
1212827571  5.438480
1212906977  0.000000
1212907046  4.143561
1212918396  10.127732
1211125886  7.811167
1211593193  13.567035
1211626325  5.297898
1212072981  18.881218
1212944744  13.799959
1211558763  5.869866
1211920635  7.139835
1212179539  18.638266
1212346358  2.962857
1212704030  7.755489
1211557056  6.143639
1211999717  5.522533
1212097537  11.893662
1212141030  9.297998
1212183743  2.803745
1212209864  7.320620
1212505192  6.494879
1211120984  9.849137
1211382312  5.063182
1211630472  4.138929
1211642140  6.947412
1212288266  11.712838
1212347714  315.517426
1212961262  5.728189
1211074241  1.610932
1211156746  9.279312
1211262065  3.007654
1211435138  3.629998
1211503497  4.277224
1211940575  8.454145
1212192767  8.210641
1212507439  6.494879
1212789116  12.234182
1212823930  0.000000
1212823945  5.593462
1213036574  6.248933
1211327454  5.232850
1211946585  5.320064
1212097522  6.180611
1212225135  9.045959
1212362139  9.584038
1212804690  1.814677
1212942219  0.000000
1212942244  0.000000
1212942280  16.940100
1212960266  7.453226
1213024070  5.287559
1212458888  6.373125
1212678028  8.695865
1212897335  4.055222
1212966230  3.700100
1211286645  29.889656
1211029086  11.464321
1211070403  13.200027
1211304207  17.544060
1212036758  3.244998
1212591945  3.007654
1212612477  4.254419
1212808877  13.450345
1212823986  5.946562
1212873015  9.564149
1211075739  2.757016
1212459263  2.711819
1212626982  5.825277
1212657273  5.533500
1212917608  6.075819
1212936445  8.628872
1212936643  6.386631
1212987445  14.673475
1211322680  8.904524
1211414951  5.514385
1211418840  0.167404
1211434149  2.461921
1211465474  10.151582
1212013425  0.493534
1212443588  0.365870
1212631984  5.895352
1212718286  4.735498
1212981230  9.599288
1211583202  6.177820
1211866084  9.772961
1212481788  10.604954
1212964153  9.174358
1211224388  5.287559
1211468779  5.728189
1211469356  3.083417
1211852133  17.056143
1212157939  4.745527
1212181951  3.933045
1212589576  5.634284
1213036259  8.587428
1211087029  1396.299194
1211151126  5.964018
1212126788  8.122610
1212128571  9.036997
1212770987  7.014109
1212966987  6.028517
1212018350  5.437821
1212633667  5.015380
1211135667  5.455418
1211347098  8.484329
1211564561  16.196161
1212234194  5.314163
1212235835  11.648223
1212452254  4.172764
1212527308  4.122813
1212634571  4.452504
1212679662  6.415218
1212680071  77.998520
1212789952  0.000000
1212789995  4.419798
1212797841  5.320064
1212965931  6.065824
1211390758  8.599736
1212085232  9.601753
1211240257  3.569498
1211804472  1.424877
1211152691  5.199763
1211167481  8.894977
1211909552  3.007654
1212038478  0.291009
1212038517  0.000000
1212038523  4.821598
1212244002  11.214463
1212512176  7.090397
1212627595  5.303758
1211755052  3.933045
1211775849  4.798678
1211826554  5.455418
1212458595  6.609449
1212532371  3.569498
1212989941  9.001917
1213020165  5.728189
1213037185  8.338342
1211716591  10.279873
1211988390  5.320064
1211992664  12.043078
1212104704  4.821598
1212263763  5.105887
1212460373  7.254633
1212630823  5.341513
1211382038  6.253005
1212373799  6.281932
1212547766  12.792969
1212555358  13.650119
1212188952  3.880605
1212258190  4.254419
1212550475  11.073040
1212852925  18.913609
1212967230  5.522883
1211425495  5.911182
1212111955  5.728189
1212449353  7.063481
1211162757  6.386631
1211430862  0.000000
1211430926  0.000000
1211430992  0.000000
1211431050  2.371222
1211778497  3.065583
1212534862  6.514364
1212824218  10.428667
1211044921  5.432248
1211123325  4.419798
1211698778  8.731452
1211907829  4.896387
1212016562  5.694633
1212149023  6.386631
1212347197  15.054131
1212770124  42.939674
1212913492  6.496094
1211212730  6.675694
1211418854  5.207445
1212630031  10.354251
