1211088725  4.074460
1211155521  6.574250
1211430933  7.509110
1211568729  8.775980
1212193738  3.883304
1212295304  7.598644
1212301111  12.868983
1212554227  5.750183
1212989084  10.080423
1211095529  7.375719
1211099829  13.869006
1211113393  8.916547
1211165442  8.260021
1211315637  5.433757
1211349357  7.889100
1211441198  3.890158
1211508873  5.271001
1211534799  7.324152
1211584714  4.391563
1211592558  4.817132
1211598950  7.164594
1211613805  5.811371
1211684802  13.598502
1211923249  7.624635
1211940517  4.144807
1212049651  11.087621
1212073504  24.423428
1212168750  5.742522
1212218802  6.675458
1212225715  8.852739
1212305581  8.960465
1212548289  7.853480
1212550195  8.367651
1212564197  9.116667
1212743835  5.647501
1213034766  0.677993
1211083255  10.799719
1211182347  9.738013
1211617955  9.373684
1211621534  11.509186
1211656633  5.100968
1211842362  3.384936
1211942739  3.540304
1212082825  4.360108
1212985507  10.820015
1212991006  8.758241
1211091473  3.667014
1211160563  8.400340
1211174053  11.745670
1211189443  8.512600
1211194128  9.738013
1211209335  1.010412
1211311319  5.271001
1211348072  10.012942
1211394552  0.996536
1211525675  12.415428
1211532363  9.423884
1211534072  9.250023
1211651149  2.966058
1211682720  3.695000
1211689777  7.091726
1211730001  7.362094
1211763042  5.794424
1211766920  4.911070
1212017297  9.530793
1212079784  3.941333
1212094128  6.177852
1212278716  1.846961
1212280967  8.634639
1212294380  4.697321
1212297121  36.600323
1212378331  6.286978
1212647151  11.063553
1212649065  11.276642
1212651604  8.124611
1212696497  9.903065
1212719777  0.557255
1212814218  9.738013
1212852091  10.113154
1211098218  11.013361
1211101605  4.335132
1211144458  5.348699
1211568909  7.182627
1211705973  8.791029
1211743512  6.503706
1212000908  9.194949
1212082920  9.984626
1212093258  8.443990
1212220765  8.988935
1212265349  6.588161
1212306198  9.345955
1212444766  5.552528
1212474735  9.578374
1212557656  5.518499
1212559857  7.206109
1212592076  4.655409
1212614621  10.494425
1212672900  5.433757
1212730139  1.853786
1212818014  9.896442
1212906295  7.874720
1211076649  0.840750
1211207506  7.951696
1211447756  8.775980
1211546391  12.926847
1211615534  10.839972
1211619354  10.438244
1211801203  11.047746
1211964169  5.411623
1212054171  9.135178
1212278874  1.936062
1212413328  13.990194
1212517511  8.124611
1212581191  8.855350
1212810121  7.981553
1213023099  6.905646
1211089675  5.576220
1211120745  3.941333
1211268188  12.527441
1211359345  4.858462
1211616222  8.778549
1211657477  10.866301
1212175844  8.383281
1212375593  8.637928
1212381663  8.033149
1212395928  13.272504
1212500910  3.520158
1212567892  10.664016
1212649614  9.738013
1211097928  8.602000
1211126889  9.738013
1211318311  3.941333
1211327803  6.266243
1211334472  19.185282
1211695803  8.540025
1211703370  8.527365
1211712577  1.541748
1211835058  8.037355
1211872581  11.446930
1211918471  5.548422
1211954094  10.971741
1212092151  9.738013
1212301399  12.049884
1212309489  8.270505
1212396826  9.010932
1212433410  4.118412
1212443044  3.714417
1212767827  4.534564
1212779544  12.425923
1212849155  9.738013
1212887580  8.925714
1212892055  1.426797
1211098076  7.035062
1211478286  5.641201
1211675566  7.508934
1212041374  10.969613
1212270256  4.309951
1212380783  10.073808
1212734922  11.529471
1212739039  1.541748
1212825362  7.980499
1212897527  3.351842
1211033297  9.264377
1211102452  9.210629
1211152843  5.805840
1211223971  1.900788
1211407149  3.638154
1211472048  4.894952
1211552043  15.513461
1211679956  8.608679
1211744211  5.967171
1211779831  11.004084
1211788786  17.416891
1211774110  8.030881
1211781954  1.242182
1211846172  3.646009
1212161450  7.104764
1212193270  3.035493
1212220635  1.730200
1212387864  15.939200
1212475515  7.530431
1212642840  8.778549
1212644096  5.483727
1212807223  5.794424
1212902389  7.220201
1212912068  8.365945
1212989543  10.749244
1212998207  13.341271
1211057809  8.260021
1211465315  11.193913
1211539803  6.477869
1211564124  6.930353
1211971565  8.775006
1212429965  4.083745
1212616380  4.339489
1211046554  9.689129
1211241778  9.167603
1211249544  2.142345
1211252102  3.975920
1211265420  10.433586
1211336227  4.251154
1211381368  0.840750
1211438020  8.777225
1211439555  3.584545
1211526191  1346.784790
1211535751  6.015096
1211608402  4.075684
1211660706  8.115011
1211685727  5.759693
1211741320  5.145007
1211773559  6.728937
1211776041  1.621493
1211778877  9.963550
1211940942  4.531589
1212001856  1.821263
1212021512  8.988935
1212037515  9.738013
1212042202  11.151024
1212140140  8.800434
1212207423  3.908657
1212214816  12.063462
1212308502  9.934556
1212719948  1.046611
1213023920  5.271001
1213063760  3.646009
1213068625  1.887491
1213075119  8.408347
1213078394  12.309417
1213082241  9.903065
1211105837  10.927686
1211214971  4.773504
1211360561  10.982010
1211370638  15.042806
1211434511  8.825913
1211484698  4.622537
1211527613  126.223518
1211600037  10.257648
1211612208  10.199211
1211616429  6.081924
1211763422  6.053812
1211782197  8.059862
1212038605  9.578374
1212131304  8.383275
1212134872  9.959847
1212212947  9.208892
1212215644  6.830078
1212287782  8.355004
1212363406  4.283703
1212379683  8.621215
1212381726  0.959659
1212389290  1.446871
1212391508  10.114311
1212420913  6.559999
1212473317  9.829367
1212476803  9.735571
1212566921  11.709872
1212573941  4.271546
1212730432  10.623288
1212829998  9.195214
1212893885  11.024166
1211076933  5.904670
1211181518  4.318633
1211193878  8.775980
1211198122  16.431593
1211662037  4.736223
1211775895  6.201177
1211790559  5.271001
1211795061  5.015776
1211873207  9.864651
1212037897  5.232535
1212743729  8.947122
1211099624  10.094204
1211439719  1.452843
1211515069  4.895360
1211516273  6.316552
1211520455  10.457840
1211546934  8.849684
1211612993  4.941563
1211646472  5.271001
1211692828  5.271001
1211696808  10.365514
1211737448  6.221610
1211861909  4.251154
1211888304  16.885061
1211945727  6.037508
1211977211  11.078012
1212085029  7.524471
1212215801  9.354303
1212234715  9.738013
1212305489  11.402065
1212307555  8.628668
1212472183  1.516881
1212806961  7.152276
1212873710  4.556464
1212908200  9.501721
1212913850  9.423884
1211632980  9.423884
1211641374  12.309417
1211691212  6.396726
1211708144  7.099373
1211750650  1.424948
1211785885  9.001578
1211944654  8.481586
1211960284  11.350471
1212351521  3.511930
1212381212  0.924536
1212392156  8.615662
1212396439  9.738013
1212475157  10.286400
1212850312  9.578374
1213004473  9.738013
1211611184  5.612001
1211766253  10.248100
1212298232  2.676095
1212314644  5.473723
1212457608  3.793462
1212469833  4.545803
1212642618  10.001812
1212716936  5.271001
1212729933  12.052768
1212811924  2.140525
1212825564  12.482105
1211056145  12.501534
1211057500  9.354303
1211062735  8.637158
1211102704  12.469433
1211121995  4.182972
1211129438  72.616280
1211129811  9.437829
1211134725  4.895360
1211141862  7.884381
1211267047  73.122147
1211273948  7.866385
1211313126  8.260021
1211702725  6.405935
1211732219  12.075812
1211733618  9.501721
1211762414  7.755128
1211769765  11.366778
1211874954  15.731476
1212004752  1.143863
1212067942  27.516790
1212222475  9.738013
1212314317  6.279704
1212331901  9.883628
1212434636  6.512701
1212487802  8.184821
1212912664  3.941333
1211171756  9.320395
1211597717  5.456744
1211612067  9.223290
1211616328  8.996766
1211640447  8.720610
1211669730  6.685874
1211684244  4.534564
1211708632  13.822008
1211712223  2.513338
1211713393  2.513338
1212037598  4.620317
1212185679  5.452759
1212227699  9.095856
1212305246  9.916723
1212313023  7.978163
1212735300  9.738013
1212737834  12.613691
1212744737  14.581308
1212893981  7.354885
1212901075  11.347368
1211019204  10.788513
1211076435  4.911070
1211342261  7.175026
1211373023  11.063553
1211416092  4.689808
1211448845  9.345955
1211453433  17.495970
1211506991  5.271001
1211575738  5.072423
1211688393  3.941333
1211700670  9.059635
1211845249  1.029454
1211850119  3.860014
1212052824  10.337556
1212126055  10.173844
1212134069  12.487844
1212217305  44.944679
1212299077  60.832642
1212309305  7.355989
1212342881  4.697321
1212478065  11.887719
1212546264  4.271685
1212547403  4.425437
1212715583  5.433757
1212976418  8.260021
1212990601  8.925764
1212999366  9.345955
1211191978  8.715341
1211247832  0.677993
1211370357  15.342920
1211443253  8.860597
1211484685  7.713659
1211493180  1.792171
1211554991  0.726559
1211566864  5.477280
1211781547  4.481768
1211950961  6.761528
1211999836  8.633129
1212037043  7.418492
1212046771  4.534564
1212126163  9.350185
1212249567  5.686369
1212419394  4.960840
1212470873  10.001754
1212472611  7.571783
1212560593  6.249432
1212640699  10.924095
1212716912  4.211924
1212860726  1.936062
1211133449  1.508619
1211153508  2.515744
1211250318  9.345955
1211307418  3.814193
1211335187  4.355988
1211422386  4.539122
1211439930  6.195016
1211497584  4.080468
1211595094  5.639619
1211603621  13.198821
1211661386  5.158892
1211687704  6.409370
1211773362  6.136145
1212035886  2.986953
1212207698  8.778654
1212297007  7.854992
1212385658  8.260021
1212523173  9.614236
1212560416  12.004786
1212635722  3.746327
1212720691  6.648608
1212760431  3.645171
1212801837  8.095413
1211091918  9.717671
1211102763  7.248831
1211141477  4.229714
1211425518  10.417301
1211524990  9.010932
1211530165  8.495370
1211600434  0.666879
1211604194  8.260021
1211605980  8.775980
1211705597  9.738013
1211852126  7.523585
1211857928  4.556464
1212296727  8.007950
1212554836  9.208892
1212557617  4.716928
1212637438  9.354303
1212762722  4.042033
1212830248  5.271001
1212894141  5.433757
1212900345  7.148051
1212973691  4.525843
1211020602  4.895360
1211156435  7.324241
1211340999  8.360523
1211400289  5.500042
1211584853  4.272425
1211611106  2.242739
1211617962  9.210629
1211653266  10.345258
1211674283  8.408347
1211685369  10.449622
1211687128  4.534564
1211761447  0.826967
1211767902  8.289179
1211773703  1.968876
1211781235  11.574746
1211787769  3.483207
1211792966  7.633521
1211793718  9.738013
1211954822  9.738013
1212025348  3.540304
1212033551  9.962388
1212042365  9.422316
1212043005  5.271001
1212202991  11.152440
1212224172  10.394645
1212279648  6.920777
1212289796  8.146262
1212336304  3.941333
1212433943  7.428828
1212472687  4.563243
1212722336  5.592010
1212883226  6.522240
1212895835  7.874720
1212936628  8.396174
1211466022  8.053280
1211823314  8.408347
1211862029  5.184591
1211942910  4.534564
1211973464  11.880605
1212073274  3.072304
1212587694  12.431507
1212732061  9.528090
1212741471  9.036517
1211164414  3.695000
1211226005  4.697321
1211441085  9.738013
1211561162  9.709331
1211761591  5.263978
1211948303  8.295525
1212175546  1.201417
1212344215  4.101081
1212371018  1.416780
1212373787  9.471689
1212379632  8.260021
1212599243  8.585231
1212777297  3.570462
1212785779  5.647501
1211154168  8.778549
1211265861  9.274299
1211307270  7.676071
1211307783  3.427246
1211514789  5.497592
1211522731  6.990013
1211615047  9.093447
1211690203  5.393141
1211821805  10.433586
1211957414  9.644548
1212122510  10.284204
1212173678  7.168571
1212303926  9.413972
1212459263  4.286754
1212459527  8.284479
1212540687  1.201417
1212614028  1.567443
1212700365  2.787822
1212702013  4.657506
1212731731  3.841870
1212811711  8.711205
1212883967  14.474246
1212909203  5.881631
1212987245  10.271215
1211036341  3.967180
1211105936  9.914154
1211355746  5.655165
1211443846  7.724164
1211605717  5.271001
1211607519  11.391159
1211619613  1.469478
1211741365  2.002788
1211853973  1.516881
1212112670  5.062737
1212123017  3.617177
1212222822  4.868151
1212271878  10.618812
1212313295  5.271001
1212644016  11.745670
1212288983  9.060362
1212647000  7.895687
1212909708  7.725246
1212985322  12.701757
1213000178  11.010407
1213002511  10.162957
1211408529  6.816969
1211486832  4.833959
1211490565  8.230703
1211623752  1.679404
1211667365  9.095856
1211769132  13.321661
1211890475  5.647501
1212134938  2.973254
1212161788  5.238181
1212171491  2.994488
1212236721  6.015096
1212237084  5.468269
1212413908  11.709872
1212474128  8.770820
1212562742  7.859855
1213072263  9.040614
1213084493  9.981558
1211096912  7.017975
1211287081  7.874720
1211314979  1.936062
1211346251  11.238224
1211380488  4.144695
1211850458  1.181721
1211868513  9.079425
1211871296  16.970890
1211945965  8.634639
1211955016  10.544926
1211956330  11.597019
1211960110  8.854012
1212006147  6.051905
1212045375  9.320395
1212047723  6.221610
1212048974  5.916487
1212050397  8.260021
1212311957  9.501721
1212388280  5.155796
1212468579  1.567443
1212522179  9.578374
1212566648  11.288340
1212568718  11.790769
1212632137  3.941333
1212656167  12.190412
1212765497  3.548723
1212817636  9.578374
1212985698  9.501721
1212987014  14.408817
1211096095  6.214283
1211118614  7.529279
1211285329  14.365810
1211306402  7.540303
1211325606  4.556464
1211436245  10.017680
1211545650  11.003797
1211553732  4.534564
1211555370  7.966831
1211633391  8.584558
1211687267  8.690006
1211728615  8.634639
1211732819  10.198963
1211796043  9.578374
1211878772  8.775980
1211881904  10.736875
1211882374  6.980352
1211882798  11.087621
1211884367  9.530178
1212004413  5.184591
1212100069  8.252011
1212147328  8.775980
1212151578  9.428702
1212152185  9.274299
1212197973  3.814193
1212225325  8.931057
1212296607  7.819168
1212302890  0.855000
1212327396  14.078704
1212331664  6.098233
1212333200  10.370626
1212341160  6.297909
1212416645  0.996773
1212430269  4.773011
1212484007  9.001578
1212637386  6.852289
1212734339  0.641794
1212737895  8.408347
1212805933  3.167315
1212909781  8.119123
1212914043  10.597852
1212920031  8.229890
1213019072  7.686620
1211096507  8.637928
1211338753  4.392500
1211340780  3.964810
1211518509  5.559701
1211611959  3.729166
1211696985  8.124611
1211751617  0.641794
1211776946  10.311867
1211782199  12.096495
1211791297  9.855130
1211945721  13.943787
1211996820  8.017576
1212023324  0.954187
1212166200  17.557468
1212210596  14.381185
1212215627  8.720610
1212372434  6.085375
1212383410  11.886427
1212477186  9.345955
1211045603  4.690929
1211418550  5.692568
1211594903  7.676071
1212302231  10.505263
1212492538  13.990194
1212548478  10.073808
1212618754  5.547166
1212637435  1.232715
1212723769  2.215989
1212914832  4.205532
1211035580  7.456313
1211055454  5.348699
1211098741  7.315166
1211153707  1.622063
1211163094  5.742522
1211167115  2.090867
1211174221  9.072088
1211245891  5.815206
1211263610  8.467838
1211267497  20.107012
1211602540  11.256929
1212028685  4.299636
1212261316  4.449800
1212339090  6.448807
1212820224  4.222857
1211059830  2.090867
1211080599  0.645708
1211181624  5.271001
1211201217  4.534564
1211248771  7.993569
1211252248  3.941333
1211334366  4.427675
1211383562  7.425378
1211421908  4.789333
1211517138  4.239296
1211546327  8.728318
1211592993  4.556464
1211616074  9.770780
1211709743  7.759770
1211724686  9.578374
1211770454  4.713583
1211791830  10.433586
1211817542  9.763247
1211826518  1.271066
1211844862  1.046611
1211890787  12.732535
1211940033  3.714417
1211952741  5.271001
1211954602  1.541748
1212026280  5.794424
1212070216  4.903183
1212152577  10.218583
1212216454  8.388016
1212267743  5.058117
1212293995  11.448302
1212297981  7.691244
1212339497  8.544849
1212390655  10.618812
1212456704  3.407706
1212634880  6.454287
1212788386  4.881925
1212901495  2.074352
1212910137  9.898335
1212960936  5.271001
1211018716  8.854012
1211023832  8.778549
1211047256  9.738013
1211108736  9.501721
1211265131  4.998744
1211343019  9.501721
1211414003  6.816741
1211426145  8.408347
1211438601  8.108082
1211699536  1.597108
1211773862  9.936386
1211863186  11.349812
1212119886  9.345955
1212148052  8.029624
1212325159  9.738013
1212348934  6.635235
1212721388  8.801633
1212724690  6.195476
1212735371  5.322422
1212816762  8.260021
1212821238  12.066738
1212966097  9.175093
1212981451  4.830560
1213011609  11.842058
1211102212  21.329859
1211255958  1.844051
1211263965  4.644784
1211264804  9.984684
1211267546  3.941333
1211277627  14.836882
1211504557  5.856668
1211533468  16.377306
1211809114  5.985754
1211809478  6.413308
1211813610  5.525312
1211814150  7.431121
1211827447  2.829395
1211828136  0.677993
1211830879  2.660268
1211984530  11.402065
1212154625  11.580043
1212559612  6.068598
1212986939  45.564636
1213078600  1.212494
1211117937  12.894053
1211118200  9.049258
1211266798  5.495814
1211268870  14.452113
1211268980  12.647599
1211290154  10.533314
1211346524  6.501714
1211424962  3.814193
1211442986  5.452759
1211526707  8.616649
1211547584  7.723986
1211610136  15.030980
1211645956  4.512960
1211678674  4.926666
1211982085  10.796120
1212038796  9.078600
1212041114  9.208892
1212118197  10.711388
1212224271  10.513400
1212281271  6.306685
1212306021  6.754641
1212308707  3.098885
1212382290  4.618588
1212451889  5.097030
1212456853  4.480429
1212467491  4.272425
1212552259  9.753068
1212571072  16.288666
1212575348  7.852901
1212646650  8.268960
1212650765  9.763247
1212826901  12.277481
1212871110  4.044107
1212890096  5.271001
1213018157  16.281008
1211280581  8.820399
1211785127  3.490150
1211800945  10.544858
1211842599  8.486146
1211952637  7.400248
1212033278  10.937281
1212039293  3.876721
1212219586  12.482105
1212226402  3.876721
1212289896  4.911070
1212301247  9.520966
1212441520  5.125056
1212460212  0.826967
1212530892  4.413471
1212531134  11.915380
1212724502  8.775980
1212751051  6.018318
1211093287  9.705864
1211244314  1.469478
1211521117  10.141979
1211595098  8.260021
1211794920  6.768511
1211975044  10.457840
1212012664  5.500338
1212356232  5.271001
1212460889  5.271001
1212733388  10.444734
1211094807  5.794424
1211097593  8.383872
1211179048  9.707654
1211535028  4.148772
1211572679  7.728437
1211650158  7.033817
1211674383  8.408347
1211813418  10.979714
1211863147  6.708030
1211879476  9.738013
1211892251  9.738013
1211942367  1.821263
1212018808  7.052660
1212198890  5.862986
1212219758  9.008362
1212223566  8.775980
1212505396  3.297780
1212583531  11.231499
1212711345  7.109270
1212825568  8.288970
1212831020  9.537771
1212980850  4.130011
1212992044  12.567579
1212995777  12.211542
1213030456  4.620317
1211071341  1.549433
1211096981  10.670259
1211103469  0.767540
1211158668  16.694384
1211337236  5.967171
1211436310  5.271001
1211514542  11.011566
1211593553  6.526258
1211624482  8.341400
1211682928  4.389275
1211777798  8.384215
1211786882  9.738013
1211788394  11.507110
1212031504  10.506682
1212053980  9.738013
1212099820  5.038630
1212121587  9.520802
1212368198  4.657826
1212647070  17.789106
1212757158  10.595490
1212910359  3.122464
1213004199  7.851313
1211036341  3.967180
1211148895  6.051905
1211250163  1.205726
1211403844  5.418784
1211618555  13.568248
1211679486  4.534564
1211812887  17.596457
1211850267  2.033980
1211893973  12.068914
1212247292  4.534564
1212359636  5.271001
1212489038  9.362374
1212689559  8.495370
1212804755  4.080415
1212831790  11.010407
1212931959  8.148919
1213008347  5.271001
1211141036  1629.437134
1211434587  12.211522
1211911709  9.819904
1212372896  2.412454
1212719759  3.200845
1212797723  3.511930
1211095362  8.758518
1211178497  11.211129
1211259435  1.701836
1211379551  12.211542
1211417177  2.763077
1211430306  10.514916
1211710762  8.306186
1211945894  4.669682
1212044609  14.581235
1212054432  7.874720
1212106468  6.694934
1212143059  15.786942
1212210923  3.886770
1212295942  2.520164
1212810600  10.618812
1212899654  7.602632
1212925727  9.578374
1211165910  9.327692
1211180067  2.701481
1211279638  12.277481
1211320150  8.316423
1211605677  7.634613
1211620150  18.152292
1211685771  3.592000
1211880944  7.807302
1211881065  8.744127
1211881515  1.541748
1212114679  6.815412
1212187556  8.528968
1212290414  10.618812
1212313724  13.040604
1212630524  4.480901
1212630864  9.081626
1212738175  9.578374
1212743421  9.004116
1212745914  1.674245
1212748684  10.444734
1212916542  14.051785
1212922995  9.532190
1212962280  8.260021
1212994459  9.411531
1212999391  7.918513
1213000682  13.435981
1211019232  2.472136
1211045731  5.020000
1211256794  5.441595
1211257215  4.104090
1211259831  6.325201
1211270835  5.985754
1211272161  9.738013
1211307080  3.975078
1211359708  8.778549
1211432702  4.077241
1211444419  9.578374
1211451017  8.705777
1211579324  5.271001
1211699391  9.882096
1211952394  10.623288
1211959648  9.568390
1212011267  6.866044
1212032005  2.208766
1212042546  12.237737
1212049767  9.095856
1212113389  6.978247
1212311040  10.459156
1212312208  7.104764
1212316600  8.262630
1212399936  8.778549
1212432351  4.088983
1212446066  0.729820
1212676613  5.271001
1212781261  3.941333
1212856778  10.618812
1212914109  7.852901
1212974890  5.088893
1212988707  2.074352
1211125390  8.770820
1211158482  3.692353
1211256233  6.003890
1211261338  9.483046
1211265405  5.499535
1211433013  7.735153
1211666730  26.095610
1211683167  9.223290
1211775183  6.507253
1211783371  12.075812
1211787315  5.433757
1211813441  23.108896
1211821530  7.507731
1211821899  7.444230
1212037173  8.607406
1212116913  10.799719
1212138303  9.940441
1212140102  10.441461
1212236622  10.863617
1212240984  10.292794
1212295703  3.850763
1212295837  5.452759
1212335270  10.343268
1212497441  9.829367
1212517327  5.271001
1212534334  5.768504
1212646836  8.160412
1212679047  7.509110
1212702482  6.776000
1212774159  4.646872
1212933482  8.799052
1212945068  9.641297
1212998345  8.511249
1211099155  2.692862
1211102293  1.571338
1211442607  3.769897
1211443729  10.968322
1211511908  8.113024
1211608122  7.206953
1211620620  9.724444
1211647816  10.135787
1211781560  5.271001
1211879093  8.634639
1211944093  7.980499
1211951960  2.829206
1211954945  5.057156
1211960253  11.776024
1211962372  9.738013
1211968337  8.927815
1212047165  14.371279
1212047505  9.738013
1212128807  8.291492
1212201595  6.767543
1212220198  13.462922
1212221751  11.639361
1212731797  7.324152
1212827023  8.097435
1212914866  9.210629
1213003218  5.271001
1211099636  8.850892
1211164618  12.482105
1211176032  7.691244
1211182948  10.983526
1211237300  1.516881
1211576333  7.889100
1211704237  3.814193
1211707934  9.362374
1211790987  12.718359
1211849423  4.026740
1211949622  9.689014
1211964084  9.578374
1212204620  0.726559
1212461114  1.567443
1212610531  10.444734
1212643659  9.091463
1212965761  4.299636
1212992594  10.623288
1212997127  15.561523
1213001181  5.134967
1213077806  9.365230
1211080413  12.671550
1211095943  11.887719
1211102578  9.036517
1211319679  4.822803
1211403889  3.492394
1211729711  3.941333
1212082428  7.730898
1212136059  5.524667
1212195115  7.060639
1212223025  5.360377
1212450713  4.026640
1212723243  9.459199
1212810444  14.292044
1212815257  1.567443
1212816998  9.362374
1212910328  8.452607
1212912575  11.529967
1211252578  9.738013
1211254221  3.890292
1211254946  9.151807
1211328572  3.646009
1211698582  10.618812
1211944210  10.688165
1212123057  8.840024
1212216000  5.258475
1212815838  4.122332
1211101541  7.755128
1211120509  5.548422
1211524006  13.279110
1211615500  4.815108
1211946434  3.587059
1212110684  5.353161
1212208888  8.183253
1212299333  7.801978
1212303540  6.028750
1212381959  9.738013
1212875522  9.362374
1212942917  12.926847
1211314175  5.158461
1211603235  3.646009
1211622731  10.801977
1211738744  5.271001
1211842942  8.124611
1212174243  9.095856
1212268827  8.854012
1212731437  3.244125
1212802003  0.846895
1211143858  2.210989
1211163441  8.174170
1211260471  8.310418
1211275943  9.578040
1211355676  9.578374
1211453153  9.281786
1211519127  9.738013
1211521545  13.922380
1211523652  11.178495
1211524555  12.379123
1211530666  10.018723
1211535921  8.197221
1211613354  9.208892
1211614513  8.854012
1211693044  16.457611
1211742987  8.224534
1211767365  10.094947
1211773535  2.892154
1211804081  9.501721
1212125972  9.413696
1212133666  11.579911
1212200395  3.253673
1212207221  1.029454
1212269069  3.941333
1212312201  6.345775
1212467277  13.830451
1212470307  12.409474
1212482999  9.240578
1212484829  9.362374
1212567021  8.656191
1212568243  8.777225
1212570069  9.501721
1212862516  10.862337
1212992395  7.833644
1211078872  9.770780
1211095451  0.641794
1211439356  7.560385
1211638381  9.095856
1212224713  10.090016
1212694628  5.433757
1212778019  3.808766
1211104210  6.980352
1211149586  5.412156
1211155883  5.100968
1211182412  9.910014
1211185426  9.829367
1211548168  13.748281
1211609778  12.536829
1211660867  6.291862
1211690680  8.946743
1211704270  9.922751
1211707113  10.499355
1211859492  2.996734
1212075469  5.548422
1212202886  9.875846
1212369968  6.034457
1212376450  8.566776
1212545742  9.761659
1212865400  3.876721
1212936812  10.603332
1212959845  6.836267
1213004407  5.985754
1211136485  6.865920
1211267749  9.274299
1211623674  11.333310
1211685388  4.600636
1212114268  3.570462
1212140034  11.024166
1212229429  12.696674
1212230683  11.193913
1212465842  9.095856
1212483989  10.276270
1212561880  9.585545
1212574342  4.534564
1211046679  3.407706
1211055469  16.211143
1211215630  13.802406
1211221951  5.074782
1211324792  3.776324
1211519831  5.038405
1211546035  9.738013
1211590830  4.556464
1211706991  8.144138
1211708504  10.180415
1211729712  4.697321
1211741589  6.489801
1211861137  9.853456
1212031950  6.593600
1212032126  8.124611
1212107706  3.931129
1212188501  3.441893
1212203629  3.667014
1212281869  12.218287
1212373124  8.022814
1212770204  7.724853
1212817130  9.501721
1212894613  5.737238
1212907545  7.360660
1211173008  9.501721
1211254274  7.443140
1211265896  13.169311
1211283311  6.583045
1211375540  10.457840
1211514419  10.330791
1211519577  6.512701
1211521289  2.881957
1211610957  13.677130
1211651273  5.531604
1211685981  4.791819
1211711500  4.074460
1211774471  6.928405
1212124474  8.800833
1212229653  11.322073
1212291236  9.160007
1212306237  3.465463
1212383111  19.563345
1212395790  15.195275
1212459724  6.051905
1212568607  9.738013
1212627024  5.639619
1212637246  3.351842
1212651403  6.634471
1212654679  9.707654
1212691568  7.246318
1212714308  3.776324
1212724149  8.946743
1212732680  5.524215
1212751696  10.801977
1212899532  3.695000
1212914661  5.856668
1212983128  0.916848
1212983495  8.778549
1213035543  8.174030
1211030361  8.595365
1211082003  6.728937
1211372974  14.102631
1211488213  1.046611
1211608326  8.260021
1211667119  4.635082
1211814556  10.635092
1211860987  4.409481
1211975807  24.754673
1211995526  9.829367
1212361148  4.388288
1212425435  2.881957
1212480475  3.297992
1212587049  16.666517
1212692480  10.324682
1212827575  9.754504
1212902160  8.050319
1212978386  6.202572
1213023391  9.501721
1211184163  9.345955
1211237359  8.850022
1211250036  4.939780
1211252464  7.140925
1211263373  12.211542
1211266687  9.501721
1211310190  1.567443
1211403632  10.030988
1211482830  4.460227
1211499422  7.619579
1211510556  1.936062
1211612055  2.676095
1211615328  10.198146
1211770135  9.738013
1211783713  8.778549
1212014424  31.398342
1212024836  6.347943
1212149506  10.345258
1212164312  4.518001
1212210210  10.444734
1212222026  8.632112
1212393823  9.362374
1212494699  3.941333
1212532265  8.408347
1212669969  8.850022
1212757462  16.829321
1212798577  5.344679
1211059830  2.090867
1212816011  9.448582
1212893611  9.274299
1212980164  16.077995
1212992349  9.843820
1211064868  3.378285
1211145293  7.397137
1211199693  3.905540
1211299293  3.655272
1211300746  5.719548
1211309941  4.778631
1211462852  11.619823
1211492744  1.676395
1211511577  9.349489
1211666084  3.729166
1211668893  4.865539
1212269516  5.145209
1212270949  2.644232
1212300084  9.221387
1212334272  8.632112
1212636053  8.866984
1212644651  10.984978
1212654571  6.928405
1212745654  5.376591
1212908169  12.298102
1213005989  10.457840
1211155807  9.738013
1211161392  10.515775
1211267567  5.025057
1211268021  9.799070
1211416691  2.700737
1211835869  9.345955
1211853752  5.639619
1212047143  10.031115
1212454774  5.184591
1212455844  7.243964
1212817833  7.993569
1212910043  4.388288
1212916227  8.204895
1212965002  7.906501
1212994470  16.471395
1211094778  5.518499
1211123268  7.047816
1211163342  8.778549
1211179560  5.271001
1211460988  9.217456
1211640979  5.452759
1211680141  5.207262
1211700189  8.371140
1211721139  2.513338
1211727297  5.016416
1211734575  3.422392
1211739941  0.635619
1211744871  7.597387
1211778032  7.889100
1212059139  11.193913
1212105018  6.747487
1212190819  3.837481
1212205630  11.689276
1212212643  12.211522
1212225194  9.501721
1212274483  4.737445
1212584793  11.903087
1212673775  6.415318
1212758041  10.444734
1212923536  3.297780
1212936623  8.916547
1211090845  6.116503
1211099202  9.530781
1211183723  9.703427
1211334544  4.911070
1211397710  4378.000488
1211519872  10.660871
1211527117  9.641410
1211528992  9.223290
1211608088  1.383038
1211611570  9.904247
1211620534  10.975958
1211697841  8.389467
1211724387  14.072286
1211730245  9.349482
1211747667  2.643571
1211764895  3.941333
1211766890  10.259265
1211790175  4.858462
1211873475  5.199524
1211920650  5.489525
1212090187  7.504277
1212210957  8.207512
1212219251  6.492374
1212387638  9.402835
1212657081  9.738013
1212721020  11.203379
1212828799  12.195865
1212888627  6.635029
1212897695  2.825319
1212902680  12.893088
1211166808  8.783658
1211086965  337.549957
1211087540  3.407706
1211239503  5.547166
1211247016  1.567443
1211436524  16.081636
1211480163  6.887681
1211511374  3.941333
1211654453  2.056590
1211659125  0.917182
1211788942  5.108808
1211808904  8.333841
1212155151  9.106981
1212212977  6.604984
1212214947  11.402065
1212224733  17.021053
1212369252  8.161139
1212476154  11.152440
1212488497  4.815108
1213010858  13.344741
1213028236  8.606291
1211346061  6.659341
1211357226  9.540648
1211591518  6.683439
1211592297  5.360340
1211810457  11.709872
1212010904  9.641763
1212146928  12.680698
1212419300  5.353199
1212437286  3.485837
1212458373  5.750183
1212545581  3.365352
1212553229  5.547166
1212733074  9.395967
1212983876  4.111013
1213082215  9.383159
1211058432  22.782318
1211083803  8.775980
1211097478  9.578374
1211118646  9.662767
1211121617  9.345955
1211179300  9.345955
1211250042  8.889667
1211424802  5.020000
1211436241  6.302613
1211479062  5.339392
1211505166  5.935532
1211601504  9.892515
1211787084  9.345955
1212212900  8.592584
1212630181  8.961455
1212648790  8.321723
1212692465  9.521058
1212801951  1.567443
1212806402  5.794424
1212813343  9.501721
1212845836  7.993569
1212975415  5.935532
1212991129  0.687636
1211098327  3.251885
1211216591  15.619414
1211440516  5.561361
1211479351  8.420173
1211700574  10.596744
1211867040  8.048081
1212825113  6.980299
1211104933  10.618812
1211312362  4.611422
1211346971  1.266208
1211652272  6.588751
1211706932  9.405588
1211742679  5.271001
1211957057  4.895360
1212207704  5.647501
1212308394  12.622352
1212314526  9.559235
1212440983  3.808766
1212451714  6.201177
1212563761  8.775980
1212565817  8.988935
1212604053  8.620758
1212636818  8.022814
1212649768  12.200108
1212729423  10.618812
1212743016  9.576599
1212796460  1.597108
1212964342  5.794424
1211109910  10.236514
1211517054  8.935575
1211581239  8.760423
1211594976  2.240214
1211635685  7.978163
1211654086  3.076866
1211705440  8.632112
1211746182  4.970687
1211940105  0.996773
1211990026  5.785261
1211990811  5.601177
1212028763  3.876721
1212039320  8.854012
1212116449  7.827460
1212213195  5.271001
1212225369  9.553428
1212303025  10.257174
1212368899  4.410006
1212443700  3.866684
1212630363  7.676071
1212719852  4.808377
1212736953  10.590168
1212879745  6.397249
1212918705  10.093747
1212934395  11.193913
1212985690  8.770820
1211181164  7.852901
1211187766  4.322564
1211592345  1.144206
1211610470  11.745670
1211821051  10.161433
1211853629  3.455286
1212027396  1.567443
1212044196  9.662767
1212050870  7.691244
1212053133  1.541748
1212053908  8.632112
1212059776  2.011377
1212114092  3.667014
1212209539  11.013361
1212232272  13.495792
1212296527  3.948813
1212387080  9.078600
1212568244  5.271001
1212635746  6.568888
1212644897  10.447855
1212655582  7.104764
1212659743  1.541748
1212661518  5.502358
1212886821  3.651113
1212941439  1.416780
1211062403  6.011724
1211525665  12.836290
1211549648  11.993479
1211707141  10.168552
1211715869  9.095856
1211806473  10.618812
1212203148  5.920637
1212329062  12.047961
1212373718  0.677993
1212442880  11.082504
1212645990  8.778549
1212729107  7.989984
1212733165  12.473335
1212773065  8.258828
1212778661  8.634639
1212793104  4.540629
1212907439  4.042033
1212917460  5.857341
1211077217  3.825495
1211104833  9.521551
1211129149  9.402835
1211268487  9.501721
1211432626  9.738013
1211597865  4.288505
1211808530  9.568390
1211863695  15.064834
1212080138  4.182972
1212187044  8.587265
1212377522  8.634639
1212387969  9.001578
1212390707  10.948603
1212393091  8.778549
1212622498  1.936062
1212725307  12.482105
1212972833  10.012747
1213039075  9.675058
1213046968  7.409669
1213072957  9.466632
1211087026  13.276263
1211095223  11.751943
1211232546  4.222857
1211335306  1.789862
1211514206  8.192513
1211536041  16.106926
1211610415  9.023165
1211715348  14.104391
1211777110  6.610657
1211790683  13.587926
1211794960  7.861387
1211962853  9.112338
1212027517  3.714417
1212033163  3.297780
1212037847  1.679404
1212119429  9.992736
1212140480  10.979714
1212204304  8.024892
1212328678  44.451878
1212368281  7.987119
1212461414  1.567443
1212641046  3.941333
1212644611  13.115452
1212649555  1125.457031
1212657143  10.679131
1212724781  5.205802
1211292285  1.204538
1211424372  11.050475
1211497930  1.730200
1211522741  11.763979
1211599504  8.632112
1211612141  1.621493
1211693724  9.362374
1211783354  9.578374
1211854066  2.956000
1211894956  10.185017
1212205001  5.153011
1212225252  7.788129
1212327042  15.915079
1212394343  6.242542
1212395091  10.433586
1212461203  1.046611
1212548824  8.260021
1212635130  9.501721
1212755288  9.961102
1212825108  9.738013
1212865030  1.541748
1212935804  4.865539
1212950502  15.401837
1211079282  6.583045
1211115112  9.578374
1211437382  8.645644
1211532336  10.457840
1211872402  7.852901
1211872895  11.272175
1212135344  7.664224
1212300970  5.735206
1212501541  9.925967
1212543734  7.849499
1212852366  3.638154
1212905780  15.282341
1212979569  8.775980
1211059150  5.525855
1211102761  9.227506
1211174875  1.849073
1211177290  11.341465
1211179573  9.345955
1211303376  3.808766
1211352190  10.982010
1211358724  11.553119
1211514241  6.311280
1211648082  8.634639
1211662573  5.496676
1211702078  9.102808
1211736200  5.716757
1211859225  9.578374
1212022013  3.332051
1212028438  5.824537
1212049564  11.087621
1212110177  5.750183
1212117732  13.250669
1212134464  5.985754
1212136509  9.738013
1212171252  4.383001
1212181109  4.743440
1212199149  5.100968
1212253538  5.639619
1212305843  7.844964
1212316379  9.320395
1212317493  8.634639
1212318621  11.193913
1212323600  3.465463
1212330749  5.371066
1212339426  0.656123
1212401023  9.738013
1212546794  5.935532
1212643056  7.204083
1212683966  10.780890
1212988282  35.972404
1211126016  5.080417
1211127891  13.925700
1211177168  12.818796
1211231921  15.195157
1211355797  16.993982
1211441788  8.634639
1211444043  9.644548
1211778501  4.518001
1211960916  8.855350
1212199169  6.949054
1212226636  9.167603
1212301068  13.002150
1212307707  5.898889
1212376090  8.710181
1212517576  5.641201
1212522443  10.912519
1212561486  10.969613
1212589577  6.405935
1212948096  17.495970
1212948229  16.606461
