1211152347  6.560987
1211906631  8.769131
1211133900  18.166107
1211526994  6.660653
1212209242  10.293547
1212609723  7.651173
1211692467  12.710779
1211917239  5.565438
1211130697  8.822769
1211756492  12.550630
1211794991  18.253883
1211155934  15.825769
1212308657  7.882679
1212343810  9.431741
1212702138  9.866964
1212795634  6.442630
1212423858  7.917602
1212758057  17.402777
1212478152  10.004336
1211427837  13.987316
1211439749  15.315260
1212435614  14.395639
1212624301  10.133049
1212869858  12.243119
1212915063  15.357057
1212918717  14.230117
1211344299  9.152214
1212157604  10.321175
1212232563  11.569259
1212412091  7.420626
1212600384  7.832152
1212979804  11.780078
1211797412  39.489544
1211483174  7.469803
1211520711  8.112837
1212282716  9.183528
1212728704  7.787805
1212127671  12.865650
1212438854  7.771544
1212897605  5.508239
1213042602  17.322092
1212309549  10.700038
1212445257  11.428209
1212533057  7.509634
1212573390  14.782107
1212723851  9.587145
1212953334  9.051513
1211128748  15.566330
1211643861  8.822769
1211696010  17.584188
1211340724  5.102000
1211762169  14.213990
1212193105  6.780919
1212277344  14.286693
1211706639  11.036733
1212924921  12.339869
1211125989  7.917602
1211129674  14.286693
1211723903  9.558000
1212693013  6.090463
1212721322  9.832957
1211262227  12.190068
1211394492  2.593933
1211472319  7.194262
1211491487  7.292440
1211965256  9.564387
1212158226  11.742873
1212306352  5.212924
1212794896  13.219711
1211381224  14.056914
1211388944  9.887586
1211728832  7.787805
1212890078  11.916355
1212894130  12.427936
1211546920  14.239516
1211887226  11.682181
1212096851  8.215975
1212354046  16.000917
1212409052  11.043918
1212576028  14.061885
1211515404  7.432869
1211997743  9.401311
1212209913  11.678052
1212233232  12.710779
1212617204  12.073261
1211276941  19.321793
1211278615  22.124180
1211366654  19.170370
1211372269  12.655697
1211497366  9.787861
1211675246  8.225741
1211839976  13.557515
1212117255  9.884464
1211481068  4.294557
1211670377  8.121150
1212774549  7.084657
1212815937  13.795958
1211319576  9.437325
1211661318  6.779973
1212957760  14.216389
1212109986  3.940271
1212646435  5.959602
1211066711  13.284455
1211401387  9.372333
1211657239  7.787805
1211079194  15.112391
1211151679  6.072587
1211707051  10.271941
1211900236  7.162713
1211986822  6.787478
1212062340  25.176344
1212246374  0.771010
1212411025  11.896911
1211280357  12.646295
1211754508  7.810277
1212552157  12.129858
1212110624  2.752424
1212130202  25.733496
1212847846  6.780919
1212912788  5.564764
1212444557  11.637033
1212900006  11.383794
1212011938  12.443826
1212612713  7.938265
1211093947  3.785540
1211777642  7.666725
1212249244  9.403374
1212601891  10.331827
1211798030  15.345278
1211922307  6.767468
1212092919  9.609156
1212816030  4.290934
1211435779  7.892218
1211643805  9.186280
1212227866  15.956212
1212280854  8.212216
1211623309  12.651223
1212706426  20.691578
1212991831  15.426662
1211055378  5.579237
1211393584  12.718733
1211405512  11.038880
1212250034  7.625033
1212256882  9.765146
1212293082  9.560656
1212435949  15.156653
1212436673  7.787805
1212803561  12.443826
1212023545  16.228046
1212398978  15.101106
1212403969  13.976453
1211557876  11.070379
1211772337  9.466215
1212971429  11.297852
1211161422  10.635716
1211728708  7.090389
1211742908  12.364546
1211868274  9.202497
1212170463  10.195682
1212908033  14.773940
1211687829  9.135695
1211143139  6.730006
1211618147  16.431643
1211948390  11.219234
1212041064  14.264531
1212332409  9.353791
1212419369  12.525112
1211189963  9.558000
1211859927  8.913031
1212406482  10.963269
1211161245  10.979783
1211628044  6.252697
1212255420  16.071867
1212602289  9.692816
1212608488  10.620000
1213033435  9.064088
1211343471  9.318515
1212979559  12.319782
1211136860  18.020857
1211786117  9.429978
1211922401  11.995708
1212522344  8.099082
1211131942  12.957012
1211843314  11.364815
1212180334  10.129952
1212247986  7.579565
1211138346  8.221558
1211325224  11.001063
1213000109  9.509687
1211135484  6.122712
1212597992  10.796729
1212292667  11.827891
1212309855  8.186294
1212862430  15.566330
1212973159  11.070379
1211173747  14.923902
1211222824  8.585063
1212153724  12.646295
1212606861  6.578503
1211262818  9.291615
1211686982  12.448226
1211860468  9.558000
1212245980  15.944530
1211116217  21.062174
1211443310  7.396362
1212653078  12.710779
1211097158  17.379915
1211765198  7.110355
1212107211  13.023976
1212323420  12.550630
1212437974  10.061052
1212642229  10.542686
1211762352  8.906688
1211829038  8.960625
1212740126  11.555253
1211067170  5.927042
1211095059  6.648741
1211221447  11.001063
1211259504  9.558000
1212274847  13.321786
1211130664  5.920580
1211161966  15.610036
1211340552  12.162445
1212043150  5.130041
1211902373  15.506171
1212307646  9.368625
1211157862  8.906688
1211161871  52.159489
1211615672  9.635668
1211647446  12.646295
1212418323  9.355250
1212547054  11.928540
1212677312  11.875584
1211260661  7.692905
1211418632  9.278690
1212312661  13.352271
1212636610  10.547087
1211182069  0.000000
1211182129  8.969374
1211265087  8.488411
1211592766  9.057649
1211667391  10.082496
1211769963  6.362225
1211875477  13.795958
1212875654  15.093724
1212898224  8.035393
1211597936  9.318515
1211678025  12.425297
1211934347  9.887894
1212127364  8.012726
1212589529  22.099493
1211053226  8.633950
1211593171  7.553225
1212546182  10.847740
1211573394  7.787805
1212131911  13.317077
1212558086  3.893073
1212978423  8.612243
