1212978475  7.860590
1211067122  7.729579
1211403357  7.860590
1212545164  9.550908
1212927188  11.479004
1211333395  8.886409
1211467863  7.729579
1211468702  3.488877
1211607248  7.461829
1211784600  11.449422
1211986428  2.021405
1212137932  11.002666
1212158181  6.698257
1212912585  14.039355
1211617649  6.310444
1211923135  8.035272
1211953499  9.397038
1212083729  10.147138
1212223296  16.580355
1212224232  13.234837
1212591073  20.002092
1211093418  14.289618
1211371756  13.206693
1212334381  13.743353
1212740727  7.729579
1211456922  9.583798
1212505231  6.156842
1212613837  14.709807
1211233913  15.507898
1211333585  8.604300
1211527590  10.051128
1211551044  11.449422
1211735676  8.951470
1211810890  11.918399
1211930957  1.960793
1211983679  9.553655
1212155846  9.553655
1212162598  6.096138
1212304859  10.431619
1212428550  6.126118
1212429584  9.500619
1212596961  8.956552
1212684872  10.815458
1212765124  6.532351
1212782895  8.076162
1212862000  7.729579
1213033795  11.421085
1211516096  8.769802
1211672408  5.627205
1212227915  18.362616
1212423270  10.635911
1211030991  9.143597
1211178293  8.076162
1211424156  6.348372
1211843025  3.393754
1211933150  8.260313
1212017046  13.614406
1212381041  5.871079
1212727738  1.691478
1212889886  11.088932
1213032566  8.743079
1211259523  15.529035
1211625453  17.766125
1211627200  12.677297
1211706902  6.316231
1211775885  5.905577
1211980116  9.065269
1212133873  11.816075
1212654737  11.301632
1211635507  12.117039
1211646804  7.115597
1211705270  16.867744
1212302956  13.614406
1212564087  10.635911
1212737487  5.764631
1212909280  6.685636
1211705116  10.873376
1212371156  5.404193
1212418862  9.711369
1212737409  11.757924
1211720345  12.677297
1211742861  10.682379
1212670940  7.729579
1211664786  8.136399
1211789333  7.602865
1211793595  15.218711
1211959806  9.326867
1212379035  8.070123
1212478428  9.553655
1212644664  1.135616
1212696249  11.776825
1212993788  7.420218
1212711635  11.379805
1211287092  9.695838
1211768562  18.186811
1212005442  12.073616
1212078548  9.149059
1212897159  16.363024
1212917192  12.663436
1211055820  7.630569
1211185259  10.791329
1211276871  15.760281
1211517055  8.381631
1211519480  11.624504
1211540678  8.925869
1211697819  19.035135
1212553550  8.249603
1212659802  2.055095
1212698941  6.773487
1212731247  8.000742
1213008654  6.692276
1211620124  6.219391
1211625854  18.772835
1211687554  10.537903
1211698426  6.333017
1212050822  7.357769
1212127828  7.860590
1212300079  13.279952
1212305409  6.224037
1212399199  10.533856
1212472087  13.397787
1212588063  10.863437
1211215414  13.900857
1211553005  2.791102
1212073419  7.487343
1212167745  8.256346
1212765647  5.295703
1212951686  8.244686
1211131887  7.249623
1211426630  11.865401
1211426839  7.582487
1211742004  1.738816
1211943015  2.758744
1212275426  4.194616
1212743154  12.232069
1211523683  9.109113
1211689055  8.555511
1212529858  9.500619
1211730254  11.032102
1211360084  9.661646
1211509257  9.501368
1211748703  7.361505
1212462741  6.774694
1212477460  10.972784
1211084125  10.784693
1211841173  9.956478
1212172892  8.832199
1212737144  20.119507
1212799222  7.326724
1212397126  9.301543
1212913533  7.729579
1211264032  16.363024
1211594354  8.108473
1212309688  13.391218
1212520452  7.622017
1212812568  8.432758
1212818019  8.261895
1211082624  10.995635
1211379021  10.391608
1211986351  3.488877
1212158159  6.641224
1212159134  2.382772
1212224456  8.925869
1212309679  13.981690
1212417660  7.855573
1212472480  14.590328
1212590905  7.606190
1213021618  6.753788
1213025078  8.274464
1211430716  4.960863
1212573106  14.009947
1212734807  8.250196
1212974467  6.633086
1211614454  6.354880
1212865918  7.545984
1212212598  10.533856
1212547791  11.865401
1211616095  13.025249
1211756549  7.420218
1212323900  19.633678
1212326540  6.261297
1212330625  7.480238
1212984142  3.239713
1211373609  9.553655
1211620192  8.586040
1212409690  6.641224
1212631269  9.065269
1211101078  4.388441
1212072683  8.939276
1212666509  7.032267
1212809030  17.787804
1212864620  7.480238
1212943679  8.660387
1211318499  10.635911
1211099940  15.583831
1211281650  8.886409
1212328310  9.826242
1212360836  17.470163
1211023300  14.775263
1212220846  12.763093
1211430601  6.049049
1212001313  7.246481
1211034695  14.870580
1211553221  10.000651
1211690136  10.373287
1212501461  5.857617
1212503716  8.994544
1211170434  5.029043
1212705882  7.729579
1212879882  4.509876
1211557818  8.285816
1211671521  5.048020
1211769757  11.123631
1212380059  12.763093
1212459771  7.024021
1212547751  7.729579
1211438474  8.281693
1211525071  8.508729
1212038931  10.082061
1212918758  14.495766
1212621498  11.062672
1212739880  9.715581
1212740492  14.705926
1211718159  12.884584
1211789241  5.995124
1211946536  8.743937
1212112473  7.606190
1212129757  9.675077
1212804430  5.195561
1211073032  8.751796
1211121550  10.669951
1211157183  10.258473
1211260449  6.946115
1211386917  8.154462
1212428810  12.580189
1212551533  7.487343
1212555175  7.246481
1211021690  8.914181
1211350497  15.244035
1211731289  12.013010
1211743557  4.230213
1211954380  10.573397
1211092717  4.100052
1211105967  7.341966
1211182271  11.347214
1212390362  1645.152588
1212698797  4.742286
1212910433  15.104329
1212982679  8.298075
1211101986  10.809483
1211356541  4.920980
1212912007  9.737031
1212778506  5.995137
1212826857  4.590966
1212862014  10.337787
1211477730  7.729579
1212680877  10.720894
1212710992  7.298575
1211245854  13.715581
1211533191  7.542359
1211694550  16.586164
1211801798  13.614406
1212015364  9.661975
1212305771  6.270607
1212984111  8.028439
1211657876  8.914181
1211170644  9.717087
1211446957  15.345000
1211529145  9.158551
1211657940  11.300382
1212137532  11.500773
1212172055  6.323048
1212308016  14.833500
1212398836  10.260608
1212468915  3.506241
1211213977  4.937144
1211292232  1.473147
1211407032  15.305339
1211495038  9.187643
1212391380  10.507258
1212554306  182.884155
1211093463  6.270607
1211374351  9.553655
1211380563  13.485374
1212916492  15.218711
1212987073  8.376585
1211029277  11.877347
1211158436  8.882730
1211667594  11.482646
1212229748  19.869621
1212665737  8.076162
1212908913  7.567908
1211336355  10.635911
1211457482  2.833133
1212913704  7.986499
1212969296  2.921053
1211185067  10.129439
1211235278  6.426991
1212798801  4.937144
1211549878  8.432269
1212583578  10.129592
1212645228  14.621777
1212810156  6.897871
1212927583  6.115716
1211856986  7.729579
1212008150  11.673563
1212569610  1.919943
1211592834  0.263714
1212663214  4.441723
1212905121  7.668474
1211234677  7.996117
1211670081  4.559998
1212068918  7.986499
1212248440  6.953706
1212331441  10.166968
1212343810  7.832942
1212739276  10.568920
1212793530  14.774940
1212807113  13.090317
1211162822  19.357090
1212509522  6.614183
1211463928  9.074634
1211670111  9.093623
1212920790  10.635911
1211028620  7.361505
1211872405  12.244660
1212232103  7.874103
1212276169  7.602865
1212565571  8.768046
1212629277  7.607184
1212649556  16.972536
1212982538  6.509498
1211036669  2.930111
1211155692  7.102636
1211700058  11.854094
1212831931  5.594881
1211075088  10.317740
1211634830  3.600934
1212202503  13.191936
1212205147  14.733401
1212974926  7.696177
1211449365  18.097109
1211691829  3.105665
1211697406  11.793927
1212339348  10.782833
1212788751  8.973515
1212964962  8.768046
1212543852  1.843145
1212867063  6.373106
1211513194  5.953319
1211768943  11.816075
1212461817  9.592595
1212980924  5.779480
1211679498  7.928218
1212136128  20.348551
1211859982  9.098719
1212739115  17.863611
1213023274  5.399309
1211386234  5.927540
1211779022  5.858067
1212038872  13.105102
1212568719  9.553655
1212894270  16.246214
1211971458  12.677297
1212009668  4.960863
1212103096  5.039712
