1211254511  7.136156
1211334167  21.456844
1211938876  9.228179
1211944498  10.097473
1212035067  5.376312
1211150207  8.660417
1211243915  26.552984
1211438412  5.593384
1211864044  6.514446
1212169790  5.589742
1212677155  3.817559
1212878685  8.342994
1213035474  5.390403
1211069650  6.029471
1211345180  3.092031
1211508185  12.981834
1211998681  8.594138
1212071951  4.223059
1212129202  8.078069
1212159051  4.156026
1212977545  6.595295
1213020272  12.278208
1211052370  10.106324
1211557418  15.396627
1212110427  10.501939
1212121610  10.186529
1212200527  14.045656
1212347370  752.749634
1212376765  9.631927
1212393786  4.620060
1211391612  23.395315
1211597491  21.372551
1212181203  1.898536
1212292781  10.156493
1212529845  6.462745
1212639845  13.370326
1212771153  6.797044
1212811370  7.191208
1211344820  4.779373
1211448777  12.034330
1211745201  4.033561
1211908276  5.162292
1213016759  7.148445
1211374784  6.470619
1212084518  14.823440
1212202891  11.699999
1212880133  9.357312
1212919765  18.941465
1212921726  8.469780
1211436416  17.310951
1211656380  14.714486
1212259370  4.940118
1212259413  9.910222
1212444255  5.873966
1212596271  12.600232
1212715337  26.634892
1212901642  11.288272
1211815002  32.656662
1211958329  20.371799
1212063173  20.656689
1212234580  9.650885
1212308305  8.771558
1212323250  8.693312
1212610699  2.056748
1212731088  14.854167
1213027888  5.776067
1213048691  8.920437
1211392678  18.778603
1211468376  9.222410
1211556175  7.103310
1211556241  8.169755
1211854776  8.515178
1211680534  5.077449
1212008867  77.433517
1212525832  14.152482
1212554841  11.519174
1212944143  27.746073
1211034033  6.792351
1211555008  15.211761
1212049480  7.710034
1212145652  8.637201
1212147649  4.350441
1212147835  5.012386
1212223674  75.508446
1212397908  5.776067
1212435750  13.846531
1212472566  3.584776
1212492914  15.870044
1212608115  4.688832
1212747650  5.461255
1212839024  4.799542
1213004568  9.861703
1211309016  8.749671
1211355194  10.597208
1211857593  20.443205
1211859023  7.224418
1212512150  6.642571
1212693143  15.417483
1212730117  34.801868
1212787968  10.115970
1211302855  22.401403
1211362971  7.373702
1211779841  16.448753
1212075399  3.399296
1212324865  5.680804
1212329061  2.056748
1212422366  6.257239
1211133423  12.276483
1211213555  3.160086
1211934940  5.461255
1211939255  8.637201
1212208950  5.747897
1212373236  10.463540
1212558129  11.807556
1212598558  26.918110
1212689911  3.358989
1211652333  7.951314
1211973463  11.785722
1212250130  451.614594
1212512750  22.220947
1212515071  4389.057617
1213022369  2.111439
1211382800  4.544322
1211464000  15.154374
1211564481  34.473576
1212533151  5.302035
1212796880  20.722330
1213018950  5.681377
1213029626  9.879507
1213029751  10.926399
1211709461  14.373034
1211717224  14.095497
1211757894  16.902346
1211790985  10.146999
1211921920  8.733755
1212655581  10.221053
1211216303  23.425034
1211749094  6.193048
1211897368  12.443040
1211897549  0.000000
1211897610  0.000000
1211897670  0.000000
1211897721  13.030763
1211897842  2.277529
1211897897  16.940939
1212009606  15.692559
1212256474  21.772146
1212257477  6.501032
1212900371  15.829589
1211218389  161.805984
1211355005  14.347124
1211357078  12.359906
1211493819  16.726500
1211789740  2196.731689
1211938770  4.216694
1211989399  4.419590
1212025878  7.951314
1212034619  13.619539
1212075606  6.331488
1212203607  171.068680
1212208147  11.794196
1212679636  4.483136
1212979164  12.591639
1211041881  964.943604
1211044548  1636.078491
1211045041  1041.429932
1211121691  1316.244873
1211206709  890.226196
1211208942  40.517902
1211210704  35.106236
1211221566  276.895966
1211232664  67.451241
1211238582  498.748352
1211256324  1047.573364
1211303702  5.029483
1211346601  500.549103
1211409274  2.900294
1211409337  5.343462
1211481873  17.772266
1211515433  26.425755
1211678532  2135.354736
1211685189  632.903381
1211688964  64.606689
1211689697  860.083557
1211695520  519.393555
1211752914  2175.287842
1211762766  149.583740
1211780391  1085.561523
1212035365  823.137878
1212036340  179.664413
1212064736  696.000305
1212077581  974.742615
1212155926  66.686951
1212178491  1096.585449
1212180761  1456.766602
1212202748  1155.015747
1212206151  1200.757202
1212280787  407.652588
1212284352  603.894531
1212340381  393.774261
1212341880  644.909302
1212349316  287.688782
1212370377  2143.443604
1212377717  194.997314
1212389819  442.123688
1212468317  7.213449
1212476612  16.270920
1212527055  526.730835
1212541709  879.024658
1212845992  25.130676
1212853313  6.437255
1212950724  5.205259
1212955892  105.729790
1212961053  380.939301
1211139665  27.800608
1211355192  3.631002
1211955747  3.179486
1212075784  3.855305
1212133368  7.838534
1212224439  5.681377
1212424779  5.164809
1212544733  6.468483
1212656557  7.153588
1212683590  32.039139
1212739135  5.086102
1212767981  8.789410
1212920480  10.842229
1211035764  8.488877
1211074132  3.858949
1211312678  10.779028
1211380185  7.775785
1211493896  6.168569
1211580193  7.710034
1211630641  15.262781
1211721961  10.103296
1211838477  6.539022
1211929161  7.422288
1211971404  6.624114
1211974690  12.581131
1212033080  8.886256
1212064314  12.827802
1212099707  3.509392
1212146416  7.117159
1212285445  12.612453
1212327174  9.357312
1212342583  5.681377
1212501430  4.750545
1212502055  25.772039
1212576320  15.407252
1212824764  8.077888
1212879034  7.370525
1212941781  10.419008
1211231151  7.069544
1211231217  8.493703
1211232982  3.648307
1211339165  6.052740
1211520666  6.067086
1211862849  6.022893
1211917121  9.735795
1212185246  3.836008
1212456458  15.547228
1212456800  9.310294
1212457232  2.373171
1212474126  22.247921
1212589311  65.022537
1212613558  10.104435
1212698882  2.195442
1212700118  6.480415
1212700190  9.071207
1212975457  361.373566
1211303636  4.848697
1211517815  1.683172
1211554209  6.857054
1211554369  3.115453
1211557715  1.110354
1211566404  7.584845
1211940968  13.296783
1211940995  2.195442
1212423734  11.749447
1212424063  3.918820
1212427298  25.676859
1212640610  10.338879
1211210676  15.945618
1211405680  19.682507
1212442390  4.698366
1211263847  3.918820
1212138532  11.693520
1212287282  6.045687
1212470336  5.263367
1212895967  5.082541
1211320140  5.552276
1211352128  3603.383545
1211578573  3.792407
1211997259  3.918820
1212079097  5.976844
1212514602  5.645683
1212920232  7.951638
1212173884  14.206782
1212717416  5.172597
1212303228  24.957464
1212595738  22.772068
1212634050  14.590703
1212712611  10.587107
1212892179  10.041815
1211344031  12.804814
1211355361  26.375418
1212128372  13.014956
1212151553  5.435354
1212358058  22.681854
1212681805  4.980150
1211094360  8.706283
1211284990  846.702271
1211404253  4.139533
1212357302  8.818822
1212419819  8.697896
1212434283  3.371827
1212436268  4.125074
1212458652  14.050524
1212465353  11.306193
1212611391  10.426322
1212819982  488.822357
1211062968  190.013031
1211400385  8.462515
1211400449  6.759326
1211619904  9.370527
1212088300  9.717978
1212453311  9.638522
1213021628  8.549417
1213028473  2.272161
1211080740  3.464683
1211595293  5.816101
1211836542  5.096125
1211983472  19.170572
1212440241  9.725140
1212507047  2.590138
1212693245  3.150320
1212782594  15.637364
1211024444  3.207821
1211218307  18.171070
1211429753  14.415874
1211921978  6.844059
1211163912  1.491239
1211411826  12.316510
1211420037  13.016544
1211489371  6.521119
1211495901  8.024679
1211622202  21.550827
1212126784  3.833279
1212445763  12.476291
1212457995  9.074689
1212528514  9.423174
1212535094  5.713026
1212618842  10.812954
1212749898  2.056748
1212287383  29.505680
1212471996  7.413063
1212678961  2.550290
1211340597  3.457783
1211436540  4.920820
1211511936  19.776369
1212194504  9.621149
1212333215  25.472397
1212633031  8.057461
1212818619  1.379384
1211252498  13.042492
1211310318  10.664488
1211312065  5.965286
1211376670  14.959048
1211468877  9.874391
1211914723  14.426884
1211990576  4.613880
1212455758  6.200856
1212534727  2.747492
1211682316  15.828606
1211991636  3.051228
1212027335  10.076880
1212157075  3.045761
1212782133  7.732635
1212824243  7.805326
1211166182  27.037014
1211261483  26.162802
1211283381  20.784346
1211518525  10.817522
1211846261  23.307314
1212433669  4.342053
1212767283  1.942122
1212902617  9.804605
1211581729  13.064955
1211626211  11.072645
1211631356  8.626968
1212121750  4.544322
1212232035  7.667598
1212447034  3.918820
1212552542  22.248913
1212617477  5.776067
1212731188  7.914170
1212791875  13.174871
1212803398  2.056748
1212845264  8.185518
1211334172  26.548502
1211401135  2.751071
1211611772  7.660017
1212690906  13.604882
1211245095  19.462677
1211447740  5.114147
1211700976  13.348568
1211952930  8.128664
1212051573  6.080070
1212076436  1.702543
1212157627  9.428692
1212598562  23.922510
1212978157  8.177690
1211233569  5.763434
1211299398  0.000000
1211299446  8.600437
1211318366  9.543417
1212389173  7.990665
1212523731  5.250602
1212524123  11.182082
1212536730  10.587589
1212606796  3.540418
1212809449  16.773123
1211387860  6.036997
1211473723  4.620060
1211994506  19.705509
1211406280  6.628416
1211821192  4.898509
1211905559  3.104343
1211993329  17.538231
1212010331  12.801243
1212010392  9.032263
1212087835  9.829639
1211528651  13.229048
1211651743  10.608076
1212266527  10.663617
1212267696  13.650177
1212381748  9.699143
1212654859  10.424913
1212906004  14.433664
1212943816  16.097347
1211141546  12.642110
1211407957  6.541476
1211486843  2.195442
1211694749  7.911438
1212111247  1.042444
1212177053  3.918820
1212201269  9.970415
1212212446  7.224519
1212220751  10.054181
1212297004  327.735596
1212385057  4.595772
1212516378  4.869102
1212590684  2.809641
1212691520  2.762814
1211034877  11.050947
1211046961  8.642032
1211319012  2.056748
1211470779  6.720483
1211484828  9.834333
1211806561  11.375148
1211880589  3.830462
1211882687  3.918820
1212031975  13.476365
1212535153  6.941325
1212695910  3.918820
1212700636  4.799542
1211258311  10.737659
1211271239  2.023031
1211380618  4.828009
1211380668  6.421360
1212051606  4.620060
1212292693  3.113615
1212901537  7.689454
1212902463  13.794739
1211217890  5.265878
1211253762  12.605061
1211861295  3.442237
1211901349  3.207821
1211961996  6.758893
1211989890  5.172597
1211991077  3.268078
1212480202  5.987109
1212677774  6.301164
1212773501  6.871787
1213041051  4.248502
1211251883  8.834793
1211399598  7.727608
1211521152  12.983479
1211622777  14.913182
1212209710  7.348626
1212527080  4.827226
1212904774  196.326477
1211374083  4.950065
1211902472  3.713853
1211924144  3.426211
1212501230  7.660017
1212506613  5.113406
1212583401  7.141404
1212670112  12.642110
1212757463  7.494802
1211164283  4.363828
1211210558  6.098920
1212582909  10.664488
1212876619  6.045687
1211143426  19.705000
1211356210  2.809641
1212187422  15.948566
1212234683  13.804816
1212904650  20.688345
1211178962  5.681722
1211339529  24.382999
1211851820  13.696367
1212361205  13.344262
1212527763  4.634807
1211549533  707.795227
1211911148  5.257119
1212070220  12.043415
1212425915  19.285107
1212507012  3.957384
1212751844  4270.709473
1212789157  8.735499
1213014643  389.908905
1211167950  17.938358
1211405884  12.600232
1212160788  13.107404
1212547602  2.832334
1212636016  5.371561
1212984531  7.664958
1211305659  12.426905
1211422657  6.541476
1211430896  7.591995
1211773387  4.285659
1211905669  5.996527
1211923460  12.358978
1212092890  14.213087
1212095823  13.153132
1212184295  4.729567
1211227432  20.542557
1211229193  5.946577
1211229413  82.848106
1211728367  4.799542
1211776475  7.823326
1211776715  11.055162
1211895665  4.930398
1212458068  17.309820
1212505545  3.639663
1211553869  12.380633
1211891972  8.707273
1212134656  6.795308
1212935901  8.538936
1211345815  9.804824
1211604582  3.371827
1211897416  6.200882
1211934084  5.019197
1212098266  10.454818
1212274187  23.405571
1212808438  3.944829
1211077187  5.244666
1211144759  7.125940
1211302473  8.545053
1211563546  13.579356
1211623337  11.262331
1211857584  37.799206
1211951597  14.610656
1212343458  8.378827
1212523360  7.305612
1212678591  4.354291
1211156171  4.009777
1211813531  4.055951
1212340138  4.137940
1212880904  419.930298
1213017689  7.305924
1211075411  14.036045
1211197518  5.621966
1211237019  3.592759
1211332670  16.283607
1211390236  15.727163
1211413016  7.947578
1211469516  16.912573
1211519845  5.558902
1211894554  8.225497
1211920856  582.190186
1212010275  15.697464
1212016999  4.544322
1212019794  18.455061
1212434961  5.280957
1212464734  8.005243
1212540650  4.850696
1212621778  7.241512
1212635647  4.980150
1212638528  11.583126
1212724970  19.279575
1212837369  200.438553
1211057314  7.926229
1211208589  6.540864
1211299616  4.620060
1211824670  1280.121338
1211899634  3.160086
1212453748  6.021870
1212679004  5.137288
1212679062  5.265353
1212738150  19.133772
1212792899  3.701332
1211154492  5.776067
1212204613  5.552276
1211198913  3.990909
1211245734  4.354245
1211346760  14.672993
1212412156  5.854711
1211234210  14.590972
1211392358  15.050644
1211668747  6.381095
1212081414  15.679104
1212473368  21.936737
1212541806  8.630359
1212707609  12.028953
1211336933  15.579856
1211677374  9.841485
1211840336  5.302035
1211903629  4.521785
1211910925  11.086984
1212098340  10.501337
1212207804  10.879128
1212252844  4.617937
1212440743  13.181154
1212533136  8.662613
1212600385  13.731297
1212682960  10.763562
1213026381  7.383154
1211119491  10.980635
1211321494  14.018793
1211564167  10.911044
1211662500  5.589742
1212037169  15.272484
1212171202  4.983617
1212175052  19.851444
1212176256  14.196918
1212468580  1298.046875
1212507820  6.188643
1212657530  8.475920
1213031009  0.266646
1211043670  4.746341
1211338607  12.506731
1211377293  1.355177
1211491898  15.076225
1212068669  3.482378
1212128548  3.003628
1212266934  23.419916
1212267055  25.988102
1212281691  12.263876
1212335082  7.220083
1212339393  15.573330
1212354211  9.354283
1212439275  5.468058
1212511592  13.203083
1212516796  14.778762
1212702032  13.923824
1212859523  4.198736
1212880731  200.438553
1212882581  14.018793
1212939554  7.838534
1211432235  11.799602
1211933994  6.790656
1212045562  5.113406
1212126772  6.428615
1212138582  6.069288
1212217156  6.356317
1212466546  3.726756
1211144080  21.172367
1211310775  7.858953
1211404713  9.430141
1212090918  8.755431
1212091509  3.562564
1212169889  10.417541
1212242187  10.576270
1212248869  9.613871
1212286667  4.183053
1212454976  5.463059
1212544490  15.996434
1212613633  3.608628
1212863025  25.160273
1211477388  30.431808
1211555848  3.816938
1211690153  15.069895
1212162971  15.261621
1212439242  22.581171
1212694847  4.091533
1212695021  21.403265
1211485787  10.762902
1211779340  2.111439
1211899651  4.419590
1211929278  3.207821
1212682772  8.661768
1212808593  31.109947
1211152321  6.518998
1211494658  8.921662
1211584065  6.719772
1212510927  5.312750
1212959993  6.538943
1213036400  4.496429
1211320476  3.370762
1211406781  12.948075
1211785516  22.858784
1212084985  9.337948
1212422460  2.858083
1212494579  12.678467
1212494599  4.169078
1212667719  7.125128
1212706599  5.102983
1212736791  10.612842
1212739635  11.996262
1211245106  13.493945
1212716515  8.043414
1211220127  10.679475
1211484371  4.827843
1212717307  6.927476
1212913028  2.762814
1211510367  7.101613
1211598976  9.062561
1211759483  3.732210
1211996024  193.680542
1211999365  4.124951
1212000912  3.436951
1212012451  3.617373
1212013366  1.418447
1212640163  18.761248
1212689690  3.155948
1212766544  2.368126
1212955688  22.518475
