1211066973  3.237926
1211246381  4.791476
1211403180  7.587267
1211596818  5.780193
1212077069  11.105702
1212545103  8.748765
1211333274  13.114506
1211629526  7.490922
1211706746  8.975947
1212111609  6.483665
1212137871  11.669274
1212265291  5.052683
1212912525  5.943359
1211617537  11.123518
1211923026  7.277583
1212000098  11.860526
1212083603  7.848157
1212590765  7.477725
1211093362  14.283504
1211095910  10.439024
1211393050  5.463986
1212026598  4.754687
1212808980  14.163609
1211255209  3.297888
1212402141  15.647292
1212407042  8.338667
1212409279  12.778142
1212411172  10.046964
1212495664  8.903688
1212719886  5.322412
1212897964  11.140943
1211050397  8.748765
1211172116  6.044094
1211233793  8.551458
1211333451  13.114506
1211391760  7.490922
1211527520  8.884562
1211705340  5.234552
1211735570  14.829703
1211917166  8.739607
1211942878  5.845927
1212304805  6.603733
1211672280  8.094262
1211785839  11.589478
1212040407  10.267892
1212227915  18.362616
1211424036  5.943359
1211933094  9.519929
1212016935  11.215088
1212643257  6.603733
1211259523  15.529035
1211331107  8.776665
1211625453  17.766125
1211627140  11.863763
1211775825  8.894578
1212133812  11.666092
1212283667  0.000000
1212283732  9.519929
1212536979  8.545108
1211705270  16.867744
1211880390  0.000000
1211880395  9.329377
1212039806  9.035865
1212220133  7.747918
1212238806  0.000000
1212238810  0.000000
1212238875  0.000000
1212238878  5.900416
1212909225  6.594429
1211704998  6.778612
1212371156  5.404193
1212737280  5.513910
1212830722  7.770180
1211176691  0.000000
1211176693  5.251848
1211565550  7.414103
1211575547  11.374251
1212311355  11.666092
1211789213  10.211668
1211793537  6.148303
1211959685  8.903688
1212644664  1.135616
1212696129  10.365322
1212993728  11.860526
1211567341  6.256168
1211579204  2.698272
1211761911  10.932717
1211768562  18.186811
1211869095  10.365322
1211917108  8.962442
1212005324  5.919318
1212037789  8.989106
1212235763  4.343560
1212381320  5.094308
1212951727  5.943359
1211185196  5.660342
1211614270  9.313708
1211697819  19.035135
1211708182  8.962442
1212553550  8.249603
1212698820  6.483665
1212731189  12.272858
1211075795  9.872519
1211620063  11.669274
1211625794  13.331270
1211687494  5.919318
1211698133  9.887488
1212050762  8.894578
1212127766  14.360344
1212299905  8.277222
1212305287  7.292561
1212399138  10.195398
1212458068  10.932717
1212472087  13.397787
1211046835  0.000000
1211046838  1.996092
1211215257  8.089763
1211131774  5.503711
1211426566  5.571899
1211741823  8.218789
1211742290  0.000000
1211742350  6.342126
1212132535  8.218789
1212275230  5.894202
1211948196  9.882865
1212133732  0.000000
1212133771  0.000000
1212133773  5.251848
1212906174  10.381863
1211686564  8.757727
1212278988  8.151973
1211360146  6.230861
1212477400  8.885267
1212659743  11.213039
1211084125  10.784693
1211841061  8.885267
1212172892  8.832199
1212640630  10.262975
1212737081  11.298821
1212799181  8.662416
1212397038  8.885267
1211263972  5.943359
1211594230  5.943359
1211777178  0.000000
1211777233  5.165752
1211935640  9.589232
1212281271  8.259514
1212309633  9.693019
1212520397  8.088113
1212828624  7.490922
1211082557  10.621367
1211175823  12.219506
1211283609  10.329453
1211437492  10.381863
1212472480  14.590328
1211273010  11.520368
1211304391  3.360112
1212222432  12.004858
1212572927  5.943359
1212865857  8.739607
1211691709  8.323247
1212212538  10.365322
1211616036  12.061552
1211756489  8.885267
1212323843  12.484765
1212326476  12.498066
1212330381  3.124315
1211712963  8.600826
1211825417  10.365322
1212019877  5.919318
1212631207  10.030956
1211057174  12.119337
1211101001  9.244491
1211253366  8.471026
1212109702  8.607656
1212809030  17.787804
1212943679  8.660387
1212111201  4.923608
1212475416  12.386577
1211099870  5.094308
1211255384  7.505739
1211276494  16.122358
1212256598  8.646693
1212360775  0.000000
1212360836  17.470163
1212576155  9.529905
1212656838  10.722747
1211023239  11.669274
1212220720  9.529905
1212562209  11.254555
1211256691  8.738321
1212001187  9.865530
1211533981  11.290388
1212597675  8.085980
1212901638  10.722747
1212131640  5.845927
1212343680  4.952799
1212523985  5.660342
1212705830  13.688956
1212919532  0.000000
1212919579  11.130372
1211769757  11.123631
1211800191  3.360112
1212379928  7.414103
1212459712  10.557826
1211523629  12.061552
1212547631  9.567989
1212719257  6.995204
1211438349  8.748765
1211525016  12.942286
1211527163  9.029599
1211535424  7.283043
1212038797  0.000000
1212038799  0.000000
1212038859  13.688956
1212139103  9.045334
1212201182  6.959950
1212202043  5.963970
1212918638  8.006596
1211182009  5.919318
1211189260  16.799236
1212346432  10.975738
1212430091  7.174939
1212467018  0.000000
1212467058  10.445855
1212613542  11.236383
1212621367  12.901229
1212740432  11.860526
1212743604  12.750557
1211445658  8.894578
1211946359  5.369929
1212804310  7.516545
1211072974  6.123433
1211121550  10.669951
1211260388  8.748765
1211767356  8.292392
1211916333  7.407119
1211984239  10.053068
1212104459  6.457438
1212129774  9.583258
1212383503  5.845927
1212428629  7.354089
1212555072  7.429199
1211218161  8.748765
1211350437  2.968099
1211182211  10.365322
1211227915  5.943359
1211612314  4.786227
1211661082  5.822280
1212130601  5.919318
1212390362  1645.152588
1212698509  14.158427
1212721325  5.927454
1212910391  14.831232
1212999266  10.662320
1211101873  8.560544
1212213159  11.274175
1212911948  10.541005
1212352662  8.753080
1212826731  10.381863
1211427804  9.329377
1212861893  5.845927
1212893589  7.429199
1211084520  6.256168
1211424006  0.000000
1211424043  12.209568
1211706593  0.000000
1211706615  10.336611
1211737948  9.111816
1212039801  10.030956
1212680696  3.775580
1212710897  12.128970
1211181501  12.991111
1211194578  7.416341
1211261996  6.963904
1211383520  7.414103
1211525717  5.992738
1211613840  5.943359
1211694425  6.011435
1212234297  8.903688
1212305706  8.201785
1212984050  5.845927
1211657557  8.689940
1213002731  12.119337
1211269734  6.069203
1211446957  15.345000
1211657879  5.845927
1211689438  8.903688
1211959473  0.000000
1211959491  6.849460
1212122786  4.844179
1212137466  9.423019
1212256322  11.854907
1212259850  5.943359
1212308016  14.833500
1212471887  6.172071
1212569206  5.244141
1212915623  12.901229
1211292232  1.473147
1211492951  10.365322
1211494921  6.483665
1211784181  5.943359
1212177657  5.128904
1212297429  5.845927
1212391260  8.903688
1212436312  5.845927
1212554198  10.948178
1211093403  8.885267
1211380378  5.943359
1212208503  0.000000
1212208562  11.075586
1212228530  5.845927
1212731981  6.577020
1212916437  11.325668
1212986953  10.508909
1212987013  9.010842
1211158319  8.358477
1211667543  6.992188
1212307635  8.338667
1212382238  8.885267
1212908836  9.882865
1211336236  10.541005
1212287678  7.314267
1212969176  5.943359
1211184986  11.863763
1211044408  0.000000
1211044446  0.000000
1211044539  2.657999
1211490235  6.031244
1212583518  8.885267
1212794951  11.660564
1212810036  5.919318
1211856866  10.365322
1212569550  14.839022
1211592834  0.263714
1212813648  5.322412
1212905004  6.123433
1211173892  12.010923
1211234614  11.298821
1211787818  18.402575
1211811271  8.885267
1212793530  14.774940
1212807057  12.711174
1211044958  2.046965
1211162761  8.739607
1211184269  6.457438
1211221228  8.885267
1211463869  12.061552
1211670048  11.298821
1212715618  9.836452
1211269734  6.069203
1211602501  18.563654
1211684074  0.000000
1211684115  0.000000
1211684119  13.385244
1212011562  9.362714
1212124008  6.123433
1211819951  6.069203
1211872343  5.728373
1212183696  5.919318
1212228641  9.935280
1212232040  9.871736
1212276050  8.739607
1212565509  10.030956
1212629215  12.902982
1212982472  11.951908
1211426424  0.000000
1211426461  0.000000
1211426466  8.950748
1211482664  10.623057
1211786077  8.894578
1211036560  7.236935
1211155516  9.703176
1211521668  4.600644
1211594161  5.369929
1211608061  10.632492
1211699936  6.557253
1211704292  11.860526
1211710003  10.272069
1212309540  6.483665
1212629512  9.172558
1212831863  10.468025
1211018750  0.000000
1211018751  0.000000
1211018798  0.000000
1211018803  9.851858
1211075032  6.367885
1212113203  10.932717
1212202443  10.365322
1212205105  14.807603
1212752476  12.991111
1212917801  8.201785
1212974862  8.329938
1211449304  5.845927
1211608612  8.598645
1211651265  7.079512
1211691773  12.711174
1211697345  11.669274
1212308801  9.790493
1212964915  7.556576
1211326576  0.000000
1211326636  0.000000
1211326666  7.741001
1211955620  11.666092
1212543662  4.109395
1212715318  9.010842
1212866938  8.757727
1211207539  4.452149
1211513001  8.144411
1211768850  8.600820
1212020513  10.211668
1212383592  8.882820
1212461745  7.404389
1212980724  8.338667
1211679437  14.595759
1212136128  20.348551
1212372446  5.943359
1212543000  8.898739
1212739115  17.863611
1211647687  8.874601
1211778902  5.486178
1212038812  8.885267
1212097176  9.329377
1212128300  9.337234
1212305033  7.490922
1212737008  9.619267
1212894204  14.827060
1211971350  14.825658
1212374674  10.164334
