1211055481  10.902170
1211066853  10.786583
1211097360  7.417876
1211155087  5.934301
1211328500  6.138932
1211608657  5.140711
1211609258  9.833862
1211639520  10.529748
1211659932  5.394819
1211708374  5.934301
1211853396  6.597000
1211929484  2.973502
1212202600  5.014902
1212454377  6.106977
1212534975  5.477816
1212728970  9.886776
1212735406  10.895631
1212986065  16.907646
1212986108  6.597000
1211077339  6.138932
1211240724  5.394819
1211378611  8.920505
1211403678  9.055366
1211443206  8.904443
1211465915  6.246633
1211536012  5.340167
1211553188  7.065607
1211598349  5.207766
1211851190  2.924756
1211869115  6.290035
1211883258  8.898099
1211883864  9.134307
1211985321  6.142034
1212033644  5.837017
1212071877  9.054345
1212159928  2.973502
1212304231  4.749840
1212504495  3.979054
1212712785  3.076036
1212735018  5.937300
1212736141  8.514149
1212761960  6.718076
1212826247  7.136404
1212830076  9.374683
1212840095  12.415952
1212844233  8.089181
1212849321  8.898099
1212961308  5.084347
1213020487  6.477054
1211698204  8.758468
1211019865  7.910616
1211020838  8.898099
1211035475  8.042460
1211264287  11.865241
1211707106  10.662436
1211785001  9.204929
1211787345  8.898099
1211819667  8.898099
1211826844  5.890487
1212261921  7.851264
1212475119  10.073319
1212557507  8.903440
1212879860  5.654571
1212886266  11.129299
1211084295  5.937300
1211101967  8.611063
1211441947  5.937300
1211444009  8.898099
1211519770  5.937300
1211523697  7.968447
1211578331  8.375464
1211687820  6.138932
1211694502  10.685330
1212011459  9.022853
1212036108  8.903440
1212225319  7.626942
1212634696  8.752229
1212650311  5.837017
1212828449  5.014902
1211094650  6.398288
1212931709  0.792234
1211084972  0.000000
1211084974  5.837017
1211255449  16.184456
1211290095  11.130553
1211456536  7.626942
1211457190  16.704178
1211542695  6.361392
1211567598  8.758468
1211674847  5.934301
1211704714  8.213630
1212008104  2.924756
1212075083  6.638454
1212188773  5.744802
1212215877  6.735734
1212221580  6.986828
1212242870  8.903440
1212305843  8.898099
1212406216  8.341968
1212408977  8.898099
1212409462  8.898099
1212413486  5.937300
1212468428  8.611063
1212495296  8.480421
1212495844  18.580183
1212498690  8.898099
1212609072  8.347915
1212773491  9.831162
1212859084  5.578345
1212915075  7.270163
1212916968  10.073319
1213014762  11.867237
1213017446  12.415952
1211119624  9.211493
1211126452  24.489681
1211530172  7.916399
1211637998  10.471092
1211693461  12.711570
1211781861  0.000000
1211781879  5.160262
1211831071  8.898099
1211951443  8.752229
1212356747  7.739502
1212448062  10.529748
1212479203  8.898099
1212677841  6.034882
1212697919  8.757482
1212713571  2.973502
1212719098  8.903440
1212774962  5.934301
1212825277  8.898099
1212862887  9.366420
1211260890  6.351023
1211289647  8.903440
1211307705  6.142034
1211354530  10.973793
1211399643  2.744771
1211429830  9.623190
1211443591  6.918651
1211457054  10.357129
1211470182  6.030643
1211481772  5.837017
1211521223  8.752229
1211525030  6.361392
1211532416  15.573674
1211533908  8.903440
1211535216  8.752229
1211589743  5.394819
1211870728  8.752229
1211980042  8.089181
1212000118  8.898099
1212120714  10.789638
1212227221  9.713937
1212269367  6.597000
1212299629  6.981530
1212313783  11.132437
1212456782  0.000000
1212456793  9.390005
1212457060  10.945721
1212807742  7.065607
1212820991  8.588185
1212922549  5.928932
1212928165  15.476402
1212943432  11.606215
1213051771  9.366420
1213069238  11.359275
1211032509  8.904443
1211037641  10.267037
1211081733  9.366420
1211156881  5.934301
1211187922  5.937300
1211403889  8.903440
1211532264  5.934301
1211535068  8.904443
1211542053  9.707017
1211619247  9.301562
1211633892  8.341968
1211763691  9.707017
1211783179  5.937300
1211794907  5.014902
1211831367  5.937300
1211870313  3.641022
1211703011  9.054345
1211707036  8.347915
1211760405  8.898099
1211934229  6.597000
1212152508  8.903440
1212397949  8.474380
1212434131  8.495719
1212439487  7.422548
1212455353  5.837017
1212471473  8.903440
1212498948  5.934301
1212582690  9.374683
1212738860  10.895631
1212757464  8.611063
1212799014  5.566218
1212897999  10.677718
1212921680  10.677718
1213017506  8.898099
1211081791  8.284604
1211182933  7.540659
1211192335  8.903440
1211249713  5.937300
1211268989  9.997760
1211394456  3.981090
1211538053  8.903440
1211626474  8.752229
1211628337  8.898099
1211877379  8.752229
1211961593  5.837017
1212135594  8.218559
1212144440  8.898099
1212308574  5.933619
1212394940  8.898099
1212486201  5.477816
1212600896  2.924756
1212641528  7.253673
1212880475  3.243820
1212921738  6.721471
1211034840  8.480421
1211202624  9.048914
1211240295  0.000000
1211240355  4.351466
1211242965  2.744771
1211379280  5.934301
1211541640  8.898099
1211622552  4.978423
1212030354  5.937300
1212061696  10.903399
1212062771  8.213630
1212085325  9.713937
1212238997  8.213630
1212303921  8.474380
1212304853  9.054345
1212317776  5.839967
1212612287  5.937300
1212622181  5.937300
1212739725  5.934301
1212765570  6.249789
1212825199  8.898099
1212844353  8.752229
1212885200  3.303891
1211236675  5.820881
1211347223  8.474380
1211533078  9.460858
1211907037  9.440872
1211908092  19.611526
1212373190  9.204929
1212386145  6.246633
1212401870  8.904443
1212419328  6.138932
1212455046  6.037932
1212481306  9.533677
1212739392  6.870243
1212822081  13.689383
1212831295  5.316985
1212835099  8.898099
1212889542  8.599907
1212906391  8.611063
1211165442  8.898099
1211186623  5.837017
1211635295  15.488607
1211660245  9.211493
1211724909  4.653470
1211896819  5.837017
1212112168  8.752229
1212334457  9.373097
1212339442  2.973502
1212582333  8.898099
1212745063  5.934301
1212846143  8.474380
1212856733  5.934301
1211078196  8.611063
1212312122  8.903440
1212905864  7.540659
1211632434  8.757482
1211717752  11.544162
1211724295  5.934301
1211727857  9.048914
1211789899  8.898099
1211790829  7.535287
1211796416  19.823343
1211877723  7.974127
1212234987  8.752229
1212238505  8.758468
1211096158  5.934301
1211308214  6.249789
1211569540  6.034882
1211690115  2.831906
1211702604  5.997780
1211716316  8.757482
1211801409  8.758468
1211954067  8.898099
1212051066  8.904443
1212131749  8.903440
1212227365  8.898099
1212309190  7.136404
1212594036  9.572497
1212601327  7.420369
1212651890  14.049629
1212658063  5.477816
1212772327  0.000000
1212772334  6.019579
1212799153  3.076036
1212828753  6.281011
1212910232  8.474380
1213022832  8.341968
1213083100  5.934301
1211034656  9.054345
1211073703  8.757482
1211091023  7.417042
1211135787  2.973502
1211136123  5.937300
1211183198  8.089181
1211197743  2.924756
1211200314  6.034882
1211209420  8.479466
1211283667  8.758468
1211287553  9.369948
1211287894  9.707017
1211299780  8.213630
1211375276  8.920505
1211376414  8.903440
1211390313  8.898099
1211456844  8.898099
1211468973  5.934301
1211543377  9.533677
1211546912  8.752229
1211637087  8.752229
1211675424  7.537224
1211725479  8.474380
1211802842  11.559707
1211807727  8.898099
1211820831  8.752229
1211822613  8.752229
1211889453  8.611063
1211891801  0.000000
1211891861  0.000000
1211891922  5.934301
1211919573  5.837017
1212148087  8.904443
1212156817  5.934301
1212220580  6.850730
1212227161  10.954373
1212232785  9.173234
1212235864  10.374885
1212242568  5.837017
1212250488  5.934301
1212328450  8.904443
1212341260  0.000000
1212341321  19.823343
1212410394  8.903440
1212412104  6.721471
1212415914  8.757482
1212494206  5.934301
1212666050  8.616232
1212674461  6.037932
1212753646  6.473783
1212847359  10.677718
1212933659  8.757482
1212940024  8.904443
1213011972  8.898099
1213020227  5.934301
1211021277  8.904443
1211021695  13.029918
1211100864  8.898099
1211119881  7.737477
1211185636  5.937300
1211246615  7.124760
1211252633  8.757482
1211256244  8.903440
1211270635  8.617202
1211277392  9.048914
1211352003  6.850730
1211532994  11.667829
1211613878  5.934301
1211614539  10.073319
1211787489  6.732807
1211856491  11.699719
1212046914  6.938527
1212302751  8.320774
1212369488  8.094948
1212375660  0.000000
1212375690  5.477816
1212386274  9.712843
1212395447  8.616232
1212398149  8.616232
1212484878  8.758468
1212554152  8.481856
1212659412  14.064692
1212734428  8.898099
1212748212  12.943900
1212832800  8.480421
1212861782  8.758468
1212981914  5.226770
1212983429  8.752229
1212988249  8.474380
1212989648  3.303891
1212989702  21.120104
1212992002  8.611063
1212995791  6.758049
1211087291  7.597618
1211097926  6.888042
1211159545  4.575912
1211558407  2.924756
1211620485  0.000000
1211620507  2.973502
1211635696  6.844691
1211729764  5.654571
1211761627  8.904443
1212398075  8.752229
1212459031  7.133777
1212825577  6.985058
1211074257  8.213630
1211085416  10.862101
1211095663  9.886776
1211103013  7.524881
1211300977  11.606215
1211448065  9.713937
1211502236  5.833742
1211532614  9.893825
1212046208  5.937300
1212108417  2.973502
1212135505  8.752229
1212197883  3.185894
1212200612  5.593785
1212208924  8.219485
1212223617  8.904443
1212227843  6.361392
1212388384  5.937300
1212574135  8.904443
1212712965  6.358180
1212722195  8.752229
1212732157  8.611063
1212744891  10.684127
1212766084  9.550042
1212799048  6.874330
1212832673  10.334609
1212924740  8.341968
1211254806  8.219485
1211353499  5.934301
1211435933  7.330462
1211700026  9.535012
1212047439  8.550959
1212104499  8.757482
1212182973  7.460104
1212303033  5.086544
1212470569  7.417876
1212477195  7.060244
1212731300  5.103186
1212738657  8.218559
1211423036  8.758468
1211586331  8.495719
1211618963  6.142034
1212221286  7.121161
1212908311  9.374683
1212978097  8.545012
1211122274  4.653470
1211133455  14.238290
1211357271  5.934301
1211672538  5.937300
1211726508  6.034882
1211857899  8.752229
1212136555  2.924756
1212138997  9.707017
1212207124  8.094948
1212218869  0.000000
1212218930  7.740392
1212363785  3.023900
1212908261  8.898099
1211089252  8.903440
1211464905  11.663473
1211822707  5.014902
1212497916  8.611063
1212507744  8.752229
1211095487  5.934301
1211270323  5.837017
1211357710  5.566218
1211442295  9.055366
1211469203  7.121161
1211523997  9.533677
1211528206  8.341968
1211765676  9.204929
1211961813  5.937300
1212129411  8.903440
1212370348  8.898099
1212475137  8.903440
1212623137  6.477054
1212817733  8.063618
1212949836  9.628054
1212963119  8.758468
1212967641  6.477054
1212986857  8.898099
1211165904  5.937300
1211518714  8.213630
1211574810  7.744304
1211925381  6.597000
1212110091  2.924756
1212173327  6.071211
1212190970  5.937300
1212210833  7.936137
1212214102  3.870196
1212222361  41.478947
1212230075  5.654571
1212296468  11.126814
1212314435  8.089181
1212498571  8.213630
1212611512  6.712727
1212657920  8.668966
1212800747  3.878480
1211241751  8.898099
1211271512  8.898099
1211323978  5.651715
1211358188  9.211493
1211412440  0.000000
1211412506  10.684584
1211442801  8.752229
1211784979  6.371789
1212304599  8.213630
1212392285  8.904443
1212396004  8.904443
1212397477  8.898099
1212448238  5.160262
1212456722  7.935627
1212479006  8.898099
1212537309  5.937300
1212625383  4.955836
1212657047  7.549635
1212362645  8.904443
1212764301  0.000000
1212764306  6.008478
1211373895  6.593668
1211379542  5.839967
1211524597  8.898099
1211528779  8.752229
1211542294  8.341968
1211613661  5.162869
1211622596  5.934301
1211627007  9.465978
1211630429  8.474380
1212245463  8.904443
1212445619  8.903440
1212447588  5.097431
1212521318  8.213630
1212560778  5.731163
1212628038  5.406366
1212628764  5.014902
1212651480  7.575703
1212678422  7.535345
1212813468  4.955836
1212829702  4.500897
1212852113  9.390177
1212935561  0.000000
1212935574  9.390177
1212959301  8.898099
1213053080  4.747441
1213070012  11.864132
1211032282  10.267037
1211033568  0.000000
1211033600  9.473685
1211034878  9.204929
1211273264  5.563407
1211283125  8.480421
1211283791  9.048914
1211341296  9.366420
1211437151  8.758468
1211478500  7.916399
1211525915  6.785099
1211555399  8.904443
1211588433  8.898099
1211645306  8.898099
1211912031  6.861927
1211940844  7.631519
1212070498  5.937300
1212216290  11.867237
1212273954  11.868602
1212350337  8.904443
1212363265  8.898099
1212446363  4.626467
1212731431  7.664974
1212733861  8.347915
1212744905  8.904443
1211037957  8.480421
1211164663  5.837017
1211173409  6.385710
1211209766  4.054775
1211258525  8.758468
1211273247  8.752229
1211275332  8.611063
1211291974  5.755164
1211544847  9.055366
1211575505  8.757482
1211631555  8.752229
1211895601  5.937300
1212062749  8.903440
1212070891  5.934301
1212095163  8.904443
1212127723  18.038837
1212150800  8.898099
1212222827  4.602465
1212233628  8.757482
1212265665  7.235984
1212304740  5.450749
1212309415  7.291212
1212370207  8.904443
1212371590  2.924756
1212408565  8.898099
1212457774  6.034882
1212482090  9.173234
1212557571  9.173234
1212563058  6.477054
1212572040  8.758468
1212749881  8.904443
1212927953  8.758468
1212999252  5.837017
1213013589  11.670730
1211250568  7.124760
1211287891  8.611063
1211291937  5.745774
1211497200  5.937300
1212371835  9.713937
1212375184  8.903440
1212383099  8.616232
1212392751  8.903440
1212394142  4.035794
1211079890  6.361392
1211501111  7.704519
1212304999  6.211839
1212716755  9.044669
1211069991  9.048914
1211076337  8.752229
1211100258  8.001883
1211243567  0.000000
1211243573  2.973502
1211637162  6.593668
1211643221  8.752229
1211645162  0.000000
1211645175  8.684342
1211763184  2.973502
1212063316  8.898099
1212226189  9.366420
1212240043  5.742872
1212243047  9.366420
1212256354  6.951103
1212337821  9.533677
1212338436  8.611063
1212738061  9.341728
1212819525  2.973502
1212824909  10.267037
1212830251  5.566218
1212947181  5.937300
1211032619  8.904443
1211068177  8.752229
1211092949  5.397545
1211345218  8.480421
1211460598  8.904443
1211527272  5.839967
1211697502  10.274357
1211714842  5.397545
1211717255  16.189896
1211719580  8.898099
1211808052  8.616232
1211983789  10.973793
1212090233  6.597000
1212632257  8.898099
1212644943  8.904443
1212823401  5.654571
1212824140  8.611063
1211189123  8.898099
1211705112  2.973502
1211781543  0.000000
1211781544  2.973502
1211807089  8.903440
1212512914  6.138932
1212843387  8.898099
1212873943  5.934301
1212886042  2.871436
1211019632  8.752229
1211077489  8.903440
1211097163  8.898099
1211162900  8.758468
1211171295  11.366093
1211585154  3.076036
1211618886  0.000000
1211618952  5.603158
1211837622  13.689383
1211895472  5.314299
1212543079  10.028331
1213073833  5.934301
1211096093  10.677718
1211098781  8.752229
1211100378  6.597000
1211158850  8.898099
1211345719  9.366420
1211708241  4.398000
1211720314  9.707017
1211847114  0.000000
1211847147  5.934301
1211850741  12.712759
1212046111  5.742872
1212219705  11.132437
1212254734  9.707017
1212256944  9.845117
1212260741  13.272340
1212324421  8.904443
1212358706  5.937300
1212449166  5.937300
1211023745  7.540659
1211253973  9.868279
1211515928  8.758468
1211793073  11.865241
1211898473  4.945251
1211935674  2.744771
1212151221  8.341968
1212158217  5.089114
1212204096  6.597000
1212274740  6.246633
1212289502  7.868701
1212296905  8.213630
1212306051  5.089114
1212310874  8.752229
1212410553  8.898099
1212619247  8.757482
1212641208  7.756961
1212724143  8.904443
1211096729  6.473783
1211494818  8.898099
1211717035  8.758468
1212096762  5.934301
1212129584  3.366228
1212167894  3.023900
1212539502  12.059227
1212702128  8.904443
1212918891  6.142034
1211163185  9.373097
1211190652  8.903440
1211192672  8.898099
1211534293  8.480421
1211546148  5.247356
1211641930  9.211493
1211644085  8.903440
1212045947  7.355891
1212136512  5.998718
1212175406  5.937300
1212226019  9.210455
1212482136  8.752229
1212641070  8.898099
1212644622  5.394819
1212656863  5.839967
1212657651  8.903440
1212658508  8.904443
1212838526  8.752229
1212859358  8.898099
1212901945  5.397545
1212931368  5.394819
1213079423  10.073319
1211160783  7.740392
1211169362  8.903440
1211553243  9.895499
1211772291  9.048914
1211785408  9.048914
1212137662  1834.862305
1212191100  2.924756
1212572912  8.898099
1211104102  8.898099
1211228503  7.539710
1211270464  8.758468
1211537682  10.506363
1211680099  12.396321
1211759013  5.837017
1211897621  6.185011
1212014042  8.092228
1212062309  6.358180
1212100322  8.903440
1212159640  8.373591
1212184219  5.937300
1212332163  5.934301
1212401749  11.894007
1212488506  6.566082
1212557757  8.757482
1212705601  9.886776
1212742588  8.089181
1212759440  17.764446
1212793427  5.745774
1212808727  5.934301
1213007827  8.789068
1211459863  5.934301
1211843143  0.772241
1212011852  0.601394
1212742610  0.211026
1211158428  5.062201
1211159750  6.482451
1211261499  7.968447
1211420399  10.468351
1211439341  12.370914
1211525519  6.985058
1211528134  8.898099
1211600394  2.973502
1211684773  4.749840
1211686233  5.082283
1211937794  0.000000
1211937816  10.494712
1212045266  7.409756
1212049280  5.480584
1212170255  8.898099
1212306349  0.000000
1212306374  22.301262
1212312815  8.752229
1212477201  8.898099
1212557631  5.160262
1212696732  8.094948
1212897953  6.249789
1212903385  8.611063
1212977023  13.021608
1211121074  5.937300
1211126382  5.839967
1211335139  3.023900
1211368387  10.529748
1211385904  7.420369
1211533551  8.474380
1211558295  6.142034
1211922869  10.848340
1212024444  5.934301
1212227060  3.498237
1212251312  0.000000
1212251372  2.924756
1212367176  8.898099
1212467277  10.477588
1212509022  6.138932
1212716877  22.301262
1212743824  5.937300
1212937818  8.898099
1213025446  14.238290
1211038703  6.933583
1211044984  2.973502
1211117143  5.934301
1211203689  8.758468
1211209970  4.624130
1211246879  5.837017
1211264777  9.204929
1211376583  5.934301
1211380647  0.000000
1211380652  6.208760
1211400521  6.593668
1211419297  5.934301
1211420602  8.898099
1211431996  5.937300
1211526767  7.136404
1211534256  10.895631
1211635489  8.757482
1211780517  4.653992
1211810327  13.478287
1211859283  7.178309
1211947678  9.204929
1211953511  6.190561
1211957174  5.316985
1211959228  10.167213
1211980697  8.904443
1212046746  8.752229
1212067900  5.934301
1212081537  8.280419
1212130374  9.713937
1212239245  8.898099
1212399696  8.898099
1212414268  6.473783
1212467015  8.407524
1212499815  8.898099
1212535356  5.937300
1212660831  14.386450
1212663139  8.752229
1212805242  9.886776
1212824236  8.904443
1212843547  12.142422
1212852342  11.359275
1212856330  8.904443
1212892223  5.937300
1212912741  3.716877
1212992221  5.566218
1212996721  5.237946
1212998060  11.130553
1213020940  5.837017
1211134243  6.981530
1211292288  1.150169
1211326802  8.757482
1211554684  5.937300
1211872021  1261.488770
1211985815  6.607781
1212018793  5.247356
1212146057  8.898099
1212347166  5.384030
1212414598  6.361392
1212444213  6.477054
1212448583  5.837017
1212471943  5.014902
1212563994  8.903440
1212565296  9.533677
1212646301  0.000000
1212646319  4.955836
1212892042  7.213245
1212903018  0.000000
1212903032  0.000000
1212903052  0.000000
1212903075  0.000000
1212903083  5.934301
1212906749  9.366420
1213035738  5.394819
1211264765  11.670730
1211333461  5.934301
1211351606  5.937300
1211358506  7.124760
1211446102  8.898099
1211609477  13.393238
1211799766  11.251562
1212331499  8.904443
1212750790  8.898099
1211072130  2.973502
1211095002  12.093014
1211097806  6.371789
1211103274  10.651217
1211157457  9.048914
1211180631  847.229248
1211236028  2.924756
1211774001  5.837017
1211873141  7.413663
1211906014  8.341968
1211929619  11.281873
1211940058  8.903440
1211984944  6.597000
1212126397  7.968447
1212130228  8.328208
1212140134  9.048914
1212261545  8.219485
1212389786  5.162869
1212592627  5.839967
1212622340  5.934301
1212622760  5.837017
1212748742  5.937300
1212983209  9.366420
1211619212  8.611063
1211862823  5.934301
1212822919  5.316985
1211354104  8.904443
1211585566  5.397545
1211596859  3.769677
1212132479  9.055366
1212291036  8.555340
1212826404  6.721471
1211491069  5.934301
1212318385  5.566218
1212471153  8.898099
1211621153  7.536232
1212040284  10.267037
1212310076  5.934301
1212712277  4.821895
1211027442  15.253883
1211033653  9.713937
1211172552  4.576426
1211182791  5.394819
1211193740  8.611063
1211262362  8.617202
1211327964  5.651715
1211444017  5.934301
1211452238  5.934301
1211629980  8.347915
1211651198  8.213630
1211657163  8.757482
1211694949  10.267037
1211833616  6.358180
1211899022  5.937300
1211947110  9.533677
1212138917  10.677718
1212220541  6.844691
1212357982  9.054345
1212390915  9.048914
1212568842  5.014902
1212615586  0.000000
1212615601  3.185894
1213084121  9.707017
1213086468  5.837017
1211100856  8.758468
1211690060  8.478728
1211699156  6.981530
1212222494  9.540474
1212276607  8.904443
1211267714  8.752229
1211269903  9.048914
1211278052  12.711570
1211304578  8.752229
1211313071  6.477054
1211373405  10.267037
1211407385  3.076036
1211446575  8.474380
1211529950  7.876379
1211547509  8.213630
1211612198  6.477054
1211654688  5.934301
1211656065  9.204929
1211658725  8.347915
1211669516  5.934301
1211820571  9.204929
1211948611  9.204929
1212123297  10.357129
1212166821  8.752229
1212308494  8.752229
1212313029  8.904443
1212314330  5.394819
1212318156  8.341968
1212347162  2.378801
1212466249  5.837017
1212472184  7.514771
1212474788  6.850730
1212557725  12.489728
1212573891  8.903440
1212727021  8.903440
1212874167  5.839967
1212908068  8.213630
1212935960  8.474380
1212976522  5.937300
1213004771  5.934301
1211114449  5.934301
1211268110  5.316985
1211286659  9.712843
1211723251  8.898099
1211785294  9.204929
1211878512  8.904443
1212261145  5.651715
1212374606  7.214674
1212461811  13.187335
1211144198  8.075598
1211235751  11.752368
1211320203  2.973502
1211406664  0.000000
1211406724  0.000000
1211406752  8.546175
1211492663  8.904443
1211506714  8.898099
1211643635  8.752229
1211685433  3.303891
1211703934  8.898099
1211758502  11.126814
1211766166  5.837017
1211784813  8.905950
1211848042  5.934301
1211863151  7.632379
1211977569  8.904443
1212097787  5.742872
1212219736  7.124760
1212222697  8.096317
1212302322  3.130002
1212443805  8.898099
1212530943  8.616232
1212789327  5.089114
1212877608  5.934301
1212972801  5.316985
1213031944  2.973502
1211091254  5.742872
1211094458  8.046081
1211158818  6.037932
1211282881  10.079366
1211358625  8.898099
1211361448  7.421625
1211438716  5.937300
1211585813  0.000000
1211585867  7.704519
1211985596  6.981530
1211989993  0.000000
1211990006  6.473783
1211998140  5.644327
1212096334  10.318367
1212104267  2.973502
1212109971  2.973502
1212115663  5.934301
1212152330  8.477572
1212170767  9.054345
1212182724  6.721471
1212231386  8.213630
1212272979  12.274387
1212324681  2.943478
1212399017  8.898099
1212461583  8.617202
1212462021  5.839967
1212464525  9.211493
1212506309  5.934301
1212572727  9.833862
1212641043  9.893825
1212725755  0.000000
1212725803  0.000000
1212725805  5.837017
1212846180  9.055366
1212897634  12.415952
1212988280  5.937300
1211035373  8.903440
1211038432  5.934301
1211639343  8.467601
1211651945  5.937300
1211772795  0.000000
1211772800  5.934301
1211787824  5.837017
1212215652  5.839967
1212222091  8.898099
1212252459  8.752229
1212279791  5.837017
1212371766  10.529748
1212785849  12.066347
1213003796  13.304567
1213005472  8.903440
1211098623  8.904443
1211099164  8.758468
1211102772  10.032749
1211183220  8.757482
1211186696  8.757482
1211197613  12.136189
1211205982  4.575912
1211283985  11.006258
1211309566  7.756961
1211370209  14.852447
1211454843  8.904443
1211458247  14.242322
1211461643  9.997760
1211543446  7.976725
1211787553  8.904443
1211803105  10.651217
1211920936  5.082283
1211975094  9.173234
1212061832  14.295247
1212091362  11.864132
1212148352  13.255593
1212441701  5.839967
1212493560  8.347915
1212579424  8.758468
1212811115  11.874599
1212908485  48.535084
1212916768  4.955836
1212969893  11.868602
1213015877  8.898099
1211032619  8.904443
1211068177  8.752229
1211153162  9.712843
1211202311  2.973502
1211327876  11.857864
1211378989  8.480421
1212751532  8.752229
1212801535  11.752368
1212846949  5.934301
1212973269  2.973502
1211517529  8.898099
1211527502  8.278075
1211541858  5.837017
1211787577  9.707017
1211796302  11.868602
1211848285  1.553338
1211850350  7.742121
1211875969  6.459628
1212017763  5.926770
1212323089  33.528667
1212520255  3.964669
1212582894  7.632379
1212621244  5.934301
1212738258  8.046081
1212926558  5.934301
1212928194  11.425836
1211018702  8.347915
1211513897  8.898099
1211518298  5.837017
1211691313  5.654571
1211697976  5.745774
1211784440  5.837017
1211785103  5.937300
1211787078  5.937300
1211856077  8.758468
1211925817  0.000000
1211925863  0.000000
1211925923  2.831906
1212037361  5.934301
1212088658  8.898099
1212332717  8.752229
1212451697  5.985495
1212524646  10.607422
1212569210  8.042460
1213031447  2.973502
1211095237  5.394819
1211101291  8.898099
1211341380  10.902170
1211346951  9.533677
1211350587  9.707017
1211364482  8.758468
1211368385  8.758468
1211369382  6.246633
1211520464  8.898099
1211781884  7.437793
1212219393  8.898099
1212328158  8.898099
1212593668  8.346974
1212638687  8.920505
1212656178  7.933920
1212664514  8.752229
1212742531  6.718076
1212815222  1.821695
1212826193  6.981530
1212918412  8.903440
1212932079  8.611063
1211056084  5.162869
1211174316  9.533677
1211204206  0.000000
1211204267  5.477816
1211233850  12.068377
1211365398  8.898099
1211534322  5.934301
1211602453  7.270163
1211641460  9.533677
1211810477  6.850730
1211842031  15.480784
1211894260  12.722785
1211981330  2.877582
1212062579  12.277864
1212064992  6.777834
1212068402  5.937300
1212480940  5.934301
1212498919  7.737477
1212570815  7.289342
1212585633  9.707017
1212588902  5.745774
1212626083  13.692966
1212806762  7.202203
1213017749  8.688731
1211117044  8.758468
1212066919  8.474380
1212636493  6.037932
1211069720  8.075598
1211099422  7.744304
1211101132  8.898099
1211118655  8.903440
1211617516  11.300230
1211702769  9.540474
1212221822  3.716877
1212299918  9.533677
1212317155  4.247859
1212474632  10.468351
1212482802  5.934301
1212934556  8.758468
1212953820  2.973502
1212964859  8.903440
1211267714  8.752229
1211269903  9.048914
1211278052  12.711570
1211314428  6.981530
1211326649  5.480584
1211342574  5.014902
1211348030  7.973229
1211411161  8.904443
1211460309  8.752229
1211596453  6.477054
1211664521  7.519520
1211670279  4.344366
1211890839  9.707017
1211892693  9.533677
1211934975  21.485600
1212023386  6.721471
1212121353  7.519520
1212127280  8.898099
1212626877  4.814027
1212665142  9.048914
1212796192  3.243820
1211214412  5.937300
1211381175  2.924756
1211399680  5.932066
1211466884  8.898099
1211497932  5.934301
1211514468  8.752229
1211587248  2.973502
1211674968  5.934301
1211728843  14.249519
1211820264  5.937300
1211898796  6.142034
1211916243  7.417898
1211951002  7.626942
1211957757  8.616232
1211984624  10.973793
1212071280  5.839967
1212077720  6.685207
1212145899  5.934301
1212153455  9.886776
1212154325  11.670730
1212227196  8.790546
1212228800  8.752229
1212232815  8.904443
1212266256  5.839967
1212280807  5.947003
1212297621  8.473205
1212308847  7.540659
1212310237  8.474380
1212415817  0.000000
1212415854  7.932876
1212416819  5.937300
1212421630  5.566218
1212590391  9.623190
1212647765  9.211493
1212650091  9.372042
1212661899  8.752229
1212911471  9.525010
1212974693  6.249789
1212999163  10.941666
1213023607  5.397545
1211125363  9.707017
1211469768  12.387938
1212173861  4.500897
1211160887  8.046081
1211236351  8.898099
1211355619  4.983992
1211636101  9.890501
1211782722  8.898099
1212130414  10.005690
1212172841  5.934301
1212177099  8.898099
1212556488  6.597000
1212746504  20.955175
1212917008  7.270163
1211221115  8.213630
1211265899  2.924756
1211435155  8.280419
1211608682  8.904443
1211616953  0.000000
1211616967  6.371789
1211686181  9.995219
1211710236  8.213630
1211948234  2.443974
1212117876  5.932621
1212552569  9.048914
1212827271  6.358180
1212905482  5.158312
1212915050  10.895631
1212925292  11.951764
1211155676  10.677718
1211183684  9.707017
1211240405  3.519932
1211251526  9.533677
1211452803  10.032749
1211664532  5.934301
1212662455  8.903440
1212752149  8.903440
1212752656  8.898099
1212753712  14.386450
1211439596  7.236283
1211449028  8.341968
1211465341  5.937300
1211466566  10.052947
1211466896  6.358180
1211548599  7.519520
1211577287  7.121161
1211634966  9.055366
1211651839  5.477816
1212328643  8.089181
1212503730  2.973502
1212671263  8.898099
1212761384  4.695003
1212845171  7.415082
1212905852  133.471481
1212920397  7.740392
1213015068  5.934301
1213015664  19.790998
1211070835  5.934301
1211076172  4.576426
1211086145  8.904443
1211122109  11.865241
1211600589  5.839967
1211643987  8.752229
1211657545  5.934301
1212100869  10.142445
1212216688  5.839967
1212307208  8.904443
1212374761  9.157896
1212376758  8.213630
1212384627  8.898099
1212396018  9.707017
1212401823  8.758468
1212538708  5.934301
1212556380  8.616232
1212628139  8.903440
1212671905  9.707017
1212677489  5.086544
1212699169  6.597000
1212702297  0.000000
1212702310  0.000000
1212702344  5.928932
1212764339  5.934301
1212764756  9.048914
1212848209  5.934301
1212971332  4.576426
1213022791  6.473783
1213051007  6.607781
1213084111  9.533677
1211047687  9.055366
1211207076  4.575912
1211208511  4.795883
1211269281  7.356584
1211450524  8.758468
1211466037  4.747441
1211525070  9.533677
1211552123  6.844691
1211703772  5.017437
1211731799  8.758468
1211825032  5.934301
1211842380  10.708218
1211897756  6.358180
1211953703  8.752229
1211966749  5.563407
1212071239  5.934301
1212157271  7.579531
1212217165  3.813471
1212313959  10.224675
1212323925  10.267037
1212330063  8.904443
1212388786  5.934301
1212416627  5.742872
1212452977  5.937300
1212462047  8.410663
1212502968  5.934301
1212588558  4.576426
1212728959  9.049835
1212761863  8.920505
1213021831  5.742872
1211291660  3.641022
1211373067  8.758468
1211467128  5.563407
1211547164  5.837017
1211801206  5.934301
1211841617  11.123664
1211894150  14.249519
1212137290  8.403752
1212143686  7.742121
1212153026  9.533677
1212250499  9.623190
1212588301  4.879972
1212602714  5.934301
1212629877  7.856861
1212667015  8.903440
1212753870  8.898099
1212905969  8.089181
1211029233  8.213630
1211114538  5.480584
1211552804  6.028580
1211726162  8.904443
1211860298  9.130462
1211871432  8.904443
1211994240  6.285489
1212072752  3.185894
1212305640  8.904443
1212322704  8.752229
1212418177  5.563407
1211032494  8.904443
1211154180  10.529748
1211181644  6.152072
1211324225  3.185894
1211507681  8.898099
1211646919  5.937300
1211675662  12.142422
1211693221  5.309492
1211759901  7.626942
1211761444  2.973502
1211764825  9.055366
1211851908  6.473783
1211856967  8.758468
1211952492  8.347915
1212047999  8.904443
1212132032  10.159623
1212133825  9.645384
1212147280  5.934301
1212197144  2.973502
1212235207  8.904443
1212313280  5.937300
1212334579  5.839967
1212372177  8.903440
1212451410  12.873103
1212536331  6.847270
1212656547  5.937300
1212728561  4.695003
1212894630  8.096317
1211201849  8.213630
1211291221  5.316985
1211297927  10.357129
1211320717  7.415082
1211443017  8.904443
1211469682  2.973502
1211527257  5.160262
1211779622  5.937300
1211784006  10.468351
1211960433  8.752229
1211973444  8.898099
1212021128  5.837017
1212136226  8.752229
1212150549  8.898099
1212178286  6.436865
1212213987  5.937300
1212214852  8.757482
1212231942  8.213630
1212234796  9.893825
1212288063  9.372042
1212479661  8.904443
1212588837  5.745774
1212740113  8.898099
1212756428  8.347915
1212763843  9.911672
1212882794  5.394819
1212930879  12.415952
1213017541  10.902170
1213021360  11.894007
