1211334933  5.442343
1212123881  7.192847
1212465460  8.012857
1212537019  4.913971
1212881089  7.192847
1211115792  6.670762
1211177424  3.439420
1211990839  19.554811
1212041241  4.898970
1212682840  8.272236
1212692141  7.691155
1213027647  5.558968
1213036047  7.451169
1211302550  5.248896
1211552178  4.841967
1211676976  3.458548
1211685748  5.151936
1211546907  9.732198
1211548585  8.148929
1211624651  6.114865
1211703530  13.450942
1211764339  12.349675
1211821132  7.399885
1211824179  6.109617
1211907919  6.014621
1212033797  7.564891
1212289324  3.778833
1212476812  12.039751
1212895152  0.000000
1212895159  4.841967
1211065854  4.064724
1211145349  4.994153
1211381851  6.793854
1211692900  10.652141
1211902699  7.869423
1211937661  4.454334
1211952196  5.350878
1212204078  3.260602
1212244142  4.139974
1212278521  6.619881
1212334365  7.224708
1212372693  2.478431
1212507867  5.766237
1212819482  6.218507
1213028077  5.476480
1211694838  15.067920
1211699806  12.157300
1212716807  1.490909
1212822784  2.988265
1212902864  2.252331
1212264722  5.008931
1212353883  5.008931
1212811105  9.273030
1212894815  7.314786
1211601155  8.915106
1212310717  13.226924
1212720300  0.000000
1212720347  0.000000
1212720406  8.935684
1212733817  12.109639
1212896158  6.582586
1211171890  3.634432
1211204154  8.895585
1212118483  5.395469
1212241717  8.850600
1212649751  190.437561
1212667964  8.570012
1211608496  8.974789
1211877838  11.280643
1212364031  5.859592
1212364171  4.492304
1212905222  12.975799
1211543630  12.696465
1212259739  5.484496
1212265936  8.971845
1212290620  5.874912
1212343977  5.061018
1211083040  6.127539
1211083145  3.304240
1211554132  7.592449
1211619176  2.395817
1211651942  14.469432
1211683965  4.563644
1211772352  4.492304
1211786745  4.931747
1211825513  13.498051
1211870033  4.219301
1211874434  3.272748
1212038529  6.246880
1212208109  14.953415
1212356919  3.439420
1212410032  9.969015
1212499764  6.020649
1212731382  524.109497
1211683030  3.627695
1211788367  4.210406
1212740534  11.958000
1212757805  6.220218
1212824908  4.611397
1212827977  14.968503
1211056380  13.121942
1211063976  7.192847
1211125506  10.364202
1211354082  9.704926
1211904189  6.462290
1211948694  6.114865
1212368465  10.647850
1212717659  19.826714
1211082910  5.696432
1211091656  6.945280
1211121625  7.996495
1211592588  3.240781
1212161800  7.944673
1212167773  8.149192
1212469788  7.806211
1212718142  5.917612
1211673928  6.995352
1212192990  8.335425
1212808232  5.529907
1212820758  6.596471
1211075163  5.623354
1211751873  4.380095
1211868377  3.377509
1211871243  6.014621
1212290056  8.532370
1211102030  5.008931
1211104213  8.350964
1211149533  3.608572
1211303839  10.203275
1211381041  4.531133
1211468671  5.851737
1211476204  7.853842
1211483849  5.908651
1211559813  5.405368
1211560722  4.818658
1211562356  2.570686
1211574772  4.218921
1211592127  10.195350
1211821024  7.850815
1211902782  8.253364
1212035032  8.405080
1212074080  2.781005
1212160281  3.756791
1212170378  7.983533
1212216768  5.838531
1212268891  3.815992
1212271084  6.861264
1212295738  8.509464
1212389262  13.223246
1212557247  7.852655
1212564554  9.357604
1212592887  7.978065
1212686744  1.197908
1212765607  5.316755
1211121807  4.841967
1211122935  5.523743
1211123251  8.775273
1211315778  12.513264
1211346856  0.000000
1211346883  6.441297
1211374169  10.101168
1211512630  12.721818
1211577041  3.550370
1211681059  9.358997
1211830307  4.308290
1212077912  3.046247
1212584652  4.002235
1211455578  8.050552
1211873499  5.644491
1212175236  6.670762
1212646891  6.114865
1211332486  6.612775
1212031464  3.668808
1212198229  4.620067
1212867593  3.668715
1211469043  5.732686
1211504848  8.784392
1212062798  4.898970
1212063827  7.192847
1212064761  6.908119
1212148568  5.248896
1212149938  4.863502
1212150162  2.354067
1212154133  4.199117
1212404703  6.057879
1212406011  5.249535
1212415232  4.082475
1212764409  4.395338
1211082711  12.104806
1211137056  10.030419
1211742371  5.558968
1212044064  11.447632
1212107678  4.685774
1212164824  7.965142
1212280727  4.898970
1211092733  7.144956
1211289714  4.924034
1211547983  7.345120
1211893298  8.673005
1212670752  4.976174
1211148447  5.287390
1211565957  0.000000
1211565975  8.938285
1212956994  4.841967
1211172647  7.367287
1211284300  9.544053
1211380597  4.076350
1211472858  7.544106
1211548588  11.638426
1211554893  5.432515
1211684537  4.787450
1211819569  9.181399
1212077463  6.090291
1212120876  5.698936
1212169957  3.196128
1212203426  4.380095
1212416943  6.075637
1212633446  7.975911
1212710486  10.580387
1213016516  0.000000
1213016518  7.716168
1211263398  8.840369
1212904007  5.860469
1213033200  7.345120
1211144605  4.685774
1211671799  5.302481
1211950038  6.014621
1212065949  6.246880
1212146730  5.065954
1213029712  10.591836
1211088325  5.611062
1211851976  6.114865
1211919317  7.269541
1212120732  9.245588
1212315089  8.876784
1212786482  6.895215
1211511818  7.683475
1212723247  8.677768
1212808537  0.000000
1212808540  0.000000
1212808558  5.769409
1212814083  4.924034
1212821348  8.828513
1212907294  6.019332
1211057591  4.212089
1211818599  13.010089
1211829268  4.504473
1211911908  4.165336
1212069632  7.655054
1212505808  6.014621
1212680303  7.638254
1212872883  7.193959
1212911417  7.611433
1211025012  6.114865
1211028653  4.977450
1211028954  6.109617
1211040659  2.262681
1211041490  11.715983
1211202606  6.531960
1211225733  5.768409
1211288059  4.469508
1211289010  157.016296
1211291922  7.849332
1211306837  4.841967
1211314732  9.236917
1211377745  8.301085
1211463778  7.170101
1211465683  7.635840
1211467362  9.257798
1211487566  6.551641
1211551894  4.492157
1211552847  7.480603
1211570892  4.387137
1211893692  5.065954
1211894591  3.883329
1211915448  11.280643
1211916930  6.638145
1212059826  7.345120
1212061001  7.345120
1212061450  4.132470
1212090238  8.301085
1212121161  8.485851
1212154460  4.841967
1212158399  6.114865
1212166666  6.634980
1212259652  6.246880
1212261295  5.888549
1212336044  6.526210
1212503116  5.942728
1212512046  6.975579
1212591027  3.668715
1212604528  2.896431
1212606266  6.069736
1212611760  5.673845
1212671060  5.838861
1212672984  5.065954
1212692240  5.652657
1212751521  4.982906
1212752167  6.147884
1212754265  5.768409
1212757445  6.250349
1212779146  8.214560
1212853096  4.107114
1212858715  4.132470
1212889218  6.045368
1213034164  6.246880
1211155586  8.024335
1211577154  8.482150
1211615112  4.150257
1212066043  6.014621
1212067121  7.345120
1212210731  6.005964
1212215972  6.114865
1212272044  4.973327
1212358594  7.612863
1212853288  3.497676
1211152485  3.668715
1211228977  6.628491
1211560242  6.014621
1212032707  3.149841
1212165440  6.014621
1212262426  7.839062
1212524809  0.000000
1212524818  5.096807
1212956167  8.131738
1211042560  6.436700
1211201367  10.627118
1211202728  6.942203
1211206234  8.220503
1211309773  7.207939
1211345928  7.900075
1211351449  13.273084
1211375185  6.693086
1211376926  4.818658
1211432095  6.599829
1211460644  9.793493
1211525037  7.598400
1211682140  3.668715
1211737663  6.792303
1211741041  4.043379
1211899023  4.818658
1211980919  4.076350
1212064688  7.480603
1212170081  6.660803
1212170793  7.721726
1212338689  5.810360
1212344333  4.346515
1212509718  3.066422
1212649749  4.740938
1212731050  5.008931
1212734024  12.738558
1212983777  7.848445
1212994997  8.279076
1213000776  0.000000
1213000789  9.446662
1213016609  4.336090
1211173582  6.271250
1211303600  2.810652
1211508460  3.608572
1211672720  6.677382
1211941560  21.078642
1211090224  10.950854
1211522364  4.898970
1211693967  7.369415
1211863972  8.024335
1211865678  4.891620
1211931009  4.740938
1211079314  7.998430
1211175798  7.027258
1211189338  4.841967
1211865703  7.635840
1211930268  35.071545
1211940944  5.244009
1212715886  5.118934
1211032387  3.487308
1211098887  6.014621
1211509714  0.000000
1211509718  4.596975
1211602624  6.114865
1211618534  6.246880
1211977472  4.818658
1211989027  0.000000
1211989103  8.527655
1212149790  6.014621
1212266673  6.622136
1212759439  6.114865
1212819280  11.474548
1213010526  7.262964
1211115950  6.436700
1211120848  13.280183
1211142175  4.409563
1211538078  12.372206
1211541129  7.224708
1211948839  5.390855
1212278519  0.000000
1212278521  0.629310
1212302347  7.752704
1212997389  10.801132
1211594931  5.854961
1211698691  4.150257
1212023968  6.114865
1212293442  12.631218
1212305888  5.534586
1212443761  7.657357
1212819127  4.230626
1211522673  27.905001
1211563093  5.878763
1211772820  5.838861
1211977349  6.518273
1212172503  5.187068
1212414293  5.728006
1212655561  0.454116
1212668729  7.808600
1212685579  8.319005
1212787421  2.281730
1211314432  6.014621
1212729373  7.272485
1212806022  13.240692
1211481448  5.167491
1211616663  6.660468
1211680103  6.670762
1211940026  3.762933
1211942419  6.341961
1212431865  3.668715
1212551328  5.282146
1212636831  6.277342
1212801935  4.443684
1211584611  10.889412
1211762924  6.793854
1212026061  7.055614
1212026432  0.000000
1212026491  0.000000
1212026561  0.000000
1212026611  0.000000
1212026672  0.000000
1212026695  0.000000
1212026755  0.000000
1212026838  0.000000
1212026898  0.000000
1212026958  0.000000
1212027019  0.000000
1212027048  0.000000
1212027053  6.480823
1212257407  8.475138
1212309452  10.577887
1212352127  6.363200
1212532193  4.380095
1212683021  8.812317
1212883037  9.924283
1211345739  8.279076
1212109041  3.634640
1212871237  5.432070
1211512082  3.100323
1211518598  5.387090
1212036112  2.944705
1212372087  6.218507
1212392416  10.647476
1212848276  5.732686
1212993215  8.674555
1211118751  11.052358
1211437227  7.345120
1211613925  6.213339
1211619083  5.481472
1211644322  4.380095
1212333383  3.930766
1212358386  12.607620
1212635054  7.871262
1211316917  9.264346
1211559793  6.448737
1211687759  7.480603
1211993161  4.336392
1212382063  9.957230
1212778108  6.321492
1213068575  8.950945
1211601276  13.636312
1211601297  4.927746
1212890330  5.728006
1211083200  9.801873
1212818569  84.715698
1212678269  2.449325
1212678900  6.064577
1212756387  7.312728
1212809376  4.002235
1212885417  5.603029
1211128515  8.870986
1211811035  8.859555
1212032828  7.633710
1212300382  4.346515
1212387436  8.178051
1212546061  12.728902
1211200403  6.462290
1211329904  11.491087
1211766117  9.925042
1211872041  5.723470
1211979701  2.896354
1212312008  7.884348
1212476658  10.727138
1211613485  4.841967
1211681940  8.862449
1211795294  7.902754
1211893481  5.443299
1212159226  6.828113
1212306871  5.187821
1212372278  4.841967
1212401711  6.114865
1212458048  2.939190
1212985872  5.479753
1211123938  8.789786
1211270647  6.144472
1211306301  11.223638
1211363359  8.693029
1211728042  9.226749
1211790988  7.345120
1211798082  8.079894
1212033440  8.693029
1212487608  8.024335
1211067871  4.592784
1211155732  6.483156
1211156828  6.096466
1211158070  6.246880
1211173424  10.911024
1211174954  7.612863
1212247519  5.930390
1212303591  6.440052
1212551171  6.780110
1212670794  6.045368
1212780871  3.386506
1211579703  5.766144
1211605236  6.145801
1211760236  3.149841
1211981482  2.566947
1212396856  6.014621
1212760396  4.762590
1212813232  3.335196
1212913357  10.652141
1213022357  7.187450
1211063331  6.114865
1211077803  7.559156
1211098236  8.992789
1211122754  6.727168
1211373764  10.482043
1211461968  12.797157
1211592896  4.898970
1211614211  6.802290
1212498343  11.009936
1211321073  7.399363
1212453284  4.401788
1212621806  16.878462
1212631807  6.402184
1212715952  4.818658
1212768699  7.684141
1212942997  7.525307
1212817520  11.669782
1212981015  8.706135
1211507679  8.319005
1211678848  6.958512
1211789433  6.358894
1212324720  6.469027
1212696981  0.000000
1212697047  0.000000
1212697073  0.000000
1212697077  21.597937
1212755067  7.170101
1212756033  5.594221
1212759896  3.925919
1211047571  17.446255
1211048632  3.335196
1211116851  8.279076
1211678332  17.549280
1211814233  6.462290
1212005425  7.312728
1212288802  12.483946
1212518280  8.376164
1212528043  0.000000
1212528049  4.014780
1212599567  4.898970
1212887605  8.131738
1211769542  4.099725
1211774123  8.301085
1212046878  22.446154
1212060025  5.678982
1211046081  8.393016
1211101209  10.461924
1211350715  5.167491
1211531134  7.446012
1212275758  13.847074
1212277814  4.539344
1212680376  2.147619
1212846537  2.395817
1211143168  8.693029
1211286248  4.841967
1212591203  6.106120
1212693649  6.387061
1211076054  4.529530
1211088235  5.025917
1212253160  5.713168
1212462340  324.022949
1212486289  7.612863
1211612695  9.094021
1211876538  7.869771
1212036187  5.678982
1212136093  9.604389
1212273996  3.481945
1212519097  6.114865
1212548486  4.841967
1212670890  2.944705
1212723370  3.194422
1211098707  8.932259
1211384063  4.841967
1211405464  6.425650
1211734668  3.285417
1211738932  4.685774
1211831928  8.131738
1212186282  4.469508
1212683719  5.455244
1212915697  9.604389
1212916813  7.598400
1211677978  10.512229
1211679017  6.794294
1211993009  7.013885
1212503685  5.835504
1211133464  5.634104
1212069482  7.345120
1212126310  8.693029
1212634201  7.075711
1212912185  8.131738
1211071929  3.919531
1211375990  6.682479
1211459813  8.131738
1211619860  6.246880
1212151294  6.144472
1212164096  3.423564
1212209564  10.612795
1212256119  8.062963
1212509025  4.453320
1212555963  4.171208
1212584014  7.719782
1211725147  9.094021
1211811186  7.998430
1212038759  6.313053
1212126924  4.195447
1212128312  7.027258
1212221857  6.037085
1212283528  7.783501
1212328610  8.012857
1212415738  6.454874
1212812724  6.780110
1212897353  4.139974
1212937906  5.136540
1211510186  13.516457
1211986929  3.058490
1212165928  5.652657
1212208289  7.874218
1212252075  7.207939
1212265453  8.466266
1212436453  6.045368
1212849730  6.670762
1212907989  2.896431
1211378828  6.114865
1212111614  6.090291
1212180882  0.000000
1212180891  0.000000
1212180897  4.750208
1212570145  8.131738
1212673224  8.125253
1212851982  9.764462
1212858876  7.238861
1213016919  4.841967
1213024814  7.559618
1211662215  5.282146
1211672462  6.655763
1211854037  3.411392
1212219537  5.167128
1211334255  10.466703
1211787949  13.866779
1212186615  0.000000
1212186624  5.807726
1212209114  6.551641
1211128588  7.917131
1212282053  8.161244
1211082000  2.828595
1211503997  5.636183
1211522441  8.675111
1211560266  5.810360
1211922124  7.476031
1212029922  7.014442
1212201710  20.956688
1212225404  5.826367
1212289694  4.530818
1212423597  37.538853
1212080019  4.982003
1212157271  9.538341
1212200550  3.386506
1212223486  8.600293
1212229451  7.224708
1212733155  5.455244
1212810925  7.697608
1212864801  4.898970
