1211057665  7.644739
1211213819  0.000000
1211213838  5.049335
1211321375  4.697934
1211398275  13.011178
1211409194  0.000000
1211409224  6.352671
1211511383  19.444946
1212266816  4.948089
1212313733  7.271048
1212313839  1.058732
1212455914  7.762148
1212550216  4.575377
1212704076  8.915979
1212780731  8.403132
1212904858  5.024953
1211097598  9.193392
1211102531  9.181501
1211383269  3.827041
1211433498  10.351245
1211497857  13.541586
1211662769  23.344221
1212140980  7.517327
1212506232  6.633681
1212621618  5.350192
1211090907  6.536253
1211823800  7.912976
1212007409  2.174783
1211060368  7.912976
1211561658  7.029207
1211621052  8.534158
1212223392  11.314385
1212455977  7.548562
1212898230  4.091936
1211061225  10.177547
1211697119  7.103796
1211763006  2.620742
1212014401  5.442897
1211019624  5.442897
1211083983  5.937706
1211128287  13.004145
1211267100  0.000000
1211267132  12.374348
1212106366  5.353670
1212221720  8.659675
1212467513  8.179085
1212988890  10.029425
1211059836  18.329369
1211067866  8.396315
1211123671  8.559600
1211185210  10.586105
1211589597  5.353670
1211595330  14.672016
1211616718  4.854166
1212311285  6.047664
1212373819  6.896789
1212397498  11.114650
1212952515  4.306440
1211061752  14.265916
1211090050  5.934732
1211674006  7.803710
1212199209  4.150071
1212386065  7.775568
1212716745  4.097353
1212906997  8.698296
1211050080  10.889982
1211394537  1.015718
1211511280  15.048279
1211808797  11.437715
1211841401  9.895701
1212225093  12.512856
1212295770  7.872991
1212309796  0.000000
1212309801  0.000000
1212309803  14.800095
1212317998  6.318541
1212320778  7.877684
1212681680  2.446026
1212729797  10.378501
1212775358  6.414346
1211105011  9.150755
1211407754  0.000000
1211407805  7.517327
1211509678  4.436326
1211750687  9.222436
1211764327  6.136917
1211825436  11.799789
1211899552  7.960863
1212086317  6.912136
1212210239  8.019839
1212443618  2.072840
1211047488  12.800669
1211126403  10.484555
1212436532  8.387291
1212803164  7.419401
1211066239  6.833933
1211097898  5.710556
1211176568  5.269397
1211305992  7.836593
1211738694  6.013449
1212071251  8.379995
1212210619  2.405602
1212264714  4.697934
1212316569  4.652926
1212434817  13.390796
1212505822  5.024213
1212639802  10.917554
1212809719  12.467449
1211587005  4.656948
1211968018  12.098778
1212458427  5.353670
1212482442  0.229471
1211501704  3.961323
1211622102  12.724695
1211949576  11.193257
1211966722  6.843085
1212143413  9.651165
1212210651  11.662447
1212273734  7.394092
1212636491  10.722737
1212777342  3.565229
1212979721  9.181501
1213026053  5.442897
1211348260  9.733477
1212477542  5.854886
1212739472  15.390582
1212741751  10.674113
1212889772  7.394092
1212981733  7.025450
1211377979  8.970237
1211382118  5.535150
1211397792  0.506663
1211462921  9.489779
1211466885  5.535150
1211469356  7.394092
1211478431  7.517327
1211487724  5.362226
1211492027  8.246239
1211551822  6.628096
1211562667  5.361912
1211565182  5.267320
1211566921  5.487774
1211571198  3.786006
1211688925  6.517224
1211982114  5.442897
1211984203  6.902827
1211986618  4.395615
1211994642  8.671229
1212001158  11.397601
1212073216  4.631094
1212077001  5.557044
1212090368  6.939071
1212095748  4.944875
1212162937  8.935546
1212393201  10.265647
1212418652  7.424815
1212426562  9.397534
1212510953  4.631094
1212514272  0.935941
1212546936  7.776545
1212601212  34.299313
1212604791  5.419518
1212685838  5.353670
1212765728  8.689081
1212772458  9.248367
1212782633  7.559052
1212788352  5.353670
1212955385  9.127609
1213021027  9.603722
1213029091  2.859642
1213031280  0.591422
1213034622  4.182924
1213037899  9.123535
1211092750  5.442897
1211258448  10.805886
1211444877  8.527537
1211504306  3.421934
1211591943  5.241483
1211614692  7.379654
1211928784  4.379430
1212132996  11.052263
1212200974  6.833933
1212392316  10.061463
1212554730  13.236394
1212604955  5.831223
1212698053  5.442897
1212964855  6.974499
1212986244  7.831596
1211067177  8.524730
1211189288  4.575377
1212195881  5.270702
1212522350  10.627264
1212546643  10.734999
1212721183  12.126028
1212730368  8.958284
1212913131  10.135976
1212975961  2.530296
1211064292  96.932838
1211227393  9.098705
1211485592  10.501281
1211488608  5.442897
1211686971  5.433467
1211771078  16.286133
1211919671  2.698957
1211956352  4.322355
1212209818  9.816485
1212420767  5.868587
1212534340  20.488350
1212678415  6.047664
1212748913  7.186060
1212903608  8.001982
1213001729  7.394092
1211099638  4.740439
1211333766  8.169771
1211614992  5.607408
1211701095  6.178030
1212133967  207.846832
1212380041  2.905050
1212582466  14.484850
1212630914  9.485310
1211114456  13.021046
1211118626  5.729366
1211790738  13.502706
1211943219  10.518808
1212894704  4.015161
1212982341  12.168824
1211069284  5.630584
1211078241  7.351634
1211123601  9.722796
1211173178  10.748134
1211313161  8.622120
1211671677  5.744906
1211790589  0.000000
1211790650  0.000000
1211790726  0.000000
1211790770  0.000000
1211790830  0.000000
1211790898  0.000000
1211790955  0.000000
1211791010  0.000000
1211791075  0.000000
1211791136  0.000000
1211791200  0.000000
1211791255  0.000000
1211791315  0.000000
1211791383  0.000000
1211791449  0.000000
1211791494  0.000000
1211791570  0.000000
1211791626  0.000000
1211791679  0.000000
1211791747  0.000000
1211791799  0.000000
1211791864  0.000000
1211791988  0.000000
1211792044  0.000000
1211792096  0.000000
1211792159  0.000000
1211792227  0.000000
1211792276  0.000000
1211792336  0.000000
1211792401  0.000000
1211792456  0.000000
1211792521  0.000000
1211792648  0.000000
1211792701  0.000000
1211792761  0.000000
1211792820  0.000000
1211792964  0.000000
1211793042  0.000000
1211793144  0.000000
1211793169  0.000000
1211793229  0.000000
1211793290  0.000000
1211793350  3.042910
1211796661  7.070534
1211862061  42.346378
1211966391  11.261168
1212123771  0.000000
1212123808  6.330449
1212397580  5.312312
1212466181  7.261524
1212551600  4.949747
1212863739  4.558267
1211076310  10.586105
1211147502  8.575317
1211555612  9.749500
1211720668  11.410259
1211731950  7.189107
1211773922  4.819762
1212048902  10.762541
1212162183  6.161771
1212208966  13.274962
1212319070  9.757830
1212323632  8.072803
1212328880  0.000000
1212328949  34.329739
1212787675  5.906351
1212899306  11.707111
1211150443  7.068256
1211305578  16.168037
1211381160  5.937706
1211398150  5.353670
1211433553  7.517327
1211498383  1.025646
1211520253  9.643398
1211826020  11.053023
1211826799  7.644739
1211833779  16.739979
1212071333  1.094023
1212072176  4.631094
1212083267  5.312312
1212162868  3.975175
1212177902  2.446026
1212515289  7.517327
1212532066  13.956995
1212656753  5.442897
1212673965  5.934757
1212692741  7.318858
1212707286  6.403409
1211165522  6.043243
1211420036  4.575377
1211519721  2.616647
1211616948  8.401031
1211948335  6.695300
1211953526  13.271814
1212215468  4.991321
1212450571  1.094023
1212460403  12.358409
1212470001  14.849980
1212560893  6.730904
1212904013  9.593092
1211227891  8.384980
1211345741  7.882936
1211637571  11.029918
1211644391  5.937706
1212420198  13.699585
1212432572  11.554092
1211092810  6.339356
1211761076  9.446918
1212127804  8.929652
1212197815  5.877648
1212918609  32.239342
1213024409  6.013710
1211310860  3.221283
1211390624  11.094259
1211771051  12.813401
1212363760  7.548562
1212534608  6.531477
1212672244  6.412498
1212762149  8.915979
1212825867  9.278172
1212854003  12.794851
1212913408  11.029918
1212970298  4.322355
1211229928  2.551188
1211269175  8.017058
1211377858  5.292679
1211398873  4.157498
1212072927  13.101017
1212832365  4.575377
1213046007  7.548562
1211093905  3.856513
1211159870  7.017874
1211470623  8.352586
1211601948  8.671229
1211659830  6.280266
1211859077  10.586105
1212084308  1.076088
1212096575  9.123535
1212279422  5.442897
1212424624  10.745658
1212466516  9.168345
1212532951  3.975175
1212683076  5.442897
1212732736  26.527525
1212738826  7.803710
1212799203  4.101371
1212891610  0.000000
1212891615  2.205135
1212987407  5.442897
1211327668  4.500371
1211434602  8.671229
1211497009  10.724451
1211507622  10.283390
1211690736  8.665569
1211722794  5.700865
1212458317  2.446026
1212588321  10.851508
1212692530  7.924026
1212789177  3.563033
1211519630  4.395615
1211652041  12.028714
1211652631  5.428711
1211794679  11.448383
1212188995  4.575377
1212200604  5.797490
1212557279  8.422159
1212829365  7.525459
1212982170  30.716082
1212987549  10.150946
1211221858  5.729366
1211230673  8.671229
1211298552  12.809289
1211316266  5.442897
1211400831  14.663946
1211464691  10.724451
1211488615  6.478919
1211895186  7.517327
1211952263  6.695674
1212181700  2.761607
1212206471  10.827560
1212254948  5.442897
1212677084  4.962981
1212678613  9.578591
1211040020  2.287272
1211212420  4.404358
1211247720  4.902190
1211315243  5.831676
1211732698  6.799202
1211753585  7.517327
1211834990  4.351490
1212034152  0.000000
1212034174  7.277054
1212077628  4.322355
1212120584  8.020113
1212179349  3.811220
1212231273  6.414346
1212521479  7.189107
1212694655  4.322355
1212701503  10.763220
1212767798  5.442897
1211137362  8.234795
1211172279  10.724451
1211179690  0.000000
1211179732  9.940104
1211466635  5.442897
1211491276  1.112565
1211891654  8.394253
1211896504  2.205305
1212277173  5.350192
1212289243  11.737598
1212291947  13.274962
1212398531  6.073987
1212769573  3.110269
1212819176  9.688834
1212964254  6.536806
1212971567  6.955174
1211069959  9.884282
1211134292  3.363591
1211182472  6.759906
1211213350  12.034076
1211874467  0.000000
1211874471  1.641034
1212175513  7.210059
1212325683  0.000000
1212325745  0.000000
1212325803  0.000000
1212325865  0.000000
1212325929  0.000000
1212325991  0.000000
1212326045  4.306440
1212331384  5.046225
1212366441  9.289645
1212517695  9.123535
1212986476  45.499088
1212992707  3.856513
1211102837  9.222436
1211153779  3.886765
1211523102  14.629469
1212037078  5.539640
1212163170  7.598003
1212188956  1.112565
1212376450  5.442897
1212981914  5.881416
1211041426  3.929413
1211206097  10.745658
1211228672  5.729366
1211342159  4.575377
1212012131  5.442897
1212073321  8.982244
1212269162  2.139706
1212695104  2.754810
1212763593  4.454937
1211024828  5.831676
1211284201  7.819950
1211520015  9.485310
1211917621  8.966603
1212029126  7.296709
1212304353  7.424815
1212469559  6.459660
1211058042  10.248551
1211111808  7.517327
1211248760  7.517327
1211669634  9.686933
1211719468  11.216866
1212865595  6.796058
1213010046  6.863066
1211074240  5.353670
1211747236  10.678599
1211822441  8.769815
1212212185  1.413289
1212281371  14.915936
1212461762  7.394092
1213071750  7.834691
1211046207  7.657901
1211312038  5.402351
1211387796  1.950592
1212078579  7.994000
1212170410  3.421143
1212306649  2.912500
1212530114  7.690366
1212789138  13.152840
1212811700  6.939071
1212832801  3.394954
1213011851  9.962956
1213020423  5.722611
1211104919  8.834388
1212097921  7.549890
1212881679  11.880105
1211387517  4.306440
1211925383  9.643398
1211958136  5.700865
1212009613  9.643398
1212529590  14.498647
1212903846  5.442897
1212989686  8.513138
1211384501  5.831676
1211392604  7.616206
1211518588  11.032367
1211941016  2.646163
1212262670  1.287085
1212317614  7.674124
1212727647  7.996513
1212985493  7.432104
1211140602  8.818199
1211531909  10.849099
1211620710  11.562613
1211660481  8.265770
1211758656  5.225225
1212024985  1.076088
1212291489  7.517327
1212432618  0.000000
1212432681  0.000000
1212432739  0.000000
1212432814  5.470113
1212642075  15.319749
1212739091  6.722845
1211467249  3.989866
1211611630  0.000000
1211611680  5.831676
1211741584  4.991321
1211829677  13.727579
1211862113  4.330953
1211905644  8.023760
1212158942  5.763140
1212679678  5.982671
1211067962  3.563033
1211154208  9.927240
1211347299  9.502807
1211955301  14.219182
1212031221  1.390120
1212255272  13.228961
1212272735  2.412033
1211052916  9.485310
1211107378  11.261737
1211107824  9.439620
1211120153  3.997548
1211446537  5.442897
1211641176  10.548640
1211831213  11.735616
1211965800  12.272036
1211998089  8.211347
1212030851  8.723931
1212048102  11.529620
1212177411  7.562819
1212212387  2.040951
1212220889  8.523511
1212275987  7.517327
1212441470  8.671229
1212449569  0.000000
1212449629  7.517327
1212480904  4.991321
1212617751  5.353670
1212708830  5.238330
1212835625  4.575377
1212915356  5.957680
1212998691  2.993565
1211060579  12.297669
1211624782  7.525459
1211625495  13.522103
1212119430  7.427630
1212222439  0.000000
1212222450  7.418320
1212374967  10.378501
1212477280  11.221176
1212897348  12.861493
1212085428  3.929413
1212289215  0.000000
1212289275  0.000000
1212289337  0.000000
1212289360  0.000000
1212289426  0.000000
1212289480  0.000000
1212289545  0.000000
1212289600  0.000000
1212289628  0.000000
1212289692  0.000000
1212289746  0.000000
1212289806  0.000000
1212289872  0.000000
1212289929  0.000000
1212289987  3.397916
1211522885  3.169145
1211700505  11.476027
1211937366  5.831676
1212033846  4.948089
1212067426  4.322355
1212081183  8.973399
1212111911  8.061514
1212314171  7.315978
1212531081  5.535150
1212536926  13.943511
1212781342  24.970882
1212791427  4.306440
1212885635  2.625654
1212956989  8.282810
1211160422  8.539086
1211419374  1.895168
1211437213  6.610797
1212437515  8.365848
1212562885  7.601153
1212602284  5.762163
1212680310  8.973969
1212680888  10.927788
1212740591  6.833933
1212984532  2.745664
1211525209  0.000000
1211525230  7.394092
1211527299  5.442897
1211666138  7.394092
1212200853  7.305060
1212333012  5.188947
1212556919  5.535150
1212611509  10.399277
1212719441  9.466298
1212769210  8.317435
1212774569  10.045641
1212892784  15.093423
1211148633  5.626926
1211214019  4.715296
1211603051  5.442897
1211727385  7.548562
1211954409  7.046899
1212126472  6.227535
1212201472  5.225225
1212229390  14.046163
1212313671  10.049021
1212628159  2.211030
1212691756  7.711635
1212744292  7.803710
1212848416  12.152435
1212921658  5.382797
1213054217  4.575377
1211142368  13.984213
1211146968  7.534772
1211331641  8.812443
1211429046  4.599632
1211550505  5.535150
1211572694  7.599599
1211580823  0.994566
1211667371  4.306440
1211697016  2.871479
1211983790  5.442897
1212084813  9.044526
1212256329  8.211347
1212768684  1.287085
1211291410  7.411251
1211107072  8.649509
1211334252  8.529315
1211403016  6.802420
1211566990  6.176746
1211633359  6.576830
1211792091  7.125847
1211145284  7.675780
1211567055  9.526846
1211922190  9.336137
1211981445  6.414346
1212168913  10.586105
1212242161  7.836593
1212346330  8.249625
1212363467  8.671229
1211715356  16.152098
1211762448  12.856977
1212784330  8.849184
1213001145  6.842453
1211073166  4.235842
1211499690  11.735616
1211520004  3.575895
1211536074  0.000000
1211536134  0.000000
1211536194  0.000000
1211536255  3.397916
1211892765  12.639207
1212470718  4.653541
1212757321  5.439362
1212778403  2.327400
1211031879  7.402091
1211033478  8.828439
1211067410  5.439362
1211139836  4.800260
1211147216  8.970237
1211427902  4.052207
1211722608  7.675780
1211928138  9.796907
1211993382  7.690366
1212248809  19.835752
1212536476  5.442897
1212773604  10.291777
1212809296  6.358284
1211381933  3.989866
1211430102  10.795310
1211558957  8.818199
1211670418  5.462221
1211686543  7.531353
1212244794  19.243038
1212528814  9.383291
1212538462  4.297024
1212551279  6.036312
1212872036  5.336797
1212874220  2.248505
1212998875  7.103641
1211171670  9.115447
1211250314  11.157960
1211252894  9.643398
1211347686  11.685349
1211145942  5.831676
1211147814  11.216866
1211192634  13.549355
1211913016  9.095105
1212335706  1.009867
1212337491  4.715296
1212354045  8.194573
1212750530  5.274012
1212819645  11.405214
1212977619  4.251496
1213023386  2.405927
1213029247  14.145782
1211069943  10.122433
1211109490  3.007003
1211334857  6.730904
1211596018  4.625706
1211811899  4.251496
1212158950  13.009324
1212460139  5.353670
1212565072  7.803710
1212651433  10.578207
1212736456  7.189107
1212858923  7.800411
1212987106  7.090143
1211212291  1.413289
1211290345  8.915979
1211317933  6.585978
1211337429  7.394092
1211421889  2.211030
1211754952  15.615656
1212016300  6.360351
1212157893  5.267320
1212386330  5.495495
1212602057  6.264439
1211616855  9.668757
1212155017  5.442897
1212177622  12.635890
1212559359  7.109532
1212593889  9.278172
1212856558  7.579704
1212916811  9.645269
1211216378  1.842525
1212783612  5.637854
1211062317  7.551977
1211119073  2.763787
1211152829  9.810079
1211166438  9.123535
1211728605  5.535150
1212019152  4.991321
1212336107  9.661187
1212368151  9.770741
1212844743  12.373641
1212852628  0.000000
1212852649  5.442897
1212888935  9.284538
1212905803  12.182240
1211291410  7.411251
1212079928  6.157768
1212143028  11.359282
1212526707  11.927241
1212625365  4.760105
1212991012  11.586698
1211214948  9.710786
1211340383  9.852456
1211387287  6.901582
1211588571  13.271814
1211622449  9.895701
1211927648  7.375295
1211986711  9.123535
1211990386  4.533094
1212514851  8.222411
1212544262  5.960858
1212598873  15.298746
1212638657  29.180277
1212643174  11.550418
1212681407  7.280251
1212852179  8.403132
1212856209  1.094023
1213025986  8.254530
1211348639  2.351667
1212035789  10.674113
1212371125  1.768824
1211056144  13.013944
1211065100  7.517327
1211129218  4.918485
1212916100  29.916138
1211091705  4.949457
1211237619  4.322355
1211323902  6.706055
1211390996  11.064365
1211410145  10.962567
1211466794  7.710030
1211477235  7.111629
1211494910  7.394092
1211496731  6.515755
1211628641  9.661187
1211703064  5.512838
1211756034  4.322355
1211789818  8.929652
1211928519  4.948089
1212101435  13.729658
1212359520  7.965216
1212447020  7.599599
1212534794  7.124175
1212593302  18.131939
1212633552  7.117180
1212935065  10.724451
1211035747  4.306440
1211188678  10.637216
1211509088  5.442897
1211593413  2.174783
1211740691  9.246410
1212115692  5.818744
1212201054  5.353670
1212333618  9.040686
1212374677  9.752554
1212434736  6.276128
1212551596  6.334294
1212590503  6.264439
1212599043  1.194329
1212680177  4.052207
1212784888  4.251496
1212800973  9.243137
1212942375  11.328990
1211753650  11.969336
1211794910  9.661187
1212022761  9.092303
1212106738  8.671229
1212197728  4.874237
1213035906  1.849699
1213045834  6.664773
1211495694  0.000000
1211495731  8.200720
1211569010  1.989132
1211832604  2.620742
1211868885  16.226524
1211904548  6.249779
1212420943  6.414346
1212459358  2.211030
1212778195  12.126028
1212784595  11.635830
1212795569  7.653009
1212814287  7.548562
1212962813  5.350192
1212988075  4.479767
1211143104  7.903174
1211668817  2.205135
1211819505  0.000000
1211819536  0.000000
1211819538  5.700865
1211992807  7.511034
1212076979  5.933849
1212523234  10.982249
1212595845  6.207358
1212726488  9.899478
1211464234  1.458697
1211465007  10.724451
1211486815  11.665417
1211643943  5.183712
1211662218  7.141737
1212278714  2.174783
1212302310  10.851508
1212315036  9.115447
1212324097  11.029918
1212386170  8.689081
1212705406  5.920935
1212800384  8.572217
1211298709  5.442897
1211773244  12.428554
1211942692  14.706556
1212374341  3.638428
1212452782  8.421724
1212948909  3.152429
1213031269  4.322355
1211100131  7.431598
1211124055  3.780112
1211151299  9.240205
1211307567  8.054278
1211582485  10.745658
1211692206  1.247020
1211830553  9.362606
1211907376  6.020800
1212045162  10.995223
1212325816  10.944957
1212349783  6.414346
1211253769  7.140193
1211471228  9.123535
1211512287  7.998987
1211615327  7.803710
1212085948  5.361912
1212133872  9.334132
1212373203  2.223660
1212823162  12.256928
1212834138  3.763257
1212945765  7.013803
1212954601  9.962956
