1211072779  12.219965
1211644239  10.979088
1211687047  10.905777
1211699332  6.252634
1211857741  7.211640
1211904669  8.607947
1212023721  7.331834
1212199286  12.657358
1212292788  3.431501
1212468661  12.019637
1212875158  7.922553
1211040905  8.075763
1211047444  12.057194
1211404956  6.658137
1211740893  4.727975
1211909020  7.965985
1212309886  2.622893
1212357499  2.443728
1212496864  7.965985
1212501777  9.160452
1212814051  5.982336
1211263446  13.511023
1211377062  5.446989
1211552540  7.331834
1211658190  8.811305
1211122752  9.377579
1211144381  11.378277
1211508597  11.825772
1211641757  6.469265
1211658157  5.072770
1211834866  15.177013
1212029183  8.607947
1212094229  4.187635
1212274976  7.050269
1212312096  12.089186
1212504267  4.099175
1212685463  7.211640
1212723160  8.972595
1212862013  8.075763
1212977943  11.103252
1212978184  4.911220
1211226029  9.881179
1211548770  9.881179
1211559163  7.331834
1211605114  4.968380
1211898298  7.998364
1212086416  7.211640
1212159450  4.993073
1212411447  9.846708
1212422536  7.434920
1212590163  11.109058
1211076563  11.410872
1211218294  10.743482
1211241082  11.602354
1211403826  8.110822
1212103034  12.577904
1212193187  7.195084
1212217847  19.342726
1212357863  7.855536
1212573011  6.662642
1212674071  4.608991
1212802799  11.790063
1212820139  8.887151
1212847388  11.456217
1212933492  6.982837
1212941770  7.891378
1211315907  7.331834
1211483783  8.552253
1211488700  4.375141
1211572123  10.104884
1211772546  12.692830
1212127078  8.709155
1212170921  4.993073
1212336670  10.186250
1212349464  7.331834
1212615090  6.565821
1212732643  10.011487
1211202115  11.279967
1212021737  7.815792
1212037820  14.113875
1212502399  10.474049
1212512502  8.075763
1212516893  5.965635
1213064964  6.873594
1211046575  5.547859
1211135817  7.211640
1211208030  17.912704
1211309277  6.773686
1211565541  7.211640
1211567625  7.434920
1211681664  4.885574
1211699026  4.896641
1211695429  8.076935
1212585417  7.434920
1212761850  2.665885
1212778581  9.977769
1212794571  15.690495
1211624127  15.600232
1211864989  12.288555
1212311083  15.731735
1211099457  8.018814
1211501431  9.740458
1211517240  5.822822
1211601913  8.627577
1211684784  7.313036
1211696677  10.535048
1212642828  0.000000
1212642849  6.098907
1213044029  13.330871
1211380311  6.782570
1212065481  12.121173
1212718864  9.672028
1212848861  7.826231
1212909532  9.342802
1212201385  6.970237
1212323767  4.993073
1212585908  7.331834
1212635396  12.496836
1211126814  12.219965
1212239129  7.434920
1212241422  8.236341
1212242806  9.844629
1212497111  9.773848
1212369033  6.187420
1212818739  9.563262
1212932352  11.638062
1211343614  4.509761
1211782774  11.101598
1212464901  9.280986
1212724387  11.816050
1211037932  7.434920
1211431721  7.528253
1211552777  7.331834
1211555792  3.759581
1211641091  7.211640
1211664033  4.911220
1211826278  11.186240
1211985624  2.443728
1212070110  7.658051
1212258626  7.276483
1212265761  3.187471
1212301598  6.873594
1212359253  0.000000
1212359257  2.485147
1212436026  7.998364
1212510687  7.922553
1212519607  7.998364
1212584738  5.236560
1212587866  5.547859
1212602218  7.331834
1212608579  9.419014
1212754663  10.733808
1212756075  9.685287
1212860906  7.080876
1212948107  7.402782
1211534753  9.881179
1211620965  17.261990
1211825594  11.837067
1211924327  3.665592
1212005848  4.580226
1212038322  10.704782
1212091923  10.813781
1212199042  11.712967
1212311998  4.050149
1212472869  12.481107
1212543444  7.560935
1213026058  7.706695
1211045063  21.783407
1211053603  7.118102
1211124743  3.769038
1211247487  7.928296
1211248070  10.558012
1211461395  12.863121
1211613644  5.165248
1211689435  7.130196
1211764186  6.793523
1211805586  7.584656
1211894027  7.294199
1212065785  8.985457
1212415205  9.939506
1212416482  4.885574
1212505583  2.403667
1212593987  8.611314
1212625666  9.759993
1211051878  13.126172
1211169237  4.219437
1211289040  7.294199
1212289873  8.664067
1212446520  6.629357
1212647254  0.000000
1212647274  4.821855
1212829568  19.893269
1211727630  5.077702
1212066430  5.724242
1212151859  9.844629
1212156244  13.330871
1212161605  5.906777
1212337812  5.588850
1212453443  11.973518
1212909484  10.238058
1213035494  11.816050
1211246880  7.776437
1211248735  13.416138
1211553396  9.683242
1211945595  10.943252
1212035881  12.088115
1212306112  12.087103
1212585659  9.881179
1212701057  11.825772
1211392963  0.000000
1211392983  10.903691
1211791514  13.929667
1212331791  7.163983
1212335488  8.798201
1212354933  9.164792
1212655542  9.311626
1212909891  7.095323
1213031254  7.434920
1211187554  0.000000
1211187569  0.000000
1211187629  0.000000
1211187635  7.402782
1211493795  6.869372
1211564536  14.376429
1211925243  8.420436
1212470953  12.219965
1211144379  9.129119
1211408755  4.681006
1211489989  2.932473
1212609263  6.767847
1212771671  10.083427
1211081379  10.742777
1211213028  5.783684
1211274377  5.329718
1211306065  18.298683
1211350628  12.219965
1211378411  10.890101
1211461311  8.972595
1211555336  7.211640
1211641818  7.333275
1211698343  11.281564
1211909875  7.163983
1212084864  7.095323
1212170809  4.832006
1212444382  11.498644
1212757640  13.833922
1212869801  0.000000
1212869809  6.729802
1212912937  8.314760
1211147658  9.083627
1212207811  9.329731
1212404603  12.110834
1212543381  4.885574
1212924096  18.934961
1212937157  8.697206
1211329584  7.658734
1211474482  7.777891
1211770194  7.281425
1211932563  7.489530
1212003399  6.106968
1212010669  7.658051
1212424611  4.549080
1212682923  7.095323
1211779927  5.947220
1211913408  8.375270
1212090458  9.719193
1212278012  6.487436
1212736460  12.219965
1212772000  7.281425
1212818881  0.000000
1212818900  0.000000
1212818902  10.543766
1212821009  11.484412
1211092663  7.883715
1211093389  7.522785
1211645461  11.142337
1211819944  7.717720
1211826678  5.610282
1211828359  9.075085
1211949201  4.580226
1212477380  12.323193
1212489322  9.227043
1212501703  12.719723
1212591756  5.638895
1212934664  7.402782
1211208130  10.779468
1211304392  6.372488
1211465954  9.580778
1211488629  14.122077
1211749664  4.621287
1211814961  7.211640
1211977691  8.642938
1212026527  8.084107
1212067420  5.547859
1212076927  3.514625
1212157940  5.054042
1212240826  7.402782
1212417469  7.402782
1212587798  5.931930
1212595934  19.995911
1212670652  6.940108
1212672221  7.281425
1212758395  4.341803
1212846037  8.261022
1211321761  11.415731
1211564680  7.434920
1211573735  6.729802
1211605399  11.279967
1212085568  8.412052
1212262324  8.405691
1212295680  8.225313
1212495152  10.607301
1212642002  15.135834
1212812490  10.786088
1211165447  6.113967
1211229604  12.019637
1211421783  8.888819
1211687966  7.434920
1211780402  13.521785
1211854752  7.331834
1212063936  11.473361
1212068023  9.846708
1211144747  4.938941
1211150606  4.727975
1211569679  7.998364
1211934425  9.529073
1212034763  7.658734
1212121583  6.164112
1212981698  7.574391
1211106687  14.737578
1211206998  12.568858
1211462744  4.681006
1211908768  5.329718
1211949567  13.330871
1212601798  11.101598
1212731470  6.469265
1211173945  10.782322
1211176483  13.914213
1211236393  9.773848
1211274848  9.719193
1211372254  7.095323
1211375157  7.331834
1211590696  20.533632
1211597115  6.982699
1211698328  6.565821
1211899345  10.471251
1211992850  0.000000
1211992868  6.241341
1212474396  12.219723
1212539586  4.911220
1213025512  7.998364
1211154328  3.054660
1211321719  8.145003
1211401220  0.000000
1211401238  6.469802
1211441303  7.331834
1211813226  8.552253
1211924494  4.471409
1211984588  0.000000
1211984616  13.260401
1212037857  13.196039
1212245899  9.900092
1212336472  9.183825
1212342135  13.337619
1212351566  14.099959
1212800475  11.878922
1211029552  7.678104
1211870153  14.666551
1211876441  7.402782
1211901814  6.236903
1212041206  5.547859
1212217462  7.333275
1212665910  9.719193
1211097787  5.947220
1211585239  7.435535
1212232627  6.773686
1212923453  9.846708
1211313778  4.755308
1211475899  8.110822
1211477092  5.165248
1211829354  6.982699
1211868185  7.228541
1211949988  4.885574
1212119070  11.736374
1212221461  2.572345
1212256887  7.272670
1212603411  4.228263
1212671430  17.882875
1212945003  8.552253
1211707999  12.019637
1212065639  12.089398
1211136991  7.857081
1211808276  4.993073
1211818043  4.509761
1212152843  7.434920
1212175417  5.982336
1212406314  7.434920
1212665483  9.844629
1212673233  2.443728
1212789278  9.329731
1212850527  2.924125
1211212561  8.187807
1211314794  6.449512
1211793515  9.179986
1212203778  10.506195
1212721900  8.701958
1212879813  5.266018
1211312674  4.993073
1211399911  6.436058
1211852588  8.625687
1211967841  17.528839
1212005453  14.821768
1212703225  14.376429
1212892109  20.372499
1213032735  6.149756
1211899239  8.581410
1211913177  8.075763
1212157884  6.981922
1212213239  6.700920
1212324882  0.000000
1212324918  5.810627
1212327534  7.095323
1212333380  6.662147
1212348921  12.439280
1212500832  5.774925
1212536480  9.162292
1212697902  7.402782
1212737475  4.870229
1212844661  14.253756
1211091168  3.870381
1211094273  10.092361
1211320018  8.075763
1212626948  12.288555
1211110208  12.219965
1212815960  9.591615
1212830531  11.456217
1211214102  7.313036
1211934671  12.295732
1212369146  4.968380
1212657224  10.806834
1212693161  4.219498
1213072415  7.026896
1211724422  8.126942
1211918586  9.075085
1212095474  7.331834
1212176386  7.402782
1212718550  7.658051
1211154994  4.652928
1211228579  7.717720
1211465858  7.434920
1211466975  8.552253
1212300187  11.279967
1212417393  4.885574
1212585335  4.185153
1212671114  11.942798
1212916944  0.000000
1212917011  0.000000
1212917064  0.000000
1212917069  4.755308
1211322564  3.879354
1212010656  7.163983
1212214437  8.688272
1212761382  23.753803
1212855336  4.911220
1212860177  7.331834
1212264848  3.331510
1212900703  6.173676
1211147570  7.402782
1212030348  9.685287
1212267203  11.406798
1212327943  7.658051
1212330236  6.374136
1212348755  5.637201
1212548488  7.294199
1211787920  14.156699
1211982209  4.832006
1211987244  6.964036
1212289978  11.397540
1212843048  7.281425
1211361341  12.295732
1211422780  5.165248
1211516607  4.885574
1211647401  12.019637
1211664179  10.186250
1211699778  0.000000
1211699831  0.000000
1211699845  9.883610
1211787930  4.993073
1211953673  7.163983
1212060931  9.228899
1212198041  3.258304
1212224047  0.000000
1212224110  0.000000
1212224137  0.000000
1212224145  10.301197
1212266639  6.873594
1212616422  5.054042
1211112000  14.732902
1211124559  7.267361
1211142962  7.331834
1211211860  14.821768
1211962786  9.683242
1212048622  5.701336
1212226367  8.949662
1212316751  12.019637
1212476361  7.857712
1212496823  10.919604
1211099913  11.894408
1211390740  6.109320
1211392604  3.409853
1211691101  9.844629
1211746554  8.110822
1211815588  4.580226
1212016960  8.718687
1212170102  8.506451
1212216963  11.349906
1212331773  5.530839
1212378797  10.782322
1212601633  11.279967
1212728519  8.687751
1212781323  10.550044
1212934717  7.402782
1211391914  12.219965
1211825018  4.471409
1212331050  8.866735
1212397543  11.043680
1212520435  9.846708
1212728759  6.195916
1212798872  8.982890
1212809102  10.183304
1212913770  15.484028
1213025303  4.885574
1211616180  12.019637
1211654104  5.975549
1211921045  7.331834
1212246311  7.998364
1212379607  7.402782
1212682835  10.186250
1212706020  7.402782
1212967208  11.584363
1213019244  8.506478
1213027696  6.863003
1211030135  12.290889
1211106293  9.846708
1211108945  9.873785
1211372324  16.880072
1211519818  7.331834
1211594285  5.865467
1211607685  5.087809
1211651028  5.293475
1211749834  9.881179
1211833074  0.000000
1211833110  4.911220
1211844702  7.796471
1211849253  9.881179
1211870976  9.719193
1212067836  2.618280
1212084118  6.145444
1212152876  8.926312
1212206204  7.313036
1212269189  2.443728
1212353212  7.802041
1212429415  8.324270
1212456702  8.552253
1212511840  4.562886
1212514196  2.766484
1212520440  4.160894
1212590531  7.211640
1212594385  7.639298
1212640180  10.586977
1212674139  11.399700
1212753684  9.215532
1212761033  8.377001
1212772878  8.798201
1212871394  6.109861
1213027124  7.331834
1211207772  15.270818
1212906941  12.089398
1212985255  9.912711
1211076361  4.299928
1211423794  11.498644
1212465455  7.024124
1212667522  8.847158
1212671034  10.362767
1212939869  11.552993
1213034522  6.076830
1211117666  7.294199
1211344253  10.938477
1211792743  8.552253
1211850855  11.270405
1211876615  4.993073
1211899517  7.080876
1212394304  4.993073
1212792300  6.566597
1211328322  6.982699
1211636612  14.656723
1211638001  9.191493
1211843426  8.847158
1211858643  7.717720
1212111074  5.077702
1212126450  13.941734
1212165218  5.255867
1212196379  2.618280
1212260420  7.211640
1212369487  12.219965
1212849641  9.683242
1211054248  7.434920
1211317470  4.885574
1211727879  4.993073
1212115304  12.099402
1212450154  9.941730
1212598362  7.119488
1212677749  7.402782
1212741072  8.459808
1212821069  8.276374
1212852954  9.913226
1211050801  13.538355
1211115015  18.331945
1211126395  7.211640
1211131438  6.252634
1211310067  6.627000
1211029389  8.378961
1211096084  12.297393
1211811527  4.755308
1212159102  5.547859
1212235143  9.773848
1212322230  9.182690
1212819505  11.279967
1212824657  14.376429
1211761380  7.331834
1211816402  9.075085
1212026905  12.971782
1212616853  7.931552
1212658604  12.290889
1212734538  10.749240
1213034387  9.152376
1213037284  11.279967
1211093383  12.493489
1211218844  4.911220
1211230406  0.000000
1211230466  4.729796
1211234810  7.402782
1211555873  13.396178
1211726560  11.139153
1211731428  13.408242
1211781960  8.817947
1212006103  6.290052
1212099970  4.378384
1212115288  7.434920
1212203436  8.350292
1212273873  10.572950
1212518887  12.863121
1212539756  4.852352
1212546169  7.402782
1212600780  6.940108
1212814438  7.584656
1211129128  6.817080
1212707073  8.848817
1211249288  9.163129
1211331327  9.613621
1211430547  12.219965
1211503104  6.934259
1212363470  7.402782
1212675146  6.833337
1212798727  12.087103
1211062591  5.682975
1211620460  7.174622
1212012189  9.773848
1212106213  11.584363
1212673424  6.109861
1212911242  13.754685
1211605831  7.402782
1211617751  6.065988
1212416326  8.075763
1212658454  10.919604
1212912799  9.931303
1212080985  7.434920
1212113166  13.143648
1212625981  0.000000
1212625996  13.128944
1212689801  4.063471
1211938711  7.313036
1212083377  7.434920
1212733445  10.326731
1212735347  5.446989
1212856727  8.949662
1211172624  6.876603
1211656017  6.469802
1211821533  9.719193
1211957730  13.203421
1212036342  6.094656
1212468600  11.456217
1212722488  0.000000
1212722528  0.000000
1212722575  0.000000
1212722581  5.040259
1211640027  8.918257
1211652335  4.993073
1211727497  4.652928
1212120473  9.655803
1212978313  13.092819
1211095404  10.901687
1211423301  18.908638
1212938541  4.885574
1212965898  11.825772
1212976608  9.685287
1211090572  7.434920
1211596952  9.545724
1211725970  12.288555
1211737391  11.513748
1212187554  12.054647
1212723280  5.744975
1212731720  12.863121
1211169361  5.976782
1211306073  7.434920
1211584862  13.643530
1211946126  12.219965
1212082172  10.230466
1212114214  7.774776
1212116075  9.687024
1212205490  5.446989
1212286278  11.694707
1212419674  4.805483
1212722652  6.284429
