1211072779  12.219965
1211644239  10.979088
1211687047  10.905777
1211699272  14.667632
1211857741  7.211640
1211904669  8.607947
1212023721  7.331834
1212199286  12.657358
1212292212  0.000000
1212292309  0.000000
1212292369  0.000000
1212292440  0.000000
1212292549  0.000000
1212292662  0.000000
1212292733  0.000000
1212292788  3.431501
1212468661  12.019637
1212875158  7.922553
1211040840  4.512098
1211047373  8.261609
1211404956  6.658137
1211740893  4.727975
1211909020  7.965985
1212309787  5.924992
1212357439  8.268112
1212496864  7.965985
1212501777  9.160452
1212814051  5.982336
1211263446  13.511023
1211377001  3.276587
1211552540  7.331834
1211658128  0.000000
1211658134  2.616264
1211122752  9.377579
1211144381  11.378277
1211508597  11.825772
1211641757  6.469265
1211658157  5.072770
1211834866  15.177013
1211839459  0.000000
1211839465  3.329629
1212029183  8.607947
1212372759  11.918416
1212094229  4.187635
1212274913  4.655339
1212312035  4.807973
1212504267  4.099175
1212685463  7.211640
1212723160  8.972595
1212861948  4.512098
1212977943  11.103252
1212978123  6.523841
1211226029  9.881179
1211513351  4.924296
1211548770  9.881179
1211559163  7.331834
1211605114  4.968380
1211898298  7.998364
1212086416  7.211640
1212159390  9.776237
1212411387  9.776237
1212422536  7.434920
1212590163  11.109058
1212802436  0.000000
1212802477  3.143581
1211076563  11.410872
1211218294  10.743482
1211241082  11.602354
1211403826  8.110822
1211978092  8.776984
1212193187  7.195084
1212217847  19.342726
1212357863  7.855536
1212572951  6.678411
1212674009  8.001412
1212756820  8.011136
1212802799  11.790063
1212820139  8.887151
1212847388  11.456217
1212933492  6.982837
1212941770  7.891378
1211315907  7.331834
1211483783  8.552253
1211488700  4.375141
1211572123  10.104884
1211772546  12.692830
1212127009  8.501076
1212170862  6.743752
1212273366  5.898462
1212336599  8.261609
1212349464  7.331834
1212615090  6.565821
1212732643  10.011487
1211202115  11.279967
1212021678  7.454359
1212037820  14.113875
1212502399  10.474049
1212512431  6.194468
1212516893  5.965635
1213064964  6.873594
1211046508  8.754839
1211135817  7.211640
1211208030  17.912704
1211309217  6.108526
1211565541  7.211640
1211567625  7.434920
1211681664  4.885574
1211698966  5.821869
1211695429  8.076935
1212163889  11.106410
1212585417  7.434920
1212761793  10.290775
1212778581  9.977769
1212794571  15.690495
1211624127  15.600232
1211864989  12.288555
1212311083  15.731735
1211099402  10.664986
1211501431  9.740458
1211517175  4.512098
1211601913  8.627577
1211684784  7.313036
1211696677  10.535048
1212642768  6.678411
1213017562  7.081137
1213044029  13.330871
1211380311  6.782570
1212065481  12.121173
1212553196  0.000000
1212553309  0.000000
1212553429  2.284325
1212718864  9.672028
1212848861  7.826231
1212909532  9.342802
1212201385  6.970237
1212323719  7.635657
1212585908  7.331834
1212635396  12.496836
1211126814  12.219965
1211597663  0.000000
1211597722  0.000000
1211597760  0.000000
1211597823  0.000000
1211597879  0.000000
1211597939  5.476122
1212239129  7.434920
1212241362  2.441847
1212242806  9.844629
1212497111  9.773848
1212369033  6.187420
1212818739  9.563262
1212847507  5.681202
1212932352  11.638062
1211343493  0.000000
1211343553  0.000000
1211343614  4.509761
1211782774  11.101598
1212464901  9.280986
1212724317  8.379632
1211037932  7.434920
1211431669  5.640122
1211552777  7.331834
1211555709  4.415802
1211641091  7.211640
1211663973  7.330120
1211826278  11.186240
1211985563  9.615971
1212070049  9.615971
1212258626  7.276483
1212265703  6.022623
1212268051  6.568684
1212301598  6.873594
1212359195  6.319164
1212436026  7.998364
1212510687  7.922553
1212519607  7.998364
1212584684  7.420456
1212587802  6.871987
1212602218  7.331834
1212608579  9.419014
1212754609  7.420456
1212860906  7.080876
1212948047  4.888106
1211534753  9.881179
1211620965  17.261990
1211825594  11.837067
1211924296  4.726155
1212005848  4.580226
1212038322  10.704782
1212199042  11.712967
1212311943  10.664986
1212472869  12.481107
1212543444  7.560935
1212822590  2.651541
1213026058  7.706695
1211045063  21.783407
1211053575  14.277032
1211124743  3.769038
1211247487  7.928296
1211248070  10.558012
1211461395  12.863121
1211613583  8.928507
1211689375  9.776237
1211805586  7.584656
1211894027  7.294199
1212065726  9.941936
1212376388  0.000000
1212376449  8.961083
1212415205  9.939506
1212416482  4.885574
1212505523  9.776237
1212593987  8.611314
1212625666  9.759993
1211051878  13.126172
1211169179  10.113349
1211289040  7.294199
1211981983  0.000000
1211982031  17.411026
1212289873  8.664067
1212446475  8.144701
1212829352  0.000000
1212829412  0.000000
1212829482  0.000000
1212829523  0.000000
1212829543  0.000000
1212829568  19.893269
1211727570  5.821869
1212066384  5.461190
1212151859  9.844629
1212156244  13.330871
1212161605  5.906777
1212453443  11.973518
1212909484  10.238058
1211246361  12.603042
1211246820  9.776237
1211248735  13.416138
1211553396  9.683242
1211945595  10.943252
1212035881  12.088115
1212306112  12.087103
1212548185  5.877662
1212585659  9.881179
1212701057  11.825772
1211791514  13.929667
1212231803  10.226373
1212331729  4.730425
1212335488  8.798201
1212354933  9.164792
1212655542  9.311626
1212909891  7.095323
1213031254  7.434920
1211187494  9.776237
1211493795  6.869372
1211564536  14.376429
1211925243  8.420436
1212470953  12.219965
1211144319  6.678411
1211408705  7.957628
1211489923  6.028506
1211681201  0.000000
1211681284  0.000000
1211681379  0.000000
1211681443  4.376439
1212609263  6.767847
1212771671  10.083427
1211081379  10.742777
1211274377  5.329718
1211350628  12.219965
1211378411  10.890101
1211461311  8.972595
1211555336  7.211640
1211641818  7.333275
1211698343  11.281564
1211909754  8.484784
1212084864  7.095323
1212170628  3.809266
1212444382  11.498644
1212757640  13.833922
1212869733  6.467753
1212912937  8.314760
1211418570  0.000000
1211418583  9.750168
1212207811  9.329731
1212404603  12.110834
1212543381  4.885574
1212924096  18.934961
1212636680  8.464805
1212937157  8.697206
1211329584  7.658734
1211474482  7.777891
1211770134  4.888106
1212003399  6.106968
1212010612  5.145375
1212424597  20.949026
1212682923  7.095323
1211913408  8.375270
1212090458  9.719193
1212278012  6.487436
1212736460  12.219965
1212771941  7.454359
1212818861  7.325540
1212821009  11.484412
1212982280  12.349105
1211092627  11.130685
1211093389  7.522785
1211645461  11.142337
1211819944  7.717720
1211826678  5.610282
1211828359  9.075085
1211949201  4.580226
1212477380  12.323193
1212489322  9.227043
1212501640  4.655339
1212591719  7.926659
1212821939  7.209954
1212934631  8.887466
1211208130  10.779468
1211304392  6.372488
1211465954  9.580778
1211749625  7.520164
1211814961  7.211640
1211977691  8.642938
1212026527  8.084107
1212067355  7.632103
1212076927  3.514625
1212157940  5.054042
1212240771  5.332479
1212417409  12.222823
1212587738  6.108526
1212595934  19.995911
1212599944  9.012356
1212670595  8.703276
1212672179  8.726465
1212758337  6.860024
1212845977  0.000000
1212846037  8.261022
1211321761  11.415731
1211479225  0.000000
1211479279  0.000000
1211479339  0.000000
1211479404  7.268307
1211564680  7.434920
1211573680  6.663846
1211605399  11.279967
1212085568  8.412052
1212262324  8.405691
1212295624  5.237257
1212495152  10.607301
1212642002  15.135834
1212812490  10.786088
1211165381  7.516466
1211229604  12.019637
1211421783  8.888819
1211687966  7.434920
1211780402  13.521785
1211854752  7.331834
1212063936  11.473361
1212067976  12.661050
1211119986  6.567361
1211144718  10.113323
1211150606  4.727975
1211569679  7.998364
1211934365  9.776237
1212034763  7.658734
1212121583  6.164112
1212981673  16.028187
1211106687  14.737578
1211206998  12.568858
1211462688  8.858691
1211908768  5.329718
1211949567  13.330871
1212601798  11.101598
1212731470  6.469265
1211173945  10.782322
1211176483  13.914213
1211236393  9.773848
1211274848  9.719193
1211306489  6.728415
1211372254  7.095323
1211375157  7.331834
1211590696  20.533632
1211597115  6.982699
1211698328  6.565821
1211899345  10.471251
1211992720  6.462991
1212025842  11.566144
1212474396  12.219723
1212539535  14.379792
1213025512  7.998364
1211321719  8.145003
1211441303  7.331834
1211813226  8.552253
1211924429  6.766264
1212245899  9.900092
1212336403  5.766397
1212342135  13.337619
1212347780  7.330120
1212351566  14.099959
1212760717  5.174202
1212800475  11.878922
1211029499  0.000000
1211029552  7.678104
1211079794  8.253025
1211525788  0.000000
1211525845  0.000000
1211525905  0.000000
1211525941  0.000000
1211525947  0.000000
1211526190  399.756897
1211870153  14.666551
1211876381  6.678411
1211901814  6.236903
1212041145  4.807973
1212217462  7.333275
1212665910  9.719193
1211585239  7.435535
1212232566  9.615971
1212310288  5.119908
1212923393  11.569022
1211313717  9.615971
1211475899  8.110822
1211477004  7.887970
1211829354  6.982699
1211949988  4.885574
1212119070  11.736374
1212221398  9.310702
1212256887  7.272670
1212603337  6.703886
1212671430  17.882875
1212945003  8.552253
1212959680  8.373246
1211246160  22.838305
1211686909  4.881229
1211707999  12.019637
1212065639  12.089398
1211136991  7.857081
1211808214  8.001399
1211818043  4.509761
1212152843  7.434920
1212175417  5.982336
1212406314  7.434920
1212542693  4.096525
1212665483  9.844629
1212673173  8.268112
1212789278  9.329731
1212850527  2.924125
1211212561  8.187807
1211335794  10.816974
1211793515  9.179986
1212203778  10.506195
1212721900  8.701958
1212879813  5.266018
1211312644  13.262713
1211359655  10.816974
1211399911  6.436058
1211852588  8.625687
1211967841  17.528839
1212005453  14.821768
1212703225  14.376429
1212892017  7.971406
1213032735  6.149756
1211899239  8.581410
1211913120  5.145375
1212157884  6.981922
1212213239  6.700920
1212324833  8.120028
1212327534  7.095323
1212333380  6.662147
1212348921  12.439280
1212500832  5.774925
1212536419  9.615971
1212697842  4.888106
1212737475  4.870229
1212844661  14.253756
1211091168  3.870381
1211094273  10.092361
1211319953  4.512098
1212626948  12.288555
1211110208  12.219965
1212815960  9.591615
1212830531  11.456217
1211214102  7.313036
1211552545  5.975623
1211934609  9.460875
1212369146  4.968380
1212657159  7.632103
1212693129  9.165199
1213072415  7.026896
1211724422  8.126942
1211918586  9.075085
1212095474  7.331834
1212176325  6.522646
1212718488  4.730425
1211154994  4.652928
1211228579  7.717720
1211354801  4.572481
1211465858  7.434920
1211466975  8.552253
1212300187  11.279967
1212307206  7.630082
1212417393  4.885574
1212585279  6.544849
1212588450  5.035975
1212671114  11.942798
1212760951  2.993886
1212916890  6.468743
1211152909  3.634033
1211322564  3.879354
1212010601  6.663846
1212214317  8.555491
1212761382  23.753803
1212855275  6.008386
1212860177  7.331834
1212900643  4.888106
1211147509  6.522646
1212030288  12.222823
1212267203  11.406798
1212327881  4.730425
1212330176  8.268112
1212343572  0.000000
1212343618  10.301880
1212348755  5.637201
1212548488  7.294199
1211120045  14.746099
1211787920  14.156699
1211982187  13.331199
1211987244  6.964036
1212289978  11.397540
1212842988  9.776237
1211361280  12.022449
1211516607  4.885574
1211647401  12.019637
1211664150  15.165765
1211699726  11.280273
1211787871  13.428087
1211953613  9.776237
1212060931  9.228899
1212197982  4.970955
1212223987  14.667632
1212266639  6.873594
1212616422  5.054042
1211112000  14.732902
1211124528  8.191571
1211142962  7.331834
1211211860  14.821768
1211962786  9.683242
1212048622  5.701336
1212226367  8.949662
1212316751  12.019637
1212476361  7.857712
1212496823  10.919604
1211099913  11.894408
1211390683  8.703276
1211392572  12.433794
1211691101  9.844629
1211746554  8.110822
1211815588  4.580226
1212016960  8.718687
1212170102  8.506451
1212216903  12.222823
1212331773  5.530839
1212378797  10.782322
1212601633  11.279967
1212728519  8.687751
1212781256  8.754839
1212934656  6.522646
1211331022  30.816078
1211391914  12.219965
1211954837  0.000000
1211954897  0.000000
1211954977  8.662381
1212397543  11.043680
1212520375  9.776237
1212680573  5.440136
1212728759  6.195916
1212798872  8.982890
1212809102  10.183304
1212903469  10.864273
1212913770  15.484028
1213025303  4.885574
1211616180  12.019637
1211921045  7.331834
1212246311  7.998364
1212379541  4.443733
1212518032  6.665599
1212682773  4.730425
1212705960  12.222823
1212967082  0.000000
1212967142  2.219861
1213027696  6.863003
1211030135  12.290889
1211106238  10.664986
1211108945  9.873785
1211372255  5.766397
1211519818  7.331834
1211594285  5.865467
1211607685  5.087809
1211650962  4.443733
1211749834  9.881179
1211844702  7.796471
1211849253  9.881179
1211870976  9.719193
1212067811  5.860432
1212084118  6.145444
1212152876  8.926312
1212206204  7.313036
1212269129  7.330120
1212353152  4.888106
1212429415  8.324270
1212456702  8.552253
1212511779  6.008386
1212514120  5.235281
1212520348  7.971406
1212590531  7.211640
1212594385  7.639298
1212640180  10.586977
1212674139  11.399700
1212753684  9.215532
1212761033  8.377001
1212772878  8.798201
1212871394  6.109861
1213027124  7.331834
1211207772  15.270818
1212906941  12.089398
1212985195  4.888106
1211076308  5.533705
1211198382  7.138516
1211423794  11.498644
1212465393  8.825246
1212667522  8.847158
1212671034  10.362767
1212939869  11.552993
1213034474  6.110133
1211117666  7.294199
1211344253  10.938477
1211792743  8.552253
1211850790  11.282606
1211876555  6.678411
1211899517  7.080876
1212394244  4.888106
1212792300  6.566597
1211328322  6.982699
1211636612  14.656723
1211843426  8.847158
1211858643  7.717720
1212111006  8.626091
1212126450  13.941734
1212165149  3.680271
1212196325  5.431229
1212260420  7.211640
1212290780  9.961319
1212369487  12.219965
1212849641  9.683242
1211054248  7.434920
1211317470  4.885574
1211402865  5.808345
1211727819  6.108526
1212115304  12.099402
1212450154  9.941730
1212598362  7.119488
1212677688  12.022449
1212741072  8.459808
1212801298  9.104751
1212821069  8.276374
1212852954  9.913226
1212969509  7.693362
1211050801  13.538355
1211115015  18.331945
1211126395  7.211640
1211131390  15.444134
1211310063  0.000000
1211310067  6.627000
1211029329  9.119420
1211096084  12.297393
1211552482  7.424898
1211811467  8.268112
1212159043  7.454359
1212235143  9.773848
1212322230  9.182690
1212819505  11.279967
1212824657  14.376429
1211761380  7.331834
1211816402  9.075085
1212026905  12.971782
1212616805  10.335140
1212658604  12.290889
1212734538  10.749240
1213037284  11.279967
1211093383  12.493489
1211218785  4.970955
1211230347  6.744988
1211234753  4.407276
1211555873  13.396178
1211726560  11.139153
1211731428  13.408242
1211781901  9.941936
1212006046  5.145375
1212115288  7.434920
1212203436  8.350292
1212273873  10.572950
1212518887  12.863121
1212539696  12.222823
1212546109  9.776237
1212600717  9.310702
1212814438  7.584656
1211129121  0.000000
1211129128  6.817080
1212707073  8.848817
1211249288  9.163129
1211331327  9.613621
1211430547  12.219965
1211503104  6.934259
1212363410  4.888106
1212675085  9.615971
1212798727  12.087103
1211062591  5.682975
1211620460  7.174622
1212012189  9.773848
1212106157  7.853700
1212673424  6.109861
1212911242  13.754685
1211605770  6.008386
1212416244  7.153344
1212658454  10.919604
1212907037  7.794291
1212912799  9.931303
1212080985  7.434920
1212113166  13.143648
1212166660  7.610579
1212210014  3.970737
1212625922  9.941936
1212689801  4.063471
1212698712  2.895330
1211938711  7.313036
1212083377  7.434920
1212733445  10.326731
1212735292  7.285539
1212856727  8.949662
1211172624  6.876603
1211655951  4.443733
1211821533  9.719193
1211851758  5.796122
1211957730  13.203421
1212036342  6.094656
1212468600  11.456217
1212722422  6.663745
1211640025  0.000000
1211640027  8.918257
1211652270  6.766264
1211727497  4.652928
1212120408  5.638639
1212978313  13.092819
1211095404  10.901687
1212938541  4.885574
1212965898  11.825772
1212976561  18.724636
1211090572  7.434920
1211596952  9.545724
1211725970  12.288555
1211737391  11.513748
1212187554  12.054647
1212723091  6.206219
1212731720  12.863121
1211169305  13.095881
1211306073  7.434920
1211584862  13.643530
1211946126  12.219965
1212082172  10.230466
1212114214  7.774776
1212116075  9.687024
1212205434  10.474540
1212286215  0.000000
1212286276  0.000000
1212286278  11.694707
1212419674  4.805483
1212722652  6.284429
