1212468963  9.782436
1211039218  6.323625
1211047673  6.302656
1211856230  9.468288
1212606958  6.674100
1212820583  8.508979
1211550384  9.740296
1211552903  7.702690
1211558168  5.255787
1211652833  7.955237
1211658527  9.806244
1211088869  8.058326
1211185608  7.467867
1211508901  8.876520
1211993487  10.870411
1212029543  8.788386
1212184269  9.682324
1211481330  14.106347
1212811996  9.749975
1211559514  8.803045
1212086781  9.655539
1212422927  7.927174
1212929784  12.726213
1211137408  8.218360
1212103285  12.451200
1212193431  10.658167
1212358153  8.564302
1212563990  8.886909
1212730491  3.239771
1212847749  5.637464
1211251110  6.647527
1212450275  2.866538
1212640501  8.832785
1211489714  2.956117
1212512797  8.665525
1211416160  8.440217
1211873574  11.051585
1212070011  6.449069
1212205414  9.164046
1212692646  3.627182
1211865241  14.191239
1212311326  11.437628
1211362382  3.966512
1211473760  7.821566
1211501672  8.513499
1211699543  8.880081
1211109595  9.479369
1211334340  12.069423
1211872021  942.486084
1212266953  7.557546
1212586278  10.941700
1211060195  0.000000
1211060202  1.666980
1211596867  9.966619
1212239668  9.721984
1212243027  9.562607
1212387152  5.587714
1212497438  11.682609
1211409100  9.006783
1211697844  6.950542
1212289150  1.068534
1212422863  8.140658
1213019998  10.868824
1212465247  9.031102
1211641455  6.241701
1211985989  9.588087
1212070408  6.330163
1212181589  3.153191
1212285444  1.582589
1212520014  10.017259
1212588448  10.087876
1212602631  5.930846
1212609057  8.142348
1212756345  9.721984
1212911669  15.619208
1212924736  13.184556
1211570330  9.244940
1211867314  5.374016
1212006083  9.193892
1212093308  9.653645
1212177188  8.607534
1212199374  5.656843
1212519829  17.088608
1211036254  54.775364
1211248310  9.524606
1211257812  8.024796
1212196423  7.794118
1211052229  9.221083
1211341040  6.798995
1211495510  5.640786
1212268503  11.740515
1212298714  4.014256
1212773770  8.200524
1211587232  9.721984
1211727910  7.465683
1211946919  12.948518
1212131318  10.388206
1212152165  9.750597
1212338106  8.616743
1212880198  9.518217
1212909738  7.418690
1211378477  7.899474
1211553691  8.409623
1212306367  7.136315
1212539428  7.794118
1211094645  9.344079
1211292292  1.199355
1212125905  9.786491
1211187876  7.404080
1212310150  8.707693
1211513985  8.607534
1211569513  7.334112
1212609845  8.006642
1211227450  7.768215
1211642192  5.487934
1211698627  9.087789
1212116521  7.041948
1212642357  11.835840
1212654438  7.867674
1212757865  14.458189
1211683512  11.352992
1212262808  13.733922
1212676166  7.797220
1212544472  6.293798
1212937518  8.142348
1211228070  9.468288
1211895650  9.588087
1212004133  8.586347
1212007620  9.248941
1212011055  5.417844
1212026248  11.216483
1212169817  11.207391
1212585237  8.750187
1212776685  10.868824
1212855617  9.588087
1211264610  8.706254
1211816191  6.291639
1211988954  5.052182
1212391288  6.554222
1212633653  9.866422
1212885068  6.903473
1211241426  8.009599
1212477622  11.352992
1212497099  10.809783
1212501882  11.612547
1212830168  0.000000
1212830193  0.000000
1212830206  12.102417
1211724439  4.748717
1211730384  12.424383
1211917257  7.591508
1212417813  3.807437
1211322246  8.100638
1212295792  7.206254
1212525518  7.317537
1211165765  3.735618
1211348190  10.467808
1211354546  8.115676
1212107445  8.938477
1212039725  11.264795
1212159518  6.679715
1211106922  8.483649
1211377923  6.208122
1211463073  8.004344
1212044635  10.870411
1212158054  7.550816
1212411473  13.945737
1212731712  6.217882
1212858018  8.648319
1211174186  11.166877
1211176717  9.371273
1211591783  9.468288
1211698597  9.259032
1212006892  6.782317
1212246267  11.061172
1212846544  7.924020
1212217772  9.489329
1212642396  5.963637
1211103438  9.172430
1211411657  9.430905
1211949551  9.313070
1212278233  6.339216
1212535096  5.828287
1212923694  10.483073
1211988570  6.844099
1212250508  11.139163
1212552890  6.548444
1212986330  11.197324
1211341116  8.938477
1212526697  4.742431
1212691378  8.784858
1212820529  10.008303
1212175803  3.436906
1212403961  8.894469
1212665784  8.479064
1212789584  8.215761
1211671170  6.330163
1212803509  6.204306
1211091103  11.024851
1211289394  95.373772
1211601753  3.652859
1212428175  9.577813
1212590384  5.113140
1212831216  14.415111
1211569073  6.424881
1211968059  11.181945
1212053165  11.264795
1211522620  11.740515
1211913468  10.820959
1212536782  10.998634
1211094575  8.408616
1211593161  9.729179
1211126676  17.562008
1211178732  10.087876
1211871365  10.446932
1212550615  7.431726
1211758636  7.586928
1211934895  5.276352
1212369446  12.820556
1212512731  5.000214
1211114339  11.567529
1211724706  11.371469
1211804320  9.479369
1212718911  3.165178
1211155295  14.776234
1212109256  5.631098
1212113012  7.614875
1212277608  6.347614
1211947464  8.711910
1212855629  8.788645
1212860582  5.038103
1211305382  7.924020
1211597117  9.471404
1211614717  4.364373
1212116265  12.778489
1212171717  9.468288
1212424564  9.738618
1212542338  7.794118
1211483038  5.945021
1211695834  12.367828
1212003555  8.435184
1212030606  9.610584
1212217687  11.317510
1212548797  3.861051
1212853776  5.234970
1211926226  12.265123
1212843290  11.181945
1211555731  10.398273
1211664478  7.875386
1211953916  11.387263
1212028680  9.033850
1212071048  11.049972
1212263164  10.759277
1212267005  8.461805
1212600872  9.721984
1212607936  9.786810
1211607572  6.782317
1212226549  8.087824
1212316993  9.078140
1212413032  5.917953
1212476657  9.610235
1211100156  8.750187
1211246300  9.521031
1211738922  11.238900
1212171035  9.222238
1212217144  9.704558
1212653170  10.335833
1211055133  12.346375
1211130500  9.248941
1211649319  8.366714
1211785708  6.798995
1212729072  13.692177
1213025545  7.065316
1211130247  2.293467
1211566755  11.352992
1211674174  7.059353
1211809167  12.898955
1211921347  9.468288
1212246686  4.522588
1212310554  10.858844
1212551642  10.263402
1212676126  11.431005
1211372484  9.847474
1211552100  13.093563
1211849433  6.429327
1212084546  10.059363
1212590836  7.955237
1211225198  9.683350
1212311468  7.920370
1212667869  8.607534
1212671269  8.087824
1212762705  9.313070
1212940203  13.812465
1211078883  9.671959
1211130440  2.388199
1211930647  7.797220
1212745155  11.731507
1212864445  10.178865
1213028661  6.105825
1211157020  7.924020
1211638241  10.398273
1211812607  9.479369
1212175829  10.113281
1212369734  11.166877
1212501839  9.479369
1212807356  12.614435
1212849944  9.017417
1212166043  6.679320
1212598789  8.665525
1212853253  14.415111
1211115196  12.054514
1211292258  1.221025
1212363425  5.627055
1211331367  9.872167
1212159641  5.917953
1212322725  11.317510
1212095789  5.759626
1212416377  5.956329
1212462206  16.145084
1213034629  6.577664
1211093623  9.239891
1211235176  10.286112
1211726990  17.652365
1211731699  9.067649
1211782143  12.726213
1212274119  7.702690
1211430787  7.352567
1211503447  7.412463
1211505142  12.911133
1212675386  8.087824
1211723316  6.674100
1211861984  9.562607
1212001564  11.049972
1212119903  8.087824
1212452261  8.006642
1212463535  3.652859
1212419434  3.615723
1212678248  12.349941
1211549847  8.492617
1211574062  6.696355
1211939014  6.411116
1212857258  10.483442
1211172624  6.876603
1211788148  10.410995
1211958097  307.324280
1212736074  9.323970
1212837624  8.978567
1211652730  8.850542
1211729858  9.100434
1212126823  14.619534
1212305639  8.179537
1212932991  9.628768
1211731196  9.566093
1212465267  14.657709
1212503136  10.272950
1212717302  10.189901
1212802892  7.103630
1211221898  11.063177
1211558567  9.382121
1212187876  11.317510
1212293121  9.317832
1212705577  10.324882
1212732091  9.086634
1212781103  6.171772
1211306439  11.855678
1211426006  9.750597
1212082982  5.099529
1212783974  8.300014
