1212645510  13.028889
1212889782  8.360707
1211682432  10.162289
1212329181  13.482161
1211786753  8.481413
1212980681  13.949793
1211313496  0.000000
1211313627  0.000000
1211313685  7.320466
1211741390  7.995264
1212559209  4.487762
1212783616  7.647699
1212854244  0.057358
1212955518  4.983396
1212956352  6.188538
1211486333  6.896586
1211745933  10.111873
1211780126  3.243828
1212945658  8.551591
1212124482  10.056241
1212328860  10.693248
1211093110  162.006165
1211695212  8.316107
1212192676  8.128518
1212293083  9.171963
1212310437  12.625573
1211522859  5.905447
1211683170  8.898532
1212388303  5.256018
1212811213  12.164356
1212926360  2.915202
1211181609  13.453973
1211425244  9.068695
1211570286  8.046018
1211617988  12.837287
1212385564  10.631864
1212619583  10.241706
1211484334  3.158136
1211879547  4.920960
1212150773  8.551591
1212221172  0.000000
1212221195  5.528527
1212832743  7.763585
1213006892  7.579526
1211599025  3.041089
1211760938  10.286046
1212844823  8.280522
1211233083  3.796576
1211612644  4.140659
1211871465  15.782545
1212137212  10.916021
1212462148  17.620214
1212463244  8.408812
1212548444  6.978607
1212642748  6.680766
1212904950  7.120646
1212190750  13.604442
1211224537  8.675168
1211613266  15.831258
1212909563  0.000000
1212909589  7.986410
1211954104  10.787465
1211959022  10.452289
1212168957  8.958570
1212361783  7.389562
1211184066  9.883530
1211235556  9.320500
1212398048  7.423074
1211562924  0.000000
1211562940  11.129061
1211766088  11.940969
1211783623  2.364921
1212065014  9.312286
1212380247  7.763585
1212641480  0.000000
1212641539  3.211664
1212727902  9.356589
1212904602  109.806984
1211178020  17.946285
1211469817  13.791292
1211656547  4.383673
1211702456  10.013867
1211722306  5.914602
1211907511  13.590115
1212252392  10.690750
1212650937  0.000000
1212650993  0.000000
1212651035  0.000000
1212651092  0.000000
1212651201  0.000000
1212651254  0.000000
1212651315  0.000000
1212651376  0.000000
1212651437  0.000000
1212651497  0.000000
1212651558  0.000000
1212651618  0.000000
1212651678  2.146621
1211412927  4.009632
1211693034  12.336258
1212781044  9.885880
1212982174  7.866308
1211788965  2.114096
1212096324  11.940969
1212925163  5.777208
1213068861  6.654969
1211302650  8.871914
1211517798  7.705753
1212214128  5.071651
1212304582  5.051111
1212212061  7.017763
1212909238  9.785683
1211654029  9.046841
1211751116  7.866818
1212213104  3.818378
1212461950  5.537106
1212898743  0.000000
1212898805  0.000000
1212898865  0.000000
1212898926  0.000000
1212898986  7.200458
1211089011  6.764475
1211163793  10.317525
1211171120  0.000000
1211171190  7.393890
1211352794  6.055025
1211817082  7.969208
1212294855  5.452524
1212451278  13.542762
1212465869  2.871033
1212476957  3.937020
1212483676  6.851595
1212900473  7.077111
1212905209  7.314561
1212985367  8.027767
1212313594  0.000000
1212313655  7.914115
1212377155  9.465903
1212568028  4.366513
1212896673  11.513553
1212337318  9.732169
1212715231  6.327770
1212727848  8.434052
1212804542  11.940969
1211484295  11.253336
1211760250  9.454992
1212742184  5.024569
1212884343  10.690669
1212888091  5.528527
1211643904  12.716912
1211699995  4.076459
1212566879  6.612563
1212705860  4.076459
1211048511  8.411401
1211169059  6.161628
1211265376  4.861976
1211953040  9.791083
1211953209  0.000000
1211953269  0.000000
1211953334  0.000000
1211953389  2.287383
1212463008  4.325482
1212609447  6.606579
1211226472  8.046018
1212901168  2.981760
1211163512  6.130305
1211167551  10.348199
1212731410  7.001713
1211513749  0.000000
1211513770  10.489484
1211605149  9.978739
1211697975  4.076459
1212495300  10.049305
1212935483  6.465258
1211209597  14.071352
1211236044  14.938929
1211433250  6.362635
1211902633  5.620669
1211099328  13.580191
1211127041  8.898532
1211163340  21.672636
1211685320  3.621095
1212040660  18.847723
1212180859  4.905368
1211462141  10.976612
1211680608  9.303039
1211693665  5.450835
1212161401  4.076459
1212172944  10.515412
1212695779  3.158136
1212817268  0.000000
1212817282  0.000000
1212817346  3.324354
1212137264  0.000000
1212137322  8.046018
1212145105  4.780943
1212999139  8.857356
1211163563  3.702404
1211716706  6.757353
1211768260  6.394822
1211940951  8.755007
1212295254  9.441646
1211104646  14.071352
1211559744  45.549892
1211580179  10.489484
1211780406  50.909958
1212708285  15.086283
1211210020  10.667272
1212006699  3.190651
1212301884  3.096045
1212728410  6.680766
1211331309  9.470556
1211444949  6.289989
1211770841  9.183852
1212042383  14.892632
1211923740  6.271475
1212349031  7.270032
1212573709  9.752760
1212701143  8.278560
1212942030  6.705019
1211793658  5.471008
1211897110  8.857356
1212634588  8.132587
1212814751  4.936538
1211264066  0.000000
1211264067  0.000000
1211264127  5.620669
1211655937  56.413517
1211344587  8.175105
1211436407  9.083216
1211449176  8.789610
1211851276  18.333679
1212357158  5.620669
1212645339  11.284981
1211288065  7.399071
1211666427  3.475530
1212614374  6.289989
1212704711  8.550495
1212176085  3.246167
1212679491  7.859725
1211429384  7.995264
1212296604  9.046841
1211759182  3.243828
1211775336  8.278560
1211958543  13.026862
1211963483  7.775161
1212217305  16.817623
1211197185  11.061865
1211271782  7.315484
1211608727  20.449591
1211830838  12.198145
1211857870  4.076459
1212470343  6.571246
1211183481  11.940969
1211263397  3.575248
1211872978  14.796807
1212249514  7.633653
1212304558  7.239324
1212471850  8.712153
1212513875  5.791092
1211545117  12.626036
1211704416  8.442960
1212074391  4.103833
1212158632  5.816026
1212606536  8.741237
1212719371  8.031851
1211227731  7.931961
1211954233  11.611330
1212330809  9.854426
1212989060  4.076459
1213032106  8.235054
1211047352  8.235054
1212728918  0.000000
1212728989  0.000000
1212729163  0.000000
1212729224  0.000000
1212729284  1.129463
1211873139  7.413635
1212901154  9.655221
1211613848  8.014539
1211766938  9.046841
1211897916  4.383673
1211897973  7.120646
1212202357  8.360707
1212286606  5.807269
1212541675  5.020208
1212884124  3.602454
1211275278  3.243828
1212843641  8.468574
1212998697  11.061865
1211400241  3.246167
1211514700  10.776087
1211600436  6.933729
1211608510  10.151114
1211641936  5.816026
1212210038  0.000000
1212210104  7.072204
1212261781  5.887610
1212290063  6.867083
1212293665  5.404732
1211022212  10.690669
1211111026  11.463599
1211112227  11.578582
1212421658  8.128518
1212641337  4.002534
1211618240  7.901933
1211779845  4.747066
1212366488  0.000000
1212366548  3.158136
1211271782  7.315484
1211354329  10.976612
1211631312  8.482708
1211695767  8.101648
1211948016  22.061653
1212101867  10.191147
1212253833  9.200176
1212724113  7.995264
1212810006  6.785553
1212918029  4.703606
1211168408  7.357575
1211616732  5.720681
1211698366  5.269378
1211848637  8.257991
1212797043  4.076459
1212997064  7.914115
1213024170  7.314561
1211659537  15.138945
1211665016  13.022319
1211712505  6.660527
1212965484  8.442960
1211910230  10.113249
1211994912  14.050617
1212233359  5.720681
1211353040  8.437877
1211703465  7.120646
1211915218  8.964340
1211063125  15.096940
1211485297  3.033268
1211657746  5.196356
1212014654  9.046841
1212194244  13.437709
1212388679  0.000000
1212388743  0.000000
1212388793  3.192951
1212912504  7.095908
1211653212  3.041089
1212542083  9.723453
1211442818  7.933548
1211533668  5.878569
1211555565  3.544747
1211614713  6.394822
1212073991  5.481276
1212696491  5.816026
1211857650  7.914115
1212018422  9.187669
1212213095  6.130305
1212980200  10.367505
1211034657  15.043605
1211266089  11.934333
1211328202  13.374683
1211527266  10.196681
1212546853  11.689366
1212556216  8.492334
1212978293  9.356589
1212993897  8.964340
1211146378  6.321533
1211869890  13.453973
1212137547  10.554473
1212137850  2.287383
1211209560  5.122439
1211909952  7.698414
1212130140  6.219054
1212817081  4.397114
