1212461435  3.497828
1212598111  7.017827
1211062764  5.977385
1211113006  3.531820
1211910660  4.540414
1212210406  7.599782
1211372253  7.724368
1211378901  6.641539
1211465861  6.973616
1211549231  5.197041
1211655940  8.115462
1212070274  6.536000
1212913330  10.410184
1212942109  3.531820
1212223235  3.275202
1212224232  13.234837
1212591287  6.400540
1211372948  1.707893
1211455874  4.381306
1212890027  3.717705
1213019792  7.161739
1211930921  10.134556
1211998395  4.816118
1212101952  8.135864
1212679308  12.944650
1212793538  5.152714
1211432332  15.318944
1212423204  5.527940
1211389031  4.673667
1211390170  5.240048
1211820660  7.349768
1212474679  5.373772
1212889778  2.091279
1212911569  4.741625
1213032515  9.299600
1211464902  8.476802
1211980055  9.108299
1211071428  5.966973
1211380563  7.853108
1211705751  8.714418
1212062107  5.152714
1212302776  5.927611
1212563967  10.946973
1212737487  5.764631
1212885672  8.097005
1212912456  6.929213
1213014604  4.597049
1213078877  6.973616
1212035134  6.979449
1212394002  3.473922
1212472684  5.286609
1211848871  8.902488
1211855029  3.717705
1211862740  3.027274
1212817054  2.387560
1212083928  3.730732
1212306805  9.525242
1212236355  6.794155
1212696675  7.145185
1212840761  4.268536
1212848794  4.901392
1211055393  1.928082
1211081294  3.717705
1211119484  8.142595
1211733111  6.281504
1211807038  3.531820
1212229639  6.973616
1212308216  9.263237
1212429856  5.282238
1212889502  4.597049
1212917071  5.877067
1212746495  2.625790
1211145402  8.383861
1211484406  4.752882
1211574550  7.349768
1212531902  5.116246
1212917946  5.330394
1212484713  4.901392
1211602917  3.306824
1211523404  3.150948
1211064914  3.473922
1211072318  5.955277
1211428394  6.512122
1211584131  5.548745
1211151062  3.473922
1211163836  7.043703
1211298397  7.748462
1211739632  6.512122
1211743719  3.386225
1211987089  7.471731
1212303898  1.707893
1212343254  2.352260
1212776407  1.797783
1212221082  9.444755
1212374387  4.652414
1211123329  8.115462
1211123642  4.704519
1211143665  1.960216
1212674280  6.425936
1211423826  5.251491
1212496972  7.349768
1211959202  3.531820
1212813913  4.116555
1211117099  4.901392
1211795402  4.197393
1212326585  3.473922
1212488036  4.704519
1211644486  8.126019
1211645176  5.290944
1211781743  10.104897
1212192724  8.479383
1211519514  7.853108
1211616670  3.852895
1211715317  3.804694
1211734213  3.653607
1211953345  4.185164
1212090979  6.973616
1212822105  5.798311
1213013634  3.360371
1211109766  3.210746
1211676262  6.859294
1211888282  7.374302
1212717399  4.667992
1211049187  8.034720
1211264327  8.567026
1211283801  6.178528
1212128484  4.185164
1211077671  5.152714
1211281446  1.707893
1212450605  8.081368
1212499381  5.394187
1211065917  7.087090
1211280158  9.318690
1212529993  5.370275
1211430542  5.009660
1211431200  4.821041
1211034594  5.581270
1211548965  4.103848
1211910053  4.673667
1212219196  5.963115
1212600296  3.260142
1212858098  5.600318
1212900222  5.070405
1213029430  4.919649
1211170492  6.211071
1211466713  8.942784
1212524527  6.720932
1212554870  5.423910
1212585554  4.324678
1212646646  7.260432
1212739322  4.673667
1211372096  9.529448
1211685776  4.928121
1211686410  6.205233
1212289205  8.567026
1212626251  4.185164
1211647866  7.249022
1211936222  4.578975
1212737774  5.282238
1211053161  5.461297
1212283591  12.053987
1212636608  3.531820
1212724260  7.736526
1211387824  3.531820
1211551884  9.681345
1212076299  8.618082
1212383564  11.395009
1212769825  6.444330
1211217477  5.068244
1211725289  10.514388
1211743431  2.938048
1211878385  1.707893
1211035522  4.116555
1211044932  3.260142
1211654979  5.854340
1212545704  3.311081
1212664924  3.473922
1212668940  3.363638
1212556463  4.876815
1212820787  6.271528
1211829077  7.853108
1211891155  3.531820
1211096099  5.346972
1211251400  5.569435
1211720688  0.624571
1212989533  6.800764
1211657816  5.975018
1211267994  3.531820
1211155315  7.748462
1211373738  11.394819
1211660143  3.027274
1211831948  4.957490
1211945993  3.852895
1212618148  5.662395
1212906905  6.641471
1211207984  8.618082
1211571672  5.370275
1211773788  6.209580
1212199080  4.926165
1212208239  3.531820
1212583708  7.326686
1212751367  12.323208
1211347802  7.853108
1211564682  4.642035
1212060300  16.988144
1212071328  6.641539
1212229748  19.869621
1212376451  3.531820
1212830261  12.478304
1211298476  3.260142
1211614280  5.944838
1212533416  4.709094
1212861268  3.444608
1212984701  3.027274
1212454373  6.103508
1211665637  5.909746
1211133380  10.560006
1211278538  6.211700
1211374129  4.901392
1211564502  8.780393
1211565457  7.853108
1211733812  7.956828
1211987837  5.423910
1212057547  5.068244
1212584351  3.531820
1212757651  7.724368
1212845525  6.973616
1212067546  3.531820
1212290589  10.025244
1211267994  3.531820
1211958994  7.206577
1211083285  12.321772
1211693456  7.558437
1211723661  6.641539
1211934640  10.767514
1212649555  1080.067627
1211482391  4.597049
1212639860  3.567630
1211341090  0.902905
1211771572  9.423729
1212886239  3.531820
1211549119  4.414775
1212157367  4.484104
1211291776  6.973616
1211300265  7.529984
1211374384  4.673667
1211872799  13.014485
1212220400  7.347079
1211158099  6.973616
1211260999  6.304008
1211679639  3.784093
1211839102  6.293864
1212324767  4.061994
1212469417  7.853108
1212754743  3.531820
1212757327  3.473922
1212818386  8.266429
1213018420  6.190686
1212159242  7.173820
1212512715  9.948511
1212591562  5.641121
1213023036  3.838570
1211298578  7.104781
1211614574  3.260142
1211681634  4.411713
1211903590  7.173820
1211989549  2.029306
1212338425  4.795535
1212595918  3.784093
1212683297  3.531820
1212772182  7.375778
1211178216  7.724368
1211496161  6.293864
1211554870  4.381306
1211972940  1.707893
1212300539  3.705250
