1211638060  17.230991
1211708953  17.885357
1211918959  5.985329
1212047454  7.097385
1212978534  7.141407
1211067222  9.519495
1211076027  13.145666
1211096576  15.288139
1211606060  14.191958
1211709215  11.060361
1211713139  11.051399
1211752540  11.675455
1211869363  13.740226
1211899008  8.027244
1211963740  14.923626
1212079080  6.071942
1212103188  8.390283
1212160416  5.048119
1212190283  6.423373
1212210745  10.215775
1212257570  6.619262
1212283241  16.723486
1212314514  15.914333
1212542280  6.216167
1212565365  14.399990
1212655566  8.218025
1212745100  26.579887
1212810323  6.989988
1212854690  7.007316
1212928117  10.726563
1212961503  10.508689
1211097935  16.317854
1211380169  10.550718
1211419006  8.905289
1211430323  12.163231
1211844798  8.984751
1211869249  0.342166
1211947873  15.548194
1212995544  11.513262
1211106657  6.431870
1211232633  5.283875
1211469985  10.344707
1211486759  6.423373
1211578065  5.318957
1211607248  7.461829
1211707958  13.353164
1211863228  7.935998
1211876490  11.826632
1211902247  11.826632
1211964567  16.737490
1212045616  11.826632
1212139194  12.518591
1212275986  6.431870
1212482462  14.235647
1212660107  15.635097
1212862792  8.654205
1212913796  11.022928
1212942920  15.100057
1213026759  7.747438
1211351732  16.058723
1211559710  12.005293
1212206249  9.402497
1212227481  10.549869
1212560802  13.912036
1212898531  14.663677
1211096948  10.631955
1211196522  11.492746
1211199770  15.208230
1211283566  15.973078
1211393292  12.268703
1211606123  10.374038
1211875544  18.435511
1211914569  9.248358
1211939201  10.897220
1212027210  19.988832
1212115232  12.431307
1212162181  12.245885
1212271724  7.980899
1212382600  11.007972
1212425534  14.104136
1212609402  13.455729
1212740848  11.782204
1213000454  13.068281
1213010023  8.711491
1211099905  8.658012
1211291331  11.304266
1211365047  11.757791
1212198638  9.129298
1212222988  15.330781
1212313992  18.764715
1212407283  18.562916
1212411361  8.163299
1212439111  4.594719
1212497019  8.981499
1212499108  9.046758
1212529607  5.358254
1212574298  13.856009
1212882463  11.826632
1213015704  8.649198
1213019232  11.757791
1211078541  5.133680
1211103973  8.575827
1211172403  10.457661
1211235120  10.751483
1211471921  6.444407
1211494657  10.183205
1211615354  10.478796
1211735797  11.998098
1211784250  18.088907
1211926010  9.282866
1211991060  5.048119
1212012695  11.826632
1212044636  0.000000
1212044649  16.432083
1212162780  5.797455
1212185205  8.079532
1212222520  7.679138
1212274864  7.644994
1212399864  16.723486
1212422827  7.895649
1212428866  9.770608
1212480739  15.848161
1212529394  5.797455
1212718857  14.557593
1212827879  17.226625
1212859119  8.027244
1213033943  10.726563
1211032196  8.014591
1211068277  12.104063
1211174913  8.862215
1211229240  8.039838
1211268464  11.478085
1211307456  0.000000
1211307516  13.602998
1211354865  12.436356
1211505935  12.990009
1211513231  15.473959
1211531422  14.211217
1211702771  10.547033
1211768954  17.513735
1211996015  7.483467
1212049959  11.632752
1212159830  14.375770
1212229673  14.375770
1212235338  7.151482
1212244094  17.513735
1212304454  26.167833
1212335016  6.029878
1212456300  4.218474
1212477744  14.656919
1212557164  11.179481
1212559002  11.424815
1212908372  8.879727
1212910159  23.013710
1213022775  15.558958
1211111628  10.423783
1211191035  6.607111
1211213839  12.352367
1211235827  8.364776
1211321880  13.455729
1211386205  14.192016
1211436898  12.376804
1211518132  12.003188
1211533726  10.908370
1211539891  15.785129
1211543703  11.930094
1211581647  6.431870
1211621695  24.468084
1212214443  12.267640
1212396295  10.744645
1212448906  0.585257
1212472825  8.292465
1212486158  11.060361
1212521640  9.783418
1212546304  10.257270
1212879599  5.880077
1212968602  13.946321
1213033160  14.423198
1211222464  7.679138
1211509439  13.134567
1211886759  14.816796
1212245468  18.383703
1212308236  4.381778
1212537691  6.703361
1211071991  12.671391
1211184868  16.179573
1211269727  12.266946
1211371518  10.137113
1211406294  7.875759
1211432590  14.191958
1211536318  16.419127
1211576408  5.244016
1211758816  7.530270
1211881110  7.016585
1211929165  12.531157
1212086063  14.212997
1212140914  8.863267
1212212222  10.023729
1212228836  14.151714
1212300096  16.286074
1212442181  10.524932
1212622577  17.918020
1212878261  7.746071
1213005455  8.520679
1213080082  11.565040
1213084399  11.089091
1211112465  10.284027
1211239623  6.464460
1211326377  10.631955
1211367311  14.599017
1211450614  16.388783
1211584591  9.279598
1211707358  2.145056
1211908304  10.353532
1211948915  7.940165
1212100827  10.877461
1212114613  8.171551
1212299575  7.973193
1212364036  5.759883
1212371704  13.813618
1212395466  10.908370
1212446776  8.076335
1212454552  10.181254
1212502112  18.004930
1212850189  9.402497
1212876407  10.636837
1212878639  9.087445
1211203001  11.747959
1211223929  9.814113
1211742982  11.918404
1211746163  10.142168
1211746937  6.423373
1211873992  8.210897
1212040639  10.123487
1212104193  5.133680
1212300716  15.492142
1212448357  5.048119
1212706575  7.387491
1212747434  9.402497
1212781617  13.052872
1212806934  11.905636
1212818542  6.955376
1212931370  14.375770
1212984174  11.022928
1211111681  8.027244
1211267319  9.611779
1211290179  5.217052
1211640760  11.757791
1211813072  15.700543
1211947119  11.269542
1212648885  8.516862
1212655378  17.954296
1212671122  11.381124
1212918179  14.145791
1212930298  12.325997
1211651931  10.550718
1211664906  13.515867
1211791591  8.353460
1211793776  12.518591
1211966764  10.168605
1212122015  0.148580
1212239786  13.196000
1212399470  13.455729
1212653156  1.329188
1211348186  13.056466
1211567885  14.542162
1211604457  11.527678
1211706106  12.015689
1212366788  13.068882
1212447959  13.945863
1212742528  6.356609
1211103171  13.427508
1211152310  10.631955
1211349042  15.914333
1211375537  9.131190
1211777684  5.048119
1211820006  15.117163
1211876215  0.191440
1211917686  13.426147
1212038141  13.145666
1212062580  14.375770
1212078678  12.376804
1212156312  14.139886
1212219004  11.905636
1212240471  14.816796
1212394681  16.179573
1212541183  7.319179
1211022967  11.469543
1211109255  17.226625
1211191226  12.027083
1211268812  17.452518
1211279657  16.723486
1211322589  18.668737
1211358750  11.104276
1211492107  7.718244
1211540859  13.869066
1211543283  16.586874
1211626635  11.273910
1211958556  19.669073
1212002944  11.243828
1212052268  12.362728
1212137458  6.532244
1212140147  5.145496
1212316832  9.720519
1212385098  20.733593
1212456680  6.429905
1212486007  12.620694
1212569448  28.383917
1212660626  18.032930
1212908947  4.578759
1212919437  9.127886
1211025533  13.679991
1211069680  5.048119
1211181994  10.175122
1211216229  5.797455
1211602744  10.055183
1211702782  12.344645
1212300240  5.929267
1212399381  11.757791
1212528350  8.727751
1212588122  9.332589
1212653262  13.142436
1212789041  5.894080
1212889460  10.770659
1212967702  6.431870
1211020747  15.063743
1211083338  10.233640
1211215464  8.649198
1211300258  9.159927
1211318571  1.808355
1211364699  13.679991
1211599182  3.264117
1211838903  5.589557
1211942098  8.155198
1212168077  9.726722
1212313919  18.117657
1212482486  15.408089
1212711902  7.007316
1212796355  8.756867
1212951884  7.188576
1212959202  14.995043
1211744610  6.423373
1211936427  15.203170
1211940539  9.903262
1211967316  13.679991
1212257489  6.945079
1212277972  11.701706
1212393814  6.416814
1212395969  161.158173
1212956815  4.958713
1212992111  14.453235
1211096350  0.000000
1211096409  0.000000
1211096420  5.864197
1211103590  7.097385
1211933426  8.380995
1212134386  9.087445
1212252833  12.003188
1212531341  6.022143
1212607812  11.300339
1212732759  6.183407
1212906492  22.166023
1211147248  9.207727
1211185484  6.431870
1211428865  10.534112
1211708738  0.143660
1211795010  0.143974
1211871024  15.063743
1211960395  8.919160
1212054304  15.624298
1212142025  8.945243
1212387179  16.654858
1212473357  14.069194
1212678936  6.766713
1212722943  11.317132
1211332423  10.284027
1211360323  15.878328
1211948814  15.569325
1211974971  15.692199
1212071042  5.703948
1212356558  10.374038
1211207647  13.044797
1211238745  11.689138
1211416385  8.969135
1211421347  14.140101
1211443496  14.306961
1211448163  13.679991
1211504260  5.797455
1211509677  15.973221
1211742087  12.104063
1211748825  8.027244
1211780352  12.027083
1211948734  15.132389
1211988457  4.352394
1212008779  8.836636
1212053978  0.129975
1212113662  11.826632
1212140030  14.456432
1212291234  9.402497
1212291699  8.520679
1212304836  8.828507
1212462917  11.191438
1212659883  0.165392
1212739074  13.710042
1212913225  13.815955
1212989638  11.757791
1211176828  19.345551
1211917997  9.599087
1212215453  3.520985
1212564564  15.402611
1211088342  15.402611
1211276319  11.060361
1211340007  11.701706
1211357277  16.723486
1211517193  13.815955
1211662304  8.839974
1211702005  5.855643
1211732677  12.402473
1211858921  8.027244
1212126785  20.310459
1212132886  10.680056
1212486106  20.265648
1212552225  10.550969
1212701223  11.368934
1212838193  10.196023
1212913653  11.757791
1212394138  0.136620
1212737488  14.923626
1212917234  12.488581
1213004627  13.353164
1211097784  0.073625
1211238979  5.703948
1211284566  11.797479
1211359830  18.932249
1211497121  7.206576
1211531689  9.443816
1211594471  8.027244
1211628529  13.813618
1211700919  11.632752
1211751170  11.391380
1211982402  4.747877
1212136327  10.423783
1212179920  5.998452
1212388339  9.131190
1212415908  16.166525
1212442874  8.039838
1212446349  9.592661
1212476993  7.922463
1212659509  15.773926
1212705682  9.099191
1213054846  0.000000
1213054848  10.968034
1211025799  12.924821
1211032739  12.058002
1211033772  10.508689
1211105181  3.037671
1211176221  11.826632
1211299312  5.589244
1211317582  5.216384
1211467996  8.942391
1211499747  6.831905
1211619536  9.880036
1211813553  9.028464
1211963637  16.798435
1212139777  6.431870
1212225242  11.826632
1212270635  11.958372
1212324180  14.375770
1212442644  8.163299
1212538737  6.318072
1212743558  11.998098
1212744285  0.000000
1212744317  13.867767
1212746559  14.379014
1211124070  10.908370
1211155016  12.519682
1211184385  12.840074
1211192250  13.099139
1211200980  18.253534
1211210055  12.796221
1211280230  12.198066
1211344739  11.704982
1211634326  15.132389
1211840493  10.374038
1211865194  0.243806
1211889725  14.430032
1212042838  11.826632
1212101269  8.868381
1212194941  6.431870
1212229901  9.435126
1212325709  9.099191
1212562657  10.881691
1212569394  5.870603
1212570971  14.629229
1212643383  18.117657
1212688701  3.194760
1212735767  1277.950684
1212974789  7.738949
1213012182  7.679138
1211225690  4.218474
1211350824  10.591014
1211428224  0.000000
1211428237  16.491634
1211646946  12.930884
1211794379  30.292645
1211801792  11.826632
1212002832  4.983729
1212024297  6.318072
1212132893  10.508689
1212223743  9.480673
1212373374  11.617206
1212488054  16.917194
1212495694  12.599922
1212541164  6.224391
1212861496  11.780460
1213029552  6.097324
1211101230  13.911855
1211615827  9.638712
1211696278  12.967547
1211953093  15.168349
1212131193  709.597900
1212308519  25.731274
1212499852  10.550718
1212626541  9.461306
1211179494  9.171481
1211616564  18.140289
1211641950  9.124938
1211708845  11.565040
1211744006  12.907561
1211819004  11.936285
1211915037  20.047459
1212047230  9.509621
1212304565  6.640662
1212318546  16.659117
1212330745  8.600618
1212365647  10.731763
1212550633  8.712049
1212646712  4.980912
1212741893  13.338772
1212946580  10.933828
1211066501  12.627684
1211099955  16.449331
1211182976  13.236816
1211286012  12.485314
1211527576  9.700329
1211620367  11.826632
1211665792  7.807124
1211694472  90.069901
1211710360  13.566681
1211713147  18.510130
1211985127  6.712226
1212344021  8.954760
1212403663  11.826632
1212441059  16.449331
1212668703  17.215919
1212806272  11.368934
1212807700  8.340508
1212830016  8.981499
1212872968  11.632752
1212889401  12.298642
1211057332  11.106078
1211075533  0.000000
1211075555  10.978853
1211189788  10.203972
1211229864  10.751483
1211266332  6.326429
1211353829  14.688604
1211402833  5.609021
1211443253  7.807124
1211528953  11.632752
1211542498  13.353164
1211618563  9.776719
1211757095  10.203972
1211769750  10.726563
1211888847  12.139302
1211956973  13.140702
1212049561  10.690859
1212181877  9.124938
1212223742  9.699293
1212653036  8.520679
1212666629  15.705608
1212741045  12.114992
1212809848  10.726563
1212867526  11.060361
1212943805  10.153961
1213002779  17.373121
1211024344  11.970043
1211097890  6.888638
1211105878  15.617922
1211210012  8.255770
1211256462  11.753121
1211261347  13.009258
1211284043  10.550718
1211290396  17.107061
1211322018  8.520679
1211435766  9.464615
1211438082  8.364776
1211439722  8.507071
1211549797  14.084473
1211810742  10.337196
1211871166  11.087467
1211957021  9.402497
1212212125  11.191438
1212472620  20.313887
1212476316  14.235647
1212532802  10.742577
1212972181  16.868008
1211077118  10.358694
1211105764  7.016585
1211349309  11.163337
1211529154  10.169700
1211897797  5.052068
1212227125  16.917194
1212315408  15.153728
1212322879  10.203972
1212475032  0.306145
1212634558  7.016585
1212919099  16.917194
1211775953  5.937111
1211802690  11.826632
1211855435  14.372882
1212042531  0.027047
1212232957  10.374038
1212313663  0.046745
1212470424  13.108736
1212562490  13.157188
1212720068  8.369769
1211257149  8.520679
1211442326  15.773926
1211636648  14.140101
1212001464  12.469285
1212129880  7.807124
1212281655  9.316578
1212397186  9.087445
1212531114  5.797455
1212981519  10.992181
1213004657  16.449331
1211199484  16.314959
1211546610  9.356239
1211548435  14.627468
1211580268  12.449086
1211610018  8.380988
1211658387  10.753047
1211785072  11.788159
1211880935  17.513735
1211889440  8.304045
1211905787  6.736903
1211980987  15.682658
1212047028  12.485314
1212066012  11.957075
1212087667  9.524755
1212161520  7.511393
1212299160  6.916750
1212423915  8.449730
1212447717  5.077793
1212480365  15.818025
1212481129  14.384516
1212484422  13.353164
1212514771  5.894080
1212568441  11.632752
1212741038  15.199989
1212756028  13.815955
1212827286  17.513735
1212861709  8.242042
1212941537  7.566906
1212951344  13.815955
1211170991  12.048804
1211269070  13.572708
1211275484  9.668115
1211362632  7.537658
1211781231  12.376804
1211878476  0.297312
1211968418  7.807124
1211969190  12.327038
1212398638  11.526709
1212447953  5.613409
1212485781  0.392252
1212564161  20.046923
1212706663  8.380995
1212741083  9.798159
1212831145  10.447219
1211088342  15.402611
1211173726  9.087445
1211179526  14.455082
1211228952  9.814113
1211258791  11.330195
1211391684  8.370272
1211838995  10.508689
1211898122  14.375770
1212125244  13.353164
1212241378  13.398624
1212460003  11.374929
1212606191  10.551072
1212698745  13.068882
1212827834  7.807124
1212903390  11.368934
1212967182  8.027244
1211081393  6.891289
1211177985  21.481327
1211416030  12.027083
1211439214  9.131190
1211615707  11.060361
1211691391  8.245817
1211826914  11.244700
1212036464  12.485314
1212115262  8.163299
1212513915  11.826632
1212547871  9.248358
1212721949  8.674582
1212987365  10.726563
1211158922  7.361503
1211327818  3.985357
1211439032  6.454403
1211535754  13.229059
1211934027  6.326429
1212039102  13.263803
1212169383  18.073460
1212180611  9.402497
1212224203  14.199874
1212381428  13.221052
1212530379  7.189673
1212677375  0.000000
1212677390  7.687930
1212695643  4.196171
1212963039  8.339858
1211280860  18.911291
1211866112  6.980212
1211884948  11.757791
1211972637  13.679991
1212058571  11.482261
1212130048  11.757791
1212298095  9.654986
1212325608  26.238043
1212347561  11.378507
1212357709  15.569325
1212369239  8.380995
1212438262  12.531157
1212535265  9.215557
1212563653  14.375770
1212661703  14.235647
1212893319  11.565040
1212968039  11.632752
1213011374  11.282997
1211020657  10.374038
1211206806  13.395522
1211246253  6.429905
1211248479  8.165472
1211277096  11.632752
1211363127  15.914333
1211451440  9.740686
1211540097  10.508689
1211625035  19.840504
1211703176  12.234447
1212125206  8.094654
1212224041  8.420114
1212490827  28.040758
1212850399  18.521854
1211024721  10.591014
1211076138  9.131190
1211099722  16.751009
1211117410  11.887772
1211119405  6.431870
1211338935  12.298810
1211353951  12.779639
1211385502  13.635766
1211388563  8.560912
1211439333  17.006935
1211461979  14.375770
1211465566  11.724468
1211526889  12.183462
1211553315  10.493311
1211706685  11.172981
1211794148  15.677053
1212095470  10.605100
1212100284  10.203972
1212148361  17.046593
1212221333  0.162832
1212262081  11.826632
1212411703  11.399992
1212482651  15.362441
1212555301  13.448958
1212592597  4.216279
1212651533  13.926105
1212768850  10.627546
1212770667  10.859740
1211023006  14.145791
1211171767  9.954762
1211193913  13.455729
1211280560  11.826632
1211365009  11.632752
1211630792  16.723486
1211730675  13.283148
1211773153  10.288989
1211793624  13.068882
1211970836  13.679991
1212098320  4.570014
1212120609  11.244700
1212146488  13.455729
1212227083  7.409763
1212329254  12.922417
1212362940  10.751483
1212481725  16.702244
1212575042  26.251854
1212850957  11.378507
1211107156  6.714924
1211263825  11.087467
1211322808  11.402377
1211656040  4.885276
1211874635  16.917194
1211926946  9.099191
1212023012  7.030045
1212054210  7.807124
1212138218  10.508689
1212149325  12.104063
1212216903  7.807124
1212217460  4.770967
1212247269  7.747438
1212485652  15.063743
1212667235  16.594122
1212675176  16.917194
1212687708  14.151714
1212721571  9.334324
1212885879  8.156913
1212920283  18.243803
1213009457  17.226625
1213084517  10.916891
1211523804  5.675179
1211534948  14.918612
1211959032  16.179573
1212215945  11.826632
1212523897  7.651508
1212562990  17.063622
1212647069  2.105984
1212732614  15.640619
1211831923  8.674582
1212133409  7.679138
1212344340  14.240074
1212377125  13.649916
1212449423  11.747959
1212734165  9.131190
1212778765  13.035625
1212823910  18.560362
1211104835  12.913198
1211172046  15.166573
1211220299  7.525541
1211270234  6.431870
1211527863  5.783055
1212080696  8.027244
1212120454  10.508689
1212432022  17.059210
1212468166  15.402611
1211207589  5.894080
1211477851  10.056153
1211735156  7.409763
1211922290  4.078417
1211924199  7.915704
1212514298  10.379945
1212649555  1347.998901
1212680998  5.613409
1211061672  6.431870
1211135553  10.008276
1211173046  7.679138
1211246428  7.369063
1211276658  0.000000
1211276673  23.335096
1211303860  10.853345
1211454850  17.667551
1211533935  22.618465
1211873084  7.580697
1211903166  14.657133
1211948019  6.788803
1211969158  6.498797
1212015471  6.318072
1212139885  12.967547
1212183016  7.878751
1212234537  14.218021
1212259955  5.967592
1212355535  16.889391
1212428502  8.814495
1212982060  14.658041
1212984690  12.741070
1211266604  16.314959
1211354352  17.384317
1211630552  10.726563
1211759053  10.374038
1211920821  7.215811
1212393746  10.550718
1212398104  15.280681
1212743340  13.881270
1213001584  16.449331
1213002997  15.921577
1211276702  9.248358
1211277232  15.063743
1211363236  8.981499
1211408619  11.570716
1211452443  15.314091
1211481493  14.375770
1211521723  9.248358
1211537762  0.277879
1211611232  14.334416
1211712057  9.248358
1211903204  5.048119
1211968961  12.344645
1211988878  6.919532
1212049222  10.129827
1212057000  11.565040
1212139785  0.130225
1212185274  6.423373
1212190803  7.620431
1212208690  9.637795
1212400868  9.620650
1212431486  7.271578
1212915809  9.524755
1211187442  0.000000
1211187506  0.000000
1211187562  14.602827
1211449597  14.140101
1211493193  15.914333
1211580486  6.687825
1212006778  10.591014
1212525524  7.623647
1211183098  12.104063
1211235075  0.000000
1211235131  2.995088
1211499822  9.589161
1211786853  12.608242
1211845147  10.633241
1211879019  9.131190
1211952015  12.804368
1212014722  12.027083
1212041473  10.336416
1212130675  13.511925
1212275449  11.749837
1212364050  8.981499
1212391479  0.138813
1212473555  11.929901
1212554428  10.812158
1212608564  15.280681
1212910246  10.833238
1213032520  7.747438
1211255141  14.151064
1211271963  8.981499
1211365958  12.627684
1211380618  7.848705
1211411480  7.845140
1211586768  13.209596
1211712360  11.776172
1211715094  12.234447
1211768270  11.173393
1211788282  8.155198
1212043950  9.559744
1212207395  12.830162
1212480674  11.757791
1212644947  16.723486
1212666297  9.131190
1212735900  7.567293
1212775363  10.688900
1212876179  14.191958
1212880449  8.284640
1212916629  11.036785
1212987259  13.729982
1213021058  8.317228
1211159051  8.520679
1211230498  8.560491
1211250801  6.326429
1211263779  7.980899
1211349667  7.747438
1211489053  16.723486
1211576844  8.981499
1211833076  8.568776
1212008028  9.124938
1212094029  9.512470
1212314586  7.693061
1212397671  11.632752
1212487431  8.114932
1212557504  13.790001
1212697430  11.757791
1212956587  14.375770
1212972099  18.032930
1212995624  8.974702
1213006808  13.679991
1211188869  7.206576
1211269669  12.901780
1211337478  9.875478
1211377553  11.852376
1211401395  8.029234
1211404239  13.646113
1211425590  9.290183
1211459879  17.733784
1211568492  13.426147
1211612635  75.792892
1211634811  7.807124
1211814801  15.645886
1211868544  15.488863
1211896668  11.330015
1211952795  15.203170
1211976179  14.375770
1211982924  18.422211
1212066290  10.550718
1212310487  6.891289
1212730835  17.513735
1212864524  8.679229
1212917044  10.104136
1213019217  10.099514
1211066501  12.627684
1211185973  0.285864
1211212148  12.185412
1211228939  26.207958
1211261562  10.288989
1211299345  13.887808
1211312465  8.836636
1211326393  38.768620
1211362444  15.515337
1212193129  6.204294
1211032763  15.682658
1211376698  12.613345
1211490655  5.937111
1211516501  10.871058
1211536646  8.618559
1211549993  13.353164
1211617901  9.314142
1211706745  8.299298
1211876788  12.547016
1212050415  0.238587
1212408232  7.493109
1212496578  13.134259
1212752722  11.826632
1212914222  21.016481
1212930034  19.222898
1213006653  14.379014
1211112032  18.253534
1211170315  14.375770
1211185954  10.549062
1212204539  8.245817
1212939530  13.134259
1212995150  6.431870
1211103663  7.341234
1211146778  8.156913
1211253353  42.426033
1211284408  13.568351
1211318547  7.807124
1211370793  15.067089
1211478473  10.125671
1211512783  6.006464
1211544055  7.897963
1211617789  8.449730
1211684110  9.751421
1211724031  17.384317
1211785344  9.285956
1211897428  7.620431
1211947158  15.914333
1211988275  0.000000
1211988311  0.000000
1211988313  8.094654
1212029612  6.431870
1212117043  7.627931
1212203237  10.215775
1212299163  7.435356
1212465761  11.087467
1212555522  9.054677
1212636955  8.226200
1212735078  11.656838
1212749399  11.435288
1213007675  8.292861
1211110556  21.445389
1211185017  117.259796
1211234795  10.508689
1211376078  15.236613
1211554229  10.550718
1211593707  18.436110
1211670313  7.206576
1211694357  7.027937
1211754734  15.097828
1211811452  17.363642
1211929405  18.576843
1211966132  16.679747
1212064369  15.063743
1212066914  12.671391
1212091280  7.939448
1212162626  14.816796
1212197575  10.086983
1212248770  9.112778
1212271117  8.100709
1212345526  10.215775
1212734432  19.489601
1212744687  9.899413
1212793716  10.257270
1212830871  7.385020
1212879511  7.895649
1213005019  18.576843
1211025444  8.697214
1211045116  8.275852
1211163268  59.600147
1212066345  17.527193
1211194695  13.803905
1211221825  0.212452
1211307819  6.006464
1211437835  16.723486
1211482940  6.984826
1211525125  13.388639
1211616038  10.077992
1211620955  11.245189
1211670273  17.513735
1211757546  0.959859
1211793932  12.901780
1211825973  16.453802
1211902775  8.025350
1211915416  8.423019
1211953353  10.742349
1211974211  13.359166
1211999765  7.555281
1212059959  14.140101
1212085497  7.807124
1212169101  0.222884
1212274398  11.445127
1212313067  8.866892
1212421025  7.003612
1212428720  0.635101
1212505162  9.961298
1212518185  7.127645
1212564402  13.760625
1212583081  16.586874
1212693273  0.000000
1212693284  7.271578
1212717060  7.865242
1212773633  7.620431
1212951672  9.248358
1213036949  23.960701
1211319644  12.413649
1211472765  14.428549
1211494452  10.457661
1211622988  0.000000
1211623009  17.226625
1211668760  12.599922
1211699496  13.667285
1211764656  0.000000
1211764717  14.398497
1211845846  7.988136
1211891558  12.485314
1211932203  5.703948
1211959842  16.917194
1211977517  13.869066
1212011802  14.815470
1212190816  10.169700
1212317137  13.659720
1212385573  10.726563
1212561506  7.146522
1212660262  17.810577
1212745046  9.244638
1212822274  22.063053
1213053502  9.534913
1211028767  10.920040
1211042589  14.375770
1211128538  10.658512
1211363994  13.409237
1211512538  18.117657
1211513806  6.983990
1211550449  6.129465
1211833728  10.336416
1211872584  11.757791
1212137304  6.224391
1212151354  14.836848
1212153712  17.410110
1212178764  22.050207
1212200518  18.117657
1212210600  13.134259
1212276290  7.895649
1212280966  9.125751
1212416154  13.388639
1212568061  11.445127
1212666557  12.000965
1212909531  8.658266
1212999406  17.226625
1213022753  12.935065
1211302765  14.188073
1211427266  14.375770
1212904311  12.362637
1211160420  8.723317
1211710116  15.818025
1212288410  24.684788
1212319833  14.783290
1212525927  8.845188
1212640419  9.402497
1211155812  10.336416
1211508950  15.997221
1211625379  15.177192
1211063302  13.388639
1211189634  13.353164
1211251100  10.269694
1211275997  0.171296
1211362346  11.565040
1211428896  13.849866
1211430591  15.508657
1211635185  8.027244
1211709170  11.826632
1212060730  8.756993
1212062547  13.317458
1212134122  13.057182
1212734686  8.304045
1212745859  12.696723
1212918027  12.901780
1212972537  16.023796
1212975371  14.071977
1213001926  12.608242
1211063902  15.761216
1211164231  18.455120
1211448237  10.631955
1211558461  8.697835
1211728072  11.007972
1211814235  5.365632
1211946026  13.679991
1212158048  9.751421
1212159198  8.027244
1212309513  7.996879
1212328113  12.696723
1212507285  4.218474
1212508271  6.429905
1212556607  13.649916
1212785484  11.467491
1212878443  13.435791
1212965595  16.184019
1212983232  10.726563
1213016039  12.531157
1211151821  7.263224
1211324515  6.431870
1211358454  13.869066
1211783306  0.141946
1211843626  12.901780
1211873931  10.078106
1212015830  5.894080
1212103221  7.973966
1212124526  16.179573
1212276911  10.333291
1212314401  10.069880
1212374881  10.947214
1212395127  14.619427
1212402250  11.826632
1212477486  0.158395
1212715826  12.170244
1212803424  9.672592
1212880710  16.179573
1213084799  11.987470
1211030393  10.702991
1211108833  7.097385
1211207914  13.289737
1211452599  16.723486
1211542451  10.916891
1211621922  10.336416
1211702867  12.204750
1211718903  10.203972
1211905856  9.053095
1211950570  11.330015
1211967975  12.107501
1212017284  6.548977
1212049736  12.671391
1212148649  11.757791
1212272571  3.599678
1212305607  10.303090
1212331795  12.104063
1212390855  17.203926
1212621153  5.993979
1212667651  12.325997
1212675431  7.654949
1212981164  14.453235
1211288383  6.431870
1211340815  9.047626
1211458815  14.661867
1211835247  11.826632
1211960285  16.449331
1212052884  16.230852
1212376569  8.039838
1212962022  8.428791
1211146726  3.661659
1211170779  8.384314
1211881049  7.152372
1212386349  0.623296
1212739516  16.023796
1212816921  15.805407
1212838310  20.748075
1212934530  14.871487
1212986896  22.556257
1211066555  8.975348
1211078601  4.481423
1211185447  14.375770
1211186904  7.895649
1211276170  12.537459
1211324958  10.812158
1211498195  11.970043
1211707945  0.149651
1211854300  17.975521
1211872831  12.463675
1211874448  16.306601
1211938899  6.736903
1212134954  0.000000
1212134967  18.352047
1212227157  7.679138
1212334303  8.216518
1212335004  0.000000
1212335060  16.723486
1212407077  6.431870
1212425901  6.879799
1212570543  16.907419
1212653351  6.279676
1212773083  7.895649
1212826053  16.498566
1212908739  9.444348
1212950339  11.757791
1211132138  13.052872
1211171746  10.949352
1211268396  13.679991
1211358293  12.325997
1211447269  16.723486
1211507374  9.618868
1211554134  13.353164
1211555377  11.826632
1212181297  13.383641
1212216367  9.464166
1212241878  12.629580
1212259175  11.391960
1212308519  13.057182
1212393295  10.336416
1212482100  13.289830
1212529260  6.326429
1212564542  12.671391
1212829664  8.436152
1213052412  7.679138
