1211752360  6.921573
1211866800  12.700521
1211880910  13.006939
1211898827  8.748978
1211985971  3.029494
1212257384  5.766361
1211418828  5.322160
1212049109  0.000000
1212049114  0.000000
1212049168  2.882906
1212995380  8.047202
1211707290  4.125210
1211826467  6.777107
1212556989  7.386538
1211953379  0.000000
1211953439  5.573088
1212206189  9.177584
1212306634  9.736445
1212560681  10.461363
1212816759  10.868426
1212898031  6.826952
1211276091  14.150891
1211530732  8.894794
1211967326  12.045248
1212050684  11.668092
1212051905  17.720335
1211456852  4.776932
1211703103  9.127917
1212006217  5.075535
1212304431  11.027349
1213015645  8.542412
1211103443  8.331523
1211895959  8.526992
1213068837  9.362941
1211080736  9.530136
1211213659  8.338869
1212198751  4.060754
1212380981  5.573088
1212521548  0.000000
1212521555  7.779715
1212879599  5.880077
1211706842  5.573088
1211888577  5.845651
1212134947  7.277239
1212447047  4.062276
1212560139  6.387696
1211432460  7.040294
1211690901  9.703411
1211754495  4.972401
1212304428  11.080594
1213080020  10.665738
1211094241  12.604053
1211477746  6.367584
1211477802  7.899619
1211532336  9.409530
1211971083  5.660075
1212418862  9.711369
1212888700  7.828392
1211732173  9.899052
1211793351  4.958805
1212040577  10.124949
1212747374  9.177584
1212983924  0.000000
1212984043  4.195912
1211077623  6.281578
1211947051  6.616210
1211966643  5.943079
1212399352  7.386538
1212478369  11.683605
1211237277  11.500453
1211567640  2.590437
1212098822  7.386538
1211119729  10.102083
1211348860  11.297676
1211848936  7.509647
1212218883  5.845651
1212429377  9.057022
1211055760  5.573088
1211602325  8.894794
1212184848  2.882906
1212908530  7.037859
1211019518  10.461363
1211673800  5.931280
1211696386  5.376643
1211702042  8.894794
1212879778  9.127917
1211946859  7.592630
1212744264  19.764223
1211134355  3.320310
1211611871  2.643838
1211643610  14.448268
1212523932  5.943079
1212956520  6.346180
1212478038  7.052519
1211960147  8.748978
1212138769  9.028128
1212268318  5.943079
1212473176  6.947547
1212072393  3.249821
1212229183  11.208603
1212659883  0.165392
1212214417  11.035968
1212564437  6.626159
1211517074  10.639777
1211796164  15.395643
1212132831  14.013447
1212391024  14.347753
1211085359  8.883847
1212222332  10.621576
1211519190  10.188728
1211963517  8.210579
1212159072  5.004682
1212446027  0.000000
1212446060  0.000000
1212446062  0.000000
1212446126  5.675644
1211037574  11.887799
1211184264  4.550868
1211339309  6.671838
1211430656  8.537164
1211634203  12.789647
1212094635  4.545571
1212734807  8.250196
1211428035  7.625101
1211614454  6.354880
1211734835  5.336876
1211050123  7.509647
1211226657  4.736159
1211644329  7.152045
1211691228  10.436668
1211743886  5.845651
1211795914  5.570195
1212440463  8.748978
1211246528  7.295547
1212715056  9.880387
1211270795  11.858012
1211429728  5.943079
1211862054  10.289865
1211956966  10.011909
1212575759  10.464463
1212042466  11.858012
1211256969  9.161183
1211534101  8.324279
1211579895  8.064439
1211642469  10.206486
1212135971  7.423305
1212737930  5.937849
1211170811  6.826952
1211426395  0.000000
1211426435  0.000000
1211426459  25.987022
1211781163  8.097868
1211969130  11.021262
1212137634  196.324493
1212564040  10.461363
1212643091  2.529805
1212741033  16.782408
1211173659  8.218732
1211671521  5.048020
1212125184  9.177584
1211394414  4.657428
1211700119  0.349217
1211826734  5.943079
1212045020  10.597590
1212381212  8.678704
1212699722  4.359516
1212477169  6.483358
1212490731  14.575573
1212636952  4.609312
1211024667  15.842635
1211210783  9.576831
1211526220  14.388352
1211703048  5.582469
1212551471  8.261771
1211171712  11.413579
1212850870  11.623736
1211874514  9.656643
1211356481  10.262724
1211623551  10.069578
1212523771  3.576022
1212821842  19.478062
1212344271  10.557965
1212449180  8.471232
1212045842  15.240625
1212120330  2.708184
1211424103  11.321278
1211609894  7.152045
1212917573  8.471232
1211134901  9.786722
1211194735  14.027070
1211262112  0.000000
1211262138  5.802287
1211533131  11.488878
1211834620  12.542857
1212355391  8.292667
1212463669  2.415408
1211767752  7.624109
1212393681  8.471616
1211711997  12.141661
1212053000  13.124927
1211213917  5.943079
1211449360  8.894794
1211788351  7.291002
1211183003  5.257063
1211234887  6.603421
1211507065  9.278418
1212184906  8.166385
1212448955  6.483358
1211102104  10.303798
1212397550  10.461363
1212956464  8.262333
1213002681  7.095901
1211315076  4.545571
1211612339  3.620141
1211772615  9.736445
1211814681  7.509647
1211952680  6.530128
1211982734  5.485919
1212864362  2.708184
1212913644  5.573088
1212796299  3.803574
1212798741  8.894794
1211032582  6.603421
1211045896  3.360076
1211515805  8.990598
1211535196  4.551301
1211538296  11.855690
1211807786  12.064013
1212389148  1.572213
1212451979  2.517467
1212645167  5.481726
1212927523  11.488878
1212928337  14.950997
1212929854  8.607865
1212934549  10.461363
1211415099  2.979003
1211697164  9.736445
1211858598  4.545571
1211271747  10.466965
1211534085  8.894794
1211683984  7.187322
1212625725  0.000000
1212625791  7.575953
1211025389  10.011909
1211825308  4.471054
1212168661  0.000000
1212168690  3.504709
1212206089  3.712689
1212420909  6.135807
1212636857  2.930166
1212021994  3.135792
1212190694  4.398940
1212316956  8.748978
1212655499  12.879747
1211164425  6.030057
1211435166  11.269779
1212421168  5.054320
1211235671  10.461363
1212745575  9.210531
1211773727  13.109814
1212134001  4.870255
1212753080  9.736445
1211606893  0.000000
1211606958  12.083520
1212306135  7.509647
1212983172  9.177584
1211842594  12.940974
1211873811  8.894794
1212556201  230.381775
1212696501  0.000000
1212696561  4.545571
1212898828  0.882194
1212961361  8.338869
1211269958  5.566006
1211714016  7.616062
1212016957  6.483358
1212141053  8.537164
1212354704  6.302914
1212390714  8.748978
1211340755  11.623857
1211348266  5.347731
1211458694  7.506995
1211630635  14.673972
1211917974  6.603421
1211859910  7.114303
1211271805  2.023363
1211739753  5.845651
1212825825  8.894794
1211180349  2.659981
1212194596  2.882906
1212741756  9.129937
1212837008  6.148012
