1211086459  13.157174
1211089006  5.340708
1211092547  13.971028
1211095851  10.192557
1211249947  10.110083
1211431181  9.483057
1211514974  9.122853
1211609809  7.791078
1211680343  15.325509
1211858442  8.837420
1211933825  5.623969
1212099346  8.718265
1212295612  9.456570
1212301417  10.997849
1212464333  16.832989
1212554452  10.502790
1212631774  8.651579
1212670306  9.531067
1212989269  11.535254
1211051665  4.674077
1211113577  15.901183
1211122899  14.014129
1211156213  0.906777
1211158413  1.665944
1211273650  11.121091
1211316011  2.968457
1211342049  8.717363
1211349654  8.917279
1211386393  8.009635
1211473167  6.804272
1211488450  9.948221
1211509939  7.363997
1211523513  8.189453
1211525828  9.144361
1211593008  9.416302
1211614144  9.745138
1211693498  12.060796
1211728391  9.317085
1211928152  8.552310
1211944056  10.250660
1212039745  17.105526
1212090020  9.259255
1212127583  10.057306
1212140115  15.698802
1212167412  3.676342
1212203458  12.259927
1212207447  13.563783
1212249035  7.395241
1212268685  8.292085
1212308032  5.829467
1212344588  11.503366
1212562136  11.233269
1212592811  6.241374
1212730646  4.973154
1212744018  12.125618
1212777412  13.503971
1212813299  8.778112
1212830430  15.624604
1212844676  14.665649
1212850854  12.444691
1212986202  12.922957
1212991155  15.694598
1211046897  9.741001
1211172972  6.351836
1211267561  11.510221
1211304048  11.910362
1211575621  8.782866
1211651084  10.987718
1211656935  5.816314
1211660527  13.725028
1211681091  12.896334
1211854507  11.100468
1211994952  10.563334
1212035893  10.282079
1212075965  5.931977
1212076217  4.361578
1212126799  10.142829
1211035858  10.790728
1211095611  9.196604
1211098244  9.341123
1211133541  10.118721
1211212526  8.171561
1211242401  7.590654
1211348305  9.781901
1211532544  11.325791
1211534251  12.883300
1211616549  0.000000
1211616567  7.484700
1211618034  4.762310
1211683027  9.847790
1211692719  5.235857
1211712099  6.851066
1211755198  9.559627
1211767222  9.665289
1211769148  3.416521
1211777060  10.473501
1211833369  11.023190
1212017532  8.860134
1212073768  5.651401
1212089384  9.901539
1212098302  2.535125
1212123245  10.994945
1212124817  12.060743
1212165254  4.276446
1212173247  5.836693
1212270216  11.461974
1212294823  10.985334
1212297465  2.516878
1212305564  13.323825
1212381184  8.949909
1212394866  8.220383
1212447415  2.857778
1212540403  10.954067
1212550885  17.196012
1212647332  11.863026
1212651785  11.351513
1212696739  21.656313
1212720089  10.639616
1212775972  10.665147
1212805202  9.331079
1212806745  11.374081
1212809729  1.503146
1212814463  9.771526
1212864934  10.309975
1212880478  9.823704
1212894045  10.306839
1212973081  11.852721
1212978257  10.805359
1212981585  8.917279
1211075798  13.873776
1211088031  13.775185
1211098384  13.055469
1211144761  7.567236
1211163251  8.571210
1211220798  18.482525
1211229265  9.505465
1211232317  6.093306
1211394413  9.567898
1211399514  6.303420
1211465864  10.081123
1211477012  12.721362
1211489952  8.718677
1211521101  12.512792
1211573230  6.523227
1211679270  10.788452
1211689801  15.272534
1211691967  13.080166
1211832409  6.799756
1212036530  12.060743
1212192838  9.411047
1212221007  13.209353
1212273308  8.563637
1212310829  11.706411
1212356245  11.030126
1212424012  8.967906
1212436938  12.383469
1212445156  4.347109
1212606756  6.992748
1212614847  7.833726
1212673203  11.351513
1212714260  6.648613
1212719254  8.860415
1212730378  10.030335
1212828929  13.098338
1212883795  9.115261
1212895750  21.718203
1212899449  9.979635
1212976534  16.437403
1213025477  1.905752
1211089621  12.371570
1211101754  11.260138
1211207805  10.453100
1211333628  11.140122
1211374541  12.061193
1211423317  8.024489
1211440249  11.742944
1211516123  7.838220
1211518956  12.574341
1211521638  13.717278
1211524591  15.438703
1211533098  13.301864
1211543402  2.622137
1211546572  12.711105
1211562020  5.362534
1211594990  11.046044
1211693532  8.948545
1211921563  7.186110
1211953106  11.112913
1212044265  11.129354
1212129242  11.279496
1212141755  12.130972
1212279237  4.361578
1212281374  6.678029
1212335914  5.933971
1212377749  11.773259
1212483426  9.773765
1212517753  10.167070
1212521054  0.000000
1212521114  0.000000
1212521146  0.000000
1212521152  7.872478
1212583676  16.151808
1212733612  11.907056
1212810514  9.621009
1212820044  9.055410
1212834036  12.061193
1212902260  4.347109
1212904976  10.839565
1212912114  6.076300
1212957823  12.879698
1211092104  8.017832
1211097660  8.025463
1211184415  8.366598
1211260640  11.211571
1211268422  10.809351
1211347568  8.044589
1211359581  12.948857
1211482852  10.451734
1211514630  8.890050
1211525753  19.955414
1211543885  11.727597
1211607333  8.414965
1211643841  7.074807
1211668250  12.613980
1211670114  10.192178
1211688702  11.019434
1211691530  14.872720
1211698544  14.143555
1212082479  8.726335
1212089925  8.145367
1212212715  14.491201
1212268073  8.656878
1212396150  13.732527
1212400145  13.807690
1212430087  14.926421
1212465766  13.480541
1212468944  8.026336
1212506085  9.431825
1212673265  9.983344
1212698356  9.091043
1212720929  11.729616
1212758018  9.846219
1212766928  1.556216
1212774208  13.170862
1212776816  12.633537
1212786734  6.324060
1212813054  8.377574
1212824752  15.966440
1212900944  15.419847
1212903032  10.343922
1212946663  4.346359
1211047630  1.614684
1211049313  3.480273
1211073157  8.771094
1211101757  12.951976
1211150842  3.889261
1211182781  12.911935
1211318628  7.778688
1211334913  8.044589
1211351402  12.227633
1211358413  10.923211
1211422085  8.732777
1211487389  10.608932
1211492122  6.802986
1211522241  28.402260
1211587916  7.154101
1211593241  8.613768
1211609663  9.585166
1211619519  5.891672
1211666645  5.434650
1211668718  11.725428
1211696029  4.945835
1211699957  6.088346
1211703561  24.305618
1211706135  12.849757
1211776209  8.467989
1211781021  11.163016
1211823208  9.201830
1211835362  6.992932
1211940094  8.864710
1212169364  8.422323
1212189643  6.514888
1212205839  13.081087
1212221036  17.157011
1212343839  13.656520
1212621503  10.471375
1212698700  15.042323
1212698753  9.105419
1212777238  3.715391
1212789636  8.562696
1212804626  4.066650
1212856261  9.460390
1212870935  8.426014
1212884489  7.833930
1212887936  5.993415
1212908271  13.743680
1212915742  12.668555
1213025182  6.719271
1211028746  14.842180
1211054756  5.471137
1211148279  8.370164
1211150402  10.272329
1211174030  46.610142
1211300311  14.547991
1211338616  9.081238
1211346630  19.803473
1211426492  11.952791
1211437239  13.348024
1211517568  8.128335
1211593299  5.593297
1211668846  14.152590
1211675872  11.150301
1211765553  9.589022
1211767447  12.736581
1211853529  15.126616
1211876884  10.977110
1211896557  9.000772
1212002288  10.960443
1212026082  7.917087
1212032199  12.739047
1212108971  12.923586
1212117414  11.997074
1212121113  9.554229
1212270584  6.875043
1212370611  7.266903
1212418610  3.612957
1212510867  1.612559
1212518883  8.912295
1212621736  5.563453
1212642260  12.962694
1212735163  12.335877
1212812042  10.309642
1212825604  14.188328
1212897844  9.516592
1212911829  15.922525
1212944254  2.537552
1212966307  11.291224
1212974387  10.152579
1213053420  10.450121
1213059519  5.846709
1213064547  10.336521
1211039278  6.304207
1211100979  15.696198
1211179012  12.722147
1211183909  7.484700
1211292242  0.783870
1211419421  6.973065
1211466799  9.445560
1211477363  11.129354
1211487207  7.838220
1211490357  5.933971
1211493278  9.747627
1211501063  10.460752
1211521433  17.453899
1211569994  8.534751
1211579919  1.749241
1211593499  11.206909
1211607496  12.224204
1211659653  6.526565
1211674713  13.080795
1211680257  10.478319
1211682450  13.789845
1211699604  12.114834
1211758409  11.625971
1211786724  10.617615
1211831847  13.080166
1211872327  12.596577
1211897553  10.994945
1211774499  7.753839
1211783282  8.215857
1212090463  5.235857
1212153049  12.572048
1212215592  9.223613
1212259745  2.995537
1212388482  22.195530
1212425329  10.492433
1212440752  9.051312
1212583133  15.331277
1212600219  9.661601
1212644512  12.036623
1212725539  12.262655
1212809604  7.271741
1212820439  11.223847
1212866788  6.916351
1212890649  5.323194
1212902685  11.742944
1212979309  8.928880
1212990568  11.613238
1213018215  12.081100
1211062055  14.289947
1211082206  10.931472
1211095203  10.125910
1211105664  15.458273
1211174469  18.078377
1211202855  11.667784
1211554116  8.001329
1211608766  8.100141
1211709416  10.095695
1211854329  8.878324
1211914472  10.266276
1211945962  10.988457
1212045931  14.914220
1212110366  5.135507
1212174362  6.215776
1212605080  3.492525
1212616680  9.781081
1212641884  13.520350
1212752280  17.309353
1212805490  4.297340
1212836199  13.276748
1212881390  6.961035
1213026874  5.933971
1211046917  11.281202
1211076604  12.668555
1211080261  17.388424
1211088597  3.605824
1211099232  15.043468
1211101777  13.127134
1211178728  12.511369
1211203271  9.403429
1211208976  5.148663
1211322652  8.275453
1211381791  10.106928
1211501015  9.593019
1211513191  5.612980
1211516875  5.816082
1211594086  9.428033
1211604663  9.618063
1211683483  12.263907
1211686542  18.590441
1211707163  10.763367
1211760886  8.981817
1211773787  12.729089
1211776307  13.807690
1211779246  13.080166
1211873670  11.314844
1211890926  13.655149
1211950937  6.189648
1212024644  9.428033
1212037738  9.583919
1212112188  12.225719
1212199822  11.074844
1212207725  12.176666
1212225115  13.792958
1212273682  9.985648
1212285432  15.464462
1212305432  12.349625
1212318202  13.080166
1212497703  12.948857
1212515905  12.582093
1212516174  4.657685
1212717279  8.935110
1212720259  7.784268
1212725892  9.158783
1212751207  11.619790
1212773148  8.569648
1212777941  8.394837
1212811987  12.506677
1212819040  13.590950
1212898396  8.619203
1212902850  10.202881
1212904912  9.235747
1212907718  10.140599
1212957847  2.015699
1213024341  2.600774
1213037907  7.025676
1213040348  8.709133
1213068963  8.357389
1211089508  4.275107
1211094761  10.802695
1211106086  12.946465
1211215359  9.941144
1211336630  5.124886
1211393108  4.656814
1211434751  10.269821
1211527798  11.116031
1211552537  11.306425
1211571638  4.361578
1211600460  9.354701
1211618190  10.625270
1211689738  3.185784
1211701410  11.385073
1211763719  8.603274
1211792802  8.726335
1211945804  12.128196
1212132270  8.949909
1212135114  10.923211
1212213245  13.395370
1212288049  12.044534
1212369598  8.965830
1212373548  8.666105
1212382002  13.362280
1212457195  11.716336
1212552937  8.988337
1212567087  10.138072
1212836193  13.763206
1212882465  13.073288
1212902932  8.694158
1212909411  11.260138
1212919747  9.839374
1211058324  4.790987
1211147137  10.309642
1211169431  12.059509
1211355432  12.703678
1211398481  8.716332
1211518650  12.196003
1211645692  7.279771
1211699438  14.033594
1211722604  15.569291
1211734032  8.767642
1211865054  10.499854
1211868691  10.309642
1211906148  6.202546
1211911335  11.670493
1211953593  12.054688
1212119200  10.456012
1212189429  8.716332
1212254521  11.364888
1212259567  5.495169
1212266404  4.044832
1212322785  13.127134
1212379311  8.334028
1212422161  6.917762
1212602076  12.976755
1212740489  14.738112
1212810631  12.371570
1212952636  14.336451
1211068072  3.548022
1211089525  10.106830
1211099923  14.597807
1211114978  10.306837
1211120373  11.351308
1211142517  6.981298
1211155494  2.622137
1211234380  7.872478
1211329409  11.660224
1211338922  7.840131
1211440574  8.160412
1211442161  13.807690
1211509247  4.911805
1211512638  5.159169
1211516514  10.630675
1211522695  14.884827
1211557706  9.450809
1211598495  7.872478
1211608848  10.225164
1211613190  10.878141
1211646713  9.585166
1211686222  12.202583
1211697044  10.331717
1211703854  11.547503
1211859944  11.165422
1212085335  9.884337
1212163763  7.235280
1212177994  8.562696
1212206768  4.202205
1212210954  11.148767
1212216106  12.931392
1212245207  12.050266
1212294710  12.126293
1212299888  5.014585
1212370591  10.636665
1212380151  12.670203
1212385881  12.060743
1212514433  6.447126
1212558456  8.748353
1212634294  10.092295
1212727774  8.328732
1212755002  14.189639
1212800161  11.140122
1212825869  14.076396
1212828638  16.227011
1212900673  9.605927
1212903718  12.254770
1212970985  14.301736
1212987779  11.736938
1211676339  11.314786
1211751020  13.842604
1211779219  10.284602
1211786128  11.435849
1211796903  13.521090
1211944834  9.450809
1212165364  6.811815
1212361145  6.186856
1212368159  8.745168
1212373939  10.839949
1212416938  7.550085
1212422295  11.334580
1212465728  10.975008
1212475399  7.021628
1212639427  1.855602
1212644517  12.414172
1212821532  13.118865
1212832930  16.192772
1212867495  7.705304
1212985546  13.098338
1213035757  6.731863
1211074874  10.327744
1211097508  21.892321
1211163746  8.432818
1211238698  17.335690
1211246600  11.121091
1211255671  9.254802
1211420862  5.085066
1211687302  10.734847
1211766550  9.927123
1211772206  17.950760
1211774742  13.276748
1211801955  8.837420
1211875081  9.460390
1211880128  6.791562
1211941410  8.380371
1212224364  3.320052
1212228495  10.395584
1212284912  8.581950
1212305465  13.818036
1212309737  23.625069
1212375794  10.634238
1212610791  6.858639
1212628634  7.784242
1212681645  5.624589
1212741209  9.543486
1212812607  9.153869
1212825778  9.050893
1212876178  4.763045
1212903335  6.425571
1213027176  2.622137
1213070645  9.610649
1211057924  12.815450
1211063090  4.297340
1211082430  11.351513
1211100494  3.142630
1211136991  4.846198
1211140258  7.460188
1211142105  10.974758
1211147223  7.840131
1211210821  1.874187
1211267095  17.815063
1211272970  12.758435
1211319388  10.106830
1211346099  13.501796
1211386095  9.295878
1211390913  5.933971
1211492484  11.441292
1211654802  9.295878
1211685485  11.471396
1211698466  12.356768
1211701668  13.581334
1211735978  11.148067
1211744036  11.023190
1211762716  12.333155
1211872877  13.073288
1211920326  10.839949
1212024307  11.931137
1212034809  4.017031
1212151397  12.691833
1212157358  9.089722
1212222657  18.701538
1212222718  8.335584
1212273236  9.288938
1212294450  12.695992
1212343012  11.890388
1212365877  4.784244
1212410893  7.297727
1212426231  35.666901
1212457933  11.601284
1212495357  8.316333
1212505517  5.707824
1212512362  6.093306
1212527306  13.379881
1212582339  15.177538
1212595145  6.802986
1212615632  7.351985
1212761177  11.314844
1212850609  9.580755
1212851962  11.759576
1212865010  10.140631
1212909266  9.504611
1212910584  11.710615
1212914782  12.332246
1212940536  12.090807
1212947738  7.550085
1212960261  9.409048
1213021443  1.749241
1211057463  3.379863
1211106020  10.202334
1211148520  10.499854
1211159245  2.186552
1211168222  11.112563
1211175557  11.626546
1211207897  10.080665
1211258502  11.393396
1211263097  7.142849
1211299259  4.202205
1211333852  6.324826
1211529799  10.464132
1211604905  7.264500
1211617269  8.080928
1211684550  11.582766
1211702456  10.013867
1211704544  14.914220
1211768292  11.314844
1211780222  14.392117
1211863253  18.828667
1211922280  8.576844
1211945502  0.000000
1211945513  0.000000
1211945542  13.458700
1211996535  11.863783
1212027516  9.289145
1212038148  11.283881
1212225548  17.275906
1212265352  5.222833
1212292407  7.045789
1212311701  8.545557
1212313204  12.090482
1212348565  10.453446
1212387603  13.009069
1212390773  15.220206
1212644051  12.060743
1212738003  15.344134
1212745063  16.289370
1212819768  2.179730
1212829589  13.591660
1212867998  12.266378
1212879313  10.336521
1212975397  11.477046
1212990132  13.684493
1211020218  13.979191
1211077917  11.852721
1211100441  10.859699
1211126984  13.579794
1211173174  11.478092
1211200370  14.337315
1211337019  6.791562
1211349033  11.325791
1211373268  14.265358
1211524331  11.822327
1211595432  7.585374
1211598572  11.852721
1211647377  15.711096
1211671267  11.334580
1211683592  8.878324
1211688574  8.465168
1211752928  239.438263
1211843379  12.227997
1211846554  8.513260
1212057118  15.223325
1212126296  19.233097
1212130136  13.750086
1212207577  6.024254
1212212820  12.465793
1212217437  12.219454
1212219467  16.565327
1212228544  12.666761
1212292707  6.031858
1212306417  6.139966
1212371587  9.428033
1212387835  12.560889
1212439917  9.664487
1212459459  8.794770
1212475151  12.883611
1212479784  11.842292
1212548021  5.511615
1212715946  0.000000
1212715972  0.000000
1212715974  1.718301
1212886908  8.832914
1212890505  7.581223
1212915555  10.057306
1212918471  10.226179
1212964960  11.396857
1212976788  7.602512
1211078597  16.500103
1211097622  18.114002
1211101413  15.272534
1211163126  3.835023
1211166547  11.646836
1211216661  7.363997
1211256118  6.374771
1211271636  13.741996
1211465179  7.843676
1211485051  7.980813
1211518494  12.515660
1211527238  14.351155
1211533089  12.090774
1211592270  8.334928
1211771266  12.060743
1211833898  10.617929
1211939805  12.628210
1211947768  12.992456
1212005944  8.876020
1212031878  7.928195
1212032775  6.526565
1212109137  7.235280
1212117200  8.512624
1212126647  12.208742
1212209535  11.421644
1212228348  13.999823
1212266011  6.851066
1212285488  8.580164
1212297844  10.297163
1212299765  10.649093
1212305499  9.580755
1212308236  14.977787
1212308964  2.629384
1212391162  10.461930
1212428337  9.508726
1212445100  7.709725
1212640944  13.080795
1212648608  7.348331
1212658487  11.349066
1212703515  6.851066
1212704919  5.063593
1212714524  9.605927
1212791026  4.746161
1212799884  6.712565
1212819095  10.731153
1212853621  20.414438
1212867751  4.758613
1212925043  15.696014
1212933007  5.539369
1212934950  11.987156
1213005391  16.560860
1213010407  12.879698
1213060756  2.709961
1211061976  3.264271
1211155233  2.757505
1211335561  8.189225
1211388850  8.796968
1211422804  7.737792
1211424598  11.074844
1211427652  10.890594
1211498180  9.175086
1211509521  3.364236
1211603875  14.385451
1211683358  6.265666
1211733894  8.992174
1211746596  6.587836
1211750753  9.665289
1211789944  0.000000
1211789994  0.000000
1211789999  7.492640
1211840949  11.129354
1211945055  11.870606
1212036108  13.055469
1212162338  5.380328
1212183677  7.581025
1212208020  7.538480
1212293066  14.787354
1212297428  12.477096
1212299539  9.172497
1212307722  18.928072
1212381277  12.061193
1212386390  6.922213
1212388942  9.577426
1212401699  4.759739
1212448341  10.994945
1212474203  41.866657
1212560604  15.272534
1212596865  8.938278
1212635962  7.668133
1212685645  6.799988
1212714485  9.618063
1212776694  15.847657
1212795372  6.484531
1212798136  3.756118
1213008171  12.290554
1211053533  3.806060
1211075068  11.314844
1211092302  12.198483
1211265011  17.369421
1211439557  5.203007
1211610342  10.949849
1211614835  12.054688
1211623665  4.939392
1211705777  13.098022
1211771893  10.263512
1211826862  13.566845
1211849020  8.831905
1211867351  11.325791
1211949032  8.878324
1211993076  10.327744
1212048243  11.269063
1212124437  10.641832
1212206609  10.319371
1212291079  10.461917
1212297123  8.543611
1212312558  10.309642
1212358062  11.701722
1212434952  8.362736
1212469292  11.129354
1212538991  20.089703
1212550027  10.746178
1212558400  12.225719
1212629549  8.745168
1212637782  6.908953
1212738539  12.365894
1212763010  8.873460
1212803617  5.239350
1212807183  10.118307
1212815414  9.965406
1212830433  14.242330
1212894332  10.128775
1212901096  11.597100
1212981552  8.176194
1211020843  13.789845
1211066082  9.039150
1211073403  13.653671
1211080340  6.580209
1211090314  10.867970
1211135931  14.540957
1211156896  2.600774
1211335512  9.261936
1211422071  8.698089
1211521031  5.829900
1211591219  10.290410
1211611703  12.951400
1211653382  9.016577
1211674644  11.351513
1211677801  8.917279
1211685565  8.964906
1211687379  9.334795
1211761750  10.106830
1211762512  12.050266
1211781567  13.995729
1211785760  9.979191
1211788533  12.930899
1211858645  11.023190
1211862261  11.406558
1211993619  8.051344
1211996377  13.978166
1212013852  11.139231
1212033794  9.310637
1212035743  11.944358
1212045349  12.304900
1212048175  13.258662
1212168552  6.528542
1212196570  11.642908
1212203283  10.814699
1212225457  15.621021
1212279907  10.710586
1212282164  6.512831
1212292574  11.759576
1212294200  9.959186
1212337298  10.824872
1212381227  13.951856
1212382471  11.907579
1212469924  8.357389
1212542570  6.728273
1212548445  15.395118
1212655361  13.732527
1212720138  8.550786
1212884288  7.834524
1212885805  7.701493
1212913167  11.097518
1213024210  4.600880
1211187253  20.815649
1211203311  16.192772
1211212757  1.696551
1211282526  11.738944
1211402529  11.836995
1211466377  20.698257
1211501685  12.865737
1211514808  10.654469
1211525412  10.345010
1211619419  29.543739
1211669181  11.315369
1211770929  11.591203
1211777458  7.804483
1211823575  20.762392
1211938558  6.526565
1212118488  11.510154
1212184947  5.882566
1212218237  20.373732
1212230179  12.019135
1212277908  8.779047
1212303243  13.098022
1212326382  14.863798
1212375281  16.184361
1212449931  7.593858
1212458591  8.573365
1212470592  14.011877
1212493169  10.225164
1212530104  7.761939
1212644120  10.786468
1212669254  14.097772
1212703977  10.460752
1212730451  15.152585
1212988479  12.073999
1211084814  11.148067
1211139582  7.252461
1211158363  2.619629
1211222541  11.148067
1211270686  14.265358
1211308148  10.336521
1211344078  11.702058
1211353730  12.060743
1211407099  3.375809
1211474661  8.460301
1211489379  9.323664
1211499377  8.444840
1211573443  9.522689
1211576738  8.706621
1211585442  5.539369
1211593481  8.200443
1211605916  8.555215
1211610070  6.088346
1211680596  9.505465
1211761892  10.336521
1211763997  4.758085
1211777018  11.891060
1211852469  11.557514
1211954288  8.359262
1212039785  8.079915
1212106929  8.716332
1212118019  10.155997
1212126113  14.301736
1212133820  12.254508
1212135697  12.163175
1212205340  13.819551
1212208030  12.585518
1212211729  10.460752
1212234089  11.825369
1212288222  9.756722
1212289972  12.044534
1212354655  4.310915
1212359383  4.818840
1212379813  13.723137
1212595712  11.638297
1212604237  7.507083
1212618797  8.382608
1212657250  14.425229
1212681056  1.746939
1212737171  11.349066
1212767069  4.591135
1212777547  14.385451
1212786920  20.384041
1212792072  10.456545
1212801392  6.648613
1212805391  11.118031
1212824059  16.969404
1212825472  9.438160
1212950511  9.860974
1212953320  10.478618
1212961777  8.917279
1211099582  9.225321
1211266162  13.570837
1211272096  6.253498
1211301090  5.239350
1211337424  10.864964
1211358538  10.457614
1211441094  6.447126
1211443091  12.007150
1211476505  14.136235
1211476736  5.820420
1211505059  9.570522
1211515299  8.715196
1211519019  8.166750
1211523020  9.888450
1211528457  13.999823
1211562055  8.392638
1211598828  16.698084
1211690425  7.122433
1211780978  11.840009
1211817036  10.196163
1211901816  8.563890
1212007604  8.446831
1212122845  11.268249
1212197313  3.593238
1212202648  5.400424
1212282386  4.742968
1212294796  12.190697
1212297154  11.023190
1212299572  9.644866
1212308854  12.568495
1212311963  14.638179
1212368005  13.601488
1212472760  28.360739
1212474713  14.583924
1212628551  7.397951
1212651272  17.608032
1212709839  13.127134
1212714477  5.255620
1212732103  5.904319
1212756739  12.807282
1212766355  6.206587
1212811965  13.524091
1212816947  11.601401
1212818336  7.670150
1212825258  15.000507
1212861492  8.555215
1212906833  8.523467
1212909343  11.661551
1212917030  11.205675
1212985067  5.945425
1212987424  10.033372
1212995788  10.344839
1212997159  15.847657
1213022797  5.149169
1211032258  13.741655
1211253099  8.986094
1211393330  8.424438
1211452210  15.752424
1211452615  9.448453
1211606017  8.036881
1211607711  9.450809
1211643697  10.140631
1211741365  2.002788
1211773769  12.208742
1211854369  12.207270
1212123351  13.731449
1212223096  10.797059
1212252558  12.922957
1212273419  15.396693
1212301882  7.421090
1212308079  14.661221
1212313474  11.325791
1212481841  13.127134
1212626927  10.904780
1212634213  9.341123
1212655093  17.969927
1212873485  6.647110
1212877246  7.843994
1212902129  5.863799
1212947626  11.206909
1212957101  12.531153
1212959917  5.656177
1212289224  7.493029
1212354337  10.490720
1212528749  9.567898
1212766147  8.169435
1212788307  7.460188
1212806038  11.506715
1212811654  13.294547
1212817128  11.301091
1212818506  711.226562
1212892662  6.067247
1212894691  6.093306
1212906011  10.437706
1212951555  10.140631
1212976686  9.482256
1212982445  9.541405
1212985549  9.786073
1211081676  10.275376
1211086992  11.025633
1211380296  12.144194
1211425840  11.117012
1211445988  11.025633
1211465683  8.867505
1211477660  7.653325
1211487142  12.922707
1211490872  11.046044
1211513250  8.695440
1211553885  4.365181
1211614071  7.279873
1211667738  15.180428
1211684589  7.614434
1211694355  10.478620
1211759171  8.882168
1211769479  2.057931
1211777788  9.483021
1211783717  17.815063
1211786835  11.334580
1211841935  10.128775
1211905898  15.827614
1211905953  11.189132
1212031775  15.655629
1212036135  11.612584
1212069252  9.652449
1212213662  11.399876
1212218872  14.364511
1212234131  12.632222
1212258465  6.648532
1212274990  6.155231
1212283041  14.261614
1212285766  10.907445
1212287560  4.573264
1212295632  11.195028
1212306141  12.869804
1212359683  7.675920
1212375563  7.675920
1212406408  15.582399
1212554322  13.531206
1212557655  11.271477
1212561252  10.812465
1212767543  7.755923
1213021912  2.910699
1213072443  10.845396
1211022003  12.858972
1211059848  1.941044
1211097203  10.987348
1211100308  12.862583
1211164607  7.843676
1211165961  13.094488
1211170326  12.841445
1211174813  12.659328
1211273629  13.761355
1211346490  10.618492
1211353858  9.639845
1211356603  12.227997
1211380914  8.775915
1211441678  15.115726
1211479190  7.466791
1211506823  5.136479
1211510231  8.180938
1211530324  13.720938
1211683760  10.844558
1211783442  12.903363
1211842858  11.148767
1211865889  13.579794
1211868730  11.754083
1211871468  11.314844
1211917755  10.411973
1211946266  8.358635
1211947544  13.055469
1211955204  12.196789
1211956593  11.344934
1211960341  11.659451
1212050577  12.148721
1212052273  13.750086
1212099166  9.823706
1212117008  10.005255
1212203231  10.947049
1212210681  6.093306
1212240961  9.090400
1212294052  12.335877
1212301234  10.456012
1212318723  13.019699
1212343502  8.796505
1212592925  6.691461
1212605376  4.002100
1212628975  5.323194
1212632438  9.768740
1212652489  14.597807
1212676556  10.626169
1212718411  7.251739
1212736276  13.999823
1212740773  12.879698
1212812696  12.136380
1212817884  10.097232
1212887863  4.139390
1212909213  5.452250
1212966945  10.327744
1212982095  11.476444
1212985999  11.653475
1211056706  5.230386
1211239757  11.140122
1211259310  12.060743
1211325969  10.297587
1211341644  9.473083
1211407106  1.749241
1211511270  9.023815
1211514030  9.321180
1211518811  9.766438
1211527716  9.789986
1211585249  8.534751
1211606907  12.007150
1211643784  9.580755
1211646880  9.955664
1211687570  9.897825
1211697031  12.290554
1211701136  13.386520
1211704476  13.550005
1211720174  12.219454
1211721497  15.082108
1211730029  10.226179
1211732997  12.214910
1211779406  15.524607
1211784736  8.649999
1211796225  13.098022
1211878956  21.116905
1211884549  13.881965
1211936868  5.316468
1211952494  13.478864
1212064091  13.741996
1212095967  9.342976
1212147570  9.078970
1212152366  12.414172
1212170594  5.988536
1212193570  9.416302
1212216936  11.267786
1212287802  7.581223
1212291700  7.966709
1212297005  5.837249
1212303207  11.176823
1212311657  12.164939
1212314179  13.951856
1212341699  12.628210
1212346099  7.582486
1212385316  13.918059
1212439233  8.967906
1212484252  11.293489
1212488554  13.849279
1212516867  8.850106
1212736499  11.396857
1212807775  6.666063
1212810648  10.689806
1212812218  10.453446
1212881283  7.806020
1212910109  8.180938
1212914266  14.000411
1212920273  13.928160
1212960444  8.940710
1212982750  10.426023
1213017269  11.105265
1211038713  10.673253
1211042372  9.489119
1211047466  7.240316
1211048421  9.473083
1211059633  3.905891
1211070400  10.258548
1211116665  16.312258
1211149756  8.714064
1211202879  8.327043
1211265284  13.051941
1211277753  13.951856
1211279591  11.148767
1211382164  7.671949
1211391681  6.768721
1211415301  8.716332
1211422361  7.619330
1211431610  8.931319
1211518743  10.845396
1211546821  10.731193
1211547793  9.731335
1211612193  12.265162
1211694076  11.377856
1211697175  9.685649
1211698896  731.908936
1211754559  9.652449
1211755922  10.683872
1211799119  15.436394
1211853786  9.888450
1211854443  12.108807
1211857529  8.583280
1211859366  16.996088
1211867781  11.740414
1211893149  9.747627
1211929612  7.990092
1211938670  6.435041
1212112550  12.225719
1212210918  9.983003
1212215819  10.083064
1212238531  14.274189
1212388538  9.435077
1212412005  8.983949
1212468451  10.456012
1212473789  15.878822
1212553957  11.306947
1212598240  5.836693
1212602460  5.050612
1212628070  5.470445
1212647895  12.207270
1212707234  9.823706
1212731704  16.881639
1212733397  11.994639
1212762013  11.900398
1212855441  10.217903
1212879073  4.990744
1212910490  8.604722
1212937686  12.865737
1212978351  13.240378
1212986588  11.148067
1212993129  20.057964
1211076923  15.609745
1211097642  11.671732
1211197129  14.571164
1211423938  7.027592
1211507463  5.153459
1211516000  9.448453
1211608135  9.735097
1211642594  13.807690
1211676127  7.397951
1211692742  7.907570
1211889572  10.491443
1211912784  7.201072
1211919898  11.624352
1211949394  8.194727
1212080935  4.202205
1212175789  11.227090
1212192552  8.310795
1212250249  12.883611
1212251057  9.605927
1212274020  7.883882
1212290605  11.933759
1212298154  13.849279
1212448708  13.581334
1212489940  12.050266
1212492778  9.863180
1212515312  10.297163
1212548817  8.591874
1212554346  12.922225
1212675166  9.567898
1212709711  6.550713
1212749949  11.947947
1212756797  5.159169
1212774451  9.158310
1212781033  6.851066
1212811479  12.922707
1212885497  9.448453
1211019263  9.250633
1211020369  16.896120
1211035836  15.855744
1211074626  8.726335
1211076781  10.673246
1211088702  4.182047
1211139934  12.219454
1211156843  1.984836
1211347222  11.260138
1211430736  7.021784
1211602937  9.386731
1211700595  6.881706
1211752840  10.630675
1211758296  11.863026
1211775196  11.131855
1211779256  9.580755
1211783372  12.903363
1211854429  11.325791
1211865920  11.863026
1211908163  9.128730
1212063706  12.680870
1212223465  12.224204
1212230927  5.074592
1212295343  9.716090
1212302388  13.155828
1212317118  10.764347
1212371804  11.314844
1212728994  4.202205
1212734442  3.053066
1212787432  10.003085
1212812684  34.908630
1212820460  11.260138
1212836370  12.911935
1212977300  12.148721
1213005079  5.056039
1211087262  9.175086
1211056642  2.277939
1211080898  11.206909
1211085191  10.309642
1211095593  8.583280
1211151649  8.689720
1211162288  2.229234
1211214965  7.923938
1211224771  10.140631
1211244068  8.878212
1211402390  4.496234
1211422998  11.121091
1211503190  6.403219
1211517409  11.206909
1211520566  11.998507
1211554187  9.396837
1211589477  5.993415
1211606705  4.997725
1211612090  14.217238
1211644180  9.127345
1211675513  10.417282
1211701677  11.998507
1211770757  12.254508
1211779923  11.163162
1211782372  9.915689
1211792070  11.672122
1211845644  9.605927
1211857211  12.426563
1211891088  6.088346
1211907255  9.443753
1211921891  11.716336
1211940408  9.665289
1212021567  6.093306
1212036708  9.818707
1212094581  15.474076
1212130786  3.600265
1212209845  7.684826
1212268168  7.070373
1212295596  9.295878
1212320526  11.777042
1212339742  13.335496
1212354425  10.478620
1212388034  13.127134
1212390896  13.097998
1212453558  6.093306
1212495248  7.030597
1212626558  8.745168
1212645401  5.956592
1212670501  8.383447
1212712766  6.303420
1212783942  12.171537
1212784403  10.851030
1212784844  8.045262
1212796456  9.780803
1212815166  13.080166
1212897413  11.895741
1212961242  10.456545
1212973718  12.703678
1211099453  7.208548
1211141754  14.175612
1211146118  13.954475
1211197124  2.622137
1211241568  6.791562
1211261756  10.304164
1211263707  7.723521
1211343289  8.405277
1211414329  10.336521
1211423755  2.619629
1211426385  9.261936
1211438908  7.912711
1211499025  7.699707
1211506747  2.600774
1211657311  7.650180
1211680849  12.059509
1211688708  11.325791
1211700275  14.187658
1211705651  12.050266
1211761361  11.261192
1211774158  13.080166
1211782039  10.272329
1211808434  11.314844
1211869925  22.606911
1211871248  12.745489
1211871308  14.057373
1211901563  8.864066
1211908457  6.868319
1211922506  8.591645
1212003665  14.453440
1212007023  8.861759
1212043977  12.163175
1212110694  8.409666
1212117518  8.870771
1212131961  12.687023
1212164234  9.483057
1212204327  5.993296
1212277540  3.610278
1212303437  6.827757
1212308864  7.840131
1212464140  10.336722
1212524721  10.163342
1212560118  16.348701
1212648850  9.585166
1212719104  10.395584
1212721677  11.108595
1212730389  9.470016
1212730565  16.443787
1212776925  9.361979
1212793189  5.656177
1212821408  11.349066
1212822584  11.251829
1212874831  6.984386
1212907858  16.756168
1212966384  8.917279
1212981635  12.931392
1212988712  10.574994
1211067962  3.274242
1211086015  11.880423
1211087433  9.977073
1211093715  11.952791
1211145657  9.692611
1211152410  2.600774
1211265314  13.577171
1211277867  10.225164
1211430563  10.291040
1211481787  11.736938
1211520681  8.573365
1211531384  8.508196
1211586784  10.284602
1211598011  10.455745
1211692931  8.952507
1211778603  9.145700
1211823265  13.055469
1211824201  9.710446
1211843463  11.835162
1212028847  10.047129
1212124224  9.567898
1212129218  9.943585
1212131194  880.413696
1212523600  7.109481
1212553562  8.649999
1212561247  12.411539
1212991369  15.396693
1213012274  16.622812
1213037651  9.443753
1213074349  12.613488
1211071082  8.768063
1211074070  7.479715
1211078837  15.685847
1211099208  12.355409
1211100907  11.841016
1211267056  14.126026
1211332897  9.651703
1211339066  11.736938
1211408138  6.093306
1211443224  10.221053
1211446530  12.675811
1211547909  8.716332
1211696965  7.020294
1211952310  10.443103
1211982332  15.253229
1212009756  10.124449
1212115697  19.164343
1212118542  5.063583
1212118692  13.023989
1212206640  11.479321
1212217154  6.593381
1212220220  13.834399
1212225487  8.359338
1212259048  4.228028
1212283911  8.568652
1212306213  7.309569
1212335313  14.026737
1212343618  9.726604
1212382536  12.922957
1212387481  11.729855
1212554811  12.883843
1212799182  9.983344
1212803990  10.492943
1212805314  8.873457
1212871624  7.940607
1212890338  4.589144
1212909520  7.885742
1212916171  9.076106
1211076358  7.460188
1211093142  15.917955
1211490762  6.223075
1211522740  4.297340
1211525009  11.042863
1211535228  11.163016
1211771096  5.515679
1211777702  14.269272
1211787811  15.043468
1211865304  11.279496
1211952853  11.206909
1212027357  16.574329
1212179360  10.456012
1212207775  8.410854
1212213452  11.994905
1212226700  14.075171
1212301616  13.010534
1212360715  9.585166
1212413226  11.872806
1212416961  8.486526
1212441813  5.477512
1212465367  11.351513
1212541626  10.384667
1212557763  11.349066
1212557823  18.216150
1212619853  5.107772
1212641956  11.327861
1212647493  12.125873
1212665670  13.080166
1212912117  10.478620
1211100926  15.378534
1211154256  1.746939
1211331279  9.519638
1211366927  8.714064
1211422704  9.450809
1211517334  10.327744
1211522283  9.977073
1211525050  10.080008
1211544316  11.185701
1211554468  6.093306
1211562918  8.857961
1211597988  8.187287
1211610566  12.584212
1211638704  11.351513
1211667063  12.415670
1211676652  10.630624
1211680424  6.093184
1211690090  9.994591
1211699043  12.064630
1211713453  13.543584
1211795340  12.060743
1211939129  5.993415
1211951797  12.343466
1211955842  13.761355
1211955992  6.810975
1211975263  12.948857
1212012939  10.106830
1212027605  9.106925
1212196826  13.115207
1212199316  13.400826
1212214896  9.585166
1212225202  6.739854
1212233857  12.006269
1212258436  6.024521
1212273799  3.859404
1212302580  9.899616
1212308706  6.751618
1212356533  10.226179
1212405027  15.988656
1212461133  9.345604
1212622427  17.148930
1212733667  15.631347
1212873500  7.923938
1212905194  10.456012
1212961709  8.580384
1212997237  13.567337
1213003273  10.673246
1211029236  17.651539
1211037033  11.705010
1211088881  7.030737
1211097834  9.950784
1211173829  12.265162
1211245760  7.074283
1211287777  9.448453
1211300323  6.736485
1211349949  14.341607
1211430577  9.282045
1211535271  13.301864
1211561222  11.572798
1211674684  11.470984
1211698308  7.151019
1211728627  13.999823
1211813659  10.309642
1211867424  10.960443
1211892493  13.789845
1211912909  7.509081
1211943030  9.992155
1211951461  12.695992
1212043777  5.483508
1212131857  8.110312
1212176327  8.965830
1212182985  8.581279
1212184375  8.398093
1212216123  11.811861
1212275137  9.275968
1212305505  9.580755
1212309223  10.853212
1212417861  0.000000
1212417887  10.306839
1212519915  8.355168
1212530677  10.266709
1212583772  12.414172
1212598762  9.743141
1212617489  8.563890
1212619553  4.818840
1212669937  12.896620
1212671245  12.849757
1212683003  9.591761
1212707888  8.714064
1212715485  10.476905
1212739633  20.605185
1212739696  12.447916
1212775983  11.486423
1212825826  13.750086
1212883340  2.497273
1212897410  7.497598
1212902570  6.414006
1212939536  13.098022
1212973594  11.796746
1212981033  9.666024
1212992099  11.469833
1213031181  2.497273
1213031244  16.763906
1211046966  8.198595
1211071706  10.954788
1211097329  14.647649
1211103724  16.446468
1211220828  13.354721
1211311049  7.833726
1211337471  8.719386
1211339409  0.788265
1211354619  16.867113
1211436636  9.295878
1211460022  10.617929
1211469090  6.550713
1211521343  14.176785
1211571450  3.379863
1211593918  6.251909
1211601819  11.148767
1211624722  11.852721
1211683288  10.103745
1211753998  12.612565
1211773715  12.187197
1211856048  7.757755
1211857478  15.520661
1211875026  17.144535
1211942269  8.986243
1211952084  8.861759
1211956040  12.306688
1211961110  15.378534
1212031795  13.127134
1212038726  11.656000
1212043761  12.896334
1212065287  11.169140
1212135931  13.041306
1212202277  10.089649
1212211189  5.604751
1212213321  11.708817
1212213387  18.648767
1212295254  9.441646
1212301612  5.159169
1212336167  4.276446
1212394055  14.597807
1212439637  4.523096
1212635891  8.042285
1212718502  14.685262
1212774662  7.576293
1212807273  9.284206
1212809449  13.475773
1212812539  6.851066
1212861215  9.575655
1212895358  11.132994
1212910663  12.522895
1212955894  13.750086
1212961843  17.810879
1212979642  4.346359
1212987918  15.230620
1211032258  13.741655
1211133923  10.839482
1211204486  9.856552
1211264749  10.746130
1211312371  10.392752
1211397811  13.025488
1211426376  10.988457
1211440155  17.149183
1211483014  11.641734
1211498150  17.096182
1211529559  18.292461
1211542081  13.098338
1211546155  17.604059
1211558711  7.853643
1211561676  9.743141
1211590128  17.197475
1211591738  9.698236
1211609682  12.700071
1211616198  13.953778
1211623896  1.240317
1211632913  13.970683
1211636599  8.612562
1211639723  11.276205
1211672370  10.965312
1211698183  12.865737
1211705987  11.351513
1211780339  13.289525
1211800667  12.203766
1211810267  11.444327
1211824776  10.453446
1211850588  12.398060
1211894184  10.326862
1211973554  20.760582
1211983774  10.656678
1212063041  7.401101
1212129710  13.082045
1212151003  11.314844
1212192201  10.437706
1212238541  14.153958
1212297964  11.730330
1212302668  15.277873
1212409128  16.517931
1212489220  13.750086
1212496550  13.009069
1212567500  0.785585
1212581950  13.970683
1212653423  9.344723
1212671914  12.059509
1212689802  17.700171
1212818147  7.212466
1212996433  0.000000
1212996447  0.000000
1212996457  18.962181
1213013738  22.742426
1213017442  13.899812
1213029008  6.684608
1211208523  3.488888
1211258746  12.224204
1211313575  8.712476
1211349202  11.931137
1211390747  9.112550
1211434829  10.451085
1211436985  17.815063
1211522116  10.444471
1211596157  10.290410
1211611051  11.023190
1212085082  14.686164
1212124769  12.176666
1212159019  10.309747
1212281266  7.838220
1212303149  4.306315
1212306732  12.927980
1212307993  15.457368
1212392847  12.464224
1212636493  12.922957
1212697958  5.523920
1212798026  7.708861
1212945305  10.336521
1212992724  14.839602
1211081228  10.965312
1211084256  11.349066
1211095624  9.270878
1211101616  13.961402
1211153723  2.691141
1211302553  6.869888
1211393986  12.817101
1211418757  9.320303
1211430795  10.459907
1211466174  13.618879
1211502470  7.161037
1211521920  10.456012
1211528674  8.927521
1211601014  9.417302
1211603272  7.840131
1211604855  8.831905
1211606981  9.253061
1211615457  10.617402
1211621966  12.208742
1211697279  9.977862
1211701079  9.977073
1211768505  13.079865
1211780430  8.625711
1211781851  10.949849
1211795520  9.595923
1211827224  9.636118
1211848165  8.850106
1211902498  5.239350
1211946496  9.516592
1212094401  10.529208
1212106998  13.988002
1212135797  13.999823
1212137750  7.434912
1212170978  6.802986
1212203662  15.022778
1212211164  11.325791
1212259658  7.534087
1212263754  7.448405
1212280854  8.212216
1212336924  9.664250
1212511947  6.399900
1212566729  15.860636
1212656354  16.799967
1212697764  11.185701
1212724243  16.413948
1212786202  4.013280
1212811072  9.769247
1212824643  14.502915
1212875895  7.723755
1212892883  6.024521
1212903816  13.143383
1212907536  17.403582
1212921651  0.000000
1212921671  5.159169
1212923779  10.313042
1213022737  8.543611
1211142530  3.792676
1211171152  12.342023
1211180290  13.725028
1211187793  13.192328
1211221200  4.779868
1211311979  10.309642
1211320502  6.904754
1211359355  12.948857
1211363940  12.126293
1211387021  13.228651
1211399456  7.551728
1211510546  7.708861
1211518267  6.508434
1211566130  0.000000
1211566149  10.597827
1211586350  0.532758
1211611256  9.554228
1211613668  10.846138
1211759275  10.201964
1211768495  5.656177
1211770312  11.165221
1211871225  15.438703
1211911138  8.434798
1211954998  21.798872
1212198371  10.490666
1212207253  8.473678
1212210012  9.586514
1212253717  16.010738
1212284818  9.306332
1212290836  5.666183
1212313896  10.106830
1212348822  6.904754
1212444233  15.103715
1212474528  9.429036
1212519059  8.044589
1212618898  6.093306
1212660068  15.653314
1212708825  4.133365
1212730894  12.027181
1212877447  5.833892
1212895347  18.832603
1212941671  7.784242
1212963240  6.252556
1211260088  10.275376
1211272369  11.436719
1211357117  9.516592
1211433001  9.448453
1211464866  11.863468
1211596195  4.300726
1211619348  12.187197
1211645396  8.886428
1211655853  11.943913
1211670969  10.772244
1211689565  9.148502
1211691289  12.150287
1211699681  7.966709
1211738793  11.479321
1211764292  7.362791
1211793416  10.282079
1211835294  10.034633
1211954232  6.702065
1211959913  9.545313
1212069989  11.995060
1212108505  6.273071
1212114646  11.044407
1212139210  12.560889
1212191507  5.000794
1212284136  13.807690
1212287264  11.314844
1212299884  11.539897
1212306113  16.488447
1212307287  8.402619
1212317071  10.712528
1212377716  10.466043
1212386570  17.558601
1212392434  6.944152
1212424508  8.194727
1212442603  11.413000
1212468939  16.862583
1212474322  9.451468
1212484461  10.923211
1212519864  9.306332
1212647183  13.723137
1212663833  13.807690
1212676855  14.544656
1212725420  13.882911
1212746884  9.504611
1212750405  15.524607
1212781623  15.319431
1212857080  8.903679
1212897203  8.427228
1212906161  5.993415
1211021782  13.961402
1211083299  10.278132
1211151635  10.336521
1211172932  15.241956
1211217642  6.526565
1211256588  13.229563
1211261582  9.915689
1211327207  16.195210
1211335877  5.159169
1211350361  12.380799
1211517626  7.990000
1211560778  12.750323
1211572497  5.159169
1211573834  6.850474
1211667052  11.758077
1211767940  13.999823
1211775517  12.207270
1211792578  19.037210
1211813742  11.406558
1211822199  12.139554
1211839981  8.878212
1211854910  9.936661
1211916854  9.243785
1211954392  11.652535
1212032832  8.770194
1212035683  9.790174
1212209041  14.842180
1212236803  14.364555
1212309462  121.704063
1212384075  13.098760
1212389539  4.686930
1212394902  12.675811
1212432128  11.418674
1212497620  13.971792
1212498844  11.364888
1212517567  5.239350
1212616122  9.171027
1212679403  7.708861
1212702805  10.148581
1212714418  7.365914
1212796645  10.689806
1212810476  11.206909
1212858378  13.768596
1212899474  12.074717
1212945294  3.010694
1212959036  9.442470
1212977082  12.500318
1212981389  10.865574
1213026177  5.188488
1211056182  7.231132
1211099668  15.507549
1211102594  12.242545
1211175515  13.572941
1211277773  13.785158
1211322364  8.089291
1211334703  10.309642
1211341928  9.487866
1211352190  10.580605
1211436347  11.537000
1211471110  1.718301
1211569168  10.456820
1211691533  15.443687
1211713803  8.698089
1211781801  7.614434
1211883292  8.044589
1211944333  10.317247
1211946613  9.417892
1211968633  9.746827
1211986488  5.358794
1212028796  11.097518
1212044778  11.055799
1212201885  9.605927
1212220438  12.219454
1212221926  13.742746
1212260362  6.625463
1212263402  6.838473
1212266507  12.236382
1212301262  8.651579
1212305169  9.235802
1212356600  5.735869
1212375476  9.470628
1212483845  13.282035
1212639088  13.150181
1212721120  10.128775
1212811086  9.575655
1212827208  14.442093
1212831246  12.805737
1212898084  9.111843
1212916588  4.496234
1211076254  3.431693
1211103635  13.979289
1211164918  7.838220
1211168566  8.134860
1211170719  9.554228
1211177415  5.134830
1211197232  15.899573
1211237603  7.212466
1211292257  1.153964
1211552233  11.736938
1211576575  10.336521
1211595161  6.888448
1211662817  10.326299
1211674022  13.725028
1211690702  6.770205
1211697841  10.813944
1211704477  13.999823
1211708114  11.659451
1211752086  8.714064
1211779788  12.207270
1211791225  14.418591
1211857074  9.460390
1211895297  10.588931
1211915227  9.286525
1211944318  8.709133
1212006100  10.506477
1212020072  8.573442
1212136623  14.542010
1212234491  17.241198
1212366198  7.429732
1212371869  9.580755
1212459002  6.704871
1212461493  10.572829
1212547794  8.098792
1212560721  14.603919
1212596650  7.843676
1212600436  7.201071
1212640301  2.712555
1212653273  10.882406
1212671960  14.092377
1212699553  7.999881
1212714928  4.553898
1212861418  10.226179
1212862481  10.988457
1212898534  10.654296
1212918213  8.987435
1212985867  16.669371
1212987330  9.096743
1212992798  11.325791
1212994735  13.400826
1212998278  15.009676
1213026764  0.834811
1213064771  11.059808
1213078059  17.464741
1211087585  13.577171
1211096164  12.414172
1211102826  13.654181
1211109127  12.567104
1211159452  1.663752
1211319918  15.337451
1211319969  9.513668
1211323173  7.455310
1211331436  10.816565
1211594870  10.633232
1211599967  10.692953
1211617896  10.991658
1211656293  10.167070
1212132028  10.857143
1212196741  11.413000
1212202624  11.276205
1212206165  310.774841
1212220018  13.080166
1212305201  12.270971
1212461126  10.634238
1212720040  8.498564
1212735924  14.434943
1212738717  13.301864
1212801090  9.963731
1212812880  12.060743
1212817379  10.134606
1212819278  15.474976
1212884007  10.478618
1212910617  16.551550
1212912764  14.261768
1211047310  11.038096
1211087447  8.139191
1211135575  5.376446
1211175352  13.789845
1211299196  6.303420
1211329438  5.527680
1211331650  7.878219
1211391050  10.312243
1211429455  11.430451
1211698757  8.290222
1212017231  5.394596
1212042540  7.768229
1212044208  13.727879
1212112578  10.290410
1212121118  7.758865
1212123323  11.025633
1212212344  10.337780
1212282185  7.272648
1212288145  51.682606
1212291494  11.314844
1212305973  13.543427
1212309025  7.904027
1212310957  7.872478
1212354185  8.705022
1212633289  8.422323
1212638831  9.111841
1212643079  14.651547
1212645467  11.952791
1212802158  9.864978
1212816070  10.394502
1212907077  12.371570
1212912646  7.230226
1212916404  15.388431
1212958753  13.157174
1211097427  15.687431
1211098228  12.695519
1211101781  10.478618
1211155065  0.809124
1211246331  11.495133
1211409246  7.872478
1211417931  9.730065
1211483408  20.059652
1211524234  21.188780
1211608231  9.378165
1211615742  8.686074
1211949076  13.456753
1212042851  13.456116
1212111029  4.786032
1212272982  7.119676
1212279043  13.087403
1212426146  8.393497
1212555908  12.060743
1212567568  12.007150
1212667540  13.881965
1212699345  10.155509
1212702046  9.735097
1212790754  9.629680
1212960956  5.829900
1212991420  11.352540
1213015315  19.018419
1211152598  0.862182
1211155231  3.473464
1211339907  6.676530
1211471097  2.622137
1211494614  4.276446
1211522196  12.227633
1211529986  13.742746
1211608819  9.585166
1211765229  10.499854
1211918133  10.960443
1212094226  8.067761
1212120415  3.705406
1212225141  7.797712
1212269300  9.112550
1212286220  14.473774
1212299464  13.124834
1212300798  9.423694
1212305847  7.093686
1212358187  12.224204
1212381509  12.477096
1212541794  10.478618
1212555397  13.097998
1212635612  9.548803
1212640592  12.678456
1212791967  9.252995
1212890360  7.201071
1212894343  12.694221
1211034977  6.512116
1211116377  11.431153
1211149313  7.085464
1211175468  11.132994
1211190386  11.671687
1211252663  9.519638
1211264170  10.600963
1211343218  12.865737
1211355917  11.314844
1211429599  9.672570
1211442339  9.032965
1211507496  5.182990
1211513489  13.184599
1211521779  12.774341
1211530948  12.879698
1211536450  11.325791
1211614694  12.245950
1211644625  10.027843
1211693342  5.192426
1211695367  11.682372
1211721540  11.927502
1211755793  12.088511
1211804262  12.203766
1211812762  10.309642
1211822797  11.206909
1211839316  10.415342
1211939841  7.445822
1211944515  9.521640
1211953759  10.163922
1212044476  59.175812
1212068106  9.513369
1212118085  11.020051
1212130155  12.485642
1212135227  11.044616
1212137785  14.363400
1212207644  13.318628
1212327496  15.685847
1212340344  10.440821
1212353320  11.334580
1212470608  5.932975
1212563801  12.539053
1212742987  12.224204
1212810450  10.484184
1212816153  10.453630
1212825229  6.902853
1212830589  14.379208
1212832270  10.587883
1212832752  3.178662
1212908685  7.425775
1213066074  10.011814
1211061315  4.576548
1211072064  8.259437
1211079387  10.336521
1211082950  10.776042
1211091474  8.480466
1211102133  12.951976
1211102654  10.309642
1211173977  11.314844
1211322075  9.651703
1211431444  12.948857
1211560076  5.328152
1211591670  8.038855
1211620906  11.038096
1211654369  8.713788
1211687781  11.396857
1211816713  10.278132
1211925624  8.432964
1212028380  10.273952
1212034934  14.361493
1212066862  11.334580
1212116616  6.720112
1212222923  17.245132
1212224947  9.277494
1212271729  12.060743
1212288374  14.533517
1212300600  7.616962
1212345231  6.093184
1212379760  10.309642
1212559785  15.731991
1212645123  13.789845
1212694870  3.259769
1212726357  14.231800
1212790967  9.411047
1212815179  4.540762
1212831716  16.830473
1212840073  12.074717
1212879191  8.712476
1212892284  10.608932
1211270446  12.207270
1211285692  7.715091
1211302737  9.411047
1211118052  9.781081
1211182716  7.742793
1211264788  12.108080
1211336602  9.128730
1211360134  13.971028
1211437382  12.930899
1211440727  13.097998
1211548428  11.617791
1211598879  12.068706
1211608900  9.506112
1211610024  11.344934
1211618064  11.944358
1211624372  9.548572
1211647159  11.131855
1211690983  8.492647
1211704447  11.705010
1211707392  12.720593
1211857753  12.922225
1211973780  12.198483
1211984055  5.953870
1212032566  11.023190
1212043971  12.132099
1212060199  7.484700
1212082624  9.610993
1212091217  12.610073
1212121806  8.446831
1212129353  11.526692
1212221625  15.696014
1212223069  14.132954
1212370295  10.639750
1212376691  11.852721
1212381727  10.786468
1212429310  9.978642
1212519093  8.718677
1212611528  10.795531
1212637112  10.336521
1212637593  7.618527
1212687895  8.421028
1212865702  12.224204
1212867802  11.502200
1212905839  10.290410
1212914361  9.392997
1212960159  3.256372
1212977005  9.911126
1213001518  10.516849
1213007144  10.463122
1211021490  9.475153
1211126505  9.733499
1211381191  1.880077
1211392700  11.314844
1211514056  11.349000
1211534629  8.019320
1211577411  8.042285
1211623914  9.230286
1211627212  10.102941
1211685757  4.620151
1211754801  9.038974
1211785771  12.461879
1211790248  11.853776
1211867955  10.799033
1211953693  9.580655
1212042794  11.334580
1212120122  9.939966
1212140268  10.297587
1212159738  5.666183
1212207938  9.649335
1212229610  13.910298
1212230871  11.233731
1212300895  11.200216
1212305819  10.290524
1212393113  10.636665
1212466091  13.272275
1212469553  10.626169
1212471624  12.476631
1212484230  13.240378
1212512560  3.655297
1212574571  13.750086
1211056809  3.127634
1211099052  11.998507
1211181498  7.368807
1211231598  8.460901
1211303784  4.433914
1211325097  11.065439
1211348072  12.224204
1211389058  8.710668
1211434097  11.269608
1211470518  5.944154
1211486208  9.966258
1211511550  10.904780
1211574147  9.282045
1211656483  15.860452
1211685941  9.786073
1211693620  10.659816
1211699193  9.372401
1211708740  12.729089
1211778699  6.574919
1211811548  14.109693
1211921800  6.595471
1212126104  20.039677
1212169676  8.411815
1212212686  14.268401
1212282244  2.644855
1212286976  10.453446
1212294761  9.727941
1212351949  13.594401
1212358393  11.193501
1212374419  10.665314
1212378286  14.722861
1212382235  11.733090
1212389194  12.569636
1212598550  5.219015
1212605547  10.883277
1212636420  11.364888
1212639991  5.361419
1212646385  12.152148
1212648101  15.504198
1212667594  7.368558
1212716181  5.217264
1212779678  11.351513
1212815795  12.333155
1212817305  10.139077
1212825039  12.862052
1212843311  13.211091
1212858818  9.982591
1212894963  8.775915
1212917902  8.948353
1212946547  9.171027
1212953345  4.815276
1212959433  10.297587
1212981695  13.618879
1212998823  7.872478
1211050250  8.104066
1211080642  10.606688
1211082399  14.822982
1211096545  8.306656
1211099060  12.482749
1211102435  10.226179
1211292253  0.499008
1211346727  8.084780
1211364339  13.563783
1211384210  11.116361
1211385849  5.731995
1211431076  11.593354
1211442419  11.351513
1211514666  13.972176
1211522110  12.219454
1211561837  6.049015
1211617594  11.314844
1211686222  12.060743
1211690050  9.450809
1211709137  11.341879
1211757197  6.904754
1211774650  13.883534
1211805332  13.483385
1211851237  8.841057
1211852402  7.709933
1211855623  8.543611
1211977808  10.790714
1211998626  10.823704
1212038596  9.394674
1212073420  5.933971
1212077970  2.348182
1212111067  6.791562
1212111824  3.473464
1212113178  8.878324
1212178667  8.735088
1212184085  6.113998
1212208986  8.571210
1212273520  10.461917
1212283415  8.180939
1212389937  14.525875
1212396019  12.050266
1212399386  16.005455
1212466308  16.551550
1212509370  6.007012
1212568849  12.865737
1212815949  12.736581
1212853992  2.712555
1212878887  7.235280
1212899784  14.408892
1212925661  13.559172
1211054614  2.622137
1211076592  2.644855
1211082229  8.716332
1211161011  2.722447
1211174445  13.055469
1211178871  13.789845
1211315887  7.522959
1211324616  7.708861
1211340176  9.807226
1211425302  10.251319
1211858696  9.094100
1211861289  9.428033
1211943978  10.461917
1211982240  8.890050
1211995768  11.910362
1212087803  12.800138
1212267002  5.302666
1212284843  4.620151
1212301647  5.656177
1212482279  13.951856
1212497221  10.453446
1212656743  11.138125
1212692772  7.899757
1212732767  10.665147
1212774530  11.206909
1212776513  10.284602
1212802405  5.373116
1212895781  12.665895
1212905965  9.271699
1213011309  5.656896
1211021301  7.370241
1211029894  11.260138
1211089807  7.463531
1211214995  4.368962
1211252844  10.381996
1211263549  8.596651
1211299344  4.365181
1211389508  12.695827
1211438029  11.023190
1211483072  32.753353
1211545963  12.552444
1211602250  13.870712
1211622570  12.224204
1211692924  11.116361
1211749434  10.297587
1211870528  17.271473
1211889502  12.924763
1211928480  5.933971
1212016120  5.220410
1212028855  8.712476
1212075141  6.413878
1212157241  11.148767
1212169294  8.831905
1212205047  5.656177
1212210511  11.813486
1212217798  9.762651
1212276169  7.708861
1212285124  12.883611
1212288846  8.390512
1212394003  11.140122
1212426975  12.019135
1212552816  11.933759
1212582462  13.594401
1212670145  12.770215
1212718068  6.986445
1212727538  8.473094
1212813238  12.380799
1212873076  2.600774
1212906136  20.002918
1212961529  9.420902
1212972114  10.490666
1212975619  15.000093
1211087262  9.175086
1211096474  3.656277
1211245498  6.093306
1211251060  6.093306
1211253497  14.156909
1211354967  11.885348
1211379713  15.630191
1211384926  6.738753
1211394548  1.409479
1212828015  14.080100
1212893797  13.549677
1212908823  11.556825
1212984953  17.276487
1213034347  9.252995
1211035096  12.405236
1211075582  9.698236
1211087520  7.415440
1211102178  11.789751
1211105869  14.617707
1211147086  11.112913
1211172097  10.924014
1211199940  14.943387
1211200995  14.699286
1211301122  11.852721
1211406473  3.587966
1211465281  8.308887
1211540182  10.750336
1211587594  9.151257
1211593434  9.252995
1211666425  8.541227
1211688459  5.705167
1211695472  6.063147
1211839594  9.722796
1211855311  8.773338
1212037537  12.903363
1212271720  18.269361
1212285836  17.404730
1212309719  14.553709
1212319548  16.192772
1212617623  9.411047
1212637757  12.880410
1212646164  12.380115
1212652501  17.497696
1212717646  6.093306
1212902794  5.938411
1212989394  14.085311
1212998638  14.851443
1211077813  11.888951
1211089939  10.124436
1211103964  14.585705
1211156231  0.876551
1211159031  2.576685
1211204991  5.808204
1211240036  7.708861
1211254182  9.164865
1211273838  5.056039
1211356238  14.452788
1211480787  10.106830
1211488089  10.275376
1211514380  11.163016
1211531852  11.485023
1211579459  2.576685
1211609146  4.740037
1211666448  6.866851
1211673493  11.165422
1211691798  12.208742
1211739649  10.478618
1211749325  9.694747
1211753523  12.198483
1211877986  11.863026
1212029047  13.098022
1212047319  12.883300
1212205836  11.140122
1212251877  13.368577
1212274976  2.600774
1212290805  11.935310
1212296173  13.080166
1212350882  6.897944
1212355619  7.840131
1212392264  12.479866
1212395322  5.932975
1212617379  11.337017
1212644200  9.523924
1212810705  11.671687
1212818083  8.894839
1212872068  6.093306
1212886901  6.544967
1212916408  12.911935
1212954731  4.066650
1212975118  10.275376
1212993466  9.585166
1211082670  9.525401
1211167460  7.204525
1211179741  11.863026
1211196055  12.207270
1211203280  11.573626
1211224536  14.310775
1211226487  0.000000
1211226491  6.239016
1211255849  11.463407
1211258910  8.316333
1211264363  10.291040
1211348058  9.901539
1211436028  8.853120
1211468378  4.435897
1211508315  4.347720
1211516905  9.939966
1211542928  9.605927
1211581839  5.414973
1211592028  10.656221
1211690214  13.868316
1211696725  12.584212
1211740243  15.531296
1211748546  9.411047
1211775746  7.558846
1211826044  10.456820
1211840214  11.671687
1211854523  12.134776
1212052804  11.863026
1212059321  13.320022
1212105510  9.319181
1212164890  10.642043
1212205810  13.501796
1212225374  13.971792
1212231248  10.980571
1212259717  8.573442
1212270446  9.716853
1212274848  11.705010
1212285411  4.592206
1212293785  4.220882
1212302089  8.301572
1212316752  12.290554
1212368263  12.736581
1212414604  6.386683
1212425779  20.229864
1212455419  5.851217
1212595295  8.372835
1212608980  12.506087
1212649554  1589.770020
1212656570  9.644887
1212708533  8.571210
1212818191  182.650360
1212848601  12.703678
1212873919  9.411047
1212907158  11.173888
1212914805  13.572315
1212949010  454.697327
1212965766  9.607731
1212989335  9.685444
1211049761  7.251739
1211091215  11.180852
1211156690  1.720565
1211213072  9.713074
1211337485  8.712476
1211345310  7.614434
1211354030  12.217449
1211397710  4378.000488
1211417652  8.583280
1211514029  11.716336
1211516046  5.515934
1211520056  15.714611
1211529735  13.819551
1211534991  13.376760
1211608389  12.050266
1211611811  13.787391
1211691912  11.925229
1211698092  11.384217
1211706203  10.478618
1211713368  10.451085
1211765076  9.006036
1211767130  8.966378
1211776299  7.878219
1211790422  13.009725
1211828827  12.278378
1211842460  9.411047
1211846687  11.863026
1211865136  8.938038
1211962625  10.395584
1212065619  13.306535
1212094774  8.218656
1212133539  12.694221
1212298791  9.589022
1212303149  8.046498
1212379622  14.189110
1212387815  14.348265
1212514908  9.548183
1212542251  9.649335
1212550915  13.399455
1212558681  2.364340
1212586049  11.833546
1212610043  5.854083
1212742983  14.600066
1212774283  9.078970
1212804840  11.882813
1212816874  1.703536
1212893169  3.249046
1212896139  6.030267
1212902922  8.713022
1212906424  8.338280
1212911299  11.133409
1212945406  14.472892
1212959547  12.844028
1213003898  9.701499
1213018240  9.661983
1211132088  9.834613
1211167107  8.259408
1211312050  9.428033
1211523754  10.167070
1211758153  9.585166
1211858751  11.351513
1212088102  8.259437
1212372418  10.331717
1212380773  10.482152
1212511856  6.684608
1212550092  15.180428
1212645804  17.436344
1212694097  8.864066
1212702294  6.113998
1212954406  6.209085
1212981240  11.074844
1212981296  20.965332
1213031692  2.579151
1211056806  2.619629
1211078101  6.719534
1211087841  10.462683
1211089940  10.306839
1211196884  13.317021
1211203918  10.309642
1211236034  3.672980
1211247390  8.629802
1211347139  12.227633
1211436727  11.490735
1211455964  7.664374
1211468818  6.395867
1211496192  3.382058
1211541463  11.477046
1211547334  13.320022
1211618181  12.542191
1211789564  11.396857
1211791374  10.457614
1211802979  4.193205
1211841975  10.479194
1211995539  7.425615
1212155527  10.268450
1212189960  11.148067
1212206944  10.307631
1212224958  12.288918
1212286978  8.710668
1212292899  5.598030
1212308396  14.327641
1212467674  15.516858
1212510220  4.160916
1212559441  12.848000
1212638370  8.543611
1212644215  12.885692
1212793124  5.593595
1212818146  7.620043
1212848432  13.320344
1212862072  9.585166
1212889550  10.272329
1212940064  11.314844
1212944050  7.838220
1212965343  12.225719
1212976462  11.314844
1211270446  12.207270
1211285692  7.715091
1211302737  9.411047
1211304405  18.181505
1211309019  5.661099
1211414877  1.404110
1211598393  6.802986
1211603764  14.384320
1211629465  12.933885
1211777209  12.883611
1211873729  13.072018
1211948599  6.031858
1212000259  4.742968
1212038199  12.060743
1212122116  11.796746
1212124521  11.910362
1212147107  13.258662
1212181665  4.346359
1212184230  8.543611
1212204475  9.995404
1212273307  2.605098
1212308831  12.865737
1212311729  12.123047
1212367406  16.574329
1212419862  3.804854
1212425103  3.127634
1212442716  8.590460
1212658002  14.150027
1212700318  11.902593
1212756259  12.224204
1212819493  10.502790
1212907754  10.309975
1212916090  14.014463
1212967356  9.120461
1212969481  8.338950
1212994950  784.809937
1213074565  11.356630
1211084105  6.088346
1211137955  4.368962
1211168288  8.710668
1211247344  9.132401
1211265506  15.582399
1211488879  3.494793
1211522273  10.828746
1211594055  9.259255
1211601746  16.153643
1211610921  13.055469
1211622120  11.682247
1211686649  12.911935
1211690148  10.677818
1211692482  9.585166
1211694423  11.209501
1211706345  9.466634
1211754043  6.554374
1211758918  9.948291
1211763702  8.706621
1211842415  10.794839
1211848577  8.714064
1211866778  13.252788
1211899664  6.479034
1212002160  10.748991
1212022574  8.198595
1212099425  6.093306
1212125684  8.629625
1212213254  11.297125
1212220271  13.127134
1212233340  10.336521
1212328558  11.933205
1212467209  9.523924
1212645017  13.371542
1212678454  12.380799
1212802311  5.993296
1212810739  9.618063
1212814149  6.846920
1212896052  11.418991
1212914641  12.947048
1212931996  11.831763
1212987211  13.345309
1211174674  13.935084
1211216821  11.076820
1211406858  4.826560
1211479693  10.456876
1211578436  5.071956
1211673648  10.607376
1211700744  11.353169
1212021474  5.234474
1212120638  12.821651
1212170807  8.571210
1212197298  7.609245
1212214185  8.944211
1212708381  10.805359
1212733535  8.503489
1212915449  15.752424
1211105128  13.109924
1211164140  5.712360
1211340482  9.388858
1211346971  1.266208
1211361136  7.509081
1211410690  9.856552
1211427128  11.360947
1211429953  13.482419
1211483222  12.023772
1211530748  9.604538
1211533526  11.503366
1211577617  0.876551
1211594265  11.813512
1211742960  6.647110
1211757163  10.336521
1211948655  11.206909
1211957298  13.098374
1212023623  3.578668
1212038959  10.275376
1212127398  11.165221
1212208000  10.994945
1212265866  14.178985
1212280837  7.838220
1212308618  10.462381
1212314707  13.961402
1212316504  10.964312
1212358519  8.562696
1212381649  13.970683
1212451951  9.651703
1212514788  7.102766
1212560547  13.098760
1212563941  12.745560
1212698710  4.133317
1212721332  8.003512
1212739084  12.896620
1212743252  12.879698
1212900905  11.023190
1212917806  16.419373
1212964526  12.163436
1212992845  9.002162
1213018049  6.113998
1211019044  11.163162
1211020519  13.371542
1211081979  8.726720
1211093075  11.408306
1211100072  11.335296
1211115922  13.498957
1211221997  4.251059
1211419132  8.460901
1211428037  13.899812
1211468422  5.950744
1211514131  14.473432
1211517296  8.086362
1211524366  11.129354
1211582010  4.423374
1211617400  13.789845
1211677358  9.965014
1211696268  23.869463
1211705681  10.499854
1211718486  14.330406
1211746542  11.994485
1211869889  14.099370
1211871579  3.263952
1211873206  6.973382
1211916949  11.266970
1211919863  8.874239
1211940403  6.464543
1211945062  7.422941
1212039620  11.023190
1212253290  6.340435
1212310713  9.605927
1212338482  12.060743
1212341052  3.532336
1212444003  10.506477
1212631020  10.167070
1212699732  11.215820
1212729914  10.942697
1212732630  13.572180
1212806585  10.447946
1212814692  10.630624
1212879995  6.093306
1212915485  10.304164
1212966439  9.605927
1212985991  16.274761
1211019726  15.567849
1211078130  8.457344
1211089776  9.320303
1211184228  14.208603
1211352305  10.101148
1211446043  12.227633
1211447846  12.450750
1211518190  8.534751
1211610708  11.743731
1211619168  11.591203
1211637477  13.064297
1211651551  10.124436
1211695115  13.127134
1211698245  8.149078
1211761622  8.850106
1211770264  7.559144
1211782592  11.477046
1211787099  12.064630
1211856380  8.745168
1211875131  18.184130
1212027700  10.496264
1212032590  10.814699
1212048165  10.805359
1212166273  3.416908
1212210943  1.259746
1212213980  12.879698
1212230860  14.603919
1212232518  12.665225
1212281000  3.697083
1212291342  10.466725
1212296889  11.975154
1212298713  10.650185
1212306558  10.118721
1212313913  9.423694
1212381077  12.752958
1212387323  12.044534
1212568424  13.723137
1212635963  11.288100
1212722068  10.286178
1212757783  11.165221
1212779199  1.984475
1212782814  11.408306
1212815992  10.616298
1212820809  10.963406
1212887423  10.167070
1212890070  6.622673
1212895078  11.671687
1212907792  15.479336
1212913797  4.346359
1212941750  11.275751
1212958330  10.947049
1211062703  3.912503
1211436559  18.468576
1211442605  10.456012
1211513627  20.787344
1211516906  12.386742
1211526190  1368.293335
1211553500  11.390345
1211666287  9.336496
1211704367  14.198036
1211952348  10.130754
1212017906  25.427000
1212031920  11.140122
1212080582  7.784268
1212117664  6.103635
1212169022  12.208742
1212191899  4.603258
1212203342  11.787703
1212340855  10.478618
1212374019  4.346359
1212443242  5.153459
1212481277  12.922225
1212547872  9.564201
1212625592  9.148502
1212627408  6.641831
1212639315  11.314844
1212646291  13.294869
1212720873  15.837220
1212761722  8.859876
1212779101  4.956884
1212808383  10.307631
1212809766  3.331817
1212811920  8.716332
1212846394  12.476631
1212865889  9.332040
1212891926  11.205251
1212907678  9.944561
1212998941  10.484382
1211057075  5.933971
1211063909  5.448726
1211081055  11.206909
1211083605  9.329381
1211143065  5.063593
1211144245  5.781403
1211149234  8.548529
1211687518  16.421005
1211863998  11.863468
1211900550  6.473207
1211994526  5.248905
1212033898  8.044589
1212080494  10.456012
1212221781  13.098022
1212357434  12.612565
1212365819  12.179574
1212369345  10.318741
1212377709  12.297642
1212393331  8.847846
1212539324  12.821025
1212548410  7.760429
1212554655  10.226179
1212599711  7.709725
1212623234  8.998800
1212800087  6.716668
1212815065  2.926028
1212860158  12.176666
1212875622  6.846921
1212964363  4.596399
1212984681  10.791674
1213031456  2.857778
1213040047  7.530633
1213059907  9.585166
1211058759  1.031237
1211087240  9.630966
1211095459  11.162879
1211138157  5.351072
1211310806  9.248726
1211335611  8.079915
1211349169  8.954880
1211379682  7.709189
1211393739  10.805359
1211428123  7.785086
1211515481  9.797775
1211517791  9.428033
1211531211  12.293524
1211555445  2.197837
1211589211  9.383152
1211600906  10.226257
1211617668  13.724577
1211673474  9.888450
1211675879  12.783852
1211679729  9.729868
1211683584  11.888951
1211687187  7.431375
1211700017  13.951856
1211764274  11.227092
1211765541  10.407202
1211777532  11.351513
1211935905  10.472247
1211955403  11.121091
1211960224  15.240745
1212011915  2.364340
1212027850  8.732598
1212038144  10.977110
1212094473  12.384830
1212122839  10.839949
1212204552  7.346823
1212218185  14.472892
1212287376  12.051202
1212292548  13.787737
1212307200  19.399199
1212310325  11.849180
1212324941  9.078970
1212349191  8.250758
1212349739  4.014699
1212356816  12.500318
1212368700  4.202205
1212420128  6.422874
1212463147  14.962597
1212467936  12.736581
1212481240  13.792958
1212641227  10.110377
1212649577  13.951856
1212657384  13.845740
1212662707  11.659451
1212696331  12.227633
1212712297  5.902298
1212722181  5.846709
1212729427  2.247546
1212731573  12.902336
1212934451  10.665837
1212973979  12.007402
1211478581  11.725428
1211521014  18.293213
1211616113  14.680753
1211618797  13.798746
1211719854  12.207270
1211725518  15.698802
1211731897  10.487603
1211761747  9.684813
1211847665  8.878324
1211898531  6.337905
1211993589  8.569648
1212033891  10.292066
1212042711  11.148067
1212047173  16.410061
1212070916  10.786468
1212119589  11.385321
1212128477  5.838801
1212129215  14.688286
1212144110  12.729089
1212205238  10.456402
1212218943  14.534410
1212290746  18.716715
1212304240  8.732777
1212304842  10.330314
1212308175  13.144434
1212335143  11.998507
1212368077  6.759083
1212393311  15.441444
1212395267  12.348157
1212457941  10.306839
1212580615  13.080166
1212724602  12.560889
1212816506  17.625366
1212822874  9.296059
1212825353  15.248729
1212866660  13.868316
1212902341  5.803148
1212906512  10.950317
1212909625  10.061241
1212913757  11.814912
1212936074  4.275107
1212940212  11.314844
1212980090  8.701294
1212989976  13.582487
1211067531  3.492839
1211129065  8.832514
1211167006  11.246881
1211266029  10.166972
1211327986  5.969027
1211345488  11.206909
1211437617  11.424720
1211468975  2.364340
1211511630  9.597820
1211532516  11.730233
1211787187  9.375237
1211789380  13.127134
1211849760  0.504291
1211863506  9.844306
1211873135  13.971028
1212036934  8.001329
1212112403  8.712476
1212118525  15.512670
1212173447  12.088678
1212273304  8.864066
1212283692  12.948857
1212301213  11.868415
1212306121  13.792958
1212334558  11.236450
1212373089  10.106928
1212379392  11.314844
1212429794  9.310637
1212460120  9.889063
1212501901  8.712373
1212624716  4.980583
1212649616  12.896620
1212678309  6.691461
1212729177  9.697635
1212806386  10.656223
1212817954  3.157694
1212821739  9.332332
1212887410  8.025644
1212906081  11.888951
1212937099  12.933885
1212979809  12.184953
1211065415  4.346359
1211072088  9.580755
1211103002  14.427299
1211177529  10.462689
1211181986  14.258781
1211332314  8.716332
1211340127  8.868601
1211346999  10.455842
1211349768  10.284602
1211353473  12.996300
1211514659  10.686737
1211601939  9.434147
1211676649  9.533301
1211705355  12.198483
1211771110  5.063593
1211779901  9.188027
1211852371  12.896334
1211940503  9.328523
1211990798  10.307760
1212022318  12.355409
1212049805  13.807690
1212098663  9.296059
1212118213  10.459599
1212278418  10.625270
1212306295  18.009451
1212318802  6.787805
1212323907  10.388388
1212339722  10.799561
1212475777  11.769753
1212547258  7.139676
1212550594  13.021560
1212596599  4.496213
1212638546  12.692387
1212643535  12.930899
1212647638  11.314844
1212704624  2.313650
1212726517  11.828197
1212798613  11.349066
1212803334  5.775317
1212821806  12.922957
1212896992  0.000000
1212897007  20.294485
1212909620  10.673327
1212954967  2.418119
1212957972  4.873150
1212974818  11.314844
1212999819  13.750086
1213000983  12.597317
1211163949  8.726335
1211188013  14.176785
1211206578  15.297220
1211209444  5.593297
1211258227  12.379272
1211267055  1414.228760
1211343437  15.008109
1211356837  8.354677
1211444279  12.164939
1211458425  7.154101
1211467343  5.104189
1211511627  9.427711
1211517193  7.315501
1211520138  11.006869
1211558989  11.140122
1211784643  10.173952
1211944993  6.834888
1211957174  13.742746
1211968276  13.098022
1211974755  13.258662
1212010751  3.642726
1212104565  9.245077
1212193549  9.567898
1212207853  10.140631
1212226821  12.846069
1212284932  11.492270
1212299046  7.811674
1212304791  8.341145
1212371257  4.228028
1212372546  6.376069
1212376342  11.536802
1212467847  10.673246
1212471142  12.668555
1212480459  12.203766
1212495040  9.619322
1212502473  8.652750
1212528156  9.629395
1212537445  12.931392
1212538892  11.863026
1212561728  9.605927
1212731816  12.933885
1212734664  13.080166
1212764325  11.132994
1212807259  12.128196
1212817018  8.901143
1212820941  8.044589
1212888849  6.898082
1212893371  8.070398
1212965516  9.205359
