1211416264  6.950023
1211508988  7.722248
1212362453  6.955454
1211055434  6.026207
1211078155  8.623278
1211177935  14.366817
1211305680  0.000000
1211305740  0.000000
1211305813  0.000000
1211305888  0.000000
1211305948  0.000000
1211306008  0.000000
1211306030  0.000000
1211306091  9.558158
1211404547  4.869802
1211430581  9.632692
1211447745  5.196712
1212037930  6.875557
1212074511  0.000000
1212074557  8.311442
1212124178  9.021093
1212329238  7.364432
1212970802  13.903371
1211178664  21.093634
1211500888  6.112854
1211574871  7.407845
1211613905  15.758020
1211691051  4.588925
1211817779  12.629530
1212003095  7.152833
1212040192  9.836558
1211129143  4.725347
1211132261  11.854624
1211515395  5.013929
1211536290  10.112454
1211776290  16.170277
1212038368  5.186823
1212251693  7.803091
1212345584  7.274068
1212460171  7.975379
1212567717  9.855136
1212886676  6.968498
1212907616  7.258132
1212938686  11.311879
1211152037  5.662808
1211478432  7.189679
1211609743  7.093341
1211614181  9.776280
1211657313  7.850350
1211835646  0.000000
1211835662  0.000000
1211835704  0.000000
1211835705  2.127760
1212944679  7.275257
1211082888  9.873588
1211444327  7.826489
1211601049  7.067820
1212128510  7.974140
1212177084  6.422552
1212483653  6.491757
1212722224  7.183408
1211096996  6.284858
1211256530  4.731326
1211524634  3.830911
1211603817  4.297654
1211669164  4.788640
1211683116  9.316867
1211688133  8.193959
1211697137  6.389055
1211705768  9.078018
1212457935  6.950023
1212596806  7.994903
1212621730  4.869802
1212626534  9.724391
1212804860  8.556565
1212825074  0.861443
1212825085  7.492978
1212904361  8.811073
1211225447  8.583401
1211520476  12.599340
1211521583  9.142910
1211540250  5.817890
1211606028  10.333252
1211700984  4.953765
1212018001  5.006100
1212024870  9.558158
1212043803  5.049348
1212114233  5.634700
1212288507  9.798774
1212292184  9.255174
1212313684  13.177461
1212352601  11.031768
1212449042  11.028645
1212510133  7.229269
1212531434  1.130690
1212636045  12.886830
1212741711  11.486090
1212769318  4.951706
1212797521  9.468247
1212818124  13.535530
1212898099  9.472148
1212900267  7.137123
1211025192  7.394524
1211227615  6.295878
1211509519  4.710137
1211697304  11.768494
1211862914  15.122965
1212274043  7.189679
1212458011  6.950023
1212474225  10.788808
1212731762  4.788640
1212923538  12.047503
1212971138  7.209625
1213058087  5.447892
1211064925  4.630708
1211082394  7.035574
1211097103  7.803091
1211110209  11.947424
1211394100  10.665491
1211404974  8.028190
1211531745  8.245177
1211700274  13.211033
1211958397  8.689235
1212221379  7.067820
1212274340  2.269611
1212394774  8.102898
1212479037  12.047503
1212737189  5.646974
1212878896  6.373727
1212895332  5.415602
1212923454  7.159615
1212957906  6.415406
1211174469  18.078377
1211184570  9.665123
1211511735  7.761007
1211543926  11.877473
1211574963  7.850791
1211853703  9.720161
1211968399  5.156668
1211040073  8.467571
1211223430  5.635154
1211471180  3.882680
1211574634  15.714134
1211947423  11.682760
1212044558  9.978601
1212112819  7.550278
1212213802  8.470074
1212216232  14.862224
1212243600  13.060742
1212305432  12.349625
1212543624  5.942048
1211217064  7.189679
1211340129  8.509646
1211351211  8.117573
1211601221  6.450675
1211773334  6.725829
1212191632  8.482520
1212281392  2.427542
1212377117  9.808734
1212548444  6.978607
1212637319  0.751911
1212706901  7.152833
1212712801  3.199660
1212723084  9.439942
1212825518  9.355422
1212830416  4.870186
1211171803  8.433669
1211915636  12.047503
1211922920  4.964014
1212203137  7.676004
1212241684  9.124991
1212322117  9.316867
1212952692  4.685560
1212957343  5.922151
1211097909  11.095848
1211614501  6.943318
1212088870  5.055642
1212128229  4.951706
1212303960  4.788640
1212716337  7.310765
1212827060  6.765956
1211488953  9.316867
1211722966  10.791506
1212468384  13.172038
1212643637  5.040673
1212797483  0.155342
1212797544  11.473812
1212991471  13.605392
1211438923  9.472148
1211502445  5.397116
1211613471  2.308079
1211620690  5.156668
1211771847  7.022815
1212302609  4.877800
1212704910  3.934660
1212740080  7.499738
1212791837  5.446877
1211083776  6.415406
1211100432  6.282346
1211149932  7.379993
1211182793  6.215953
1211347876  6.836088
1211384186  5.771222
1211484123  6.812302
1211669474  6.950023
1211736807  3.127563
1212213582  8.795743
1212348264  4.874430
1212457031  7.067820
1212586118  9.558158
1212681405  6.950023
1212725145  10.296273
1211087989  10.524609
1211128290  6.396587
1211134112  7.044594
1211248700  5.446877
1211671689  4.302117
1211943205  0.175479
1211943259  14.251713
1212379851  11.643532
1212389962  2.681792
1212422213  7.441500
1212518070  9.690884
1212743291  8.470074
1212743752  6.916845
1212816336  9.029105
1211039377  16.831244
1211155101  8.199295
1211236913  9.402668
1211254039  7.331746
1211321980  4.630708
1211389171  8.474902
1211589614  6.950023
1211685207  43.178978
1211742053  7.394524
1211921159  2.474374
1212049716  11.682760
1212195882  7.274068
1212209307  333.970001
1212278495  415.019379
1212304803  5.571216
1212343413  6.950023
1212461803  13.901489
1212534345  9.166595
1212733350  7.653542
1212787630  6.836088
1211080136  14.251916
1211087803  6.602615
1211090580  8.264325
1211498841  7.492978
1212138207  9.316867
1212306337  4.167746
1212684625  0.182228
1212684677  11.069749
1212810755  13.452178
1212819562  9.690884
1212853621  20.414438
1212862761  3.882680
1212901027  13.009959
1213066328  8.075736
1211305935  3.777120
1211413431  4.481330
1211494680  10.180988
1211595705  8.906128
1211658211  4.062891
1211701892  9.266697
1211704273  8.512295
1212049868  6.460990
1212112160  4.104548
1212215332  8.535039
1212305838  5.085382
1212378653  14.010726
1212447151  5.421101
1212475763  4.811696
1212556606  8.505679
1212879806  11.183572
1211327717  3.310284
1211437362  11.473812
1211602237  11.528115
1211704867  8.340028
1211743329  0.220369
1211743372  4.901620
1212631900  9.632692
1212721563  7.581843
1212810331  7.454020
1211130702  6.552973
1211356284  7.310765
1211485794  9.316867
1211496190  0.278702
1211496224  7.152833
1211612635  65.415268
1211645486  8.673043
1211665167  7.679555
1211764294  14.210386
1211818831  6.619070
1211819752  5.446877
1211823978  0.430721
1211824000  10.112454
1212012913  10.630150
1212035085  10.051127
1212045585  10.797703
1212075649  5.911542
1212187152  9.558158
1212205098  7.379993
1212549234  11.494328
1212684087  4.916706
1211995659  10.495826
1211384588  5.130685
1211920588  7.832962
1212096273  4.788640
1212136090  4.911112
1212169983  6.054695
1212438338  5.195010
1212770442  9.316867
1212778996  4.630708
1212810690  14.365918
1212827841  7.399483
1212897243  13.142730
1212965745  9.781530
1211248593  5.858202
1211348340  14.131294
1211366090  7.486345
1211546785  11.346705
1211783230  8.144206
1211876320  5.833433
1212069516  5.573637
1212118439  12.673161
1212134368  13.675131
1212367136  11.921491
1212552764  12.725863
1212575639  2.181311
1212816037  3.482288
1212824763  11.066128
1212913891  5.130685
1212993601  11.095848
1211133294  12.047503
1211413105  4.630708
1211523925  16.918913
1211703283  8.482520
1212183219  0.143574
1212183285  7.947593
1212306735  6.836088
1212363326  6.160387
1212720282  5.662808
1212335780  11.041190
1212428059  13.165637
1212557970  4.763653
1212559747  15.252592
1212638526  11.866387
1212983707  9.921245
1211382267  4.953765
1211769704  5.676612
1211992209  9.768246
1212126952  15.484557
1212135443  0.182228
1212135495  0.000000
1212135501  2.719620
1212166615  10.524609
1212192640  4.420282
1212235351  9.216549
1212253047  6.282392
1212302300  2.779115
1212577238  7.994903
1212881258  8.880138
1213047212  5.506710
1211021192  10.112454
1211061545  4.056713
1211350072  12.251698
1211443796  14.366817
1211508078  8.769681
1211651774  11.621018
1211690256  2.773345
1211856582  9.103008
1211922727  5.051682
1212015310  9.970682
1212112425  9.316867
1212395714  14.489242
1212474518  13.901489
1212782102  7.271922
1212830308  9.798774
1212857551  8.929120
1211080333  6.619070
1211086148  6.994753
1211512280  9.472808
1211526627  8.278306
1211622416  8.110011
1211684941  6.313139
1211937162  9.401467
1212131196  74.518669
1212138652  10.671174
1212225952  8.324665
1212301125  10.590259
1212484933  6.319552
1212516069  8.441945
1212625313  6.515646
1212633227  5.733589
1212807115  6.039393
1211341316  3.095354
1211478583  8.532393
1211596094  9.266697
1211701263  7.495730
1211788988  11.669836
1211799507  10.855619
1212216102  0.000000
1212216114  8.102230
1212477941  10.518257
1212947989  8.053513
1211062730  11.877473
1211299237  0.145783
1211299302  18.143766
1211496122  8.600900
1211927156  7.274068
1211943829  0.169212
1211943885  6.602615
1212074605  4.513697
1212125240  4.869802
1212184597  6.922097
1212273734  2.535862
1212785923  8.968699
1212903033  5.692484
1211098132  14.862224
1211643906  7.545735
1212735895  6.018621
1212834372  12.957243
1211069316  7.916076
1211712419  5.529448
1212206437  8.945431
1212211505  14.251713
1212495129  2.641368
1212734806  7.529361
1212998989  4.536185
1211985461  16.170277
1211993041  0.000000
1211993133  0.000000
1211993187  11.251302
1212068350  12.047503
1212131193  1155.209717
1212198002  7.178029
1212462447  11.752709
1212821788  9.025676
1212824706  8.817980
1212899269  11.469790
1211254275  6.894057
1211378372  5.560019
1211519488  6.405523
1211521256  9.532017
1211774495  5.960695
1211945421  5.786768
1212984008  0.000000
1212984020  26.807680
1211433834  9.396099
1211692143  13.386114
1211873802  8.758572
1212022616  4.788640
1212292260  6.020916
1212649554  1833.307861
1212804252  2.596239
1212805773  12.034270
1211255892  4.558117
1211533412  11.008091
1211951478  6.950023
1212186332  4.481330
1212544864  6.318202
1212711635  5.873259
1212898858  7.394524
1212920660  6.736445
1211066172  6.725829
1211424311  13.374684
1211604657  6.950023
1211616014  14.366817
1211654678  7.529298
1211665638  9.316867
1211712896  9.859715
1211935138  9.472148
1212208977  7.209625
1212314262  8.763072
1212420577  0.326754
1212420606  11.850002
1212645192  12.657321
1211168003  8.048093
1211193324  14.489242
1211421272  6.174218
1211538274  10.849027
1211592305  4.588925
1211878202  8.782741
1211936883  4.790388
1211946526  8.971591
1212133068  10.644689
1212209704  11.433214
1212216669  5.971184
1212646926  6.619070
1212848244  4.483190
1212871708  7.035574
1212874866  12.725863
1212916179  7.496621
1211126009  6.836088
1211460970  8.880138
1211792454  6.601787
1211796974  11.813868
1212077340  8.743521
1212107584  6.950023
1212133295  9.558158
1212979201  11.202351
1213003066  5.771222
1211126853  34.756275
1211313169  9.812290
1211622508  10.517029
1211681405  8.692131
1212222236  13.374684
1212713088  5.416759
1212806569  10.670761
1211332106  3.301711
1211402992  8.559545
1211510246  6.950023
1212306086  6.922097
1212880200  14.366817
1211779881  8.929120
1211797959  11.682760
1211825172  8.415688
1211952201  5.277820
1212326176  16.533005
1212543517  4.416387
1212571846  0.496891
1212650116  9.630909
1212703815  4.440896
1212896746  9.895628
1212916962  8.028190
1211141779  10.612299
1211183378  6.836088
1211361605  10.059326
1211614565  7.315814
1212111513  6.836088
1212184622  12.462934
1212218792  7.637417
1212520865  4.788640
1212697883  7.434767
1212887186  7.035574
1212989516  7.360165
1211670322  12.859184
1211875503  16.808556
1212195528  4.554795
1212423196  4.657872
1212559293  5.889102
1212750225  13.005152
1212819832  12.140971
1211259784  0.000000
1211259835  0.000000
1211259896  4.285969
1211336814  9.632692
1211349369  4.420282
1212038176  6.725829
1212273822  9.401467
1212296847  6.950023
1212389774  6.030537
1212970383  3.141027
1211233659  6.415406
1211420482  4.174056
1211523815  10.037301
1211552438  4.420282
1212348815  11.682760
1211681504  4.587952
1211686045  7.581843
1212117457  9.472148
1212225337  4.788640
1212230374  8.184934
1212500964  16.533005
1212511313  10.797703
1212718844  10.731520
1212970816  15.875795
1213043771  9.544810
1211103347  10.296349
1211252655  2.389064
1211501857  4.953765
1211532413  7.329786
1211603458  10.797703
1212133418  10.845687
1212347252  10.857171
1212657053  9.690884
1212909225  6.862567
1211329909  3.350960
1211347447  14.457004
1211424041  8.822915
1212042762  12.725863
1212131698  8.809749
1212211304  2.932090
1212303816  8.431335
1212731557  6.602615
1212915377  8.782741
1211518563  8.075736
1212196666  9.021093
1212314309  6.601787
1212743148  5.775621
1211074630  7.996130
1211588035  7.035574
1211612634  1172.965088
1211919723  5.871881
1211021744  7.329786
1211029248  7.633662
1211141913  655.820740
1211433039  7.286405
1211713040  6.319552
1211776251  8.187738
1212620219  12.170009
1212821615  9.970682
1212905096  5.202636
1212922572  11.877473
1212971776  5.712348
1211070750  5.791686
1211105377  0.000000
1211105408  0.000000
1211105468  0.000000
1211105538  0.000000
1211105657  0.000000
1211105720  0.000000
1211105780  8.935893
1211197245  7.379993
1211253442  6.319552
1212832545  0.000000
1212832604  0.000000
1212832668  0.000000
1212832724  0.000000
1212832790  0.000000
1212918955  9.690884
1212919181  0.000000
1212919241  0.000000
1212919301  0.000000
1212919361  0.155342
1212919422  0.000000
1212919482  0.000000
1212919543  0.000000
1212919603  0.000000
1212919664  0.000000
1212919724  0.000000
1212919807  7.492978
1211279247  11.294534
1211422398  9.550741
1211583826  0.157931
1211583886  7.152833
1211616924  20.735733
1211687093  7.074934
1211785312  7.582537
1211856564  7.189679
1212247119  11.682760
1212337939  6.619070
1212548110  7.581843
1212603208  6.450675
1212746819  7.124751
1212914839  6.537467
1212939862  5.156668
1211780384  3.080151
1211854281  4.588925
1212248753  5.103914
1212465053  6.601787
1212467211  0.000000
1212467293  0.000000
1212467353  3.540637
1211043883  9.472148
1211342778  4.788640
1211417753  6.812222
1211606023  8.019258
1211652241  12.975440
1211704891  10.270385
1211707771  7.375027
1211777349  11.908966
1211855593  8.076238
1211927904  4.513697
1212451265  8.118983
1212514805  8.435497
1212548441  0.157931
1212548501  9.401467
1212652807  16.934181
1212689929  8.810441
1212897312  9.495372
1211211438  4.710137
1211347325  8.261941
1211475132  2.941117
1211508984  7.189679
1211512581  5.320710
1211516002  6.836088
1211532865  13.171724
1211590181  6.602615
1211784501  7.517766
1211856742  9.836558
1211949131  5.415602
1211950290  7.492978
1212173444  0.160608
1212173503  7.399483
1212281915  9.798774
1212307133  3.076291
1212475845  12.142629
1212478080  14.704859
1212513709  7.570121
1212655247  4.788640
1212920935  14.251713
1211135756  9.532017
1211245663  4.630708
1211303055  6.296742
1211393180  4.710137
1211472802  14.980840
1211512822  14.251713
1212163544  5.421101
1212172804  12.502604
1212270223  7.441500
1212312723  11.953715
1212313376  11.910876
1212593037  11.877473
1212616750  4.844393
1212886204  7.628398
1211032213  15.631553
1211483072  32.753353
1211494947  13.265373
1211645993  8.340028
1211655737  6.950023
1211842247  9.716090
1211927676  9.401467
1211933972  8.176497
1212078027  6.950023
1212188278  4.588925
1212352654  8.004632
1212394564  5.971405
1212606836  10.476089
1212708072  11.469790
1212717383  6.417386
1212718816  4.513697
1212905617  7.943840
1212992559  10.504847
1211069316  7.916076
1211099458  14.368152
1211166608  16.808556
1212996639  12.142629
1211480887  102.128548
1211501631  7.152833
1212472430  12.047503
1212475233  6.108155
1212653581  7.329786
1212775350  6.426663
1213005376  8.402889
1211238892  9.632692
1211319258  4.790388
1211329625  7.310765
1211598357  4.634167
1211606820  6.725829
1211706779  2.387746
1211754839  11.251317
1212052935  9.316867
1212225251  9.940382
1212725863  9.558158
1212763267  0.157931
1212763327  11.294534
1211050431  6.537467
1211160693  5.863640
1211166068  7.243704
1211202295  9.635418
1211283429  9.690884
1211416382  7.152833
1211503868  4.869802
1211538441  6.215953
1211695248  10.073350
1211824678  344.064301
1212320882  0.000000
1212320943  0.000000
1212321003  0.155342
1212321064  3.608726
1212354944  4.359939
1212426462  10.240884
1212596180  4.953765
1212644787  9.550741
1212801910  0.197414
1212801958  0.000000
1212801960  6.443757
1212812541  9.692586
1212823202  14.574578
1212919070  9.945052
1212948799  13.027586
1212995482  16.680056
1211267331  9.316867
1211591803  4.790388
1211604357  8.482520
1211656331  6.836088
1211685901  10.037301
1211765777  7.781253
1211789553  8.503923
1212158390  0.000000
1212158425  10.999347
1212195488  2.206856
1212205405  10.383089
1212224191  15.875795
1212376242  7.209625
1212631123  9.401467
1211132696  14.366817
1211165876  10.427082
1211472895  5.670255
1211394464  7.104111
1211424314  12.599340
1211434614  7.394524
1212084193  5.711521
1212423842  5.281958
1212543859  4.513697
1211279247  11.294534
1211783229  5.353910
1211824252  6.318202
1211923739  10.328727
1211929175  4.788640
1212147861  16.077459
1212193614  5.320710
1212737479  7.675982
1212982274  6.375977
1212997620  5.187502
1211087069  5.098806
1211091969  13.456687
1211417682  2.269611
1211498899  6.619070
1211702012  9.472148
1211917062  12.070035
1212191635  6.812222
1212262136  8.174871
1212304329  9.632633
1212374924  12.450782
1212426961  6.998270
1212657971  7.815714
1212732287  14.341558
1212805440  12.178047
1211145251  11.438875
1211322520  4.274500
1211471649  13.137540
1211680549  6.318202
1211697676  8.176497
1211861265  10.227463
1211863240  4.083131
1212186775  11.179377
1212222476  13.491332
1212701393  9.136518
1211136776  11.850002
1211234018  4.104548
1211326464  5.662808
1211339611  7.310765
1211528526  8.384927
1211952215  6.415406
1212017506  7.663750
1212296000  6.043498
1212319280  9.987019
1212440044  11.624222
1212467255  9.558158
1212606468  12.047503
1212653378  7.434676
1212656691  9.472148
1212673866  11.850002
1212766836  4.285969
1211163338  5.046747
1211303329  11.135131
1211376304  8.669648
1211412112  2.427542
1211439333  7.093341
1211528484  8.357778
1211583347  4.554795
1211613881  8.743521
1211635130  7.653532
1211675646  14.173532
1211701657  11.600570
1211825183  6.515646
1211841988  4.973660
1211868496  7.375027
1211871579  3.263952
1211874412  4.931734
1211891854  12.169752
1211999614  10.480211
1212004619  9.676455
1212023597  6.318202
1212218363  4.274500
1212262826  9.269271
1212325803  16.808556
1212355517  11.981627
1212450227  7.152833
1212558861  7.624050
1212828083  6.044648
1212879083  9.057499
1212880774  13.592686
1212908485  44.727154
1212916953  8.743521
1211172126  7.329786
1211242424  5.145231
1211441458  5.446877
1211446549  8.326513
1211523552  14.457004
1211942615  4.138177
1212046500  13.468890
1212197841  6.950023
1212782505  0.157931
1212782565  7.492978
1211435971  9.718349
1211474190  9.639202
1211488885  7.189679
1211560813  5.098806
1211708189  6.602615
1212191337  6.836088
1212198840  7.447916
1212205336  6.415406
1212217034  9.468932
1212977698  6.669645
1213061848  5.051682
1211055887  11.470042
1211143869  5.873259
1211145002  11.682760
1211147793  8.880138
1211254181  9.357173
1211862561  7.329786
1211894788  6.836088
1211932161  6.950023
1212259882  4.710137
1212380433  7.329786
1212984160  9.401467
1211070088  7.152833
1211155608  9.408814
1211333949  5.197711
1211592173  8.228857
1211612990  12.092103
1211616538  12.599340
1211620369  9.881235
1211687954  14.846841
1211834260  16.680056
1211939746  6.602615
1212100418  5.172183
1212194958  5.223970
1212225440  6.836088
1212279253  3.066005
1212375745  6.730198
1212417536  9.316867
1212808811  6.313713
1212826159  4.359635
1212873754  8.089726
1211521014  18.293213
1211604117  7.329786
1211615058  7.329786
1211677369  12.047503
1211683563  14.133181
1211768113  14.366817
1211851713  17.134649
1211923985  0.000000
1211924045  4.420282
1212135186  0.000000
1212135251  0.000000
1212135311  4.274500
1212345680  7.315814
1212679385  6.702244
1212719122  6.950023
1212821830  5.791686
1211119249  8.945431
1211128830  12.047503
1211269632  4.736415
1211436874  5.879806
1211838585  9.401467
1212112283  5.948083
1212172661  6.131000
1212307944  7.273494
1212433191  9.558158
1212464198  7.152833
1212528601  7.890955
1212649555  1026.535889
1212738606  0.000000
1212738620  11.595861
1212989825  4.630708
1211085720  7.802442
1211088228  10.876264
1211174316  7.229269
1211403044  5.935078
1211505383  6.950023
1211512189  6.748398
1211845925  7.335496
1211944562  10.037301
1212358795  5.924580
1212636644  9.472148
1212951880  9.249830
1211186291  0.145783
1211186356  17.046167
1211515495  9.572584
1211904682  0.157931
1211904742  12.047503
1212641783  12.047503
1212651683  10.749199
1212761072  7.274068
1212774205  4.927917
1212873461  9.126480
1212892120  8.117382
