1212471389  78.335670
1211568667  56.539669
1211606291  24.011597
1211607074  25.586128
1211611536  8.397440
1211737289  73.661003
1211902968  9.949157
1212835057  71.807701
1211073476  54.130909
1211256437  81.497948
1211420228  43.749680
1211474403  6.174001
1212991869  92.992935
1212828234  47.444016
1212803910  74.889130
1212158393  71.807701
1212651793  77.587807
1211347884  4.644712
1211578315  43.848263
1211724127  174.583588
1211104505  8.366330
1211621942  77.484665
1211688627  36.173748
1211702375  79.468140
1212132102  16.971155
1212132157  23.019331
1211056974  20.825325
1212680536  56.539669
1213008959  12.722804
1212744237  5.886933
1212771622  22.262749
1211644718  11.956459
1211787806  54.136395
1212842330  5.414136
1213024159  54.710091
1211252469  65.138992
1211328565  73.476913
1211366139  79.085297
1211501309  68.195374
1212370186  69.609711
1212639563  84.243546
1211857050  9.885459
1211877069  8.163048
1212364766  11.040243
1212511344  116.028679
1212556402  53.715405
1212983317  93.854713
1211033052  16.044508
1211232562  115.790871
1211999760  68.513390
1212124944  61.377796
1212946077  10.114976
1212988027  118.250443
1211206754  81.354851
1211292071  84.368294
1211378943  79.894180
1211818513  81.354851
1212156922  65.468842
1212675002  81.354851
1212860988  14.399023
1211066650  72.049141
1211400851  6.279395
1211872535  70.555992
1212003752  80.147438
1212496349  62.035507
1212931891  77.274704
1211146040  58.077457
1211564633  76.770950
1211616060  11.755770
1211019466  72.823860
1211267720  59.525425
1211962988  78.892509
1212121957  18.918783
1212173929  78.166786
1212685185  54.848106
1211550271  147.304901
1211634883  69.630379
1212178171  117.718925
1212414798  71.415588
1212948740  70.852737
1211333724  10.201576
1212210197  95.135262
1212301049  32.216530
1211498425  47.553860
1211522314  16.740974
1212701466  133.592056
1212886143  96.706863
1211063157  6.672779
1211270285  52.350304
1211493346  64.297180
1211757831  158.978943
1212270027  125.195930
1212478081  14.537803
1212872299  48.359859
1212528197  95.135910
1212917388  58.531311
1211592867  48.130657
1211956791  6.148520
1212228256  18.947285
1212378887  14.526662
1212543044  62.355564
1211300489  73.604980
1211331117  46.306705
1211585980  129.547958
1212935063  70.842461
1211068896  7.559175
1211383774  86.108116
1212127337  14.968905
1211028610  78.562614
1211459013  162.543335
1211703508  3677.432861
1212855043  81.550789
1211680034  57.027657
1212749597  78.197113
1211471634  48.397884
1211575111  44.491199
1211653988  70.250931
1211716995  2360.691650
1211744066  60.700722
1211350531  137.048737
1212224713  0.304229
1212495267  15.614894
1212501169  28.773216
1211438271  22.656698
1211473928  78.562614
1212972356  9.404161
1212287843  78.816597
1212294530  27.337168
1211442386  75.190025
1212137256  52.852921
1212528765  118.785522
1212796890  71.652885
1211350396  67.664932
1211641281  9.876290
1211668754  26.843569
1212080651  79.189285
1212092854  64.762939
1213004239  73.913994
1213071163  82.676407
1211801080  162.543335
1212621783  76.464241
1211063157  6.672779
1211271804  0.537205
1211677077  29.002272
1212167190  633.371460
1212380410  10.064409
1212606253  57.706833
1211439395  16.301790
1211065421  48.397884
1211145004  43.895874
1211665255  47.100697
1212005115  71.027611
1212381526  64.018661
1212644568  62.306862
1212874742  38.154709
1212874987  76.690590
1211514918  102.276489
1211705313  68.488899
1212080119  16.044508
1212458716  72.647202
1212696561  133.265289
1212181279  13.893004
1212205743  11.574838
1212369498  78.562614
1212515876  10.267808
1211313401  19.362984
1211324221  80.806801
1211383000  12.428062
1211386347  41.950596
1211868261  65.045135
1211980712  20.010580
1211982068  7.817371
1212375284  130.001556
1212394485  22.485855
1212431105  33.717010
1212670863  17.497049
1211173091  70.238197
1211799179  27.701893
1212485591  55.263103
1212947898  60.445412
1213068495  118.855309
1211248103  69.180641
1211656102  62.793850
1212751805  63.779289
1211046828  49.142464
1211063843  52.364922
1211742648  78.146828
1212189260  12.939419
1211255626  105.690659
1211416783  44.771721
1212467758  70.346855
1212210748  68.428764
1212389139  96.387115
1212632559  64.432251
1211301779  52.364922
1211561795  47.770317
1212376525  11.482223
1212708437  115.724106
1212784134  75.604492
1211358850  63.914532
1211427497  92.992935
1211816330  38.554501
1212019572  211.179169
1212098526  72.822662
1212343741  11.425417
1212425365  63.756180
1212878287  45.551727
1213001711  76.036049
1211301245  5.728478
1211046955  57.417980
1211427342  11.442558
1211470666  44.331375
1212004403  5.524708
1212004847  18.043419
1212510724  54.374771
1212684596  8.682769
1212707662  101.001526
1212920942  16.311916
1211175435  84.778061
1211315153  68.601929
1211439147  76.770950
1211853477  75.452103
1211890877  79.894180
1212063414  174.583588
1212490843  73.249962
1211049594  70.470146
1211143449  83.326393
1211469500  67.627998
1211839111  68.442230
1211571133  41.009331
1211637083  81.354851
1211712431  74.327415
1212320470  0.716210
1212712135  62.528248
1213003647  7.817371
1211668080  6.971512
1212792146  3.190315
1211309161  69.743370
1211746984  46.209709
1212864827  45.245193
1211178721  10.640705
1211361191  10.775335
1212754246  69.813774
1212176446  104.463562
1212739979  78.716232
1211201540  63.051975
1211266500  11.238115
1212416563  25.498026
1212764443  7.601037
1212921051  12.790883
1211670494  12.305014
1212252138  7.108776
1212470022  65.530777
1212778729  81.695221
1211163268  59.600147
1211844846  59.321190
1211429457  38.171204
1211495315  62.332912
1211708167  69.582932
1211301245  5.728478
1211312993  102.055168
1212940081  10.280502
1211399222  105.862663
1211789667  126.317314
1212265056  40.227634
1212794121  80.114326
1212804288  53.327751
1212869730  76.822121
1212288474  80.216782
1212319881  79.348106
1212831575  55.619602
1212857129  50.599258
1211102439  70.733932
1211325139  71.985245
1212309348  35.264183
1211440308  65.940445
1211742979  63.929527
1211028114  8.139170
1211493415  66.496147
1211515743  65.713020
1211879463  80.974556
1211077563  93.219902
1212973902  13.022359
1213027047  10.765818
1211225902  63.047470
1211566563  11.668747
1212005570  86.473793
1212503995  6.850249
1212542536  79.486938
