1211049919  2.093059
1211225938  5.245195
1211472135  8.261608
1211479300  7.157129
1211491336  10.585985
1211589165  7.794390
1211862140  12.075747
1211910004  16.668158
1211911245  3.908882
1211923353  7.597900
1212010952  7.157129
1212090433  7.574903
1212093704  8.282665
1212113059  4.952096
1212164039  21.102098
1212169229  19.593311
1212185601  2.690221
1212222027  9.626363
1212349435  2.058746
1212354390  3.549350
1212358949  7.938995
1212430125  16.103134
1212432272  8.793144
1212437812  2.369500
1212444616  2.690221
1212503022  13.243885
1212515386  22.561316
1212515554  15.834749
1212516599  7.568780
1212517458  6.194987
1212616150  10.217940
1212637260  3.549350
1212649692  11.691710
1212676314  5.232427
1212737814  9.131823
1212787978  2.093059
1211151967  11.840277
1211152765  9.177982
1211217461  8.609274
1211255450  16.527063
1211258911  3.192254
1211334644  10.565660
1211363013  9.189775
1211497794  7.214194
1211618979  21.391077
1211746336  4.201393
1211931131  9.423180
1211935546  5.121098
1211955310  9.821590
1211959202  21.472906
1212000715  16.244726
1212047123  13.684956
1212200450  2.152177
1212312274  10.881904
1212593301  7.454346
1212633242  14.422161
1212697449  15.874180
1212702752  11.831167
1212718720  6.312374
1212783939  3.978016
1212815704  4.906747
1212835271  12.151707
1212847176  14.803931
1212871404  3.622801
1212873368  9.942814
1212879063  7.935370
1213031794  3.621891
1211021350  8.061416
1211065889  3.898279
1211073361  7.607932
1211150020  1.993389
1211173924  9.213097
1211265591  9.832001
1211300629  8.486524
1211309085  8.460719
1211311536  2.283337
1211320391  7.423461
1211388568  10.442707
1211470995  9.752917
1211480110  16.083424
1211505831  7.171710
1211590148  14.038900
1211616832  11.245130
1211649820  23.984608
1211787535  2.659973
1211907362  4.648545
1211956960  11.257142
1211968262  7.679390
1212090084  6.550234
1212131206  8.063148
1212987200  8.970811
1211038680  2.616214
1211044723  8.846453
1211051621  6.351196
1211052130  6.351196
1211056391  2.242563
1211056866  2.058746
1211169008  9.063112
1211237524  11.952498
1211250796  12.986283
1211268082  6.405239
1211342767  2.735818
1211480789  8.486524
1211517952  5.991256
1211669190  4.098504
1211736398  10.565660
1211744546  1.993389
1211838064  3.040242
1212004893  3.501161
1212032569  9.622078
1212037316  6.189265
1212038063  19.375996
1212116248  7.299969
1212175163  1.962242
1212198549  3.070146
1212332263  22.002613
1212343930  11.734603
1212468777  3.420272
1212475906  10.584085
1212516097  8.347400
1212738621  12.157325
1212780479  4.604312
1212780725  2.771270
1212850017  3.549350
1212866347  10.846706
1212870645  0.000000
1212870647  0.000000
1212870706  0.000000
1212870707  1.962242
1212953910  9.942814
1212965611  5.311903
1212966819  2.058746
1212979701  4.600356
1211043039  9.779818
1211069142  5.319947
1211175928  5.232427
1211228521  7.416184
1211255237  4.648545
1211260389  10.028413
1211317526  4.193909
1211474205  6.306190
1211532015  14.256292
1211587928  30.911848
1211588911  3.903022
1211654168  13.190893
1211678014  3.501161
1211700757  9.635108
1211817119  11.512620
1211831917  22.326727
1211869120  6.657615
1211900773  9.455552
1211908846  20.401190
1211929823  2.882379
1211940649  2.646119
1212034954  2.646119
1212080547  5.223314
1212128395  6.924134
1212176623  17.698586
1212182009  9.894625
1212185696  9.779818
1212255669  7.861529
1212297928  18.695295
1212304003  6.208892
1212313212  13.817709
1212351899  6.342354
1212387469  2.483281
1212450327  4.990336
1212455949  4.235121
1212465798  3.434324
1212538259  3.501161
1212539072  2.093059
1212548027  14.749871
1212556222  12.262902
1212558233  6.930297
1212697098  0.000000
1212697137  0.000000
1212697147  8.437456
1212769748  2.058746
1212773012  8.762791
1212827259  6.208892
1212833515  7.935370
1212856919  13.267031
1212857420  7.891799
1212896402  7.703291
1212913870  8.845372
1212961921  10.234811
1212989287  11.710461
1212996481  10.914100
1213035531  7.766006
1211204753  9.885283
1211217422  5.117690
1211243135  5.414860
1211257070  11.952498
1211306476  6.351196
1211309313  4.648545
1211349192  5.911052
1211354441  12.040916
1211376133  12.886217
1211383166  8.347400
1211383897  13.399774
1211384948  7.861529
1211401612  4.469567
1211430870  10.520080
1211449800  8.995008
1211486349  4.727334
1211592328  2.646119
1211754141  4.572340
1211807618  3.501161
1211834932  7.861529
1211853037  7.319291
1211856159  7.002401
1211908741  11.614868
1211909472  15.712584
1211944762  11.944544
1211949933  1.381789
1212012280  3.347323
1212075918  21.770243
1212127740  9.305182
1212170870  10.400933
1212444975  10.656885
1212463958  11.047007
1212468331  9.337580
1212469959  6.768575
1212506356  11.216960
1212511469  18.343225
1212515333  8.539172
1212528331  2.735818
1212534279  11.734603
1212585391  5.443882
1212677795  29.769073
1212701699  3.751244
1212746469  15.367781
1212777823  3.837972
1212789030  5.578254
1212790976  2.530960
1212815462  5.982164
1212823385  5.663949
1212912970  8.817078
1212920393  8.656767
1212959574  6.998145
1212989384  21.976931
1211045982  6.312374
1211048017  6.804852
1211050365  18.538935
1211058940  4.290252
1211070151  3.327516
1211149443  9.067942
1211160390  7.599545
1211216624  9.354265
1211485366  6.657615
1211497991  10.887969
1211501686  3.501161
1211512927  10.032426
1211559832  7.914282
1211591159  7.324957
1211613043  3.501161
1211645693  16.803337
1211649826  8.486524
1211679080  9.177982
1211693054  8.356979
1211707579  7.212867
1211707644  11.003367
1212121486  5.831787
1212126385  20.088593
1212182430  5.470277
1212251520  4.776999
1212255674  8.234060
1212258493  20.604719
1212260289  10.565660
1212263369  10.791354
1212373759  6.490077
1212464041  10.904853
1212514280  11.046505
1212593248  5.881727
1212629563  6.393573
1212767840  2.283337
1212769094  17.573650
1212785257  7.146845
1212879894  2.565898
1212892363  4.983264
1212966917  2.380764
1213030706  3.501161
1211232492  8.845372
1211329095  7.809894
1211348953  6.351196
1211492922  2.455580
1211632876  9.570421
1211773974  7.271132
1211778579  4.704936
1211868297  6.616858
1211868985  7.715021
1211954795  22.587482
1212243652  16.823162
1212248847  9.464023
1212252149  3.192254
1212254713  12.616688
1212256335  11.746685
1212264587  5.869510
1212270003  12.191968
1212427923  8.907015
1212477502  6.610216
1212544010  7.849600
1212733308  11.511107
1211086989  9.303053
1211266112  10.881904
1211304286  9.060325
1211405268  7.732652
1211441107  12.267586
1211441161  34.719803
1211615594  6.768575
1211618830  0.119323
1211682198  9.038922
1211877920  8.313101
1212003246  7.923816
1212043689  1.813235
1212046334  218.371613
1212124126  11.006533
1212170811  7.483917
1212178717  4.624841
1212216219  4.112113
1212388604  4.808840
1212421060  3.164965
1212451057  2.690221
1212561478  4.706194
1212585533  12.570731
1212592225  8.486524
1212605710  9.942814
1212613446  11.713411
1212684355  8.621978
1212731249  55.344849
1212733133  11.990918
1212882692  5.112417
1212921697  13.465522
1212957673  6.768575
1212970333  4.454490
1213034258  4.856083
1213045891  5.412856
1213049036  6.543894
1213052632  5.265296
1211047699  7.075782
1211153659  3.909342
1211224637  6.342596
1211232535  5.319947
1211413939  6.247078
1211427870  2.735818
1211493739  7.091530
1211523210  7.724532
1211558264  14.265656
1211829399  2.690221
1211842330  9.157822
1211912969  8.815518
1211931350  8.845372
1211705088  14.582048
1211719459  25.008381
1211772754  7.934819
1211775100  10.254169
1211776852  6.984196
1211865520  7.547501
1211990959  6.128899
1212007686  2.603439
1212021151  10.009974
1212078621  7.953336
1212169124  5.887321
1212170113  9.224126
1212211086  14.016024
1212262325  4.620131
1212264792  7.121682
1212447618  7.168862
1212507820  0.000000
1212507846  0.000000
1212507848  0.000000
1212507887  6.987268
1212535246  5.589949
1212559887  9.145215
1212599048  10.374735
1212605730  7.632144
1212607161  25.439877
1212607793  13.930600
1212704877  6.063320
1212721077  8.137163
1212732886  19.693987
1212739399  21.499336
1212740450  9.509048
1212746415  7.001974
1212777197  20.521772
1212863631  5.616052
1212894448  9.258025
1212913682  9.396212
1213018967  8.899845
1211038678  3.497922
1211084438  7.938622
1211109634  12.819209
1211168829  6.810624
1211360620  7.441277
1211579903  2.735818
1211711060  6.768575
1211858770  13.257211
1212291279  3.627542
1212300852  9.166493
1212314020  12.357668
1212361279  9.189485
1212384094  3.819448
1212581102  19.156065
1212608751  0.000000
1212608815  1.902781
1212619267  4.743289
1212725293  7.521872
1212770984  8.256325
1212941381  0.000000
1212941408  0.000000
1212941412  4.916469
1212952071  8.810406
1213012093  8.282606
1213021425  12.151707
1213035313  5.063639
1211047809  9.550869
1211053589  10.695415
1211068918  6.885386
1211145645  15.615520
1211152477  8.883487
1211173008  9.605146
1211209538  7.451169
1211356998  10.981899
1211386893  4.864109
1211421996  6.779744
1211476756  6.048758
1211526564  7.815957
1211560408  6.342596
1211644782  10.726086
1211687146  3.820722
1211777456  11.148517
1211780394  25.892178
1211849118  18.588959
1211863041  12.591714
1211920693  7.517611
1211944226  4.757269
1211955349  8.536129
1212009401  2.690221
1212015826  8.703262
1212096071  2.882379
1212105769  10.466120
1212121863  7.886352
1212124654  7.103581
1212215640  9.852891
1212253185  10.192929
1212257781  13.797194
1212262733  5.319947
1212319746  15.387897
1212387640  10.111337
1212413827  15.559280
1212454869  8.153435
1212534300  5.005294
1212552221  4.553387
1212615849  6.657615
1212693203  10.918306
1212721722  3.873463
1212769366  4.078195
1212802706  6.187691
1212804366  16.936945
1213039042  3.757859
1213047463  0.000000
1213047539  12.421866
1211310498  5.170536
1211408097  6.595100
1211415091  6.109797
1211614280  9.784837
1211624779  9.613527
1211681137  0.000000
1211681140  0.000000
1211681203  3.490822
1211693340  6.457066
1211702581  2.831811
1211778647  8.377382
1211917741  10.779972
1211974697  9.855559
1212282602  12.191968
1212331883  11.587437
1212342637  9.190155
1212354613  12.413835
1212369115  8.779162
1212384329  61.021454
1212414987  9.810322
1212425102  22.704220
1212429638  7.162898
1212509368  8.330946
1212535609  7.536504
1212576486  10.698395
1212765981  3.482459
1212777233  9.788457
1212786927  3.775054
1212792217  4.829350
1212828570  2.339322
1211118963  3.482459
1211136049  5.156395
1211141776  8.494107
1211166543  2.690221
1211330566  6.907341
1211342494  14.813781
1211350281  6.198618
1211387393  19.440022
1211422623  5.000921
1211486193  5.414860
1211515605  6.313910
1211525841  8.983438
1211626211  9.038922
1211627108  11.459692
1211737148  15.523376
1211819459  10.611543
1211830934  6.458843
1212008155  3.312485
1212088294  2.646119
1212185116  3.549350
1212250859  15.575163
1212262097  6.685469
1212347517  13.922304
1212350456  2.058746
1212370087  7.732652
1212429946  5.008257
1212439672  13.079329
1212531372  6.883296
1212558613  9.843372
1212598431  9.768984
1212628232  11.645889
1212733698  14.320322
1212774713  10.484685
1212786479  0.000000
1212786539  9.937493
1212812111  14.787373
1212815354  3.962430
1212861274  2.058746
1212868255  10.559683
1212952086  8.417410
1212961095  6.215389
1212961291  4.285533
1212966984  10.285669
1212978122  7.950463
1212988452  6.300235
1212991712  21.496490
1213031519  5.293901
1213037896  11.244575
1211048594  7.861529
1211068884  6.976590
1211079727  7.974630
1211081362  8.532164
1211177039  15.414888
1211237177  10.735181
1211287069  10.881904
1211306942  3.549350
1211315562  12.151707
1211336680  8.539172
1211343802  9.621756
1211387538  5.343612
1211415724  9.843372
1211425981  13.898669
1211429807  2.483281
1211478813  8.703262
1211523841  10.918306
1211662124  7.547501
1211831152  5.148335
1211831274  13.766312
1211898685  3.501161
1211925456  3.549350
1212031862  8.522412
1212081886  25.520121
1212099278  5.803578
1212112875  9.109369
1212117520  5.299977
1212170374  12.385292
1212180274  9.942814
1212235833  6.720386
1212250448  4.572340
1212359917  3.549350
1212368021  10.565660
1212527639  4.838976
1212528231  6.351196
1212538692  2.093059
1212544649  3.820244
1212692551  8.669707
1212701448  10.638873
1212705008  3.501161
1212733092  2.690221
1212767177  14.048004
1212781792  3.549350
1212785362  2.093059
1212795790  6.384508
1212866670  3.192254
1212985678  10.219083
1211483315  3.501161
1211633840  9.570421
1211643419  15.271367
1211797478  11.134543
1211818212  7.935370
1211914424  10.507774
1211955532  16.357870
1211982053  9.758252
1212000189  7.732652
1212034344  825.828430
1212086846  6.550234
1212087866  42.678253
1212087949  4.316542
1212113412  0.681231
1212259226  15.834749
1212263080  2.522082
1212358770  8.205416
1212420514  6.351196
1212502275  6.657615
1212508249  3.501161
1212509208  7.732652
1212514032  8.256325
1212556096  6.768575
1212850963  3.332423
1212962205  3.950273
1212981545  7.861529
1211155490  1.270982
1211310511  9.816155
1211339008  2.152177
1211393544  14.930909
1211431311  17.920221
1211484959  3.000995
1211499284  1.962242
1211716865  9.299966
1211758076  4.235121
1211781430  14.813117
1212014178  2.934786
1212105258  3.501161
1212118066  6.187691
1212118881  4.162357
1212125913  10.051557
1212215579  13.440177
1212363415  24.860939
1212454978  6.513802
1212615307  4.727334
1212632771  10.294538
1212637507  9.944633
1212782439  4.893206
1212786069  7.034515
1212970577  4.242508
1213028238  5.312284
1213061352  0.000000
1213061412  1.962242
1213061771  3.560503
1213074788  6.291784
1213077646  7.793966
1211048280  8.374463
1211064649  3.020190
1211164781  4.235121
1211291132  0.803170
1211324279  8.703262
1211347431  13.962565
1211487565  7.724532
1211493102  5.485769
1211550421  7.974630
1211578664  2.831811
1211777039  3.192254
1211817959  14.387341
1211904603  7.935370
1211924023  6.924134
1211981858  3.775054
1211989759  2.646119
1212183351  3.443765
1212299758  4.838976
1212344152  27.890715
1212420171  2.882379
1212448724  8.023330
1212475443  5.334316
1212513669  6.405239
1212591133  10.007806
1212643301  13.312333
1212697651  2.093059
1212705362  3.501161
1212779177  0.000000
1212779190  3.302332
1212788514  3.501161
1212879707  16.972349
1212881792  51.283802
1212908202  7.935370
1212943311  2.093059
1212965544  5.232427
1212984945  10.130653
1213029866  5.719923
1211066382  2.690221
1211085194  13.374848
1211089974  18.758745
1211120593  6.657615
1211141504  6.768575
1211188653  6.448306
1211231959  3.231841
1211333162  3.491164
1211472956  8.992795
1211579472  6.976569
1211607057  10.542319
1211609092  33.656609
1211645336  16.816990
1211654683  10.027644
1211709190  7.732652
1211750711  12.198817
1211754366  7.679274
1211838462  8.212765
1211840357  6.187691
1211905502  21.477310
1211917693  4.276736
1211946358  11.047571
1211991433  4.727334
1212013466  1.763159
1212029811  11.928530
1212044886  10.846706
1212086446  7.540642
1212124516  0.000000
1212124576  9.437130
1212135789  10.219083
1212183288  8.599734
1212309761  10.606072
1212440617  3.276323
1212506635  18.422661
1212547769  27.643887
1212550813  16.088093
1212555318  12.776631
1212652541  6.061410
1212684473  11.402006
1212725160  13.491220
1212830488  8.624187
1212879866  9.942814
1212980284  8.215858
1213028458  7.044979
1213032959  6.397443
1211082368  8.842034
1211101799  9.189775
1211165440  9.337580
1211233053  5.232427
1211252738  8.976083
1211303448  3.045533
1211309748  4.917356
1211318968  12.030329
1211406081  0.000000
1211406144  1.639411
1211431193  6.413558
1211470833  2.782987
1211490353  3.282338
1211509551  2.058746
1211517515  3.063012
1211549780  7.935370
1211578487  6.025640
1211629365  10.010209
1211645224  10.730793
1211736121  3.727294
1211739381  10.914100
1211811862  15.834749
1211813663  4.001027
1211817609  14.759121
1211818320  7.935370
1211821080  2.165233
1211823903  15.080713
1211832208  15.834749
1211832818  15.268056
1211834563  6.351196
1211901639  9.469347
1211923370  3.394149
1212035732  3.921575
1212095413  13.873765
1212165432  3.685433
1212177548  5.621805
1212182789  3.696396
1212261923  15.834749
1212262122  2.093059
1212273058  6.446262
1212334874  6.768575
1212480587  19.440022
1212538376  5.976249
1212611035  3.501161
1212614664  2.782987
1212640057  3.040242
1212675291  4.529009
1212692191  4.673563
1212699081  1.585660
1212722832  6.685469
1212732562  6.609663
1212755505  15.575163
1212770954  2.229387
1212807324  5.507818
1212821333  9.163577
1212852883  0.000000
1212852886  2.165233
1212986934  9.171444
1213019843  5.116073
1211174159  9.131823
1211211539  6.912173
1211287791  19.532553
1211298898  7.698068
1211305025  15.427203
1211382163  2.483281
1211431703  6.376488
1211446856  12.151707
1211528839  10.648050
1211563561  6.966924
1211595536  10.903011
1211773857  3.802875
1211875349  13.011952
1211998268  5.276642
1212008010  6.557651
1212083842  15.599035
1212115086  8.868400
1212196919  8.626941
1212226990  18.179195
1212284839  7.861529
1212379376  10.377596
1212493274  13.920660
1212515156  5.415266
1212521951  6.751570
1212531044  4.119013
1212557585  10.831941
1212611644  4.734215
1212825240  9.226555
1212831359  21.200647
1213077315  6.247078
1211050680  12.379078
1211141154  2.690221
1211147018  7.937838
1211167154  12.123534
1211169760  12.996541
1211229129  2.462422
1211309293  3.521143
1211315731  10.769566
1211347781  13.062870
1211383547  2.483281
1211390604  7.838319
1211404403  3.970316
1211415424  3.621891
1211418895  5.896373
1211420151  18.795488
1211474597  8.909377
1211507997  11.785908
1211567391  4.774311
1211632817  10.560010
1211647372  8.377534
1211659021  13.207076
1211666242  7.031311
1211688918  14.041773
1211786113  6.247915
1211859453  3.241634
1211938446  1.794050
1211953207  7.935370
1212012991  0.000000
1212012995  0.000000
1212013010  7.116932
1212105882  2.671990
1212109994  10.064697
1212170158  10.215505
1212209714  15.588694
1212249557  6.206470
1212254777  4.358011
1212267431  19.326880
1212309373  6.608992
1212364954  2.242563
1212505786  3.923494
1212531959  3.491164
1212538515  4.829933
1212585110  9.340619
1212686442  7.813939
1212686685  2.616323
1212722637  5.955239
1212760982  8.971489
1212765216  7.157129
1212766939  3.282338
1212780900  1.758641
1212803392  4.786170
1212821136  6.448306
1212858129  965.641968
1212858130  24.207930
1212882832  11.210953
1212889545  3.970426
1212896984  7.037604
1212943392  4.966436
1212945628  6.187691
1212996444  11.555203
1213003745  11.712748
1211027134  9.476176
1211041633  13.858133
1211047892  10.873853
1211085717  9.613145
1211112301  7.936674
1211215299  14.619717
1211244158  3.549350
1211258899  3.819448
1211344066  4.648545
1211386206  7.520639
1211442919  7.057197
1211471152  7.255085
1211474253  16.252367
1211512858  11.542233
1211533057  9.352644
1211624247  9.621756
1211706871  9.321388
1211748917  10.690840
1211911428  9.737916
1211996323  16.506229
1212002700  10.358069
1212029465  2.690221
1212165987  9.038378
1212205198  11.837793
1212378201  12.151707
1212460835  3.501161
1212559429  5.795219
1212563605  12.103518
1212580448  7.846680
1212686323  4.536540
1212692160  5.967335
1212767927  2.723548
1212769052  8.086608
1212805691  9.173454
1212848490  4.694071
1212864835  15.492019
1212891446  9.270230
1212971434  6.407053
1211074412  3.501161
1211099831  7.131874
1211143651  4.235121
1211158308  8.970251
1211160269  2.158613
1211184543  9.237358
1211346780  6.862219
1211350260  5.140920
1211432556  17.180122
1211472714  3.501161
1211609213  5.392130
1211661370  15.080949
1211666030  5.431690
1211669470  3.549350
1211691684  8.933183
1211775697  4.971407
1211851887  15.197473
1212119773  6.657615
1212122233  6.048758
1212258737  6.405239
1212293218  9.315461
1212371827  21.235762
1212383990  13.612727
1212941334  14.875048
1213021289  2.093059
1213029834  2.246695
1211222866  10.661762
1211245708  7.693247
1211308613  16.668158
1211309152  0.000000
1211309211  2.093059
1211310028  16.896555
1211310143  20.870071
1211310633  2.690221
1211343772  3.465369
1211409247  9.342642
1211419534  5.312284
1211423278  6.446262
1211480931  3.045533
1211516254  0.000000
1211516278  8.212765
1211520487  9.991994
1211551573  9.919212
1211613952  8.200348
1211614114  6.256917
1211773360  2.093059
1211785536  9.621756
1211811542  10.028413
1211819627  25.585573
1211820173  9.660343
1211829156  4.572340
1211858542  2.690221
1211890834  18.409853
1211912154  8.938435
1211917879  6.194987
1211924322  9.469347
1211945801  6.022581
1212090529  6.907771
1212150018  11.672322
1212151742  15.712584
1212186494  4.235121
1212294130  6.945903
1212305164  3.549350
1212382392  11.155086
1212427301  12.727286
1212433227  2.058746
1212438393  10.415749
1212442902  9.083685
1212479758  11.576228
1212494013  20.881586
1212495228  11.724193
1212500598  14.387341
1212520669  17.453072
1212520808  4.648545
1212523619  1.612088
1212537679  5.392130
1212538401  3.549350
1212581663  13.248533
1212641847  5.093659
1212675261  8.337020
1212694077  21.707638
1212806966  6.987533
1212812698  7.534564
1212822331  10.744740
1212857450  9.625596
1212881338  2.325621
1212907388  14.048004
1212971268  5.121447
1211199526  8.082972
1211257593  12.151707
1211264497  5.068689
1211301065  9.270230
1211430418  19.803934
1211614535  12.151707
1211938439  12.678793
1212043353  1.048929
1212119780  9.179091
1212202393  7.370184
1212260220  13.150126
1212307956  5.319947
1212545431  14.048004
1212732864  14.260107
1212735009  8.465786
1212958359  53.947052
1212979962  2.093059
1211105054  14.434711
1211305217  9.173631
1211322694  2.735818
1211343067  5.692913
1211355098  11.784688
1211373229  13.964763
1211409098  2.283337
1211431909  11.005949
1211467688  18.961033
1211474877  7.122489
1211550703  8.708655
1211565267  3.754150
1211577116  2.445655
1211594648  9.493782
1211618607  12.213909
1211649188  7.935370
1211718029  36.948887
1211794936  7.856143
1211809506  21.033968
1211846992  17.875135
1211913393  2.058746
1211956089  16.694742
1212005002  2.093059
1212009420  2.093059
1212100665  11.069379
1212175425  9.028750
1212179876  3.139922
1212186380  6.643546
1212364524  52.289345
1212502759  12.627028
1212506938  6.750686
1212512593  7.357111
1212572543  6.887607
1212588939  13.294347
1212681684  5.274030
1212713342  8.817787
1212754637  10.695415
1212779851  9.003375
1212791280  5.683033
1212828870  5.581863
1212847625  11.261045
1212856714  26.922787
1212871847  8.873672
1212893177  9.043271
1212902305  1.488081
1213027024  13.789304
1213029512  11.423701
1211042773  6.351196
1211047404  2.093059
1211061952  9.258025
1211082657  10.400748
1211095084  8.209003
1211148975  9.928725
1211203332  9.779818
1211227065  8.269092
1211404850  2.603439
1211440626  14.196060
1211446617  12.488911
1211508781  1.531506
1211598874  2.137984
1211608265  5.918628
1211621817  9.187494
1211628949  11.176281
1211630493  8.486524
1211682440  2.058746
1211694735  7.809894
1211699309  8.132617
1212100722  5.617071
1212101584  5.967335
1212113939  9.942814
1212117473  10.559683
1212125664  14.627131
1212154775  13.421242
1212204265  6.458843
1212213405  8.460719
1212287429  0.000000
1212287433  6.604663
1212313891  6.448306
1212346409  11.236315
1212372849  4.834527
1212381417  10.456712
1212386811  28.288746
1212474548  8.992795
1212597789  12.362632
1212616189  3.970426
1212622123  1.612088
1212722995  5.085190
1212724062  12.591714
1212730842  5.568930
1212733427  3.501161
1212736206  9.342642
1212742752  10.488566
1212763631  7.132380
1212846820  2.483281
1212927796  11.154596
1212934855  16.043257
1213024762  9.457808
1212530139  6.975225
1212540937  3.836484
1212594445  6.087889
1212596560  9.258025
1212611492  13.102702
1212686146  22.990646
1212707780  15.171070
1212785716  6.909785
1212934669  18.217798
1212934854  1.734036
1212978429  1.768782
1213005870  8.486524
1213023137  9.213322
1213026272  6.640356
1211072127  2.483281
1211092403  9.994453
1211258733  5.885717
1211431724  5.047223
1211464875  8.486524
1211544788  14.320577
1211561144  0.000000
1211561150  3.482459
1211566043  14.845078
1211573982  19.001699
1211690336  9.455552
1211788228  6.887607
1211845730  8.678397
1211917927  6.988499
1212164677  4.980584
1212208207  8.060364
1212263438  9.667531
1212272069  4.772551
1212308489  2.093059
1212459733  8.847549
1212464807  0.000000
1212464866  8.707786
1212533394  3.934894
1212534700  10.725630
1212545863  9.937493
1212602519  4.537629
1212618283  6.557599
1212629645  4.677838
1212631916  5.406537
1212697973  7.715021
1212704526  10.507421
1212795822  3.135368
1212817381  11.167420
1212883252  6.657615
1212965355  11.373567
1213032303  7.861529
1211018590  11.154596
1211042697  2.690221
1211053378  5.000921
1211065474  1.993389
1211072405  15.623911
1211099218  9.012323
1211136009  5.503336
1211274794  14.932459
1211313048  3.549350
1211352761  1.962242
1211404681  11.981450
1211430854  10.929994
1211513696  2.858735
1211533076  18.919556
1211557652  5.635333
1211562272  5.193567
1211609821  2.165233
1211686322  4.910795
1211691702  3.000995
1211787087  7.354207
1211800939  16.541302
1211810412  5.312284
1211820738  10.285669
1211844317  11.521388
1211915497  8.242700
1212102738  3.501161
1212129444  8.630363
1212190902  3.501161
1212215078  10.084463
1212253982  53.980515
1212294873  10.695415
1212374370  18.791752
1212448251  3.890179
1212456494  9.515398
1212492311  23.869659
1212493538  7.695305
1212497844  6.342596
1212501136  8.779162
1212511208  13.501897
1212545030  8.992795
1212623612  3.334439
1212653519  7.935370
1212679263  2.562115
1212683016  17.773628
1212708726  49.498280
1212833078  12.169739
1212845078  6.513802
1212868911  4.626040
1212870588  7.985450
1212878475  5.683176
1212888572  5.312284
1212953004  9.654428
1212956695  8.062654
1212991993  7.968427
1211045490  7.574420
1211113500  11.372796
1211300756  3.817780
1211474510  12.841770
1211515322  3.089278
1211519661  7.861529
1211586863  3.434855
1211621108  8.763322
1211650973  6.237963
1211898289  5.312284
1211955363  17.229851
1211962798  21.610973
1212066339  14.964365
1212073193  7.994776
1212177820  9.009045
1212201170  9.613145
1212308444  6.647173
1212337740  10.248682
1212364469  20.860971
1212454066  3.631042
1212511740  4.633111
1212520458  8.542079
1212538436  3.068379
1212548025  9.741538
1212549660  12.570731
1212602738  10.248082
1212641139  13.869964
1212707496  7.423771
1212827433  13.644929
1212849720  1.661599
1212867439  8.327619
1212869997  3.360267
1212900647  8.212765
1212902083  16.797449
1212947668  4.364384
1212983629  13.962565
1212990028  21.256762
1213005505  5.225198
1213020574  8.265141
1213031002  7.392317
1213031505  9.604881
1211030999  20.336872
1211037002  4.620271
1211037183  20.729959
1211053760  1.944738
1211067798  11.155630
1211082693  4.764132
1211167767  13.872711
1211169756  0.365479
1211380176  27.759975
1211383049  7.370184
1211386928  2.562115
1211423164  6.861365
1211474031  8.263715
1211505043  2.522082
1211512137  11.717501
1211562105  4.233365
1211597967  6.643546
1211609214  15.070469
1211682472  7.732652
1211683231  7.956116
1211708619  4.412824
1211776164  8.244993
1211808136  16.638023
1211946376  12.986283
1211949783  21.472906
1211950762  9.487557
1211953930  13.056092
1211999614  3.380334
1212012277  3.068379
1212015910  6.650016
1212028039  5.232427
1212038684  7.933162
1212072737  8.686860
1212100715  67.863213
1212104683  6.120799
1212114741  1.605561
1212508930  6.378170
1212512741  1.846816
1212524065  10.497585
1212536261  2.958728
1212557221  24.164789
1212560439  14.558994
1212605235  14.205136
1212613515  4.207805
1212635325  9.645547
1212648515  4.498592
1212682737  10.210307
1212693324  30.455761
1212718106  0.562642
1212811912  8.217696
1212819090  20.720575
1212826657  13.692831
1212878078  17.743956
1212881625  8.788665
1212888848  7.580690
1212899516  3.434855
1212944107  12.257729
1212963361  8.493311
1212965763  3.302332
1212969605  2.522082
1212972465  7.747284
1212973136  5.098269
1212992491  5.952282
1211428812  10.912878
1212114204  7.034515
1212278106  8.486524
1212341688  15.834749
1212505271  13.430105
1212521196  9.353810
1212546630  7.317637
1212609396  12.888000
1212783462  23.022511
1212785161  40.022850
1212785262  9.605069
1212807919  10.956091
1212878449  3.020190
1212905005  146.805893
1211031308  9.437000
1211042933  9.270230
1211043804  11.922865
1211050331  12.408449
1211050820  5.862642
1211056529  9.118259
1211058727  10.662376
1211097424  8.353021
1211142859  12.109140
1211149364  7.927349
1211219808  12.841770
1211239961  11.713411
1211269466  12.591714
1211304629  15.703067
1211328674  6.924134
1211433221  1.932054
1211504689  5.407750
1211578451  14.283257
1211582416  5.232427
1211591458  2.304960
1211608956  4.721583
1211613611  5.806910
1211651267  1.942752
1211652507  9.342642
1211866707  10.695415
1211870944  8.995008
1211934822  3.549350
1211949934  9.378210
1211996148  2.646119
1212110370  11.652038
1212129930  8.588555
1212362545  5.190688
1212423864  5.232834
1212456739  2.203219
1212539855  5.402323
1212544071  11.000864
1212544836  14.878819
1212724864  8.623978
1212778889  14.235783
1212802679  4.566731
1212807043  7.945911
1213032237  11.713771
1211046624  10.493324
1211048018  6.877284
1211048770  6.210112
1211052124  6.351196
1211147585  8.184533
1211298029  7.244501
1211308128  3.621891
1211348689  3.501161
1211390722  13.025910
1211405260  3.549350
1211511410  2.735818
1211643162  2.058746
1211646782  6.458843
1211725961  9.177982
1211787732  11.547769
1211834095  2.093059
1211920879  6.312374
1211957629  12.591714
1212044170  6.768575
1212095844  7.423771
1212120780  6.290819
1212132230  10.969058
1212174101  8.779162
1212211129  0.000000
1212211141  566.655151
1212299214  5.769838
1212350448  15.834749
1212357879  4.856083
1212377446  9.463881
1212417947  8.845372
1212420909  5.804307
1212432705  21.960716
1212433647  8.540318
1212611646  6.405239
1212647139  3.031533
1212677890  10.760486
1212719650  14.487424
1212845726  3.443765
1212861451  3.751244
1212932390  10.565660
1213017883  5.005294
1213023545  3.754150
1213028158  6.405239
1211033530  2.690221
1211039158  16.960154
1211051888  3.443765
1211053694  8.861188
1211147181  11.840277
1211188329  9.211330
1211198972  7.009494
1211331437  7.454399
1211352915  12.763428
1211383049  7.256796
1211401628  4.571589
1211421412  9.458611
1211442339  6.503599
1211499649  2.283337
1211504069  4.072961
1211518255  2.690221
1211528025  7.886352
1211617697  4.130863
1211685294  4.306902
1211765477  11.006500
1211765848  6.351196
1211817497  23.272917
1211841933  2.690221
1211909671  4.266251
1211916063  20.679489
1212018285  2.305903
1212020290  1.697075
1212048701  13.102702
1212076315  7.387114
1212076732  4.566731
1212079012  19.804743
1212083034  2.181260
1212114897  0.791298
1212209502  5.426818
1212240362  3.549350
1212431109  10.392453
1212627048  2.970679
1212636423  7.855456
1212652542  5.312284
1212719905  3.963036
1212756223  11.386662
1212785891  1.846816
1212887213  6.153250
1212967087  2.128534
1212979551  11.069436
1212985389  5.699943
1212993409  15.237240
1211022626  12.247550
1211098900  4.648545
1211135862  19.784695
1211219042  1.962242
1211221799  13.402768
1211377671  12.841770
1211393095  24.847410
1211402948  1.346462
1211464113  3.549350
1211466680  7.536504
1211470418  3.872018
1211603895  7.410234
1211689338  8.069868
1211777398  4.803692
1211907508  2.093059
1211924430  6.351196
1212001196  8.443923
1212067084  16.254862
1212293609  7.863523
1212413224  10.846706
1212425408  8.012625
1212452559  5.872954
1212462924  1.697075
1212500405  9.223184
1212503741  5.232427
1212511581  22.732821
1212512056  6.949335
1212515802  16.539562
1212527884  10.161290
1212562004  2.093059
1212968009  2.877666
1213084211  7.339808
1211080210  8.465786
1211104979  8.491512
1211144956  5.773814
1211220461  24.547167
1211235998  3.501161
1211302857  12.303044
1211323951  12.882812
1211377227  13.056190
1211390815  15.278596
1211402589  10.215178
1211427553  7.989005
1211461547  18.855101
1211463882  10.490934
1211528487  10.044834
1211613338  20.180973
1211661879  2.690221
1211664485  7.258637
1211709488  13.393078
1211953571  8.275294
1211957865  5.885717
1211991029  7.833714
1211995981  14.974715
1212017973  6.279176
1212068303  8.250179
1212104837  3.139922
1212180525  7.493654
1212225991  4.600356
1212259791  6.116471
1212314550  9.635138
1212373086  2.229387
1212432545  7.441307
1212631885  6.862219
1212638820  9.942814
1212647074  6.768575
1212676410  0.000000
1212676415  2.999157
1212715172  3.337044
1212759496  6.557599
1212775733  9.614039
1212783746  0.000000
1212783795  0.000000
1212783801  4.475268
1212866794  7.784027
1212918751  18.345808
1211100819  9.779818
1211164359  5.228356
1211279120  10.107143
1211493613  2.445655
1211945311  21.966686
1212014076  14.048004
1212172369  2.562115
1212285411  10.887969
1212359027  4.910720
1212376671  9.613145
1212420091  8.062669
1212430472  8.169744
1212461347  13.594843
1212536731  0.000000
1212536787  38.478352
1212555741  9.509048
1212624013  7.935370
1212644686  11.251431
1212688472  26.561867
1212692365  4.497947
1212693786  3.018078
1212718148  9.812737
1212734999  5.246868
1212741032  8.539172
1212766401  0.000000
1212766470  9.092704
1211022494  11.526175
1211054201  6.513802
1211223527  3.501161
1211372920  16.816990
1211503894  4.695815
1211523207  5.232427
1211567031  9.821590
1211681113  2.093059
1211806841  2.690221
1211818547  6.894584
1211831215  1.612088
1211841063  2.690221
1211926928  3.549350
1212031040  5.246868
1212035030  5.319947
1212100392  3.621891
1212160172  3.380334
1212175316  4.358011
1212201179  3.491164
1212224185  10.285669
1212254047  4.834527
1212289979  7.258538
1212363555  1.820051
1212406704  11.046505
1212429175  3.754150
1212440577  9.832231
1212496831  13.188875
1212532374  1.932054
1212580039  5.319947
1212595123  5.146649
1212607615  9.942814
1212618405  3.071380
1212618525  2.093059
1212623100  6.208892
1212644212  12.612380
1212670573  9.034565
1212706810  5.954246
1212712183  4.235121
1212783607  4.834527
1211023893  19.939962
1211041873  10.051557
1211044451  4.808840
1211137137  11.527814
1211188142  8.539172
1211216387  5.862642
1211230570  6.998145
1211334903  10.111337
1211390747  3.751244
1211441680  9.647852
1211515186  9.622078
1211543539  6.883421
1211573876  2.562115
1211648014  10.222938
1211730354  9.321413
1211818756  8.656767
1211854270  12.466717
1211917145  15.129303
1211917431  2.483281
1211940583  5.806910
1211940871  9.469347
1212010210  13.095453
1212097782  3.685433
1212120792  10.285669
1212157956  10.908291
1212159201  17.532848
1212209124  6.115139
1212311171  13.190893
1212462781  10.760486
1212518651  9.777593
1212524235  4.225950
1212545316  10.068015
1212560746  2.428440
1212612991  7.450725
1212627487  8.564567
1212633410  8.197721
1212646503  7.679390
1212654145  9.767667
1212696603  9.667531
1212710007  7.547501
1212788064  9.779818
1212839281  14.787373
1212889235  8.779162
1212913039  4.673563
1212990931  8.262923
1213033532  9.211132
1213041623  3.685433
1213042040  4.875841
1213065020  2.058746
1211033779  19.622162
1211120281  3.501161
1211153045  16.490721
1211174087  2.934786
1211176289  4.600356
1211181863  12.119177
1211230427  12.569503
1211377753  10.628585
1211410144  7.162629
1211472893  10.545337
1211490922  2.719852
1211507488  1.347854
1211557194  8.082972
1211584766  7.887445
1211618237  7.321349
1211769507  6.345539
1211830512  5.804307
1211842430  4.346143
1211893311  5.246868
1211958706  8.630363
1212005283  1.768782
1212014760  2.367054
1212125108  33.385971
1212168378  19.563122
1212189411  4.600356
1212337772  9.779818
1212339763  12.441837
1212364943  4.383399
1212389962  1.193289
1212534303  3.549350
1212566938  8.539172
1212608276  28.790453
1212610040  12.021309
1212683696  3.231841
1212792896  6.138400
1212936099  15.819760
1212984252  9.921909
1213024368  4.648545
1211042773  6.351196
1211047404  2.093059
1211144204  9.177982
1211152852  10.489622
1211166495  8.780835
1211262037  6.039441
1211292286  0.668400
1211320347  8.257895
1211337455  2.616323
1211381692  0.000000
1211381753  2.093059
1211389239  8.386112
1211469267  7.861529
1211488127  2.646119
1211524202  2.690221
1211532537  12.716206
1211554254  14.981753
1211572873  6.083674
1211580600  5.121098
1211593756  9.281451
1211600966  15.840325
1211656830  6.987533
1211793204  7.002401
1211827345  2.989134
1211868059  11.670812
1211920555  4.797454
1211921393  4.899539
1211926540  4.162877
1211948649  16.816990
1211960808  10.986577
1211981029  16.946960
1211988286  2.491632
1212001520  2.446470
1212003611  7.390371
1212017421  9.523233
1212030785  7.454399
1212079047  13.096426
1212134339  7.309692
1212166305  6.151729
1212227528  13.922304
1212267789  11.660878
1212270004  7.974666
1212279726  7.724532
1212303271  3.549350
1212373302  8.703262
1212382792  18.474670
1212389859  11.973453
1212422387  7.994776
1212440159  1.605544
1212461883  6.247915
1212524313  2.946696
1212528550  6.657615
1212600447  2.093059
1212604566  1.893245
1212611502  1.457890
1212617589  6.831660
1212629744  2.445655
1212678174  8.896262
1212691431  7.952366
1212697213  6.208892
1212720036  16.119932
1212799806  4.301426
1212954357  10.189926
1212954681  2.058746
1212956358  4.705689
1212981089  12.151707
1213033350  5.680559
1211096202  6.657615
1211206113  9.270230
1211235682  3.549350
1211334912  12.967388
1211462857  9.311080
1211482246  12.428021
1211492132  9.177982
1211498186  227.679550
1211564298  37.736923
1211570341  11.392353
1211836028  14.750805
1211915061  13.126229
1211993990  6.017745
1212045966  11.069538
1212099656  4.524940
1212120138  7.252045
1212122526  18.855101
1212134636  9.474223
1212183944  9.211330
1212207899  7.557577
1212332563  24.221092
1212426929  6.924134
1212512370  7.454346
1212528540  3.491164
1212539397  5.985476
1212555810  5.005294
1212596817  3.682055
1212639968  2.093059
1212735569  3.682335
1212810007  8.061741
1212906367  39.945374
1213028896  3.549350
1211063290  8.504981
1211146712  8.327003
1211152630  0.000000
1211152665  4.916469
1211152940  3.313055
1211165990  3.251247
1211170354  6.851367
1211306306  15.552320
1211415049  2.093059
1211473884  9.622078
1211562204  4.838976
1211660725  7.453086
1211705162  4.920233
1211906192  6.227825
1211920030  6.900321
1212048671  9.900214
1212214768  6.143530
1212219632  11.667725
1212360439  7.652808
1212464340  5.414036
1212599525  5.283905
1212609334  24.971025
1212820573  5.685825
1212926175  11.676520
1212969219  8.219483
1212972280  11.007232
1212979453  5.617071
1212984542  15.026750
1212984678  0.000000
1212984728  7.353005
1212990231  13.327280
1213032093  6.636852
1211213816  2.093059
1211229663  3.491164
1211235822  10.791354
1211240048  3.042300
1211267055  1129.140015
1211355120  10.236383
1211369149  8.169744
1211513276  14.377319
1211581407  4.734281
1211628566  8.347400
1211706515  9.622078
1211779050  11.981099
1211854392  5.569742
1211947493  3.754150
1212109890  13.554411
1212110881  6.643546
1212159939  4.305838
1212263881  9.942814
1212398151  8.571854
1212427015  8.337020
1212434684  8.380078
1212455784  2.511670
1212471934  4.758989
1212479567  0.000000
1212479586  12.009823
1212482071  10.881904
1212519841  15.166989
1212597544  23.141016
1212987551  7.099037
1211042243  0.000000
1211042263  0.000000
1211042307  0.000000
1211042335  8.287762
1211042972  2.989134
1211144304  6.187691
1211235512  5.969720
1211315347  12.155192
1211387223  15.263906
1211408614  3.135368
1211558725  5.773992
1211568798  5.804307
1211604280  9.605146
1211771427  2.266544
1211773514  0.000000
1211773530  2.283337
1211833192  13.612727
1211866741  16.090494
1211955598  10.571588
1212000322  15.694026
1212084625  6.067935
1212097160  5.855814
1212100066  4.658588
1212178672  15.978898
1212211172  4.906425
1212290254  9.779818
1212345892  13.419261
1212439188  28.211882
1212458752  10.887969
1212462230  11.205172
1212525182  2.158613
1212615021  2.522082
1212618058  3.501161
1212677632  8.782499
1212678967  8.347400
1212741440  8.486524
1212764564  12.631249
1212791053  3.282338
1212812337  7.547108
1212827380  7.861529
1212922357  10.350039
1212936110  9.992437
1212942025  3.943336
1212944444  7.075782
1212952421  2.690221
1213032204  8.576214
1211030048  8.153435
1211038529  9.288972
1211059167  3.837972
1211414420  9.812737
1211505095  6.670661
1211581204  4.838976
1211589122  3.294148
1211597286  6.549740
1211603347  6.425006
1211640854  0.796203
1211725973  15.834749
1211728943  4.600356
1211781484  7.347662
1211855918  14.048004
1211870676  14.627131
1211922775  6.126860
1211926597  5.225198
1211945571  13.840344
1212012617  12.591714
1212014564  9.195975
1212128873  13.240407
1212177311  16.103134
1212344107  6.100227
1212382791  12.840033
1212400482  9.527770
1212452009  2.093059
1212460352  9.779818
1212500372  10.555986
1212572874  18.483671
1212598073  48.597775
1212628464  8.539172
1212685822  9.929132
1212777369  10.748876
1212811446  6.550234
1212862150  8.629115
1212876693  6.413483
1212953618  3.668483
1212954660  4.425531
1211187659  11.100046
1211235038  3.736158
1211249633  8.283495
1211250599  3.501161
1211279045  13.347962
1211392430  19.245461
1211400497  7.975326
1211425916  9.303053
1211468559  9.826912
1211473977  9.173454
1211475114  8.372234
1211508686  6.312374
1211516271  6.109797
1211563462  2.093059
1211623483  7.106301
1211654425  8.486524
1211816079  2.882379
1211989472  7.861529
1211991014  7.861529
1212071749  8.992795
1212077051  7.861529
1212244770  11.195550
1212261540  7.151608
1212265316  7.732652
1212334403  0.000000
1212334467  9.258025
1212336257  9.942814
1212339030  8.366546
1212394946  9.678188
1212504013  14.501297
1212514589  5.232427
1212529583  7.861529
1212534435  2.882379
1212554106  6.290819
1212609141  13.990792
1212619476  8.992795
1212656359  12.466882
1212721816  4.306902
1212734917  10.252537
1212772384  9.528354
1212776850  2.690221
1212812150  9.340619
1212835564  16.235634
1212937714  14.048004
1212949111  14.871784
1212965262  18.906521
1212982010  6.070104
1213003831  11.784688
1213022937  9.635108
1213031675  9.900214
1213052994  11.108826
1213068976  3.491164
1213069496  12.387320
1211039984  9.355676
1211093827  3.668483
1211220431  11.576228
1211242763  5.885052
1211246521  6.312374
1211302263  6.718952
1211312488  6.657615
1211335096  8.763322
1211335560  11.952498
1211610361  18.577595
1211752830  4.600356
1211917318  13.922304
1211997053  9.878285
1212016196  3.609509
1212031253  16.393749
1212046761  11.700937
1212105543  3.754150
1212140806  8.233638
1212224553  9.779818
1212392451  7.679390
1212463340  7.907922
1212477752  7.579109
1212598111  3.549350
1212618478  7.487171
1212670826  0.000000
1212670886  5.225198
1212701528  5.080133
1212857121  24.968016
1212895672  9.667531
1212901842  8.541025
1212908062  10429.631836
1213010058  14.328835
1211025137  11.403534
1211089323  7.064827
1211654458  3.549350
1211667287  10.712358
1211736833  8.858153
1212005715  3.751244
1212088866  6.900321
1212123208  8.486524
1212340456  22.609390
1212522212  15.813344
1212602305  14.658665
1212617505  3.621891
1212693626  15.575163
1212749844  9.236716
1212905066  4.961001
1212932512  16.826014
1212933403  15.834749
1212936649  14.517168
1212945570  4.611807
1211060965  7.634339
1211148040  5.289822
1211223677  2.646119
1211230250  8.619139
1211237538  5.709154
1211303538  5.146649
1211312323  13.817709
1211341120  6.342596
1211378159  6.835144
1211378965  16.103134
1211379024  14.548282
1211393280  9.660581
1211400093  4.186878
1211413505  8.432820
1211482612  3.443765
1211504591  9.092704
1211683226  10.580493
1211693079  1.902781
1211704432  13.891792
1211763057  12.151707
1211834058  16.083424
1211948001  5.990840
1212022093  1.932054
1212025428  3.501161
1212092093  3.045533
1212346676  8.286455
1212355911  2.882379
1212360194  9.178490
1212429393  3.388220
1212510307  9.660581
1212520853  18.175411
1212520994  10.267730
1212522368  9.812737
1212532034  6.434083
1212550787  7.383900
1212639513  0.000000
1212639573  9.150341
1212688194  2.058746
1212693453  9.288972
1212722535  19.718548
1212775473  7.895572
1212902766  4.171278
1212952201  8.319597
1212960031  6.989799
1212960797  2.093059
1212965717  3.501161
1213032435  3.501161
1211059339  9.811002
1211064322  2.545402
1211148721  9.821590
1211166610  12.937373
1211211635  18.298859
1211260526  5.947536
1211409878  3.018078
1211419260  5.962626
1211495213  6.711236
1211575987  16.925978
1211897860  8.347400
1211909075  9.311418
1211960776  6.789283
1212014074  3.501161
1212089313  2.060494
1212166066  4.871261
1212311592  2.782987
1212415656  9.929132
1212424800  7.099437
1212428837  6.657615
1212565839  13.102702
1212573063  1.902781
1212686430  10.584085
1212766791  7.383900
1212783868  2.025541
1212821394  3.549350
1212905376  3.287549
1212910011  10.559683
1212910308  18.175684
1212946545  2.646119
1212954689  3.490822
1212956837  2.093059
1212988372  9.667531
1213028701  3.490822
1211412165  0.553764
1211565616  21.250801
1211687143  6.448306
1211692821  9.640238
1211905199  2.128534
1211996216  8.610558
1212003282  22.002613
1212014685  2.652362
1212031346  3.443765
1212037968  2.209250
1212045527  10.170990
1212109539  1228.107544
1212228241  8.061416
1212278646  9.928725
1212283227  6.300235
1212509283  17.983360
1212528053  4.165692
1212611448  10.557359
1212611774  5.232427
1212692654  12.151707
1212704162  6.405239
1212734039  14.320322
1212745753  7.861529
1212775210  15.575163
1212880277  5.441537
1212899481  527.774658
1212899551  8.473969
1212944715  7.056670
1212971678  3.501161
1213028961  14.921461
1211089852  11.904297
1211108119  1.802727
1211131271  2.093059
1211263692  7.732652
1211387881  4.626040
1211441293  13.736791
1211594768  7.050249
1211661695  7.861529
1211866701  7.994776
1211928692  3.736158
1211939004  9.779818
1211942956  15.124076
1211945050  13.725512
1211946188  6.208892
1211992274  8.008199
1212182075  10.735181
1212299338  7.291455
1212675657  13.577421
1212728129  15.956869
1212748449  14.048004
1212759644  1.932054
1212760339  9.825836
1212775111  19.389488
1212827283  13.759040
1213029855  2.128534
1211028973  10.565660
1211042636  4.559954
1211055547  6.405239
1211067850  3.491164
1211068280  3.334439
1211090355  6.136409
1211118729  10.006575
1211134122  10.756929
1211136929  5.813808
1211174694  1.630955
1211194855  11.113239
1211203482  9.667531
1211205240  9.942814
1211245080  6.405239
1211257002  14.202644
1211268568  9.153341
1211313471  9.211330
1211323558  9.635108
1211369232  5.225198
1211373078  23.418842
1211376306  11.047007
1211417879  7.785288
1211421390  8.416559
1211425606  9.149114
1211432362  9.660343
1211439917  11.811637
1211459817  8.815518
1211505735  7.116932
1211517090  12.185529
1211554348  10.073053
1211606784  6.740163
1211613642  5.587256
1211641041  20.506849
1211667225  0.000000
1211667249  0.000000
1211667251  13.991564
1211764851  8.106190
1211826685  11.785908
1211839189  11.069436
1211856629  7.520639
1211917642  5.810682
1211993672  3.362776
1212093454  6.278913
1212169441  6.153250
1212179506  18.685545
1212203050  14.812474
1212210502  18.896837
1212213865  13.501718
1212267001  2.229387
1212278587  2.483281
1212305531  6.469286
1212410784  7.392317
1212433336  8.542832
1212444822  3.560503
1212479487  6.759730
1212493564  14.048004
1212497146  7.547501
1212500652  4.648545
1212528554  4.547299
1212619725  8.169744
1212653692  11.482806
1212700500  16.157539
1212739091  10.553083
1212803608  8.002807
1212815800  11.683722
1212845547  3.489065
1212869955  9.779818
1212887504  6.342596
1212905439  1.768782
1212947569  3.501161
1212965736  13.950541
1212991079  8.692170
1213015449  8.539172
1213019950  6.657615
1211204035  13.759040
1211209285  16.501865
1211230603  2.646119
1211327856  10.881904
1211432261  7.493996
1211435380  3.671742
1211557958  6.787690
1211578724  6.405239
1211683058  3.231841
1211713169  8.486524
1212198909  8.132617
1212225281  2.646119
1212320719  5.869510
1212361293  6.405239
1212382341  9.187531
1212462728  7.805282
1212725517  110.178833
1212725589  7.676034
1212783170  6.550234
1212889940  21.233335
1212906378  7.124816
1212994013  0.000000
1212994037  6.405239
1213029785  2.934786
1211043337  3.491164
1211043603  2.646119
1211044989  5.902685
1211053950  8.167180
1211082383  10.846706
1211102974  6.187691
1211170930  10.318686
1211176050  7.655123
1211187201  14.558994
1211199554  24.674910
1211220403  4.521500
1211316624  4.235121
1211353799  12.722153
1211543054  12.591714
1211669599  7.187576
1211713754  6.448306
1211775260  5.719923
1211808866  18.374372
1211837033  2.690221
1211919296  3.501161
1211920840  3.443765
1211999328  4.533041
1212097289  8.301042
1212140652  11.448729
1212166605  6.101188
1212172750  7.710007
1212183153  5.146649
1212293572  5.972272
1212321469  12.606814
1212334734  3.667177
1212341323  18.205393
1212417336  4.549936
1212459956  3.549350
1212474892  4.165692
1212479013  8.399186
1212494357  13.352920
1212546751  23.747622
1212551080  11.905635
1211028693  10.881904
1211030821  26.758358
1211036778  18.729612
1211036833  17.346212
1211039506  6.290819
1211048089  14.256292
1211120044  12.247550
1211147560  8.205416
1211170782  11.883794
1211178733  7.651685
1211223872  8.516879
1211228650  7.324957
1211242544  9.635097
1211349127  8.486524
1211383054  9.466100
1211398754  17.509605
1211439821  9.626363
1211467846  12.903443
1211474692  13.785782
1211478734  15.712584
1211489256  12.164833
1211559518  7.034515
1211588390  26.162106
1211602820  10.366005
1211617989  9.929132
1211622191  10.094617
1211667077  7.904250
1211677961  3.830705
1211713259  12.040916
1211717977  10.500983
1211772205  17.417648
1211785279  16.352667
1211915665  17.539803
1211922259  10.112287
1212067335  11.216960
1212085781  12.967388
1212094966  1.612088
1212250211  14.320322
1212259797  2.093059
1212267100  1.794050
1212417296  5.386001
1212438477  6.862756
1212516902  22.446548
1212590489  10.373099
1212590609  32.843655
1212590649  19.283615
1212652342  11.047571
1212680090  8.011221
1212696713  6.908899
1212697310  9.776434
1212705522  10.180522
1212764913  8.044925
1212768424  10.035995
1212775998  7.171710
1212795533  9.109369
1212826352  11.346472
1212848521  14.221301
1212866000  3.549350
1212881300  5.146649
1212883004  3.420272
1212886005  1.768782
1212887717  2.093059
1212953704  5.319947
1212969548  0.000000
1212969609  1.993389
1211090115  8.203316
1211213858  8.289325
1211220983  6.200593
1211238213  0.000000
1211238240  3.192254
1211386403  7.599872
1211417248  8.678397
1211464335  3.837972
1211486092  4.856083
1211607225  14.101130
1211619820  6.657615
1211644381  5.232735
1211660728  15.142741
1211801577  11.556247
1211807271  2.472593
1211945502  26.608917
1212005285  5.319947
1212079182  9.495478
1212082043  1.768782
1212082463  4.078195
1212126896  10.028413
1212135618  9.632127
1212147961  9.632127
1212169779  8.069868
1212206438  39.524662
1212219242  10.940086
1212286824  4.923240
1212332464  0.516973
1212348884  2.696484
1212374316  2.690221
1212425244  7.256796
1212471095  20.205681
1212527248  4.451957
1212561435  12.967388
1212570167  10.695415
1212589593  9.779818
1212600994  5.005294
1212615199  1.612088
1212635138  3.443765
1212670361  23.446775
1212688342  16.103134
1212801098  3.501161
1212873047  5.355309
1212933799  61.717243
1211027516  9.510069
1211086257  12.213909
1211290998  16.816990
1211302123  10.000895
1211517300  1.765613
1211550145  18.993919
1211677609  0.140732
1211747852  4.086489
1211753676  7.607932
1211932700  6.883296
1212224935  6.291784
1212274990  6.917491
1212372755  4.207757
1212439909  5.441537
1212463214  3.549350
1212465267  3.789416
1212469363  12.360307
1212556576  6.247078
1212684154  2.165233
1212695469  9.504765
1212766600  6.768575
1212780046  10.051557
1212849942  5.268730
1212850570  5.319947
1212866349  7.189942
1212866642  3.334439
1212929952  22.451365
1212952219  9.540417
1212965572  6.557599
1212974150  7.001974
1212982738  16.209236
1212992502  5.738522
1211021653  8.988603
1211023353  7.813939
1211034419  18.227560
1211096843  9.118259
1211118318  1.696934
1211157332  7.861529
1211332941  3.192254
1211398294  8.762154
1211414021  9.900214
1211467690  7.690516
1211514015  8.522412
1211623156  5.806910
1211634156  13.586613
1211745373  6.877652
1211796281  5.312284
1211835063  14.627131
1211900810  8.891194
1211987306  4.572340
1212027924  8.486524
1212031004  2.646119
1212160941  7.956116
1212167839  7.861529
1212176671  11.047007
1212250902  8.703262
1212258364  5.334316
1212284375  4.648545
1212328047  10.051557
1212335984  3.443765
1212358667  11.778403
1212379286  7.213973
1212390362  1100.303711
1212431112  6.351196
1212598958  6.448306
1212689246  10.449343
1212712713  7.450391
1212934545  11.629017
1212959811  2.060494
1213021061  10.380713
1211046624  10.493324
1211121506  6.507743
1211161369  5.312284
1211374674  10.794770
1211377216  18.483671
1211385937  9.145215
1211394481  9.151418
1212760979  2.093059
1212828625  9.215005
1212851706  15.660985
1212861656  11.069436
1212944654  5.870225
1212949486  3.549350
1212949728  2.203219
1212950150  14.539752
1212959316  2.058746
1212960604  2.690221
1212989528  20.911518
1213018967  10.571472
1213024003  5.312284
1211028940  8.296571
1211061257  3.501161
1211085611  11.299575
1211118711  10.219083
1211132361  1.962242
1211149888  2.958728
1211152955  5.231420
1211168206  9.211330
1211212260  13.625000
1211355586  14.036484
1211389896  9.779818
1211577647  6.372251
1211608403  9.487935
1211703703  5.917850
1211921171  8.399186
1212297007  6.231164
1212350849  18.519146
1212513185  15.080713
1212515479  6.351196
1212610047  2.778431
1212697696  7.715021
1212707579  9.153341
1212726539  5.484788
1212732112  4.235121
1212766068  9.905650
1212778393  6.218900
1212781590  12.887903
1212808537  5.709154
1212849718  5.625169
1212911633  14.246889
1212911703  17.323666
1212948193  9.716780
1212992608  11.326827
1211038030  3.890179
1211058837  3.302332
1211063108  15.575163
1211121752  10.577220
1211133004  8.337020
1211154367  7.454346
1211182428  11.156508
1211315276  8.397986
1211394560  0.781943
1211440330  9.570421
1211471036  3.883603
1211490127  3.246360
1211529295  13.102702
1211533339  9.977076
1211553784  8.547300
1211621191  2.562115
1211680600  9.378292
1211772614  2.229387
1211826431  9.821590
1211852287  3.310563
1211939500  18.284222
1212088072  6.443163
1212139265  9.570421
1212208550  3.501161
1212209434  3.542743
1212298640  21.252110
1212386317  3.388220
1212415766  7.271132
1212707847  6.924134
1212740782  10.999309
1212783825  2.690221
1212801568  2.690221
1212831905  3.443765
1212867409  5.540860
1212908289  10.565660
1212917275  11.992100
1212953529  15.367781
1212961054  2.690221
1211053520  3.621891
1211136862  2.668156
1211259236  11.069436
1211274629  21.431959
1211307901  7.776633
1211342494  2.690221
1211365647  6.578723
1211384213  8.621978
1211418525  4.428429
1211433320  6.711236
1211470054  6.527941
1211554144  3.963578
1211736573  4.755273
1211844472  7.960793
1211862408  2.373724
1211867106  17.396887
1211945761  2.646119
1212013007  3.560503
1212014565  11.307092
1212062078  8.845372
1212133340  6.670661
1212208999  2.882379
1212229083  11.036516
1212374136  7.607932
1212396879  15.834749
1212397671  15.601399
1212450763  19.233204
1212534858  5.334316
1212709218  5.615378
1212730785  8.407181
1212795695  8.786912
1212916930  7.805282
1212947346  4.983264
1212947819  3.560503
1212954538  0.000000
1212954598  3.573711
1212962296  6.507743
1213024645  6.312374
1211039548  7.703260
1211106591  10.048724
1211266783  3.097065
1211273510  5.569773
1211298820  12.841770
1211307209  11.392225
1211311788  10.405892
1211314962  16.668158
1211351932  15.130438
1211384310  3.394149
1211389086  6.768575
1211478235  5.306428
1211536634  12.053535
1211579725  8.486524
1211649041  11.351302
1211698692  10.173390
1211926730  8.539172
1212007100  12.196896
1212029619  25.940050
1212030431  7.935143
1212085615  11.920503
1212182238  0.000000
1212182278  10.121521
1212184990  2.198301
1212194535  0.000000
1212194596  8.907015
1212335608  9.042900
1212420048  8.734417
1212428532  10.378856
1212472078  14.133101
1212507358  7.833714
1212508313  5.262504
1212523500  2.957792
1212556013  6.916890
1212561701  15.207161
1212566985  13.440811
1212619834  3.491164
1212628362  7.001974
1212643638  3.549350
1212699247  11.059800
1212768345  17.353992
1212779604  16.072758
1212797686  6.768575
1212869310  8.725605
1212875904  9.545761
1212876081  15.575163
1212967096  1.902781
1213037531  15.623911
1211031161  9.821590
1211034064  21.102098
1211038268  7.206504
1211146877  1.820051
1211177223  9.900214
1211179654  4.182142
1211221426  15.367783
1211259034  11.952498
1211343877  6.419142
1211389917  0.646599
1211420869  5.232735
1211444790  16.809406
1211458613  6.198618
1211611478  8.485121
1211670208  2.058746
1211690527  11.623120
1211696088  12.262055
1211744325  12.151707
1211852785  13.817709
1211869387  8.023330
1211915607  10.392453
1211930353  9.509048
1211941048  6.187691
1211950060  14.048004
1212017747  10.565660
1212032234  6.763258
1212162190  9.810322
1212188369  9.189485
1212210954  6.405239
1212271769  20.361273
1212272186  0.000000
1212272189  18.483671
1212388877  5.392130
1212608313  21.111923
1212646939  13.817709
1212690987  16.767313
1212731876  19.948114
1212795984  5.312284
1212894860  5.952282
1212985053  9.144542
1213035417  2.646119
1211035273  15.834749
1211036257  21.102098
1211036598  14.548282
1211069027  6.783495
1211107968  13.048773
1211109891  11.608393
1211116681  18.648247
1211119954  3.491164
1211168612  8.656767
1211193250  10.523132
1211218660  7.599872
1211348755  7.454399
1211412300  7.994776
1211477725  7.861529
1211524075  9.811002
1211545532  10.400933
1211555530  2.603439
1211663780  12.591405
1211701704  6.905474
1211732963  10.392453
1211744835  7.940020
1211792238  6.405239
1211819411  7.453086
1211844886  3.819448
1211851588  4.834527
1211863731  0.000000
1211863791  2.093059
1211944297  3.337367
1212027131  16.252367
1212199412  4.276736
1212237611  9.942814
1212258019  8.703262
1212258805  9.623883
1212272723  11.121748
1212302062  8.773071
1212416571  2.999451
1212450723  6.448306
1212534247  8.702704
1212634410  18.262154
1212732348  10.735677
1212980287  3.501161
1212982914  13.009373
1212993994  10.703512
1211332700  0.000000
1211332766  4.284779
1211348773  14.875048
1211428183  0.355096
1211666125  12.151707
1211693954  4.451957
1211773139  17.102024
1211775116  3.443765
1211781230  8.486524
1211811459  7.849590
1211836724  6.443163
1211864248  9.298284
1211868107  22.579958
1211905058  10.380713
1211949594  8.576214
1211954976  10.230426
1212018998  2.305903
1212019344  7.434420
1212071469  9.621756
1212096846  13.190893
1212105192  4.165692
1212122880  10.058231
1212157789  12.385292
1212169696  1.874381
1212172379  14.048004
1212212825  6.393573
1212255244  15.818602
1212298250  3.917080
1212359897  5.807906
1212377424  8.704846
1212441597  3.192254
1212443901  9.942814
1212452398  2.093059
1212532443  8.137275
1212533811  8.061416
1212554663  9.635138
1212598081  4.182142
1212607898  4.186878
1212613628  11.175813
1212679017  4.838976
1212713786  5.804307
1212765901  7.040176
1212772905  5.005294
1212802744  3.943722
1212912969  8.224040
1211212949  6.446262
1211325788  2.093059
1211411469  4.706749
1211469083  5.967335
1211493121  210.994690
1211516253  10.285669
1211611968  6.420016
1211680849  7.299969
1211699949  9.632127
1211986650  16.235634
1211992897  8.289325
1212038252  3.685433
1212074606  5.615069
1212081506  19.971916
1212086968  20.748547
1212087481  2.690221
1212122414  10.714462
1212163306  3.501161
1212176377  3.139922
1212248056  9.900214
1212263944  4.165692
1212286192  6.512968
1212358994  3.549350
1212377381  11.377913
1212418325  5.590691
1212437320  7.434442
1212472858  9.942814
1212505542  0.000000
1212505557  6.626109
1212531284  0.000000
1212531332  1.993389
1212617505  9.696137
1212628318  6.768575
1212645986  3.388220
1212655286  7.453086
1212684445  11.118666
1212736131  8.539172
1212755767  19.578516
1212788025  8.445610
1212854446  5.454874
1212859644  5.232427
1212987656  21.290276
1213035159  8.082766
1211135117  7.130337
1211139177  12.428517
1211144323  2.690221
1211164556  0.787750
1211473034  6.331574
1211510312  24.404900
1211570460  13.736791
1211682214  5.806910
1211771748  6.657615
1211842329  2.989134
1212008206  16.743237
1212038031  4.287136
1212094584  6.862756
1212172521  8.981079
1212189836  4.235121
1212199332  2.992738
1212270318  20.871614
1212532079  4.103320
1212692557  2.353613
1212772068  3.813956
1211050850  8.660112
1211147212  4.838976
1211238294  8.079259
1211240567  26.754829
1211255292  14.190063
1211301437  12.151707
1211318591  7.759515
1211323734  7.553601
1211384852  9.812481
1211409331  3.600478
1211491697  14.133101
1211669737  1.730899
1211748724  12.768542
1211754830  7.002700
1211781379  7.454346
1211810693  4.838976
1211910558  16.083424
1211926841  4.605965
1211932576  6.208892
1212016168  0.000000
1212016227  10.735677
1212090884  6.290819
1212101165  3.018078
1212128863  5.569773
1212187628  4.759648
1212336627  7.330904
1212347905  3.068379
1212386166  5.658787
1212429017  7.213416
1212508329  8.957129
1212512789  0.000000
1212512850  10.520080
1212518248  7.454399
1212536231  47.199635
1212681926  6.247915
1212689241  15.194432
1212762849  6.290819
1212870919  6.907224
1212877233  9.621756
1212888571  9.622078
1212891677  4.892166
1212903720  16.497461
1212957374  3.560503
1212977583  9.151557
1213032106  8.858709
1211085543  5.319947
1211139136  5.569742
1211140074  2.690221
1211146257  14.035001
1211202092  5.402323
1211207528  4.648545
1211254050  4.648545
1211418093  4.868813
1211420101  5.334401
1211436263  16.261635
1211553904  16.965803
1211648267  9.093369
1211672366  2.934786
1211732080  12.171332
1211744783  8.334934
1211826859  11.099012
1211844846  7.256796
1211931923  6.125859
1211933247  9.994453
1211983818  10.712358
1211993654  8.608787
1212015433  3.890179
1212038109  12.417475
1212099032  6.132684
1212104589  5.185862
1212135889  11.256969
1212170074  2.462422
1212186735  5.804307
1212188007  1.111206
1212191638  6.247915
1212194567  4.313470
1212208790  6.862711
1212210245  10.112978
1212216989  9.589893
1212217780  6.768575
1212223929  9.942814
1212268016  8.683904
1212323849  7.454346
1212371337  7.547501
1212377301  12.430189
1212469629  7.952610
1212471576  6.768575
1212472878  4.834527
1212506681  9.355676
1212535687  3.039970
1212539317  4.854354
1212549116  7.752572
1212558097  5.689682
1212599940  10.763392
1212606752  6.860160
1212622405  0.000000
1212622465  8.347400
1212725006  3.068379
1212778870  3.230778
1212847291  9.828628
1212895152  6.621914
1212897079  1.846816
1213016367  16.114555
1213023205  0.000000
1213023271  3.943336
1213027607  7.222590
1213029673  3.192254
1211029986  10.504892
1211034205  5.578254
1211062521  2.832350
1211101180  8.881621
1211149351  2.204504
1211268705  6.405239
1211332099  1.846816
1211448420  7.370184
1211465270  2.562929
1211606719  8.175268
1211670174  10.735677
1211842079  10.812380
1211855898  6.011785
1211861002  2.165233
1211868215  11.709135
1211961337  15.671926
1212156401  7.146845
1212173179  9.988058
1212184605  3.819448
1212233598  14.991581
1212417596  11.512620
1212458112  9.378163
1212664815  12.545148
1212760960  13.692831
1212813874  6.582922
1212864910  10.994542
1212868864  9.889435
1212936925  4.146165
1212987220  14.627131
1212992242  14.347147
1211035932  11.261045
1211039081  7.833997
1211040781  7.288826
1211045352  7.392317
1211470093  11.484365
1211498372  1.902781
1211501158  2.690221
1211598130  6.980244
1211717328  13.799129
1211733893  10.681273
1211745264  20.902483
1211755480  0.000000
1211755510  4.651241
1211770727  4.570862
1211808123  22.922934
1211823196  22.528339
1211829534  7.755403
1212024669  6.544204
1212035078  4.836922
1212096474  0.000000
1212096545  2.562929
1212103154  11.601038
1212163258  8.753376
1212216365  10.256761
1212256335  10.695415
1212261246  5.148335
1212270650  3.754891
1212275308  10.878946
1212359060  3.276323
1212469705  9.083607
1212542669  0.000000
1212542730  10.094617
1212562338  5.232427
1212694321  3.089278
1212710265  3.310563
1212766049  3.068379
1212782297  3.121315
1212791290  9.433835
1212823298  3.872018
1212828509  8.255250
1212830290  11.252477
1212957933  6.595131
1212992013  4.905400
1213038846  5.005294
1213046975  6.448306
1213048685  10.201432
1211044757  12.151707
1211085182  2.093059
1211377807  7.607932
1211509137  10.347930
1211511404  5.229535
1211542953  206.150742
1211562629  11.667725
1211575824  6.657615
1211655318  17.452543
1211803329  11.437055
1211911483  2.128534
1211914847  5.640479
1212061075  11.100046
1212160560  9.844566
1212168507  10.482039
1212168991  2.876606
1212261294  4.189102
1212409486  10.084463
1212445670  6.740163
1212445791  7.321349
1212554960  7.182574
1212560705  19.134331
1212569346  9.613145
1212603545  33.235714
1212603867  2.266544
1212680214  7.732652
1212792136  13.990792
1212965557  3.549350
1213025550  8.423067
1213029531  17.664808
1213029596  2.209250
1213054465  10.735677
1213058216  8.177271
1213075730  5.993771
1211044727  7.547501
1211096235  7.729437
1211101812  9.779818
1211132919  4.553387
1211166212  6.088960
1211316276  9.977076
1211485821  4.751456
1211498499  5.709154
1211567751  7.740034
1211571653  3.501161
1211579785  33.644749
1211581088  8.069868
1211645557  4.893206
1211791695  8.374463
1211797596  8.486524
1211815067  20.318892
1211904401  5.373588
1211988630  5.664943
1212079591  3.231841
1212196231  7.274163
1212210042  8.846453
1212483021  13.280711
1212534757  3.192254
1212618958  8.983438
1212626549  0.000000
1212626604  9.258025
1212678042  9.423001
1212862769  14.022583
1212865960  5.460320
1212916980  4.893542
1212938910  1.898979
1212985711  15.471754
1213028040  3.501161
1211299624  9.189485
1211321107  3.068379
1211515018  43.995312
1211519693  15.396979
1211553641  6.759033
1211577659  4.086489
1211689166  16.450384
1211722626  16.083424
1211733078  22.516996
1211749456  11.207790
1211781926  6.208892
1211812833  5.165031
1211815268  3.362776
1211855205  12.729785
1211864428  7.502488
1211864984  3.802875
1211865349  10.000895
1211998212  6.345539
1212117538  9.213492
1212258310  10.735181
1212270883  3.546949
1212287041  11.105873
1212297192  7.956116
1212337986  7.805282
1212375779  2.882379
1212389778  11.905635
1212501271  9.489121
1212504915  9.321388
1212527199  2.969770
1212555055  10.063124
1212691907  6.393573
1212701168  0.000000
1212701230  6.300235
1212787736  2.690221
1212795403  4.416647
1212868605  3.228265
1212907853  10.695415
1212951191  7.252045
1212973899  5.218005
1212987225  11.396400
1211034853  11.713411
1211057036  7.278544
1211064427  5.319947
1211069228  5.100664
1211129891  7.001974
1211169968  12.935205
1211233160  5.954246
1211236904  6.936644
1211309625  9.248858
1211320895  3.020190
1211350154  18.796953
1211411696  8.934772
1211439853  22.314260
1211470466  9.421690
1211482170  9.036197
1211757084  5.162241
1211771855  9.779818
1211777668  4.119013
1211826828  12.168066
1211837918  9.779818
1211842129  5.623143
1211881921  19.783216
1211882286  14.325645
1211904825  1.697075
1211951548  1.820051
1211991021  3.045533
1212092260  5.578872
1212116433  14.176544
1212127173  13.817709
1212174983  10.219083
1212288012  9.932756
1212310338  9.779818
1212340919  10.574984
1212350833  5.132715
1212421049  5.773814
1212422834  12.791270
1212438277  2.789436
1212444458  2.522082
1212547770  11.903176
1212550545  15.189633
1212554211  11.601660
1212557790  4.498592
1212597265  8.145774
1212621095  5.424850
1212679647  4.730638
1212695856  1.535322
1212772148  11.462284
1212791707  6.448306
1212798910  7.675943
1212807524  3.501161
1212822487  3.852190
1212867837  10.812433
1212877743  3.139922
1212947846  6.331622
1212968044  8.076869
1213030849  4.648545
1211038914  18.485392
1211072893  0.000000
1211072956  2.165233
1211083924  5.312284
1211134588  950.084961
1211135616  8.502989
1211216442  5.569424
1211312380  14.871784
1211394032  9.189485
1211525585  5.663949
1211527186  9.153341
1211566335  5.708102
1211648695  18.588959
1211706562  2.922266
1211746764  6.743042
1211756204  9.991994
1211772865  7.846817
1211843323  7.454399
1211950635  2.882379
1212195141  6.253792
1212302968  11.387653
1212311363  0.000000
1212311424  14.434711
1212361043  2.093059
1212477747  5.912528
1212483018  11.138051
1212534775  6.768575
1212552008  7.935370
1212558798  12.151707
1212562124  14.130314
1212564465  14.578486
1212636113  5.276642
1212770423  6.738191
1212770612  9.286138
1212770839  5.023534
1212824408  12.833651
1212905706  8.443923
1212910432  21.223494
1212915299  10.607373
1212936061  7.547501
1212965801  3.501161
1213006516  6.448306
1213032051  4.143881
1211145295  3.491164
1211212227  9.060325
1211218473  17.396887
1211242123  3.751244
1211260538  10.525699
1211267568  10.064697
1211490075  8.239391
1211522836  7.171710
1211529693  9.083685
1211560670  3.936908
1211567800  3.276323
1211568711  0.000000
1211568771  3.924485
1211578869  3.683370
1211600328  14.022583
1211991412  3.586961
1212013694  14.048004
1212071679  25.620955
1212087757  10.741701
1212121360  2.735818
1212233746  16.083424
1212274222  14.759121
1212274474  3.104101
1212364826  6.297184
1212422877  3.549350
1212423965  3.943722
1212531143  2.522082
1212636952  11.550907
1212759922  3.549350
1212767266  12.385292
1212789260  4.603405
1212900969  6.068476
1212903791  9.032497
1212981586  0.159048
1213018895  6.165601
1213022505  9.779818
1213031236  3.819448
1213032244  10.332521
1213034218  6.247078
