1211055771  9.674783
1212729144  12.138514
1212986288  5.669067
1211083230  7.241224
1211153966  3.193513
1211379186  6.272759
1211404031  8.417645
1211435496  15.372242
1212033895  9.860981
1212589751  8.911613
1212620564  8.346958
1212676499  3.545628
1212826502  11.672106
1212840383  4.332500
1211698505  10.106705
1212071431  4.043667
1212158446  1.938643
1211787776  5.613363
1211819847  9.277392
1211905350  3.092750
1212539334  3.999289
1212883903  18.473101
1212735822  305.989685
1212009163  7.844659
1212379369  16.380259
1212410258  17.054974
1212931709  0.792234
1211341108  8.627342
1211472026  11.044043
1211521328  22.919241
1212004499  9.320770
1212243068  20.030191
1212306083  7.660907
1212422128  8.696750
1212681506  4.828137
1212729024  4.347508
1212772352  10.832006
1212772444  6.687259
1212891672  11.649944
1212907172  13.014921
1212910235  2.226305
1211300109  15.048666
1211310762  14.201672
1211691432  5.103322
1211710738  15.163620
1211782129  9.776913
1211783703  6.810991
1212007010  4.964678
1212702133  6.296566
1212719309  4.043667
1212719642  22.141705
1212794067  8.147427
1212825518  9.341045
1211146516  3.892944
1211457302  12.081654
1211521463  6.029733
1211534049  13.500469
1212457486  11.209254
1212462892  6.355762
1212821298  2.463692
1212956937  4.471723
1213052060  3.092750
1213066121  8.343906
1211055798  13.060270
1211497185  14.321436
1211619712  12.346374
1211695702  8.882052
1211763997  5.796677
1211703302  12.489265
1212082847  21.054083
1212161747  16.114748
1212398183  2.570809
1212461580  6.804795
1212466611  8.665001
1212739099  8.091066
1212983494  7.877913
1211192575  4.043667
1211394456  3.981090
1212185122  14.426025
1212308694  8.017806
1212310272  9.044034
1212395214  3.977377
1212923455  6.630162
1211043311  8.559466
1211243344  8.485067
1211516189  11.931692
1212030655  8.147427
1212136007  1.970954
1212439364  17.404259
1212612799  4.815701
1212764089  9.181930
1212765892  9.320770
1212828723  10.998465
1212120529  39.401958
1212342260  16.094109
1212405872  3.621194
1212419734  5.029679
1212482090  4.510984
1212822358  6.071310
1212925456  13.275462
1211725148  4.444829
1211729873  7.750850
1211914451  2.994568
1212112350  8.731271
1212330108  14.773035
1212334696  5.798204
1212363146  10.265384
1212745364  9.785856
1212859195  11.965118
1212958880  4.305928
1211476535  12.549501
1212312375  8.353757
1212473305  7.060045
1212906166  5.217010
1211878027  3.282202
1212346565  8.009212
1212697570  3.092750
1212842918  12.170328
1212990996  5.968017
1211569846  4.890946
1211716619  3.029725
1211799036  2.857091
1212280828  3.773155
1212300037  2.150131
1212552778  5.745436
1212652052  6.523934
1212773012  7.873268
1212829019  7.147705
1213023015  5.099695
1211183442  1.359613
1211188846  4.043667
1211300261  10.800769
1211725817  1.970954
1211821158  7.686026
1211919876  5.217010
1212227401  7.716058
1212934361  3.977377
1211037125  3.144296
1211256510  13.721436
1211278467  4.968580
1211352294  12.239036
1211737501  11.625212
1211770593  5.796677
1211856726  1.739077
1212157230  6.325772
1212416654  2.764927
1212554427  7.210560
1212833051  1.970954
1212862440  6.582914
1212994784  6.185213
1211147868  8.581298
1211171584  17.172745
1211204524  11.260489
1211332906  7.072912
1211558816  10.255567
1211634922  7.891894
1211660734  15.897462
1212472945  9.478749
1212798638  5.131485
1212904092  5.228069
1211074492  8.474280
1211301158  9.223231
1211781729  7.083365
1212136460  4.043667
1212200914  2.858451
1212388621  5.755503
1212490130  12.609951
1212574376  4.536530
1212637156  16.116060
1212732505  9.349916
1212766384  5.589653
1212767438  6.453292
1212813976  6.019626
1212104782  7.716058
1212217380  5.491589
1212303234  9.410986
1211619269  3.977377
1211746464  5.194106
1211726768  3.851111
1211820269  2.947778
1211838037  12.421745
1211989977  7.844659
1212070577  3.144296
1212170871  15.636847
1212229067  6.351372
1212503532  3.433711
1212908527  7.977619
1211403394  9.063092
1211525973  5.209889
1212098614  2.325404
1212214500  11.260813
1212410780  3.252720
1212498166  11.667498
1212579941  23.430182
1212857146  12.671964
1212978057  7.264880
1211751428  10.252806
1211774417  18.364191
1211941612  18.497713
1212307368  12.427693
1212655681  1.938643
1212809274  14.674581
1212987038  6.778344
1211101343  6.541945
1211488286  3.287317
1211989909  8.948328
1212641198  4.603244
1212822875  6.019626
1211508291  5.888182
1211768703  7.083365
1212304845  1.970954
1212633273  15.712002
1212648996  18.755463
1211524838  2.815788
1211630673  5.131485
1212245698  11.336345
1212290493  9.014874
1212357626  1.819342
1212426255  6.108861
1212447877  1.791776
1212576540  14.792328
1212590555  14.745018
1212813887  8.009212
1212825069  7.940949
1212959579  4.199254
1211040296  3.342935
1211284090  4.043667
1211341596  3.676061
1211493754  7.919600
1211526272  3.516232
1211528114  16.518637
1211556158  3.042867
1212257084  9.284161
1212274149  5.563653
1212446678  8.891048
1212704560  17.522572
1212745208  1.938643
1211122785  3.228395
1211172753  24.003702
1211173693  9.733891
1211690143  6.863461
1212071074  7.244994
1212208446  8.341674
1212305040  6.697008
1212306526  7.827909
1212309871  15.384141
1212555378  10.566377
1212788797  2.994568
1212806024  7.299682
1212928397  10.081925
1213032833  4.374276
1211707710  8.710139
1211778920  10.034712
1212204654  10.573651
1211045977  7.630836
1211666573  6.388175
1212213237  19.759573
1212631389  19.798059
1212716941  9.020101
1212895598  16.571457
1212904390  5.781366
1211643402  9.917373
1211739173  7.934365
1211769423  6.498935
1212751892  17.545069
1211068478  6.542831
1211375288  4.388262
1211460906  13.481539
1211640545  3.674392
1211719821  3.900420
1212374455  7.010177
1212416175  2.902427
1212824444  5.131485
1212931495  8.869952
1213000255  4.665770
1211521111  5.217010
1211786677  9.382243
1211807329  12.239036
1211975635  16.380259
1212159539  16.380259
1212292375  18.618948
1212295846  17.967640
1212603461  2.915944
1212726303  11.555950
1212976376  2.902772
1213015432  17.545069
1211077853  7.391627
1211292284  1.015653
1211309665  11.078867
1211392133  12.723237
1211504861  5.622675
1212176540  2.520276
1212514451  14.707133
1212531738  6.741417
1211526822  8.364713
1211680140  7.505970
1211686974  10.106705
1211722079  6.545251
1211873229  9.880297
1212255000  5.866081
1212260918  2.686399
1212629287  2.038918
1212732317  12.810202
1212903879  8.285519
1211089747  6.719965
1211495558  9.320770
1211516184  3.977377
1211793254  11.543880
1211867426  16.380259
1211096905  9.917373
1211660438  3.838509
1211935968  17.515394
1212539502  12.059227
1212628636  13.344169
1212895757  1.670470
1211183646  7.210560
1211192912  8.013863
1211202059  14.243003
1211385768  4.815701
1211394534  1.587043
1211644703  5.217010
1211880251  41.040390
1211985022  8.172973
1212226258  8.013863
1212612627  14.801967
1212820668  11.560444
1211157527  5.976367
1211160995  10.697262
1211772524  4.287953
1211785586  10.658463
1211994706  7.727317
1212441910  5.589653
1211590699  12.706545
1211618801  4.411273
1212062547  5.217010
1212243065  14.185686
1212742828  8.404992
1212809089  10.275149
1212819464  15.620121
1211399911  7.277094
1211497213  8.404992
1211924271  1.209488
1212011852  0.601394
1211026237  13.986377
1211627872  11.161892
1211644224  16.935520
1211677203  12.584525
1211938140  1.970954
1212817086  12.742164
1212977193  9.031858
1211212460  16.653263
1211335521  0.000000
1211335530  6.085649
1211368685  1.970954
1211533731  11.096019
1211995231  12.378222
1212024745  5.217010
1212076959  9.478749
1212109129  21.018475
1212509200  8.474222
1212512810  6.435572
1211247181  9.513684
1211420903  4.199254
1211517898  8.880501
1211528762  3.092750
1211532399  3.417183
1211534425  11.459884
1211620485  8.891048
1212041079  8.193514
1212081763  5.773262
1212506459  2.687752
1212658617  7.264880
1211134608  3.850159
1211292288  1.150169
1211375054  3.197589
1211431258  7.264880
1211554925  4.534538
1211738589  5.027275
1212146298  5.529153
1212414775  9.754793
1212419687  11.140992
1212504741  3.144296
1212508801  10.475297
1212593839  8.324960
1212892379  5.693408
1212906960  6.958683
1213024694  3.430141
1211260816  19.346275
1211333793  3.732616
1211445146  12.377562
1211710147  17.403715
1212331745  13.412380
1211095248  3.559581
1211906195  10.839114
1212140447  4.256492
1212246792  8.095826
1212670303  16.195448
1212171031  18.702896
1212888433  5.103322
1211931547  15.636847
1212222525  8.747644
1212471394  6.629289
1211334508  5.217010
1211622852  10.853022
1212040516  8.678252
1212216521  10.275149
1212310504  9.030292
1212349746  15.917373
1211193983  3.977377
1211384560  9.020101
1211445560  5.531752
1211597705  11.248417
1211630185  10.658463
1211744779  17.515394
1211833868  11.652846
1211899269  6.687687
1211101246  7.828885
1211978560  23.657913
1212276978  4.043667
1212596341  9.619927
1212888761  5.180748
1212902338  11.448493
1211104693  3.042867
1211648457  0.865374
1211669697  18.305405
1211695131  3.280707
1211832009  2.853426
1212303143  4.925982
1212597022  13.733236
1212654896  11.477571
1212727235  2.810254
1212745209  14.859402
1212462020  5.563653
1211236114  7.844659
1211415789  6.714882
1211492936  9.167971
1211498606  7.428195
1211758696  9.843583
1211781647  18.096043
1211784974  15.096565
1212032310  9.395308
1212115869  9.549654
1212220020  7.913160
1212222982  7.591605
1212292096  4.019022
1212302622  8.996637
1212310066  9.431367
1212333723  6.697008
1212379525  16.653263
1212381762  5.131485
1212712786  21.054083
1212820358  5.589653
1212968402  15.083691
1211159074  5.217010
1211439017  4.001063
1211578234  8.891048
1211694146  6.804795
1211990184  7.034668
1212164815  3.406318
1212166065  16.234112
1212324681  2.943478
1212988565  3.144296
1212998815  7.264880
1213001774  6.271967
1211045317  6.929650
1211563735  7.826629
1211563850  4.374276
1212024232  2.010655
1212090172  17.199932
1212222272  12.212988
1212786179  7.293781
1211850761  18.473101
1211916972  5.048719
1212093250  16.653263
1212365671  4.742736
1212423169  18.780985
1212441969  7.716058
1212534538  10.275149
1211068478  6.542831
1211202780  13.260530
1212899405  15.636847
1212943748  12.827349
1211133275  4.728599
1211457184  15.088990
1211542136  15.495827
1212313208  11.925142
1212593544  3.966966
1212621510  5.048719
1212793767  2.749392
1212932204  18.780985
1213002046  13.157627
1211055873  12.637668
1211058076  22.218695
1211534649  1.970954
1211939228  5.563653
1213031815  6.929650
1211101593  3.144296
1211136193  4.678376
1211163522  13.084719
1211364786  5.879355
1211369559  9.574290
1211520645  7.244994
1211540082  13.248972
1211685396  8.236837
1212141989  9.597457
1212219633  1.448768
1212328447  1.938643
1212664741  13.481539
1212738997  4.043667
1212801142  4.460201
1212811844  3.851111
1211366087  10.212576
1211992213  14.328307
1212300781  5.745436
1212614502  19.494520
1212626314  8.824456
1212705372  15.897462
1212856097  4.815701
1211083604  16.653263
1211306655  3.092750
1211101377  10.490602
1211289067  13.838195
1211387067  8.100688
1211391766  5.054584
1211781456  14.029297
1211977500  10.449305
1212077264  11.904929
1212080944  12.239036
1212311717  9.513684
1211670691  7.511147
1211113142  17.522572
1211173007  7.690928
1211269712  12.584525
1211381910  5.178971
1211467252  5.584631
1211587575  2.858451
1211729051  2.994568
1211916606  2.074688
1211935362  3.851111
1212086660  9.389112
1212310481  10.259351
1212688009  5.917562
1211348222  8.704646
1211940368  15.139329
1212076103  7.471104
1212121157  1.166416
1212556843  5.217010
1211061205  15.612433
1211615705  15.636847
1212559508  18.770288
1212827572  3.417183
1212885662  3.648679
1211255964  5.131671
1211269980  13.946420
1211664894  7.769842
1211706014  17.228258
1211777960  10.757128
1212294085  4.281133
1211557716  87.137978
1211577691  3.369765
1211635213  8.557810
1212012821  16.653263
1212729294  8.888102
1211122349  6.435572
1211287611  4.742736
1212250297  4.592989
1212260656  17.054974
1212307645  4.341459
1212384868  3.851111
1212396253  4.765289
1212622800  6.665015
1212702644  9.426993
1213051249  5.190761
1211047988  3.907937
1211501784  55.579418
1211525309  5.491589
1211695935  14.516850
1211984897  1.739077
1212330245  16.540520
1212330311  21.710051
1212416933  4.043667
1212453313  3.282202
1212662418  3.144296
1212762161  3.144296
1212773054  1.970954
1211348716  15.575732
1211862395  17.842781
1212016275  19.200916
1212031366  2.607182
1212114412  11.079187
1212137538  6.331772
1211029485  10.168113
1211792824  6.422575
1212322890  6.306400
1211032841  4.320473
1211154429  3.155187
1211387648  2.189949
1211507938  7.903687
1211556645  12.020530
1211663435  4.519616
1211870492  9.431367
1212481100  3.732616
1212541033  19.107704
1212737761  2.959403
1211202038  10.085464
1211973624  13.275462
1212215092  11.808412
1212232122  10.567841
1212288281  6.862377
