1211053432  43.825138
1211212306  22.651903
1211306249  26.815083
1211308200  32.449909
1211399999  48.445698
1211639052  27.643255
1212089956  29.333458
1212177049  25.364538
1212427192  32.897629
1212774318  31.727043
1212981887  31.144386
1213029091  27.131344
1211222082  28.743788
1211254886  27.938824
1211265622  37.786980
1211917712  33.329243
1211999427  31.508245
1212089543  27.160715
1212338517  26.708117
1212503915  20.836359
1212605716  42.262337
1212652127  28.371836
1212773200  28.720095
1212931354  25.251310
1212936563  32.353195
1212939862  32.175270
1212944352  24.418209
1212952127  31.931402
1211595902  36.034004
1211667520  26.419954
1211841067  25.328180
1212035397  29.839678
1212048820  23.554926
1212962794  27.212923
1212989755  34.043694
1212994542  30.255287
1211192256  25.138708
1211613525  31.920586
1211853189  28.343307
1211862738  27.832401
1211875772  27.871927
1211950140  31.387054
1211954217  30.247915
1211962668  34.643570
1212208030  31.119724
1212379812  37.942261
1212474651  28.669643
1212524807  34.377506
1212605230  28.902233
1212740041  33.074871
1212743819  30.522760
1213031174  23.147114
1211315605  25.017099
1211342253  26.519381
1211469719  10.562394
1211827090  29.899847
1212026756  29.333458
1212092145  25.517471
1212109386  32.479355
1212127779  27.231804
1212252072  33.320831
1212257205  30.410872
1212473472  29.832237
1212700458  24.407917
1212859236  24.915508
1212893504  23.255438
1212942630  26.815083
1212951349  32.795197
1211100204  33.934338
1211206423  23.574923
1211282991  27.396698
1211436868  29.883934
1211541401  30.482845
1211714417  29.326283
1211721777  30.478718
1211800014  33.657948
1211873223  24.365299
1211893926  26.533258
1211918844  29.748486
1211946454  28.179049
1211989889  2.255784
1212043874  34.583378
1212191770  27.180555
1212325853  31.058619
1212391935  28.727304
1212408715  29.262857
1212415121  37.329941
1212577616  24.944696
1212579697  28.854181
1212587151  22.128418
1212624356  27.176291
1212739662  25.779371
1212742418  42.268570
1212843251  28.552658
1212926037  30.414444
1213008835  27.615297
1213021187  26.041922
1212074402  11.064817
1212261956  26.213976
1212305526  35.375675
1212371307  28.644009
1212408688  34.078453
1212412739  30.600763
1212515749  24.564203
1212608666  25.390347
1212856257  29.250244
1212858665  25.037266
1212945341  25.341452
1211175266  28.835335
1211866594  27.176291
1212245290  28.902233
1212250508  33.646072
1212464017  62.045464
1212473884  33.814857
1212690604  25.420601
1212860989  24.017910
1211200196  28.552658
1211207723  21.142752
1211307350  34.247078
1211509039  26.024487
1211779667  31.845434
1211785269  32.253349
1211804804  19.054817
1211843029  22.674648
1211848449  26.419954
1212500923  27.023052
1212558654  31.592548
1212586917  28.206236
1212637693  26.695189
1212783778  31.129097
1213021058  27.957417
1211217041  37.373268
1211231938  33.716030
1211534443  30.028336
1211592890  27.615297
1211607079  27.855021
1211658550  29.223455
1211774085  32.413208
1211830955  23.876656
1211702596  27.143505
1211706396  24.220831
1212257626  22.964022
1212518500  38.779377
1212725078  40.875561
1212782232  31.405632
1212946530  24.990623
1211045824  10.892075
1211517180  32.430603
1211526191  1532.357300
1211599730  32.131229
1211858373  28.447897
1211860568  35.940121
1212144078  24.418209
1212470528  24.941706
1212475967  33.959015
1212536216  29.079008
1212550078  31.158928
1212557883  26.694788
1212604000  29.820919
1212751858  26.091223
1212775859  28.174891
1212996024  30.823284
1213002058  25.378559
1213034774  31.183271
1211056527  10.866656
1211176007  31.085859
1211430367  25.859068
1211482830  29.378647
1211890509  25.802679
1211917871  25.852369
1212092157  21.665016
1212386515  27.831604
1212460946  35.141453
1212496986  27.267178
1212502522  26.372856
1212992351  27.363523
1213021904  24.749187
1211231485  28.999777
1211402057  25.738573
1211955021  35.253105
1212071275  21.757107
1212092794  26.776329
1212115778  27.678083
1212120278  30.600763
1212695437  26.075788
1211131965  27.498104
1211231979  28.644009
1211397939  24.507057
1211437879  32.376469
1211482645  24.091599
1211514130  30.009926
1211602954  35.250656
1211615194  29.445288
1211685417  30.750668
1211709415  31.238279
1211719523  23.280521
1211933941  31.183271
1211947286  33.002907
1211953182  26.204189
1212108553  27.650478
1212198089  29.608320
1212208531  28.023905
1212378839  25.820692
1212420330  17.604940
1212564756  42.712299
1212633433  31.696753
1212641008  32.376469
1212729068  40.325191
1212810151  29.275213
1212824161  28.291271
1212913880  27.670406
1212919862  30.756643
1212944860  28.157465
1212995557  27.926180
1213004650  30.801678
1211053078  23.204920
1211112930  31.054461
1211154579  33.320831
1211243974  28.552658
1211291577  25.837332
1211338465  26.497658
1211350378  33.002907
1211529961  28.706491
1211534430  29.084534
1211544953  26.118118
1211556936  30.555685
1211642079  33.092453
1211685807  29.438784
1211714498  30.066957
1211774603  31.054461
1211812344  31.108843
1211859509  29.116692
1211886796  29.222376
1211906114  32.299984
1212061397  28.601559
1212146965  26.341810
1212152600  29.175409
1212177223  32.197678
1212268852  95.090256
1212353234  28.690113
1212379723  27.414577
1212403796  30.428883
1212411709  32.897247
1212557963  34.060814
1212563177  28.727304
1212633787  79.901711
1212654632  31.183271
1212664873  26.013798
1212727317  34.748760
1212734814  36.162792
1212738369  32.831905
1212799450  28.912401
1212897806  28.912401
1212932157  31.464745
1212970321  28.379997
1212985205  29.772322
1212987388  30.468416
1213013068  31.172182
1213031192  23.686655
1211690172  22.939638
1211747423  26.582462
1211904395  27.767359
1212865749  26.153711
1213001856  25.722486
1211234727  31.902924
1211427213  25.839989
1211603345  24.775045
1211686914  29.262857
1211858421  29.468410
1211947394  44.721252
1212032541  68.444527
1212044798  26.231794
1212690660  24.701206
1212978982  24.153469
1212984693  29.186617
1213070359  30.000858
1211034119  29.262857
1211199773  25.762011
1211373211  29.192101
1211374916  24.697418
1211379160  23.907339
1211423410  23.406532
1211545873  25.328180
1211613849  29.660875
1211681621  12.657605
1211806722  23.269485
1211828620  24.114832
1211891366  22.532396
1212023550  30.428883
1212032008  30.594908
1212064031  22.624180
1212077356  29.583014
1212199396  29.079008
1212330954  23.127626
1212409640  23.497372
1212415190  25.539288
1212467708  30.493809
1212539875  25.976664
1212796811  27.866653
1212812092  25.852369
1211190504  26.440783
1211216561  21.074553
1211226674  31.014097
1211316796  23.778337
1211658256  27.767359
1211688221  27.662621
1211699570  26.162367
1211712823  25.691584
1212131539  24.418209
1212254617  29.011976
1212430760  26.877792
1212468530  27.262497
1212659106  27.683899
1212913432  28.909918
1211159109  24.980545
1211181464  34.500641
1212047630  31.884192
1211095321  32.884293
1211099596  27.662621
1211838240  25.663918
1211876891  27.363523
1212208626  25.601189
1212963639  28.447401
1213032398  23.637403
1213039742  23.199375
1211140288  34.894096
1211152268  26.553419
1211166621  28.727919
1211168974  28.412363
1211172572  29.409288
1211472907  26.435345
1211641944  28.727919
1211923923  26.533258
1212177242  28.552658
1212513298  28.758291
1212593704  16.071680
1212606019  24.462238
1212612746  33.781879
1212643444  25.251310
1212701663  33.320831
1212783494  33.781879
1212987640  28.761614
1212991416  28.376987
1212994235  29.742270
1213001278  31.701429
1213007831  30.482845
1211039740  26.756508
1211052686  24.088125
1211123578  27.414577
1211129588  26.497658
1211163920  36.943562
1211166208  26.204189
1211220248  27.007067
1211313859  39.823444
1211594247  25.206596
1211729362  27.643255
1211826445  31.628859
1212002235  31.054461
1212009263  35.141453
1212121746  9.897124
1212251576  23.765425
1212325016  31.887646
1212468889  32.197678
1212611360  26.692427
1212624631  28.955896
1212691449  29.608320
1212734343  27.131344
1212738135  29.870996
1212802919  32.603348
1212886051  23.705391
1211036328  216.056534
1211141469  27.776440
1211334619  23.412746
1211421113  11.611267
1211428034  26.153711
1211484113  35.700890
1211815957  24.808048
1211823059  28.714573
1211842056  24.990623
1211861834  29.258541
1212021434  34.588009
1212032092  27.855021
1212115864  131.044647
1212117806  38.036102
1212179508  28.113564
1212344255  21.405775
1212516718  32.375927
1212697088  29.840633
1211161274  33.733452
1211176538  30.977411
1211252628  31.260340
1211257331  39.065544
1211267533  30.895638
1211331407  13.733370
1211337896  27.861042
1211353773  39.680630
1211359486  28.378689
1211464367  33.312115
1211560274  5.784137
1211598087  22.044794
1211606308  27.262497
1211608683  30.799114
1211616214  27.231804
1211668508  30.416250
1211676636  28.007328
1211870651  33.079750
1211874154  32.399918
1211917059  27.498104
1211921993  32.603348
1211941948  30.937757
1211945328  31.508245
1211947503  30.522760
1211952008  29.312363
1212021452  26.988356
1212046472  36.030735
1212087605  33.073654
1212126094  35.253105
1212300999  30.635305
1212374949  23.645170
1212379491  32.878170
1212381911  32.557613
1212384558  35.382420
1212455562  36.484699
1212475475  34.480698
1212520295  34.590496
1212529513  29.988747
1212554712  31.849838
1212641314  35.636215
1212643719  30.865219
1212647770  32.498489
1212702348  17.333927
1212725073  28.359409
1212734152  25.972158
1212737975  32.678638
1212863686  27.855021
1212916548  31.177362
1212984153  33.368484
1212988106  27.433842
1211084398  28.405844
1211155830  11.697443
1211200951  32.237106
1211332887  31.127953
1211435944  30.433372
1211509007  25.976664
1211512968  24.800394
1211534657  26.988356
1211704566  30.046221
1211852024  51.605358
1211940638  28.329409
1211947572  25.221516
1211953949  28.473753
1212031589  29.988747
1212039392  29.177357
1212106046  35.466236
1212125612  29.258541
1212182409  23.194584
1212369865  24.292625
1212418506  25.852369
1212436856  29.988747
1212462176  52.463589
1212464479  26.988356
1212535952  28.655951
1212559711  31.794708
1212724429  26.226852
1212734471  32.596466
1212736771  31.238279
1212887239  21.169992
1211270061  28.211496
1211287765  29.829550
1211356465  25.779371
1211358134  35.192810
1211570861  24.830822
1211811147  29.870996
1211862633  28.393671
1211865318  28.734550
1212387923  33.457386
1212566896  29.530046
1212669363  27.737301
1212756060  24.190012
1211082166  29.250244
1211084593  27.109509
1211089741  28.651455
1211182649  27.643255
1211318131  26.694788
1211326755  33.781879
1211430694  33.149227
1211442463  31.238279
1211514230  23.116369
1211519526  27.363523
1211648847  27.267178
1211661445  43.825138
1211690934  25.552631
1211730986  26.440783
1211773317  33.117844
1211833515  22.810833
1212115743  26.239178
1212168207  11.611267
1212199912  27.957417
1212301040  32.834942
1212643408  29.899847
1212700012  30.360447
1212703276  18.354918
1212728649  25.762011
1212741084  24.462036
1212806986  20.822250
1212820196  33.011578
1212910797  28.171242
1212963901  26.569094
1213016354  32.156376
1213027347  20.536469
1212980272  26.007326
1211260922  28.727304
1211268646  36.137398
1211272818  31.794708
1211518483  24.793373
1211528228  41.138355
1211841525  30.577799
1211904989  27.007067
1211929551  27.866653
1211944274  32.237106
1212553921  28.744228
1212644858  30.600763
1212651006  26.156414
1212831582  23.375828
1212931200  25.839989
1213017114  30.437447
1211254802  81.482147
1211839509  32.299984
1212321561  30.549042
1212349443  26.694788
1212604850  29.807924
1212744103  24.945387
1212846729  28.136780
1211122339  32.388023
1211258102  24.006281
1211612944  29.084534
1212069984  2.636447
1212170004  30.963215
1212265168  32.430603
1212976644  27.583385
1211041958  22.810833
1211087537  40.605694
1211202563  955.515015
1211215944  26.063877
1211377499  22.440182
1211389225  22.465973
1211517460  27.670309
1211525856  30.647146
1211603005  39.458878
1211617396  26.162367
1211644047  28.109133
1211706834  28.343307
1211801297  24.138430
1212217744  27.242813
1212553491  28.113850
1212627737  30.679142
1212731302  26.318506
1212735562  14.431269
1212778460  26.841684
1212806543  25.633827
1212818047  31.627308
1212825859  31.902924
1212903140  30.643185
1212937277  21.545479
1212497909  25.972158
1211821654  16.713079
1211832417  28.023905
1211834513  28.761614
1211907456  28.376987
1211914075  20.880861
1212192238  27.025503
1212242592  29.266775
1212254351  21.609364
1212332388  29.250244
1212419475  22.814344
1212694024  34.500641
1212775250  25.774664
1212786510  17.443325
1212840244  28.393671
1212987800  24.990623
1212991246  25.037266
1213024778  15.823873
1211035225  29.829550
1211222433  34.663399
1211287364  28.379997
1211307461  33.526588
1211740546  27.109550
1211752191  21.596325
1211815249  25.976664
1211893137  26.952131
1211906481  30.361900
1211914008  28.902233
1212000519  33.539330
1212349070  33.748627
1212378955  31.627308
1212432349  30.478718
1212690924  26.692427
1212779608  32.376617
1212783263  27.131344
1211204687  28.912401
1211228010  27.369661
1211543765  26.701113
1211810484  30.541273
1211890079  47.114807
1211897338  35.700890
1211915511  32.399918
1211945479  30.410872
1211984944  22.035374
1212003146  31.504049
1212067850  46.004013
1212358915  30.903477
1212416027  25.331266
1212426360  34.408852
1212501119  30.057512
1212696659  29.837385
1212784383  17.089153
1212937557  24.418209
1211160782  34.223129
1211218577  28.473753
1211221271  25.845690
1211225251  33.336758
1211231440  32.997986
1211308656  26.883461
1211317563  21.937317
1211410827  24.438902
1211437441  25.120611
1211812242  28.393671
1211843071  34.500641
1211894972  23.072769
1211955981  19.743279
1212102808  36.547947
1212211172  25.448051
1212292113  28.955896
1212415280  35.636215
1212501801  29.378647
1212967537  30.600763
1213017809  33.814857
1213021533  22.403419
1211168804  26.883461
1211234267  30.359482
1211345304  28.650618
1211398883  36.028248
1212002143  26.802803
1212114631  30.828905
1212242303  35.636215
1212349774  33.814857
1212637871  32.897629
1212644369  32.449909
1212798596  28.690113
1211145057  25.880672
1211897976  18.198727
1212157805  20.194288
1212178778  23.316778
1212557362  31.058619
1212679161  14.985625
1212690115  23.364719
1212695545  25.448353
1211023986  22.892071
1211026304  24.292625
1211030699  25.706692
1211040794  26.240013
1211209443  14.658847
1211374267  29.258541
1211562308  21.680803
1211568919  26.986931
1211637918  27.915138
1211654017  27.212923
1211849768  27.698868
1211892735  27.160715
1212000584  27.615297
1212006929  29.262857
1212116849  27.352533
1212240056  30.801678
1212251369  32.596466
1212524834  29.266727
1212778822  31.849838
1212860689  25.349403
1212995791  27.007067
1213014554  24.353025
1213023312  23.296431
1211025194  60.531635
1211084981  26.902819
1211088195  25.251396
1211188700  32.327667
1211200653  31.365812
1211260975  29.836639
1211487272  7.901113
1211552830  24.935753
1211568292  17.387281
1211784292  31.791418
1212042520  29.988747
1212067360  31.106802
1212501046  28.192390
1212551425  30.687727
1212564138  47.545128
1212757279  31.272598
1212810876  26.336269
1212954539  33.092453
1213017319  30.476334
1213029010  29.482367
1211116801  23.151293
1211121882  22.254278
1211198497  23.147034
1211361570  27.483562
1211371202  23.891331
1211512947  29.284544
1211545235  23.778088
1211547577  38.303890
1211614709  29.840633
1211753273  25.736179
1211784218  41.008858
1211809592  25.379684
1211976525  23.995918
1212120629  26.797312
1212393727  32.603348
1212410463  27.483562
1212439253  26.226852
1212485042  26.533258
1212496545  26.091223
1212572623  34.086807
1212667180  24.574076
1212669261  25.206596
1212739037  26.533258
1212745052  25.875917
1212786627  23.778088
1212987500  29.395784
1211203996  30.129471
1211253737  41.049503
1211256639  30.937757
1211264473  22.908155
1211311902  28.888630
1211327593  31.527153
1211377416  24.793373
1211435456  31.924110
1211439719  37.440258
1211475437  24.600603
1211505531  29.112709
1211520604  31.183271
1211529156  23.630526
1211545733  26.708117
1211609222  31.045576
1211636219  21.083645
1211660316  25.633827
1211777212  31.728937
1211833751  26.318506
1211848847  29.181906
1211897238  30.594908
1211944997  30.028336
1211955904  25.947798
1212150617  27.786644
1212191514  29.742270
1212342898  26.894503
1212372521  26.226852
1212378842  25.001951
1212384849  64.861206
1212408671  27.643255
1212459233  31.628859
1212495700  129.199936
1212532180  42.335880
1212581563  33.060764
1212623106  22.922569
1212641980  46.766045
1212671473  28.423986
1212728698  28.373854
1212735230  24.111782
1212759119  28.835335
1212811629  37.113869
1212831029  32.237106
1212849800  28.912401
1212884308  31.022732
1212902746  27.731064
1212905083  34.708591
1212991132  32.841080
1212996024  26.772671
1213013372  68.785950
1211084670  28.535769
1211179875  32.897629
1211258337  25.718925
1211348739  44.113934
1211442416  24.418209
1211595633  26.695940
1211601449  28.724752
1211610714  32.603348
1212083988  24.800394
1212119716  24.365299
1212122003  26.692427
1212124365  22.573071
1212169951  24.612906
1212217496  36.852959
1212219516  31.794708
1212386043  29.258541
1212392132  30.801678
1212395555  30.433372
1212564952  30.647146
1212634865  30.046221
1212737973  32.878170
1212944923  30.897051
1212969820  28.182821
1212986729  26.068455
1212988812  30.377768
1212996970  29.101748
1213044396  29.400732
1213083221  28.727304
1211169556  27.875597
1211173056  22.534666
1211803539  31.526894
1211960770  27.268297
1212007306  25.703377
1212336530  34.575272
1212364905  31.526894
1212376527  27.575085
1212566312  27.366447
1212734245  30.362648
1212927516  33.092453
1211258666  33.188961
1211269688  31.183271
1211347707  37.006977
1211354480  33.204369
1211359004  22.539885
1211788227  42.671844
1211862294  32.282719
1211865255  27.675669
1211870909  36.230206
1211875531  31.526894
1211943924  25.120611
1211954644  33.320831
1212088004  29.210581
1212125478  57.463474
1212288550  29.997713
1212329875  22.377480
1212345396  18.426479
1212372536  29.468410
1212374176  32.380260
1212381412  48.465015
1212443822  30.647146
1212563129  27.980946
1212565282  27.497570
1212570354  32.145332
1212636688  32.497524
1212651102  23.200064
1212780218  31.544380
1212960401  27.399271
1211380128  21.169992
1211463740  19.609791
1212440721  28.099777
1213025553  8.729742
1213033754  29.400732
1211077523  23.539356
1211118732  28.376987
1211205788  9.189757
1211291450  8.446017
1211378299  3.677663
1211384905  8.109419
1211390451  9.683766
1211392652  28.669643
1211401519  20.657364
1211463432  10.793671
1211477977  26.152021
1211839453  27.602407
1211865003  32.315346
1211895295  5.285401
1211898226  25.232731
1211914063  32.253349
1212087553  29.250244
1212171258  25.998018
1212524010  12.533137
1212611235  24.386299
1212692100  27.957417
1212761245  16.633217
1212772384  9.440716
1212795837  30.476334
1213018017  22.682283
1211229275  31.108843
1211727947  21.976013
1211745423  27.025503
1212044476  173.602753
1212258506  24.832077
1212388090  31.764816
1212471452  29.934454
1212686347  29.084534
1212727536  32.603348
1212786778  17.705326
1212939200  11.074489
1212953200  26.519381
1213083941  48.579041
1211041458  25.736179
1211779379  27.330757
1212050486  26.638683
1212434505  21.700344
1212442942  29.829550
1212558305  27.414577
1212652166  13.544025
1212674392  26.007326
1212681318  21.462492
1213024464  16.968800
1211158935  34.028625
1211330880  31.794708
1211567159  20.731256
1211717237  30.428883
1211861817  30.598133
1212304493  27.164551
1212460728  32.178635
1212735460  30.901430
1212883276  28.329409
1211134078  28.641878
1211174919  29.737307
1211390471  29.038208
1211513084  27.848698
1211653118  32.376469
1211745767  39.534134
1211768283  28.473753
1211831215  33.830757
1211846787  30.238283
1211916801  27.938824
1212041515  26.075788
1212076870  44.286774
1212194710  35.060360
1212343893  28.412363
1212376563  42.460579
1212379334  29.899847
1212447717  29.431719
1212468824  24.088125
1212529083  26.402935
1212542787  28.955896
1212556047  35.640640
1212692538  28.148378
1212983384  32.353195
1211053359  18.663063
1211085975  28.686865
1211150409  30.490822
1211245756  24.088125
1211268854  32.253349
1211320687  23.147034
1211515652  31.195526
1211828531  22.446371
1211890746  23.691883
1212029582  29.011976
1212109324  30.865219
1212184835  31.701429
1212271861  31.049879
1212462912  40.450493
1212465338  33.830757
1212517344  28.789354
1212696257  25.221516
1212780944  24.017910
1212823358  34.768379
1212950739  27.231804
1213011196  25.904882
1213013799  31.924110
1211173306  28.669643
1211404929  28.412363
1211692310  32.145332
1211916076  26.075788
1212381137  26.231794
1212431545  26.231794
1212531566  27.666702
1212733555  31.054461
1212742016  29.837082
1211309550  33.125950
1211393947  26.440783
1211480196  33.814857
1211699822  28.355513
1211949974  28.284138
1211952207  31.681982
1212206310  24.393480
1212245607  30.623753
1212336521  34.028625
1212381539  27.498104
1212643284  26.968863
1212702252  15.770779
1211026538  28.724752
1211030522  29.898611
1211034562  26.638046
1211138308  28.575907
1211157609  29.468410
1211172790  26.007326
1211178522  32.315346
1211255955  28.955896
1211262349  36.931824
1211265946  32.178635
1211267973  35.761169
1211321365  33.910458
1211337215  20.907522
1211344729  28.174891
1211371353  30.755377
1211374579  24.111782
1211377794  23.960081
1211461273  26.485088
1211476932  28.048288
1211516465  29.015471
1211531903  29.654819
1211533904  30.865219
1211597773  30.963215
1211610701  23.945208
1211632007  22.622936
1211682396  32.298187
1211761273  31.421770
1211777309  28.727919
1211816279  29.468149
1211850767  30.903477
1211855975  33.781879
1211917073  30.000858
1211919431  25.677139
1211924895  30.647146
1212034402  27.330864
1212123603  23.803450
1212168762  31.272598
1212178789  33.941929
1212202374  31.902924
1212209948  26.542273
1212217461  32.036850
1212234825  24.326017
1212388814  23.799545
1212442430  41.908237
1212491652  30.468416
1212494900  32.197678
1212498619  28.148378
1212531741  27.666702
1212541593  23.109426
1212550849  28.744753
1212559223  34.779305
1212638049  26.373171
1212644736  28.669643
1212653072  24.539421
1212657124  30.265818
1212693701  27.180555
1212725865  30.422602
1212738336  35.262653
1212740356  32.237106
1212742613  46.564709
1212773671  20.687653
1212777119  23.610273
1212808140  33.319698
1212857031  34.108669
1212910778  34.826302
1212915871  28.644009
1212976492  43.211308
1212996208  39.912605
1213000885  29.096020
1213034942  29.258541
1211288143  23.765425
1211198136  22.590086
1211402465  27.667599
1211428828  21.903074
1211479962  26.603748
1211855522  30.486343
1211995344  26.566936
1212063383  33.312115
1211120767  27.643255
1211140165  23.162561
1211441683  33.701244
1211564563  19.030144
1211666369  24.580940
1211740121  24.418209
1211742670  27.680220
1211779210  25.476515
1211826566  24.294025
1211862183  27.212923
1211953101  21.431931
1211996630  27.829327
1212170581  30.433372
1212336235  26.440783
1212524286  25.166460
1212557682  37.760017
1211030056  33.628685
1211032195  29.101748
1211038581  31.986910
1211374555  38.550789
1211379979  30.640371
1211485759  29.934454
1211604792  24.006281
1211714717  34.382206
1211847659  22.573071
1211917712  31.007898
1212168929  31.737932
1212411524  32.276379
1212779302  49.576466
1212998362  26.204189
1213031406  29.266775
1211162421  30.356094
1211220130  31.794708
1211222716  27.153545
1211230802  28.912401
1211570388  31.902924
1211645893  30.490822
1211985116  19.911848
1212072540  13.075418
1212597124  26.743734
1212718777  24.305794
1212917491  27.957417
1212948684  27.023052
1211028983  27.861042
1211035034  40.982590
1211142797  31.049921
1211160356  32.838440
1211174092  25.251310
1211285523  28.886686
1211288960  28.343307
1211424800  29.262857
1211431844  25.379684
1211509838  28.761614
1211601688  30.422432
1211638813  28.051332
1211768439  34.071918
1211824284  37.710003
1211911746  32.145332
1211924160  28.367598
1211943499  24.418209
1212023868  28.048288
1212374727  22.121090
1212721422  20.730164
1212926511  28.552658
1212935936  31.172182
1212956055  32.939590
1212986253  24.701206
1212994951  105.496475
1211123020  35.428391
1211208323  15.966591
1211457167  29.763533
1211461299  34.826302
1211628062  29.301851
1211813547  32.639702
1211815988  26.091288
1211892726  30.478718
1211895881  26.617624
1211984343  23.963541
1212065698  28.007328
1212089844  27.530602
1212124398  28.265724
1212178383  23.047743
1212329765  28.879688
1212410407  28.700548
1212414889  30.028336
1212585492  29.084534
1212758987  26.692427
1212935977  33.273743
1212940978  29.608320
1212990933  34.663399
1212997362  30.177828
1213018888  33.781879
1213022659  17.794611
1211135013  37.525650
1211170848  28.329409
1211174421  30.932302
1211179243  29.608320
1211211410  22.630835
1211347124  28.473753
1211349278  26.341866
1211378687  23.630526
1212860934  27.483562
1212897339  26.407616
1213016216  32.449909
1213031159  23.525642
1211034131  25.260216
1211163200  42.088039
1211178394  24.603592
1211350683  32.382660
1211872432  29.266775
1211874957  29.468410
1212631438  30.066957
1212696290  28.118422
1212784021  29.837082
1212865379  27.643255
1212931373  28.223919
1212951438  25.976664
1211184040  23.428709
1211187867  25.633827
1211204239  26.318506
1211250446  27.262497
1211266256  27.650478
1211355830  31.108843
1211778308  26.691917
1211804907  26.699514
1211809874  29.932098
1211855714  23.316778
1211867149  23.945208
1211874319  25.463804
1212003111  31.794708
1212028616  31.628859
1212036950  31.049921
1212184715  25.302208
1212391861  30.647146
1212442017  25.794447
1212616667  28.393671
1212682921  24.017910
1211145028  17.383818
1211200244  22.539885
1211725332  32.197678
1211851637  31.137175
1211854129  36.977802
1211865703  29.868898
1212137783  33.125950
1212211416  28.361475
1212380744  26.708117
1212727913  33.892353
1212730165  33.188961
1212960043  23.657084
1213019018  31.986910
1211726025  32.197678
1211784164  29.250244
1211812792  27.399271
1211953691  27.927773
1212029279  31.195526
1212092103  22.423962
1212255315  22.387739
1212550512  32.353195
1212724906  22.771425
1212735781  31.791418
1212988736  29.482367
1213028735  35.636215
1211019513  21.918779
1211032755  27.832401
1211076875  30.478718
1211096613  36.764996
1211172727  30.361900
1211303884  26.340855
1211523288  25.774664
1211598786  30.521883
1211677310  31.049879
1211692455  29.312363
1211771202  20.930996
1211777247  37.485935
1211788207  31.183271
1211842638  35.250656
1211858312  30.594908
1212109941  34.403572
1212213557  31.924110
1212287915  36.883923
1212352499  31.007164
1212356815  23.147034
1212362215  34.500641
1212371901  32.253349
1212380322  27.667599
1212468216  27.514380
1212543184  28.933792
1212953800  27.776440
1212980780  31.238279
1211111621  28.835335
1211122122  31.508245
1211547014  38.125858
1212348206  20.140604
1212599672  29.482367
1212938264  32.430603
1211288143  23.765425
1211776735  24.418209
1211860225  21.431931
1211867541  36.030735
1211985883  8.707105
1212021303  24.697418
1212256611  30.247915
1212267741  24.362934
1212376414  27.217148
1212385052  33.872643
1212389363  26.682083
1212635252  27.209204
1212667656  25.498512
1212792571  27.497570
1211348798  27.498104
1211353693  22.775000
1211360928  26.425081
1212098762  25.852276
1212152810  28.835335
1212374489  29.772322
1212761285  2.533122
1212786766  29.333458
1212947388  29.807491
1211083558  46.747948
1211086747  27.662943
1211265208  24.605314
1211270468  27.172653
1211355883  35.485626
1211424655  34.583378
1211430270  29.043228
1211439450  29.887306
1211478536  29.468410
1211577093  14.962047
1211607594  29.278137
1211740925  25.860428
1211780090  23.630526
1211936870  23.817455
1211957154  29.378647
1212035176  29.664278
1212037609  33.312115
1212196217  34.500641
1212442632  33.120224
1212449073  21.655024
1212526272  16.034098
1212683177  32.197678
1212738536  113.616539
1212908873  28.552658
1211173350  30.801678
1211178173  26.349579
1211201925  28.661467
1211482040  26.692427
1211668465  41.577698
1211995656  29.468410
1212087068  29.742270
1212120858  25.260216
1212782433  28.835335
1212963417  25.633827
1213017656  33.781879
1211427497  26.146797
1211779389  31.627308
1211890054  26.024487
1212087143  25.476515
1212327890  30.862711
1212652735  24.990623
1212826847  27.714857
1212914590  29.162424
1211098399  22.775000
1211912297  28.355513
1212062011  26.891878
1212121094  19.151897
1212380708  27.231804
1212649555  4532.967773
1212717269  32.237106
1212721589  24.418209
1212733547  26.726681
1212739296  25.260216
1212757102  23.089930
1212849279  29.693327
1212851651  28.835335
1212957602  31.108843
1212991702  24.933321
1211163394  32.424984
1211686836  25.633827
1211741667  23.979509
1211744491  25.908150
1211863184  31.352072
1211871360  27.957417
1211936192  28.913090
1211951874  29.608320
1211957451  35.666584
1212004331  30.508595
1212313280  26.075788
1212413356  32.270252
1212450109  23.160315
1212464364  28.376987
1212480820  29.836639
1212523976  23.691883
1212552371  31.924110
1212555994  31.902924
1212635920  31.049879
1212638900  28.412363
1212788306  20.547428
1212822370  31.902924
1212891381  28.575907
1212991642  30.238283
1212998532  29.973074
1213073946  29.742270
1211307397  33.781879
1211687120  28.591473
1212031044  31.049879
1212185145  20.967728
1212189534  28.913090
1212298337  28.393671
1212475987  26.566631
1212644169  31.807034
1212671504  28.034945
1212696093  31.272598
1212831127  35.457561
1212855397  28.552658
1213022225  22.204372
1211047212  18.027805
1211137630  29.899847
1211259823  20.841700
1211348833  31.771301
1211392265  24.990623
1211520433  36.043362
1211522387  29.797979
1211539503  28.238667
1211541737  27.025503
1211810079  28.423986
1211816481  29.793579
1212148074  31.924110
1212199879  33.781879
1212479818  27.109550
1211306057  25.972158
1211327243  19.710659
1211833947  26.692427
1212191702  22.649815
1212193603  25.505894
1212328796  28.393671
1212393040  23.267628
1212538129  24.915508
1212714695  15.945462
1212756933  22.915087
1212901631  28.138674
1212989572  29.572477
1211134205  28.955896
1211428804  43.926815
1211781063  24.793373
1211849325  33.910458
1211853782  30.309177
1211858457  28.727304
1211885914  27.220072
1211909958  22.633371
1212030992  26.883461
1212036512  27.938824
1212115909  40.403526
1212118185  41.748604
1212134636  30.937757
1212255474  30.600763
1212334136  22.586432
1212646757  37.485935
1212728756  19.233894
1212813019  27.861042
1212986045  26.646841
1211040342  28.724752
1211074603  23.291019
1211339624  26.519012
1211346517  24.418209
1211480113  25.328180
1211753145  28.835335
1211839476  28.727919
1212991966  37.108391
1212996583  33.312115
1211173334  32.929890
1211257726  29.480347
1211461189  27.231804
1211465408  24.708889
1211602632  26.692427
1211756707  29.437576
1212153874  33.117844
1212176992  29.147425
1212392689  26.267954
1212467438  28.026369
1212614048  25.837332
1212689025  29.424189
1212699895  24.948727
1212907022  28.013447
1212912318  50.672817
1212952573  23.414526
