1211080145  17.863758
1211081940  13.664219
1211218646  3.428724
1211664946  4.230964
1211673312  3.627661
1211866227  13.658300
1212003201  8.503138
1212203831  5.708547
1212364204  11.726696
1212364287  3.802567
1212366651  4.745988
1212605208  14.194946
1212709618  5.797542
1211142311  16.884665
1211142431  21.971893
1211142627  4.329612
1211145632  9.562132
1211477312  3.294034
1211477553  2.517327
1211570042  6.574184
1212259119  8.315933
1212287960  113.601608
1212303172  8.255076
1212355678  3.196598
1212517101  7.825668
1212716969  27.699816
1212872476  13.000112
1212942609  7.720441
1213036447  6.193496
1211152070  1.328362
1211437226  4.499776
1211599965  45.849869
1211663767  6.144137
1211681843  3.421916
1211946300  17.333958
1211946590  6.639015
1212030696  11.315953
1211080257  2.683526
1211150623  3.902192
1211350792  13.171510
1211644220  4.777259
1211765215  3.026886
1211786229  12.454133
1211822417  8.925394
1212129558  19.036070
1212174516  3.356132
1212282482  12.661701
1212282780  2.628314
1212291299  8.136538
1212291736  6.221239
1212373842  9.882460
1212560943  8.858106
1212594890  7.131997
1212693031  38.756847
1212884388  16.059204
1212933661  0.515542
1212933692  8.959057
1212933694  2.728251
1212982893  276.998138
1211160752  3.816879
1211838730  15.022792
1212294517  12.373486
1211269756  4.223446
1211616751  5.767365
1211745321  14.400254
1211975491  17.465046
1212202220  2.421786
1212202743  9.010119
1212207882  5.499958
1212330304  15.413558
1212805221  5.734528
1213019572  8.005302
1211130841  2.230294
1211209441  165.255005
1212266821  5.476622
1212334581  5.105110
1212335318  5.786377
1212348575  4.223446
1212461537  86.032829
1212463382  10.157795
1212592031  5.687315
1212603137  5.282330
1212759064  6.672233
1212780481  8.604838
1212963256  6.470713
1211123718  9.991613
1211141455  7.279360
1211184009  11.758138
1211652052  11.963491
1211652943  7.191004
1211833364  16.438326
1211833402  16.826000
1212633190  4.082836
1212681617  9.280106
1212684050  128.804550
1212806545  29.266254
1211393008  7.641425
1211955960  6.320944
1211963221  17.191322
1212109865  12.192356
1212220453  20.571793
1212641377  9.368113
1212874675  6.872256
1212962907  2.561199
1213041254  10.700069
1211522185  13.723264
1211635118  5.003479
1211650311  2.628067
1211699890  7.497007
1211936306  2.719932
1211948889  8.543895
1212117357  10.927380
1212196294  3.344812
1212196428  11.437844
1212462351  6.197041
1212510599  14.299647
1212526670  3.326138
1212808362  4.168465
1212941215  9.987060
1211063381  4.236843
1211188608  14.418607
1211203865  4.726350
1211214205  8.993794
1211270134  11.741724
1211374039  13.849908
1211374561  50.736942
1212106291  11.115475
1212147056  13.723320
1212223918  36.383152
1212273725  6.437449
1212304446  9.186459
1212346682  13.068551
1212564873  8.848692
1212609987  24.939346
1212806490  3.622838
1212927254  14.357135
1211247636  5.502748
1211348246  5.575306
1211820755  15.028279
1211989430  9.721525
1212106450  5.542098
1212425050  11.784314
1212454142  5.104188
1212495421  14.129194
1212507468  6.864066
1212520390  18.019659
1212756877  6.785135
1212869762  7.546722
1213053748  6.191114
1213057700  5.823642
1213071200  47.522110
1213076953  24.843493
1211086993  15.680785
1211229828  8.889844
1211496359  3.746541
1211674779  4.122156
1211684702  10.262900
1211779961  42.280785
1212434949  10.439959
1212435048  13.849880
1211135929  37.468014
1211236459  8.972619
1211491135  3.534110
1211581794  9.446428
1211607798  0.000000
1211607857  6.262524
1212075719  6.119252
1212205964  8.361419
1212255144  7.635827
1212548321  8.154352
1212848889  10.305207
1212892722  1.408514
1212900341  9.761309
1212955805  25.412214
1211115340  20.268927
1211370501  11.153518
1211417678  3.927004
1211490152  4.282916
1211521563  19.523706
1211594169  10.043262
1211666006  7.284106
1211719245  14.645649
1211732129  7.003181
1211823214  10.918687
1212092612  9.827098
1212197003  6.062808
1212347125  4.293837
1212516329  9.603537
1212517995  6.872256
1212778832  11.713571
1212808991  10.659138
1212811227  13.065261
1212945314  8.683179
1212964723  2.998899
1213034903  11.252392
1211578083  14.449641
1211739767  7.438376
1211874886  14.728109
1212460440  6.864958
1212521737  7.057610
1212843535  5.013505
1212859932  8.596375
1211164582  7.879256
1212450436  20.871506
1212450535  26.394108
1212685324  14.239380
1211164452  10.575204
1211184005  15.896794
1211192304  10.009753
1211214504  15.936051
1211775460  26.956522
1212245390  3.266630
1212986456  14.575844
1211578325  3.880494
1211673757  1.971235
1211869579  17.543619
1212023170  16.858458
1212030889  4.840313
1212031825  7.400682
1212113720  2.136671
1212182640  0.748570
1212182919  5.087828
1212272011  4.743588
1212334245  6.471140
1212646095  12.286983
1212702001  16.452778
1212873749  6.495352
1212906858  3.121385
1212911801  13.829945
1211118271  7.223556
1211149647  1.342490
1211735399  22.324348
1211899183  7.509934
1212057667  12.896367
1212131196  23.534456
1212308201  10.756377
1212363790  5.987539
1212377752  41.354450
1212431956  6.735408
1212436188  2.815395
1212457161  4.712996
1212691284  4.233965
1212860660  7.410961
1212950909  14.578850
1211126407  15.709369
1211133171  18.238338
1211273682  4.627214
1211291291  10.760637
1211291347  6.728969
1211333501  14.693987
1211336609  11.683506
1211354378  12.613914
1211857425  6.698164
1211941076  1.124896
1212007775  13.157121
1212644586  6.191134
1212821546  12.929113
1212827800  11.039371
1212920699  14.839187
1213016780  23.094015
1213019110  8.663116
1211313991  17.543478
1211565334  6.639015
1211575363  13.622860
1211681968  0.000000
1211682035  2.663632
1211682041  0.689158
1211682067  23.385010
1212025746  2.962154
1212166145  5.871082
1212526957  12.473179
1212531359  4.310954
1212615181  6.180830
1212950256  7.419990
1212961658  6.302797
1211250990  0.000000
1211251011  5.006675
1211322507  13.879741
1211469970  2.728414
1211598565  4.466396
1211634446  11.948411
1211981951  9.351041
1212410927  13.475541
1212765467  0.000000
1212765508  4.295544
1212841531  15.085532
1212884138  6.750281
1212978955  22.332031
1211157753  12.579710
1211338126  3.894834
1211522806  5.865117
1212036636  17.966352
1212040271  13.660706
1212257599  0.000000
1212257601  4.563447
1212524472  15.190863
1212951011  8.621476
1211342555  3.160493
1211343169  7.985262
1211461848  11.749867
1212078899  8.199795
1212173170  2.421786
1212265556  3.368449
1212511358  11.015800
1212604507  3.514002
1212656230  14.611508
1211216886  7.400682
1211426316  5.491909
1211603256  10.458545
1211607385  10.515234
1212024290  8.272146
1212094843  4.976899
1212204614  17.740133
1212245483  10.894287
1211215027  4.293837
1211332348  5.541067
1211401875  1.971235
1211556599  3.062466
1211601830  7.462889
1211679003  6.430311
1212068764  4.052675
1212526409  7.855200
1212587097  13.015111
1212600657  11.531547
1211039581  8.609063
1211082846  1.125745
1211254565  11.752536
1211300231  7.835147
1211652762  7.291124
1212186779  9.024159
1212203618  17.935457
1212203673  16.736504
1212306152  34.000900
1212342592  8.621159
1212433331  10.461781
1212589418  3.954174
1212589936  23.109694
1212591288  6.727893
1212858404  8.478085
1212891292  4.869493
1212513454  5.584300
1212709746  7.453197
1212778312  7.786301
1212786877  6.832644
1212819245  6.037917
1212903393  9.364482
1212941995  6.356896
1212942120  9.780337
1212946477  8.796392
1212952185  2.212211
1211312288  7.073118
1211314599  14.836031
1211339847  50.573170
1211575001  2.571177
1211845287  13.122345
1211874216  12.248413
1212022995  23.489326
1212247848  14.465033
1212249634  7.496660
1212257109  9.799530
1212289158  5.402806
1212793954  8.699446
1212807398  8.491236
1212859815  8.603894
1212860503  9.463464
1212866056  4.478064
1212867417  9.194668
1212867598  7.051457
1213073599  9.158678
1211047520  3.626184
1211052973  10.389923
1211120195  5.459664
1211345171  31.613007
1211426412  10.539788
1211435216  14.485767
1211604326  9.761309
1212052953  13.850230
1212138574  11.599292
1212203771  7.284106
1212218199  15.140318
1212219743  9.926755
1212220021  10.413542
1212262314  3.142527
1212274644  21.140392
1212344201  10.347580
1212452488  15.362108
1212455395  8.136538
1212543916  10.742980
1212596257  6.189060
1212781304  14.924240
1212960356  8.042484
1211044629  8.001612
1211044689  15.683789
1211175752  12.267115
1211217477  7.138550
1211255854  10.454462
1212446301  11.735145
1212490927  10.443505
1212511165  11.391504
1212517429  5.032689
1212849477  9.964153
1212929633  7.144808
1211633846  12.355473
1211657068  0.000000
1211657071  2.105901
1211726975  8.255076
1211727291  5.239818
1211742503  6.333148
1211777695  994.462646
1212070493  5.135602
1212075317  5.602379
1212432147  9.465757
1212442535  1.583990
1212607185  6.977638
1212685688  11.204758
1212717233  0.000000
1212717235  1.383068
1212818512  19.325453
1212950542  6.856617
1211604218  16.959070
1212030648  3.567222
1212167984  8.744108
1212634045  19.143480
1212861403  1.689630
1211246638  12.886331
1211418309  4.512080
1211657138  7.763371
1211772326  17.798918
1211773252  6.872256
1211850633  7.255322
1211902352  5.680330
1211988680  5.541067
1212133522  13.448948
1212182413  10.928263
1212430022  13.319199
1212462743  9.200415
1212511618  4.051274
1212598452  6.540725
1212613706  9.761309
1212629263  19.654247
1212689840  8.067099
1212802070  7.258218
1211145519  9.155741
1211379922  5.728172
1211414780  12.735215
1211757648  1.971235
1211811604  13.912705
1212072096  13.795418
1212254310  10.266485
1212254788  6.721437
1212254958  5.350830
1212305421  10.870999
1212602862  5.390939
1212684902  6.616308
1212703450  7.312804
1212772308  15.164129
1212891595  61.127136
1212974317  6.559669
1211043480  19.898834
1211125291  0.677998
1211125341  2.366710
1211128310  1.819602
1211162563  4.876393
1211181366  14.041184
1211379919  5.500761
1211476554  6.719056
1211568183  6.718293
1211569546  4.600163
1211646694  11.552889
1211804764  14.096706
1211977089  11.872905
1212066259  14.806501
1212281033  13.849908
1212504445  5.935387
1212507524  12.069592
1212650756  9.317135
1212689475  0.728783
1212765955  8.967731
1212860203  11.022583
1212973756  5.551953
1211039139  8.272146
1211044168  12.194999
1211055543  11.348737
1211505410  17.848705
1211763995  3.019850
1211989266  5.441649
1212086679  9.288528
1212109980  7.319105
1212420365  7.963256
1212444325  6.764744
1213045616  6.860425
1211161250  1.819602
1211644026  10.836714
1211718024  18.581797
1211852561  6.875810
1212017191  4.663708
1212249756  5.119168
1212253079  6.127236
1212263767  3.939117
1212271462  1.349528
1212852442  3.084912
1212865684  5.270659
1212875704  2.528394
1211172851  8.572644
1211482502  8.213573
1211872227  19.884386
1212466693  6.532396
1211156529  5.444834
1211255396  21.441881
1211341674  25.019451
1211549423  7.312804
1211752921  6.537695
1211760050  19.055470
1211767295  19.834373
1211770902  8.062024
1211983091  6.683753
1212099478  3.294034
1212152648  7.526633
1212348640  4.884481
1212350081  5.158544
1212364493  4.559259
1212375269  10.821089
1212449829  7.030728
1212451651  6.592802
1212683175  9.761309
1212692588  21.869371
1212711125  20.000273
1212959823  12.821733
1212965213  6.442740
1212975628  2.177004
1212978196  6.994213
1213036613  16.619917
1211098791  16.615978
1211112196  12.470446
1211119983  9.266647
1211136596  5.172626
1211213348  1.183974
1211493852  5.455455
1211655361  4.585941
1211693752  15.038385
1211695805  10.167109
1211734442  9.653108
1212031713  7.706532
1212132547  7.133526
1212227683  16.388512
1212778129  7.042605
1212800722  20.893936
1212908351  9.886634
1212946799  3.264453
1211041872  8.272427
1211083684  7.977164
1211100544  5.788786
1211115078  8.615257
1211129227  0.340038
1211129274  1.394569
1211214481  4.697818
1211303577  6.818299
1211645679  3.883568
1211759020  2.480604
1211945907  6.615503
1212223825  23.360493
1212829124  11.735145
1211039581  8.609063
1211082846  1.125745
1211118319  8.222980
1211129532  3.928252
1211302119  7.675465
1211892308  14.046050
1211895343  3.494400
1211907860  8.216496
1212607241  10.845899
1212684287  4.096607
1212691093  7.342011
1212763376  3.272239
1212894544  20.619175
1212955902  10.161542
1211216468  6.953580
1212175405  5.209202
1212422361  5.767365
1212543198  5.774632
1212805305  8.376353
1211076624  34.624767
1211361447  15.154216
1211509803  5.728172
1212089655  11.407268
1212228811  11.872905
1212431193  27.599365
1212458222  1.626997
1212630771  8.711579
1212685472  10.855915
1212764060  3.104395
1212800918  21.934368
1212804369  4.002651
1212994291  7.630989
1211122855  8.272146
1211246924  9.733494
1211336212  14.594079
1211388990  9.827098
1211411729  7.335690
1211411943  8.272146
1211487206  5.785427
1211573780  4.589584
1211573830  11.348468
1211997804  12.150927
1212035509  10.347580
1212096473  10.588440
1212096742  3.880494
1212328353  14.849890
1212333948  7.279360
1212342654  13.122033
1212531221  9.772139
1212731687  12.550738
1212775005  33.831478
1212832796  17.655760
1212955749  8.272146
1211125773  1.328362
1211138070  4.317801
1211217664  6.259409
1211252182  3.849656
1211553661  9.444861
1211644399  5.980468
1211682919  26.812244
1211698274  15.132309
1211818373  7.496936
1211909120  4.062669
1211916423  17.520679
1211916548  9.542344
1211939915  5.887098
1211988399  4.693342
1212021623  9.090135
1212121347  4.978882
1212201525  11.605912
1212244746  10.882800
1212273322  8.877501
1212510720  8.140542
1212858332  4.963649
1212878289  8.621159
1211044166  8.272146
1211089871  9.640884
1211213993  14.400254
1211220586  9.364482
1211225582  11.980676
1211231168  11.793478
1211297940  9.505600
1211322260  61.715374
1211405779  16.411232
1211568974  3.919649
1211578313  11.436100
1211671796  6.564473
1211908389  7.877085
1211992834  12.984288
1212164947  13.478261
1212342044  10.935651
1212400301  9.973907
1212421873  30.777573
1212461750  15.929979
1212510114  9.544466
1212522256  17.757818
1212549981  9.761309
1212594838  30.777573
1212686254  14.809509
1212716645  7.400682
1212766616  13.091141
1212978833  14.433350
1211037951  10.628192
1211041123  8.636764
1211251458  7.744953
1211335583  18.464712
1211335931  13.826869
1211342890  8.127413
1211384516  1.536872
1211575235  2.421786
1211901822  1.125745
1212086909  6.872256
1212264349  1.107588
1212472620  6.686080
1212556004  16.197950
1212766904  0.279747
1212783722  31.591471
1212878033  18.071865
1212944471  11.309511
1213058886  12.481052
1211241876  7.192922
1211331862  3.000299
1211561328  5.421555
1211581650  4.087935
1212052511  12.661701
1212422527  7.686633
1212700697  2.518386
1212717813  10.830267
1212735031  14.288631
1212773553  1.206970
1212781129  2.695420
1212873528  14.144755
1211116410  11.123352
1211399127  6.124877
1211507681  6.144685
1211666173  5.328301
1211746759  15.499019
1212193066  5.672818
1212600688  6.802223
1212645926  15.452540
1212802789  13.378190
1212818077  9.533098
1212889702  20.636930
1212082689  27.082638
1212098623  3.461622
1212533947  28.838110
1212548669  50.083218
1212554072  10.511642
1212635871  18.082342
1212702226  3.060030
1211591746  12.330620
1211599273  3.266630
1211836472  4.354298
1211894310  6.742341
1211896814  10.701253
1211936295  0.513635
1211936361  1.226180
1212506113  7.119901
1212531993  16.551983
1212532739  7.442813
1212546007  9.081294
1212669196  12.815137
1212704745  3.125439
1212896925  9.118847
1212984176  3.266630
1213026678  16.171314
1213026739  15.426678
1211062330  0.000000
1211062331  2.117803
1211064720  2.528394
1211137524  7.256050
1211236924  10.675652
1211340445  14.389716
1211341827  5.173014
1211500938  5.635783
1211564733  3.939923
1211564899  18.744390
1211685329  17.157122
1211771932  12.888735
1211904640  9.669304
1212234888  17.082813
1212433800  4.984540
1212622934  9.364482
1212709138  5.596660
1212793544  50.306168
1212819145  13.344758
1212951281  6.938140
1211081467  3.911917
1211168523  13.218090
1211352057  14.392638
1211595980  5.520854
1211601970  8.942999
1211645844  8.379893
1212212714  18.092245
1212265115  10.339488
1212368159  6.522542
1212528305  10.787791
1212637841  8.689578
1211125448  3.534110
1211592797  6.247506
1211912444  4.519828
1212072619  5.624123
1212146698  10.199989
1212150995  8.044925
1212233170  13.966521
1212410264  49.113281
1212605488  8.944498
1212678593  7.492690
1211038239  3.101448
1211206512  6.400473
1211326710  19.670053
1211510049  5.447047
1211942899  10.751099
1211950022  29.678373
1212078171  11.607742
1212346055  4.577765
1213010591  11.126348
1211023440  9.468452
1211064865  1.893360
1211104111  4.419740
1211281918  12.702958
1211308292  11.752536
1211428541  13.276012
1211455977  12.573377
1211541957  11.362888
1211716980  11.752536
1211860831  9.793120
1212026633  7.881185
1212035851  6.872256
1212060017  2.683526
1212144287  13.210211
1212182404  1.762227
1212309033  5.364345
1212363000  16.356239
1212452238  5.602190
1212453800  8.719182
1211051099  9.121548
1211118777  7.158429
1211381072  14.515050
1211571409  3.673358
1211624746  10.710041
1211660628  7.687318
1211820667  3.992235
1211903436  6.170234
1212072813  8.662122
1212073043  6.742341
1212073171  12.218786
1212151096  13.201069
1212273858  20.947199
1212369114  17.730312
1212377748  13.849908
1212427338  11.612040
1212463388  13.010477
1212589185  0.000000
1212589191  8.585667
1212599511  14.752572
1212673735  9.179359
1212775698  6.683753
1212862329  0.761038
1212862350  0.000000
1212862353  11.209785
1212879709  5.890505
1212968958  28.800508
1211121416  8.073958
1211124460  1.562067
1211134596  2.103734
1211243242  11.979673
1211328188  8.756251
1211425920  10.580015
1212021066  18.151278
1212042819  13.778056
1212082946  17.082516
1212223288  13.809203
1212304839  8.748413
1212623253  4.654060
1212686052  9.010439
1212706832  8.386474
1212850443  6.749665
1212851961  1.984483
1212896173  2.437471
1212961463  6.830933
1211048898  6.349029
1211327098  8.028464
1211329701  6.742341
1211414935  1.959475
1211590786  16.582554
1212097102  6.506923
1212185105  16.607866
1212353507  49.485638
1212517049  1.635087
1212517111  9.392061
1212863077  5.973551
1213026755  0.000000
1213026757  4.563447
1211033161  8.551343
1211085491  16.895897
1211246643  8.591527
1211254720  9.781668
1211344275  0.413607
1211471992  7.548694
1211644659  9.698011
1212152039  4.311660
1212255030  7.312804
1212458331  1.626565
1212646296  5.784717
1212803974  54.764088
1212891110  2.528394
1212939302  9.628348
1213033157  10.155176
1211119929  8.942999
1211121928  12.855743
1211145389  2.452862
1211149651  5.728172
1211254465  2.946287
1212770942  5.322536
1212775790  7.531024
1212778658  9.474535
1212880506  18.368410
1212895475  7.056925
1211048148  4.976899
1211127657  8.883850
1212474004  21.905149
1212510234  15.670451
1212976951  8.176839
1211428417  22.676710
1211487166  15.943671
1211496401  8.244311
1211795587  12.226280
1211803296  13.726939
1211825775  6.304771
1211836788  20.793829
1211922969  3.428724
1212196900  0.555736
1212196961  6.820628
1212266445  6.855754
1212548628  12.420541
1212634704  11.092890
1211048891  3.264453
1211120682  8.931289
1211129157  5.767365
1211399328  4.658070
1211433966  9.985523
1211464667  6.545429
1211497465  4.899011
1211553459  6.470713
1211570116  6.759596
1211764098  13.847465
1211764163  16.778517
1211771958  15.225973
1212042032  27.830778
1212050334  15.453833
1212258829  5.722095
1212337005  3.801131
1212376553  14.805868
1212376591  17.081600
1212503552  6.766194
1212609843  4.822070
1212678268  8.629419
1212679504  5.731405
1212697760  5.026001
1212915623  12.473972
1212941948  11.439559
1212942796  12.579710
1212946019  12.475022
1211255631  8.574701
1211258716  6.988370
1211355373  15.054629
1211591005  0.000000
1211591006  17.560362
1211934917  0.564998
1211934977  1.328362
1212188684  9.129622
1212204795  0.000000
1212204798  6.383992
1212267560  5.442419
1212341805  10.648701
1211119888  17.739960
1211220664  6.007953
1211288765  11.595382
1211301522  2.475322
1211311404  9.319627
1211382393  4.786555
1211400210  6.258325
1211402274  6.665614
1211404278  6.010959
1211428921  11.021658
1211465725  9.761309
1211925048  2.486945
1212000423  63.922649
1212004132  6.837687
1212069247  10.251353
1212090676  6.872256
1212163878  5.569515
1212411542  15.906299
1212431981  1.245316
1212537022  14.574389
1212592858  7.599039
1212632828  8.153082
1212642518  9.362205
1212696364  11.348795
1212696762  5.407007
1212902903  5.823642
1211033656  9.067968
1211114532  8.891327
1211138777  7.912847
1211423537  4.419740
1211469903  3.908259
1211553802  16.125420
1211572351  17.095037
1211683926  3.872480
1211774196  4.586824
1211869462  21.186289
1212204874  21.637497
1212461591  21.583752
1212461651  14.168698
1212031067  17.918741
1212031124  16.475229
1212031171  9.481442
1212262382  6.785515
1212262438  6.822083
1212455210  5.166967
1212456221  4.912809
1212460952  12.652517
1212547191  10.609356
1212602726  14.327491
1212614884  12.784530
1212684996  9.280190
1212688695  6.726773
1212793980  12.574730
1212797497  14.544822
1213083855  19.991560
1211068571  4.941542
1211113973  4.287722
1211116429  7.881185
1211307496  0.000000
1211307509  3.874412
1211338071  11.089694
1211407789  12.783959
1211665029  0.768787
1211776674  2.817891
1211807337  18.529177
1211828240  11.204758
1211862239  12.997025
1212034323  7.621129
1212135086  18.262167
1212426306  3.727180
1212451715  5.858512
1212894295  4.629746
1212894631  16.572868
1211330164  4.479724
1211418956  4.066443
1211484854  4.563447
1212084992  10.480394
1212892320  9.090837
1211135427  4.598298
1211239957  9.770737
1211646807  7.372665
1211741108  9.339158
1211829434  16.151833
1211861741  5.985199
1212102864  6.304771
1212354067  33.454155
1212605295  13.970985
1211121414  3.302728
1211123048  5.229558
1211130628  2.439938
1211218597  5.546326
1211344042  11.528991
1211461349  7.484745
1211566685  4.656950
1211832413  3.914232
1211843325  8.175616
1212064698  18.733614
1212078376  9.368759
1212126892  16.858393
1212347365  2.564798
1212409146  8.503003
1212428589  11.467939
1212511940  9.782159
1212601767  9.903897
1211096924  14.574561
1211951575  4.284052
1212157242  14.241181
1212157960  18.956867
1212169483  15.017860
1212182295  1.463090
1212226887  4.194826
1212355438  0.000000
1212355462  2.594770
1212474361  12.041639
1211488045  21.535093
1211555572  3.690876
1211599920  308.458344
1211768433  5.852925
1212204691  5.244819
1212345937  6.742341
1212351070  8.361419
1212531826  9.364482
1212544002  5.767365
1213027601  19.830641
1211381564  6.268118
1211475463  9.020661
1211555539  7.400682
1211781127  10.535888
1211781216  11.391849
1211861618  12.135779
1212010621  10.938878
1212373501  4.347285
1212413505  11.752536
1212583232  6.423748
1212624495  15.950016
1213020313  11.505565
1211338009  10.251353
1211575562  14.504765
1211659469  14.144755
1211737159  62.913311
1211854567  8.424225
1212174679  5.974205
1212247033  5.446473
1212624120  10.280622
1212624257  14.055954
1212717720  5.727203
1212733169  8.752110
1212963420  4.876268
1211426988  5.208380
1211477292  18.794615
1211484220  1.363799
1211484868  11.081300
1211490455  6.872256
1211676100  10.056945
1211676212  0.555736
1211676273  4.736624
1211807642  4.615119
1211808543  14.121478
1211909626  10.275062
1211944462  6.197056
1212111657  10.874461
1212183738  2.439938
1212238267  11.948411
1212247475  10.435500
1212284133  4.136128
1212372614  16.684340
1212372715  1.971235
1212375472  16.037897
1212375533  10.708327
1212413455  7.442813
1212417427  5.049862
1212426089  8.557847
1212432908  9.443762
1212449052  7.442813
1212499808  5.485942
1212511737  4.004607
1212586090  14.746090
1212614176  8.437851
1212672468  3.211800
1212674352  9.176995
1212683105  5.947236
1212716263  4.297084
1212736320  6.992607
1212771447  7.635827
1212773443  10.124304
1213039219  1.431989
1211438478  6.655875
1211814040  3.957976
1211815070  17.616995
1211912542  19.659790
1212097364  17.636379
1212289021  6.230460
1212443979  4.084730
1212451768  5.332191
1212703090  8.566953
1212807343  4.916541
1212857939  10.648701
1211044122  9.074536
1211057947  4.138094
1211119858  6.572216
1211120622  2.528394
1211122773  3.065255
1211485091  17.887228
1211509011  16.909397
1211755431  2.024421
1212262811  2.465747
1212424098  2.026337
1212464316  9.298235
1212472208  11.977180
1212473986  6.215152
1212696346  6.852142
1212947659  7.499116
1211222040  6.502634
1211310943  10.345390
1211593076  5.517957
1211604988  4.682446
1212006980  8.796392
1212049848  9.178455
1212281675  2.122376
1212292210  9.977895
1212618026  31.045437
1212894872  34.402126
