1211079718  7.263798
1211079782  9.165479
1211254430  10.560960
1211254496  39.393570
1211311783  7.350834
1211333814  19.652954
1211334167  21.456844
1211402641  6.645983
1211938800  4.292797
1211944498  10.097473
1212034978  41.343037
1212035067  5.376312
1212429221  7.387747
1212451555  4.093082
1212607898  23.940542
1212639818  19.718218
1212642557  64.846992
1212709923  10.823307
1211072427  18.583500
1211243915  26.552984
1211299370  14.984715
1211438412  5.593384
1211779243  20.121037
1211864044  6.514446
1211949115  14.211577
1211951074  8.228960
1212169790  5.589742
1212597196  12.563210
1212778819  6.728534
1213026603  10.770534
1213035414  3.046235
1211069596  0.000000
1211069649  0.000000
1211069650  6.029471
1211345118  7.942673
1211385298  0.000000
1211385351  0.000000
1211385361  7.345798
1211906280  32.066906
1211997574  20.671518
1211998341  12.638458
1212038987  6.742873
1212977545  6.595295
1213020064  4.937966
1213020156  8.740909
1213020272  12.278208
1211052370  10.106324
1211268223  0.267176
1211557369  6.330858
1211622581  3.721705
1212110427  10.501939
1212121610  10.186529
1212308029  9.309277
1212347370  752.749634
1212376765  9.631927
1212393764  0.000000
1212393786  4.620060
1212900422  6.364763
1212900608  19.748383
1211141834  6.091034
1211391612  23.395315
1211597491  21.372551
1212172988  4.800606
1212181144  8.470224
1212210053  5.813999
1212292781  10.156493
1212639845  13.370326
1212697388  6.914257
1213029802  0.000000
1213029813  2.969357
1211344820  4.779373
1211459552  3.174706
1211459857  4.009434
1211460548  14.900632
1211745095  38.374931
1212184770  18.301693
1212344701  16.262115
1212675955  18.630669
1212745630  12.705715
1212914063  6.793076
1212920237  19.839781
1213016759  7.148445
1211040499  11.438756
1211055374  9.259283
1211070697  20.332176
1211374784  6.470619
1212202835  12.498218
1212536638  18.733444
1212605984  2.292155
1212717236  18.530729
1212880133  9.357312
1212919765  18.941465
1212921726  8.469780
1211132099  10.269214
1211436416  17.310951
1211656380  14.714486
1211783396  8.436056
1212259370  4.940118
1212444255  5.873966
1212596271  12.600232
1212638097  15.305532
1212715264  9.100710
1212901642  11.288272
1211814934  7.603423
1211954026  3.389373
1211957535  5.303657
1211958329  20.371799
1212048409  5.010494
1212063173  20.656689
1212308237  10.952464
1212450866  0.000000
1212450880  4.610883
1212610638  7.676114
1212917551  7.893174
1212921452  6.340419
1213027828  0.000000
1213027888  5.776067
1211089454  14.455039
1211141195  212.110672
1211392678  18.778603
1211468315  7.135474
1211511112  9.859208
1211556175  7.103310
1211775539  6.690907
1211827097  10.294571
1211942799  77.795540
1211680534  5.077449
1211989783  14.196679
1212263893  7.306224
1212525761  13.158615
1212554841  11.519174
1212687573  12.735859
1212736852  8.168555
1212785132  10.101884
1212944143  27.746073
1213019810  19.168365
1211234266  18.788904
1211468253  9.474437
1211555008  15.211761
1212020860  1.145058
1212049480  7.710034
1212067720  8.130210
1212103430  15.834657
1212145652  8.637201
1212223597  52.827827
1212397908  5.776067
1212435690  11.333587
1212738441  11.855425
1212747650  5.461255
1212839024  4.799542
1213004568  9.861703
1211309016  8.749671
1211355148  10.224959
1211355194  10.597208
1211556216  5.425107
1211658039  15.847165
1211859023  7.224418
1211924785  9.861564
1212081625  15.533783
1212319867  10.516054
1212730117  34.801868
1212787842  8.782688
1212787902  8.523882
1211302855  22.401403
1211362971  7.373702
1211693830  23.961384
1211779841  16.448753
1211969019  38.057285
1212075341  4.126489
1212118113  4.667913
1212323410  14.727742
1212329000  12.901371
1212345077  6.950269
1212422366  6.257239
1212562305  8.033562
1212780047  31.760521
1212924411  10.376782
1211213495  5.437543
1211353131  19.912455
1211624212  12.131458
1211627047  8.201867
1211934940  5.461255
1211939255  8.637201
1212208950  5.747897
1212301901  24.213787
1212373236  10.463540
1212598558  26.918110
1212689844  9.209914
1212767001  1.802858
1212955675  4.803642
1212991712  21.496490
1211437888  6.555348
1211652333  7.951314
1211817240  96.466034
1211973463  11.785722
1212166105  16.509247
1212250130  451.614594
1212515071  4389.057617
1213022309  3.264884
1211382800  4.544322
1211464000  15.154374
1211564909  13.728197
1212533091  7.254399
1212703773  2.008660
1212796880  20.722330
1213018950  5.681377
1213029566  2.837866
1211393375  5.950239
1211480356  11.438756
1211696477  18.178213
1211709461  14.373034
1211714350  10.320758
1211714408  27.640259
1211717163  3.229056
1211757894  16.902346
1211790985  10.146999
1211880815  13.499758
1211921865  9.587390
1211996877  12.423110
1211996931  9.919978
1212004798  9.027573
1212296130  8.181206
1212638911  17.702818
1212655581  10.221053
1212833661  2.936289
1211170693  8.565611
1211216183  8.842113
1211216303  23.425034
1211692416  13.500083
1211749094  6.193048
1211897368  12.443040
1212093671  8.911368
1212256474  21.772146
1212605411  11.410756
1212677123  8.321404
1212900131  2.882237
1212900371  15.829589
1211164459  11.682145
1211218389  161.805984
1211349963  298.882324
1211355005  14.347124
1211357078  12.359906
1211415349  8.457541
1211493819  16.726500
1211510490  9.568182
1211786181  612.063110
1211789740  2196.731689
1211927163  13.654220
1211938704  14.940094
1212025878  7.951314
1212034565  3.949919
1212203607  171.068680
1212208147  11.794196
1212308300  13.991732
1212679636  4.483136
1212979164  12.591639
1211041881  964.943604
1211044548  1636.078491
1211045041  1041.429932
1211121691  1316.244873
1211167939  10.164572
1211206709  890.226196
1211208942  40.517902
1211210704  35.106236
1211221566  276.895966
1211232664  67.451241
1211238582  498.748352
1211256324  1047.573364
1211303596  9.075885
1211346601  500.549103
1211409220  11.554328
1211468476  7.925146
1211477379  3.282324
1211505926  553.443420
1211515433  26.425755
1211678532  2135.354736
1211685189  632.903381
1211688964  64.606689
1211689697  860.083557
1211695520  519.393555
1211752914  2175.287842
1211762766  149.583740
1211780391  1085.561523
1211909969  5.046001
1212035365  823.137878
1212036340  179.664413
1212057025  439.191193
1212064736  696.000305
1212077581  974.742615
1212155926  66.686951
1212178491  1096.585449
1212180761  1456.766602
1212202748  1155.015747
1212206151  1200.757202
1212222526  184.637619
1212261442  12.999865
1212280787  407.652588
1212284352  603.894531
1212301314  248.210587
1212340381  393.774261
1212341880  644.909302
1212342643  793.182312
1212349316  287.688782
1212370377  2143.443604
1212377717  194.997314
1212389819  442.123688
1212468257  13.114365
1212527055  526.730835
1212541709  879.024658
1212553292  6.793076
1212633526  8.935041
1212845992  25.130676
1212853313  6.437255
1212950724  5.205259
1212955892  105.729790
1212961053  380.939301
1211139665  27.800608
1211392159  4.973995
1211563014  15.940042
1211955747  3.179486
1212075718  3.626308
1212133368  7.838534
1212224439  5.681377
1212226732  4.246181
1212424779  5.164809
1212448698  3.138308
1212656557  7.153588
1212683590  32.039139
1212736001  10.237927
1212739074  11.130143
1212821953  21.243662
1212824975  7.677747
1212920480  10.842229
1211035764  8.488877
1211074132  3.858949
1211312678  10.779028
1211380185  7.775785
1211384684  12.971027
1211415923  213.699280
1211460780  4.364417
1211493843  3.696095
1211556329  14.865176
1211580193  7.710034
1211630641  15.262781
1211721961  10.103296
1211838477  6.539022
1211971404  6.624114
1211974629  6.377073
1212033080  8.886256
1212064314  12.827802
1212099631  5.713105
1212146416  7.117159
1212230915  11.855425
1212327174  9.357312
1212342583  5.681377
1212501430  4.750545
1212502055  25.772039
1212576320  15.407252
1212824764  8.077888
1212878965  11.879597
1212941781  10.419008
1211244712  14.489147
1211339165  6.052740
1211470313  11.290258
1211520666  6.067086
1211560604  12.056364
1211714701  8.251721
1211917121  9.735795
1211953543  10.103771
1211957015  20.633135
1212185246  3.836008
1212223646  3.282324
1212226189  3.797198
1212413819  12.990769
1212456800  9.310294
1212474065  6.859451
1212474126  22.247921
1212589196  0.000000
1212589234  0.000000
1212589244  2.923776
1212613485  4.752153
1212616523  13.481554
1212826814  11.261720
1211303570  2.713842
1211517754  7.378389
1211554131  7.571255
1211557323  9.905253
1211557505  1.301010
1211566404  7.584845
1211663829  11.602167
1211925658  8.803952
1212299957  4.459481
1212300182  15.857430
1212427298  25.676859
1212676747  15.464240
1211405680  19.682507
1211485882  8.112407
1212117293  8.580516
1212442390  4.698366
1212818330  16.474661
1212887948  7.234597
1211263787  7.343510
1211994053  120.609535
1212138532  11.693520
1212287282  6.045687
1212470336  5.263367
1212740776  578.796204
1212895967  5.082541
1211315146  36.517799
1211320140  5.552276
1211352128  3603.383545
1211363676  7.177329
1211450209  14.505071
1211452057  8.317559
1211899908  20.415524
1211997215  11.847599
1212073000  12.056364
1212307048  36.394051
1212455130  10.285778
1212455948  5.395533
1212460241  4.272397
1212514602  5.645683
1212607294  61.227913
1212829553  9.978983
1212920232  7.951638
1213035766  19.325476
1211612763  3.590538
1211780186  10.266600
1212173884  14.206782
1212330504  19.293417
1212717416  5.172597
1212742571  4.431329
1212836573  9.858515
1212303228  24.957464
1212390363  263.300171
1212595738  22.772068
1211420188  9.861447
1211990405  9.142527
1212151553  5.435354
1212198557  10.535115
1212301561  10.324596
1212358058  22.681854
1212556320  23.911493
1212648378  9.128327
1212811881  3.060828
1213032699  11.813741
1211094360  8.706283
1211284391  22.639591
1211284990  846.702271
1211404253  4.139533
1211503693  16.711529
1211609523  9.716920
1211695257  23.524626
1211695419  14.867458
1211987733  3.474938
1212094812  12.493458
1212160527  3.553429
1212208691  6.204918
1212344322  9.196251
1212357302  8.818822
1212419462  1.804916
1212419765  7.665003
1212434283  3.371827
1212436228  6.681662
1212458592  11.315645
1212611391  10.426322
1212819982  488.822357
1211062968  190.013031
1211172239  18.924906
1211400385  8.462515
1211619904  9.370527
1211904971  3.073922
1212000307  7.081344
1212008893  13.821253
1212201740  9.891168
1212201803  10.392873
1212453311  9.638522
1212511558  13.473475
1212512063  4.344341
1212612827  8.778256
1212733043  2.985227
1213021628  8.549417
1213028413  0.000000
1213028473  2.272161
1211080740  3.464683
1211572276  14.728292
1211595293  5.816101
1211786801  9.702106
1211898847  9.693067
1211983472  19.170572
1212440182  6.136852
1212506989  1.921289
1212539517  1.323974
1212736060  11.661074
1212782525  5.329366
1212782594  15.637364
1212988631  7.887783
1211024438  14.122387
1211196530  41.342587
1211429728  28.721901
1211429753  14.415874
1211700160  13.169916
1211921916  4.310750
1212206973  13.195523
1211256277  9.393326
1211333346  10.939318
1211489371  6.521119
1211622202  21.550827
1212022801  7.129838
1212263225  12.019268
1212263462  32.204342
1212308174  5.402865
1212547762  18.424314
1212618842  10.812954
1212749838  2.563312
1212791611  13.527900
1212793658  7.203428
1211176939  12.572476
1211228254  12.985296
1211346420  18.688025
1211511289  10.902967
1212287383  29.505680
1212471996  7.413063
1212523226  10.761356
1212597917  4.838387
1212599105  9.705914
1212673815  15.706431
1212678900  5.375678
1212768502  13.488578
1212768562  8.043828
1212770294  15.091650
1213027412  13.111364
1211087311  10.133871
1211148171  2.582094
1211340538  6.027029
1211436479  7.213983
1211511936  19.776369
1211765563  7.530398
1211942115  6.304023
1212086297  8.569792
1212167440  6.785360
1212333215  25.472397
1212632971  2.567214
1212634364  12.360312
1212818595  0.000000
1212818619  1.379384
1212973878  16.072569
1211234442  3.311526
1211252438  11.878496
1211252498  13.042492
1211310318  10.664488
1211312065  5.965286
1211392569  16.294939
1211615128  8.871735
1211860945  6.303588
1211861031  8.580482
1211914664  10.458716
1211990576  4.613880
1212510959  7.311652
1212531144  7.262545
1212534727  2.747492
1212556576  11.933919
1211133765  7.430378
1211682316  15.828606
1211991583  2.184995
1212027335  10.076880
1212157075  3.045761
1212164906  22.993792
1212353040  7.039082
1212468150  6.313785
1212632005  26.002281
1212781936  21.494905
1212824243  7.805326
1212867472  10.484722
1211132979  13.186601
1211166182  27.037014
1211261483  26.162802
1211484436  22.170147
1211518525  10.817522
1211846261  23.307314
1211878879  10.052046
1211921308  11.596504
1212684492  3.227618
1212767219  1.741168
1212902617  9.804605
1211021648  13.009535
1211083291  26.051336
1211090770  9.224435
1211212729  4.775162
1211365460  10.898505
1211399049  3.388254
1211399430  9.731936
1211581618  7.251029
1211626211  11.072645
1211631356  8.626968
1211782147  8.644368
1212039143  15.077730
1212058719  15.706431
1212121733  0.000000
1212121750  4.544322
1212190853  11.418318
1212231914  16.262115
1212231975  11.701037
1212446974  10.609579
1212492516  10.791598
1212552542  22.248913
1212605093  17.278099
1212617477  5.776067
1212630587  13.608621
1212665229  3.587486
1212845264  8.185518
1213036492  7.500661
1211334172  26.548502
1211401623  4.261951
1211429886  10.521917
1211463670  3.227618
1211611693  15.055952
1211670960  6.034622
1211827713  14.785484
1212010028  6.823133
1212144560  1.228034
1212262175  6.086904
1212511849  1.629506
1212512024  6.594908
1212607264  15.599794
1212654025  8.541891
1212811888  10.204981
1212925427  6.139135
1212976395  4.236716
1211189743  11.296322
1211245095  19.462677
1211354151  6.534583
1211447740  5.114147
1211700921  8.781356
1211700976  13.348568
1211767511  15.163015
1212051573  6.080070
1212076361  4.373928
1212157627  9.428692
1212311484  3.073922
1212598326  0.000000
1212598386  1.412239
1212598562  23.922510
1212726545  14.350636
1212891618  6.395587
1212978157  8.177690
1211233569  5.763434
1211337334  11.756848
1211615302  42.986858
1211872619  1.715206
1211960739  11.147753
1212067288  16.725725
1212092559  13.457953
1212107367  6.776653
1212134152  4.425463
1212299059  1.547438
1212306897  7.512866
1212389120  3.716460
1212411329  1.513113
1212416122  17.257324
1212472737  13.167686
1212523731  5.250602
1212535031  5.360960
1212535151  0.000000
1212535244  10.176103
1212550102  9.941607
1212561553  17.684225
1212606796  3.540418
1212611236  10.176103
1212753322  4.431329
1212769027  6.611366
1212893448  8.623128
1212894273  18.661730
1212917520  3.653907
1212933831  9.639837
1212987203  233.033600
1213024781  8.569792
1211387860  6.036997
1211389082  11.601729
1211473723  4.620060
1211994506  19.705509
1211994868  10.176103
1212543693  50.541813
1212742092  9.493007
1211233321  5.569255
1211365334  11.749090
1211406280  6.628416
1211520282  9.981774
1211520317  13.235589
1211905505  7.473902
1211963049  9.199153
1211993329  17.538231
1212010331  12.801243
1212080897  25.371523
1212293596  17.230343
1212318107  21.730867
1212318612  11.396745
1212322635  8.565845
1212555087  20.783323
1212593715  0.000000
1212593759  0.000000
1212593761  5.439907
1212744144  10.723436
1211236997  13.865101
1211520847  25.161737
1211651681  9.333486
1212102838  11.328454
1212266527  10.663617
1212267635  11.514813
1212381748  9.699143
1212436874  11.617056
1212606546  7.189662
1212654859  10.424913
1212684805  16.230911
1212906004  14.433664
1212943816  16.097347
1211141546  12.642110
1211407892  2.882237
1211486768  5.014167
1211694749  7.911438
1211943659  9.523637
1212111186  6.241573
1212176993  5.422704
1212206275  11.855425
1212209823  6.654724
1212212446  7.224519
1212220751  10.054181
1212297004  327.735596
1212345644  20.615534
1212516378  4.869102
1212590621  11.149264
1212691464  10.982355
1212813103  9.847841
1212919405  13.780701
1211034877  11.050947
1211046961  8.642032
1211169548  10.137189
1211318947  3.944766
1211484713  8.858170
1211806517  19.064821
1211880589  3.830462
1211882333  21.625780
1211918976  18.627226
1212031975  13.476365
1212165789  5.450624
1212168270  5.865051
1212177080  38.810612
1212260882  10.719842
1212279200  10.192596
1212437357  8.169265
1212535153  6.941325
1212623455  20.922329
1212695850  7.865319
1212700636  4.799542
1212989699  12.211306
1211258311  10.737659
1211271178  9.776571
1211309960  7.726861
1211343287  13.275266
1211380618  4.828009
1211381549  3.216803
1211527269  9.208414
1211621327  14.963130
1211623373  3.873142
1211709346  2.934198
1212051606  4.620060
1212293132  9.442241
1212318292  10.596985
1212901989  13.728952
1212944106  8.798723
1211217825  6.551984
1211258273  17.809662
1211619778  11.782023
1211624595  19.687088
1211861231  5.420425
1211901288  3.943706
1211961996  6.758893
1211989890  5.172597
1211991077  3.268078
1212114034  12.178849
1212480202  5.987109
1212639854  4.146907
1212677774  6.301164
1212682740  6.847879
1212683224  212.110672
1212773501  6.871787
1213009938  7.065628
1213041051  4.248502
1211251883  8.834793
1211399451  5.141068
1211521152  12.983479
1211622722  12.770975
1212209710  7.348626
1212527020  8.049577
1212600809  11.202599
1212605489  3.227618
1212691906  20.779982
1212692250  18.580143
1212783102  1.510085
1212786934  7.203428
1212904774  196.326477
1211035273  7.763602
1211222514  13.252404
1211374083  4.950065
1211464621  9.776571
1211469533  9.886092
1211891199  4.786766
1211902472  3.713853
1211924144  3.426211
1212052133  16.486313
1212106695  8.040085
1212274775  10.341571
1212415382  18.614662
1212501169  5.619448
1212506613  5.113406
1212583401  7.141404
1212670112  12.642110
1212757463  7.494802
1212890073  8.818175
1211164224  5.873112
1211399905  4.896095
1212292502  0.251852
1212310529  10.780618
1212313408  37.643993
1212415227  24.008533
1212416970  5.335867
1212582909  10.664488
1212876619  6.045687
1211074071  4.175412
1211143426  19.705000
1211356152  14.132624
1211565434  31.822895
1211850844  4.216199
1212045155  4.503653
1212214846  10.419350
1212234683  13.804816
1212540788  19.260790
1212570243  8.762650
1212644827  8.585549
1212904650  20.688345
1211166402  9.899123
1211256828  8.565845
1211256888  21.206860
1211339529  24.382999
1211439625  8.436083
1211965229  10.898505
1211967894  7.189662
1212249000  9.338277
1212361205  13.344262
1212527763  4.634807
1212622411  87.337761
1212850983  18.498289
1212975633  13.071225
1212999815  5.295938
1213004755  12.184754
1211092914  4.393649
1211206330  0.000000
1211206333  0.000000
1211206361  9.815353
1211549533  707.795227
1211613535  8.107224
1211911148  5.257119
1212070160  15.578729
1212425915  19.285107
1212435525  9.224435
1212507012  3.957384
1212659588  7.034904
1212751844  4270.709473
1212789157  8.735499
1212912432  23.894947
1213014643  389.908905
1211167889  9.776571
1211405884  12.600232
1211439570  9.263747
1212243557  13.732109
1212290790  12.005711
1212511244  5.369130
1212547602  2.832334
1212636016  5.371561
1212697850  4.309194
1212698137  21.210697
1212698464  18.073477
1212984531  7.664958
1211263093  15.215143
1211305607  4.215603
1211366695  9.445176
1211430830  10.237927
1211712363  15.310441
1211773332  18.470531
1211905609  1.857246
1212092978  9.645330
1212095763  10.641086
1212184295  4.729567
1212208760  10.166523
1212223661  11.855425
1211229193  5.946577
1211229413  82.848106
1211626940  18.209097
1211724888  6.611219
1211728367  4.799542
1211776475  7.823326
1211790422  7.726861
1211895665  4.930398
1211919571  14.171271
1211993895  13.780701
1212261922  23.004972
1212264928  22.932690
1212426538  9.208414
1212430355  7.721262
1212450698  18.230492
1212458068  17.309820
1212503784  20.394279
1212697122  7.816943
1212703411  12.097483
1212913062  211.728058
1212954677  0.730468
1211250676  83.420570
1211506383  10.646711
1211553869  12.380633
1211699406  8.893180
1211889196  132.702377
1211891910  5.595277
1212134656  6.795308
1212176372  21.950762
1212613716  9.660450
1211025553  11.979952
1211167114  3.502990
1211301100  2.936289
1211345815  9.804824
1211392342  14.625566
1211597257  16.918226
1211604582  3.371827
1211897345  3.602796
1211897399  36.329647
1211934024  6.898503
1212086439  5.924492
1212098266  10.454818
1212172174  8.001011
1212208842  11.287702
1212274187  23.405571
1212724065  29.111788
1212808438  3.944829
1212861393  22.696447
1211077117  8.810915
1211144759  7.125940
1211175457  13.676423
1211563546  13.579356
1211623337  11.262331
1211857584  37.799206
1212498148  13.116394
1212523360  7.305612
1212678591  4.354291
1212868415  18.239115
1212869559  4.721908
1212930865  20.257288
1212952914  15.571731
1213001186  16.374676
1211156129  4.264609
1211291768  17.910587
1211338897  11.806562
1213032911  10.527002
1211415218  14.757710
1211415334  8.931263
1211529120  9.573700
1211813531  4.055951
1212340138  4.137940
1212880904  419.930298
1212977366  19.492786
1213017689  7.305924
1211037879  4.572006
1211141956  23.896605
1211142049  23.125746
1211152273  2.087417
1211197518  5.621966
1211237019  3.592759
1211301549  1.895162
1211325382  13.970149
1211332670  16.283607
1211348015  11.991873
1211389593  3.388146
1211390236  15.727163
1211412933  133.794662
1211443749  9.494390
1211469479  4.156722
1211549899  3.587486
1211553686  326.579590
1211643036  18.450430
1211739010  7.903401
1211772064  17.273525
1211837425  22.502119
1211841875  9.847841
1211891469  134.275375
1211894554  8.225497
1211920856  582.190186
1211990352  3.216803
1212016999  4.544322
1212019794  18.455061
1212154465  10.009281
1212222072  19.314241
1212251034  3.389373
1212307567  9.403959
1212328068  7.272675
1212413959  10.237511
1212464855  6.800908
1212472066  33.506821
1212546937  21.863453
1212621744  4.523492
1212710394  15.366842
1212712134  9.859208
1212724970  19.279575
1212760434  16.486313
1212801151  15.051670
1212825993  3.937587
1212837369  200.438553
1212854911  11.231205
1212907819  9.841602
1212911293  13.440538
1212945333  4.431329
1212967589  23.281923
1213020032  7.726861
1211057314  7.926229
1211121967  6.422415
1211208589  6.540864
1211299616  4.620060
1211450930  7.272675
1211824670  1280.121338
1211899573  4.068492
1212014878  20.636560
1212125791  11.879247
1212230544  23.051878
1212451109  10.420841
1212679004  5.137288
1212702427  3.880097
1212738150  19.133772
1212792884  5.648955
1211039365  10.176103
1211154492  5.776067
1211205842  12.065504
1211837942  11.650055
1211926408  10.199478
1211956762  21.880196
1211987461  7.087188
1212204613  5.552276
1212594478  7.500661
1212759877  12.155353
1212916349  3.282324
1211165226  8.788441
1211198913  3.990909
1211228095  8.821954
1211245664  3.818093
1211307974  9.057456
1211346760  14.672993
1211347064  6.570003
1211347320  2.240421
1211374901  8.245236
1211986643  4.283751
1212123241  6.734063
1212157636  9.774299
1212373752  8.194185
1212409565  7.625672
1212412156  5.854711
1212437215  14.848916
1212638215  13.953597
1212638240  5.484428
1212789202  12.925923
1212992464  19.556377
1211081550  80.952034
1211212822  385.864136
1211433387  10.932892
1211724460  150.630951
1211784994  3.073922
1211787149  7.999788
1212081414  15.679104
1212213590  23.995214
1212473368  21.936737
1212541806  8.630359
1212554433  5.622493
1212707609  12.028953
1212841475  15.693970
1212906624  11.669379
1212959052  7.560925
1211336933  15.579856
1211840276  14.367602
1211903627  0.000000
1211903629  4.521785
1212207804  10.879128
1212252844  4.617937
1212452979  318.166016
1212533136  8.662613
1212600385  13.731297
1212614708  9.130380
1212682960  10.763562
1212912692  18.006922
1212914377  8.019031
1213026315  4.301342
1211116550  12.875122
1211311772  19.293417
1211321494  14.018793
1211404262  16.505957
1211449167  4.740664
1211662500  5.589742
1211910960  6.898503
1212037169  15.272484
1212175052  19.851444
1212468580  1298.046875
1212507820  6.188643
1212657530  8.475920
1213030949  3.747806
1211043611  10.107981
1211220774  13.287965
1211377201  8.788441
1211377261  21.939445
1211394011  6.906310
1211491898  15.076225
1211627624  19.586021
1211900748  1.389087
1211900809  18.927719
1211915712  13.828443
1212068669  3.482378
1212091064  16.426947
1212266934  23.419916
1212267055  25.988102
1212335082  7.220083
1212339327  9.035922
1212339393  15.573330
1212503042  9.218817
1212511474  3.216803
1212511592  13.203083
1212516736  7.770199
1212516796  14.778762
1212526536  0.000000
1212526596  8.610373
1212526727  0.000000
1212526760  0.000000
1212526775  2.969357
1212536603  17.086569
1212605006  19.260790
1212679070  12.881684
1212859458  13.434542
1212880731  200.438553
1212882581  14.018793
1212911538  9.699791
1212939554  7.838534
1211134286  14.252772
1211139867  11.549530
1211312119  0.743514
1211432235  11.799602
1211549079  10.067377
1211740164  6.340419
1211824066  13.289790
1212045562  5.113406
1212126772  6.428615
1212138582  6.069288
1212217095  11.771272
1212466546  3.726756
1212499492  2.979340
1212591603  8.065742
1212882077  17.744883
1211071336  23.056160
1211379363  16.808397
1212169889  10.417541
1212248869  9.613871
1212286596  2.791344
1212500966  24.972586
1212544430  11.855425
1212544490  15.996434
1212613633  3.608628
1212664364  212.110672
1212798397  9.610641
1212862468  29.936949
1212863025  25.160273
1212866990  9.341783
1211156507  6.536057
1211435245  9.803392
1211435317  28.183002
1211477388  30.431808
1211518233  19.448885
1211690082  5.674408
1211770475  10.429988
1212162806  16.188562
1212162971  15.261621
1212245648  19.398766
1212423127  0.000000
1212423187  7.177815
1212439242  22.581171
1212465671  8.713882
1212694847  4.091533
1212695021  21.403265
1212823948  6.501785
1212830103  9.356313
1211311322  9.859208
1211485787  10.762902
1211555750  0.000000
1211555772  9.414925
1211598562  17.779190
1211835420  10.237511
1211891694  8.762650
1211929199  6.785412
1212682650  98.486198
1212787740  7.720769
1212808593  31.109947
1212993268  2.979340
1211152321  6.518998
1211486376  41.478931
1211494599  6.373941
1212001325  11.855425
1212223677  7.818902
1212339801  21.708389
1212545681  21.825003
1212887203  11.545253
1212938614  3.746614
1212959993  6.538943
1213036340  7.097983
1211320476  3.370762
1211406716  5.209872
1211414696  20.614180
1211444091  8.085089
1211477233  3.762434
1211516303  15.856298
1211855487  14.919136
1211856092  9.010089
1211911828  3.880097
1211911924  9.888201
1211942262  10.593005
1212084985  9.337948
1212141430  9.349522
1212422422  5.632785
1212494519  3.122423
1212554807  6.176331
1212667656  8.992053
1212674532  12.143160
1212706599  5.102983
1212736791  10.612842
1212739635  11.996262
1212743290  8.788441
1212866046  18.838430
1212932093  7.379683
1211245106  13.493945
1211524571  22.346163
1211843994  6.554985
1211913502  8.306695
1212261130  20.211851
1212261404  25.094973
1212432282  13.466815
1212432578  16.154066
1212596834  17.020082
1212597081  0.000000
1212597131  4.178922
1212680854  6.522023
1212716515  8.043414
1211305849  451.828094
1211484371  4.827843
1212717073  0.000000
1212717131  0.000000
1212717196  0.000000
1212717213  5.242599
1212912973  7.490448
1212919206  8.222124
1211347467  19.451506
1211510367  7.101613
1211598879  9.488894
1211598941  20.058922
1211759421  12.009995
1211996024  193.680542
1212054386  11.231205
1212292480  9.143356
1212304140  8.007317
1212459086  17.278099
1212637276  18.569799
1212640163  18.761248
1212689536  3.341195
1212766484  11.881701
1212789022  7.175954
1212791900  7.034904
