1211480153  0.000000
1211480154  7.269887
1211672643  2.830910
1211154721  3.246546
1212494686  6.153913
1212495666  9.754495
1212519743  5.081120
1212537522  5.521482
1211329807  4.927734
1211688988  7.600030
1211756558  4.507825
1212024043  4.946190
1211554407  4.699359
1211640274  5.042652
1211677971  6.492619
1212001961  7.110964
1212371683  8.197550
1212818818  6.260015
1212822584  7.321754
1211098779  8.198169
1211350269  7.529454
1211406683  6.202794
1211427494  5.127028
1211437695  4.393395
1212217899  8.494918
1212302597  5.282393
1212358791  0.000000
1212358808  0.000000
1212358869  0.000000
1212358930  0.000000
1212358990  0.000000
1212359056  0.000000
1212359110  3.932858
1212507728  8.638900
1212966813  5.580668
1211341515  7.466512
1212544918  4.827704
1211251704  9.267183
1211617694  3.732752
1211701940  6.193246
1212069184  8.063164
1212151507  7.412587
1212291481  4.958608
1212432805  5.672154
1212571253  8.522224
1212822777  8.522224
1211140289  7.122233
1211621832  8.382516
1211680225  3.876525
1211698792  4.726992
1212302962  7.424643
1212357767  4.127539
1212390961  10.180177
1211056989  4.958608
1211336654  0.000000
1211336669  4.790979
1212030435  7.607389
1212035974  5.977741
1212667828  8.925873
1211348378  6.528328
1211735203  26.561861
1211410476  182.983826
1211538594  2.530424
1211541638  7.344110
1211542514  5.266586
1212042999  3.521704
1212836440  9.575080
1212992230  5.512289
1211091769  4.250236
1211305348  2.441324
1211430844  3.950251
1211683853  8.220888
1211925877  5.580668
1212263767  7.926624
1212617526  9.255910
1212784869  7.475440
1212792189  6.609534
1212875783  5.766690
1211303310  3.775242
1211857104  6.369840
1211955356  8.650688
1212374304  7.550854
1212920051  8.762036
1211056251  5.934190
1211581109  5.188455
1212865597  3.300655
1211082699  6.592187
1211118753  0.000000
1211118815  0.000000
1211118868  4.870829
1211404017  4.907292
1211476163  5.766690
1211683881  6.070200
1211344369  4.321373
1211703529  7.600030
1211074877  5.030796
1211300747  4.958608
1211835718  6.719693
1212371211  5.723483
1212507441  3.356598
1211047815  4.805575
1211151216  3.300655
1211468556  6.116455
1211495224  4.111939
1211598588  0.000000
1211598653  0.000000
1211598708  0.000000
1211598776  0.000000
1211598843  0.000000
1211598891  0.000000
1211598899  0.000000
1211598925  19.332020
1211743138  5.766690
1211752500  4.958608
1211925960  6.202794
1212294798  8.451444
1212524220  5.838871
1212686579  5.666894
1212768767  5.546605
1213004240  7.943786
1213030260  3.000596
1212074623  4.577177
1212307526  6.153913
1212592385  3.758205
1211511255  9.267183
1211967335  12.634974
1212080743  2.955811
1212374081  9.980013
1212600038  9.698277
1212629919  3.356598
1212915573  6.040873
1211734661  10.449875
1211786869  8.494918
1212204614  0.000000
1212204644  0.000000
1212204651  0.000000
1212204670  6.368151
1212618733  9.531612
1212867352  3.414702
1212975363  4.566402
1211055423  7.475440
1211093572  10.307056
1211115017  4.903394
1211502150  4.109468
1211855090  5.430966
1212110794  1.644776
1212405831  10.400957
1212461995  6.526709
1212642624  6.719693
1212815840  5.177030
1211082338  2.789286
1211142551  11.400045
1211233847  5.219587
1211406360  2.870135
1211493599  9.880541
1211585740  3.150189
1211659662  11.637646
1211838499  7.339396
1212157301  5.409390
1212717164  5.950330
1212976426  5.715376
1211917524  8.375573
1212184325  9.438798
1212348059  7.989585
1212956435  6.719693
1211151138  5.986760
1211230734  8.439365
1211359738  8.522224
1211419725  4.393395
1211586776  3.300655
1212277398  7.963985
1212506270  3.414471
1212628919  4.958608
1212820399  6.332371
1212834430  6.856442
1212836834  6.896720
1211046286  1.265212
1211783960  86.128189
1212147602  8.870272
1212482448  16.114735
1212850229  7.638566
1212923457  5.936124
1212812643  0.000000
1212812644  6.261047
1212899090  4.877319
1211078816  8.522224
1211429735  7.353301
1211529812  6.982325
1212146609  7.600030
1212272926  4.648695
1212362211  4.109468
1212593424  3.300655
1212793183  7.015413
1213029160  4.941710
1211416438  4.685081
1211594691  6.728777
1211611560  7.660604
1212020048  5.362929
1212127425  7.046914
1212258408  4.958608
1212802747  5.521482
1212820130  8.411931
1211073279  3.739912
1211682867  6.352024
1211704954  0.000000
1211704973  1.701492
1211862792  6.316170
1212799044  5.192677
1211119485  7.443390
1211985578  4.109468
1212771165  3.300655
1213020891  6.229650
1211024865  0.000000
1211024892  8.494918
1211028471  4.877319
1211034944  4.827704
1211041369  5.430966
1211202477  6.896720
1211210269  5.501092
1211287915  6.644960
1211290927  5.435882
1211314549  7.245146
1211335947  7.893063
1211372137  7.443390
1211376630  8.494918
1211411989  6.757725
1211465537  5.824686
1211472661  4.290720
1211474396  0.000000
1211474412  8.220888
1211487381  4.958608
1211551772  8.355657
1211560797  7.486651
1211564006  5.219587
1211641359  7.486651
1211669181  7.600030
1211893572  6.485657
1211896050  6.001191
1212059706  6.485657
1212061303  4.907292
1212063425  4.827704
1212069493  7.363919
1212070445  9.255910
1212087077  4.941710
1212090116  8.355657
1212154339  9.104174
1212158240  4.321373
1212166546  7.443390
1212259127  4.722484
1212261177  8.787846
1212335923  4.827704
1212339609  6.991663
1212494329  10.097357
1212511925  5.435882
1212521966  9.917069
1212606149  9.101698
1212611639  5.493305
1212666506  7.486651
1212669545  9.917069
1212706280  5.419117
1212751401  6.485657
1212752046  7.610852
1212753905  6.815389
1212754145  6.485657
1212757324  7.344110
1212775474  13.250780
1212779026  6.644960
1212814980  6.601470
1212852976  7.125029
1212856790  3.356598
1212862136  3.706283
1212896289  0.000000
1212896309  0.000000
1212896310  0.000000
1212896370  11.567851
1213026227  8.214205
1213031997  7.475440
1211029516  5.023474
1212284257  6.290935
1211162649  7.802526
1211546805  7.344110
1212201706  0.000000
1212201740  0.000000
1212201748  0.000000
1212201753  4.428027
1212557414  7.108191
1212882428  3.885563
1212892674  5.042652
1211743484  4.877319
1212029602  12.572199
1212214223  4.941122
1212983636  7.271212
1211421512  4.798653
1211508338  8.375573
1211510579  6.991663
1211607077  9.306191
1211672445  4.290720
1212113671  6.024654
1211036157  6.080024
1211074372  2.100287
1212031053  15.357054
1212036295  8.382516
1212206973  4.873259
1212368678  3.358707
1212555858  8.816392
1212714741  3.538637
1211163704  7.344110
1212620398  4.958608
1212634547  4.577177
1211201303  4.624627
1211482399  5.017737
1211606833  6.040873
1211751692  6.991663
1212285672  8.494918
1212290795  4.877319
1212319497  8.522224
1213010445  8.355657
1211391949  1.174840
1211440978  12.354220
1212158808  9.444828
1212421016  4.467860
1212440453  6.188728
1211346241  7.177362
1211685646  6.051348
1211697632  7.722652
1212038996  0.000000
1212039003  0.000000
1212039012  7.722652
1212201524  5.363661
1212303740  6.427915
1211046286  1.265212
1211256984  13.610415
1211599898  3.382747
1211688900  4.877319
1211757360  9.172952
1212193699  3.046759
1212290209  5.409390
1212326624  4.189247
1212801164  4.150101
1211423199  3.715996
1211437548  7.255881
1212206863  3.302728
1211619838  4.094073
1211939822  5.793245
1212382768  5.435882
1211150826  5.693020
1211339940  4.958608
1211530866  4.249608
1211585124  9.319481
1211944397  6.051348
1212025931  5.715376
1212296128  3.715996
1212310605  4.109468
1212326374  8.362577
1212724624  8.522224
1212996409  9.616888
1213028479  7.600030
1211249937  4.648695
1211576949  5.226377
1212139394  5.546605
1211332209  5.509564
1211345443  3.000596
1211375635  8.522224
1211485617  1.518255
1211602534  4.958608
1211655963  6.655375
1211769287  6.992902
1211937702  4.958608
1211990255  8.638900
1211999414  4.870829
1212256345  10.760965
1212371213  11.895675
1211019534  8.522224
1211507702  3.777929
1211996665  20.173748
1212333240  9.627250
1212959262  5.543423
1211178908  7.813560
1211669254  4.507825
1211844551  0.000000
1211844582  0.000000
1211844584  1.644776
1211933761  5.546605
1211933821  32.859745
1212108409  4.958608
1213016417  5.672154
1213017689  6.419714
1211600676  7.018735
1211735229  3.246546
1212097689  3.765768
1212206662  4.958608
1212656727  5.286164
1211705446  8.238268
1211749111  7.466512
1212055080  10.236058
1212507629  11.676825
1212904756  4.608458
1212914573  5.787903
1211094184  7.184666
1211135301  7.466512
1212201741  2.099714
1212678678  5.584860
1212777124  8.096269
1213032533  4.020493
1211160779  6.027528
1211240560  9.104174
1211348941  7.072833
1211427776  0.000000
1211427778  0.000000
1211427838  7.475440
1211662484  4.393395
1212027664  1.644776
1212310857  10.307056
1212742463  7.461112
1211440631  6.485657
1212027050  6.153412
1212372587  5.759737
1212616259  3.126313
1212696967  8.444478
1212890569  4.354707
1211329783  4.989080
1211765529  7.386885
1211872020  464.261993
1212117382  6.718570
1212217901  3.356598
1212638501  5.643744
1211081443  5.289683
1211105821  16.784262
1211140053  7.983755
1211953115  4.877319
1211160558  6.051348
1211212315  6.069595
1211225840  5.672154
1212206313  8.494918
1212338879  4.648695
1211305627  5.435882
1212262611  11.513408
1212282783  6.093030
1212310376  3.402984
1212329193  10.150798
1212811213  6.659990
1211154234  8.355657
1211320886  6.526709
1211342439  9.369967
1211525371  7.108191
1211608743  7.730630
1211642119  5.058089
1211706099  6.644960
1211818935  7.722652
1211904136  6.051348
1212163412  3.300655
1212302688  12.217624
1212326029  0.866692
1212508062  7.600030
1212753067  10.300757
1212771152  5.129594
1212908485  7.487824
1212912574  11.221778
1211375496  8.494918
1211582925  3.474374
1212206853  5.161118
1212217908  9.514206
1212532721  7.801939
1212731992  7.475440
1212793867  6.738039
1211033723  5.876391
1211300987  2.563390
1211651781  0.000000
1211651842  0.000000
1211651907  0.000000
1211651914  4.373493
1212171738  7.837775
1212201372  6.051348
1212279457  7.663432
1212385516  5.766690
1211182277  7.005476
1212956903  6.700344
1212980894  6.485657
1213003884  7.058897
1211344518  4.393395
1211791605  5.242445
1212649024  3.241113
1212858479  5.312794
1212886887  4.321373
1212888745  6.445080
1212893359  8.633944
1211394175  15.535236
1211860443  5.672154
1212210482  0.000000
1212210499  0.000000
1212210503  0.000000
1212210563  5.787903
1212294075  7.424643
1212526963  4.393395
1212527673  3.715996
1212957813  6.051348
1212962974  4.958608
1212714741  3.538637
1211039623  8.638900
1211153775  5.282393
1211159040  11.373153
1211211771  2.403178
1211584370  4.798653
1212061338  4.497484
1212446518  4.613521
1212714931  4.242653
1211226290  3.416615
1211510146  6.502929
1211520722  4.393395
1211535993  8.222112
1211666831  0.000000
1211666854  7.475440
1212152091  5.232693
1212260413  5.537467
1212289179  5.435882
1212383972  7.690031
1212799522  4.648695
1211266131  7.354868
1212110642  3.538637
1211408273  5.569001
1211503248  7.892887
1211587932  3.434481
1212216280  0.000000
1212216315  0.000000
1212216317  7.645916
1212462174  8.522224
1212555838  6.299712
1212125313  8.664386
1211098587  7.807190
1211519506  7.242949
1211826155  4.827704
1212591190  5.965541
1212623239  5.766690
1212709218  3.300655
1212738855  6.485657
1212889726  7.678481
1211239153  6.719693
1211501350  3.602976
1212109141  4.858493
1212133259  0.000000
1212133265  6.058908
1212289157  0.000000
1212289159  4.790979
1212739264  6.700344
1211104946  7.261618
1211253595  6.294739
1211375331  7.228669
1211694606  8.382516
1211706242  0.000000
1211706245  3.241113
1211866092  2.657588
1211894388  3.002480
1211980143  5.869506
1211988455  1.935030
1212010602  7.330574
1212109666  5.812087
1212166266  3.820344
1212209386  6.719693
1212247057  6.153913
1212411504  6.526709
1212444699  3.777929
1212501964  4.877319
1212540417  7.722652
1212583907  6.972759
1212603705  4.958608
1212798574  5.229318
1213013229  5.406272
1211334404  7.482306
1211603646  5.219587
1211674776  2.990501
1212292617  8.494918
1212453255  5.580668
1212531114  5.652116
1212804121  0.000000
1212804136  5.964281
1212893228  6.945834
1212897193  5.042652
1212909066  6.407434
1211496792  8.375573
1211611958  6.687814
1212253481  4.798653
1212343704  7.073361
1211078736  3.857016
1211243577  4.276901
1211312047  0.000000
1211312107  0.000000
1211312201  14.758474
1211378512  7.852099
1211828282  8.238268
1212233876  7.290337
1212870484  5.501092
1213027517  3.300655
1213034399  4.958608
1211339152  8.375573
1211518261  0.000000
1211518279  11.656688
1211618145  8.090398
1211823200  3.934384
1211853911  4.941122
1212169634  6.910755
1212287674  0.775191
1212566181  7.614157
1211336238  5.693020
1211412302  7.807190
1212055490  5.766690
1212195485  1.617812
1212668840  0.000000
1212668854  0.000000
1212668880  0.000000
1212668906  0.000000
1212668908  3.241113
1211074825  4.444623
1211094959  10.662473
1211935047  3.862532
1211940630  3.715996
1212363248  6.162187
1212882032  5.346769
1212902168  9.267183
1211516116  8.096269
1211609260  14.646519
1212302170  7.630965
1212444804  4.184186
1212688455  5.952146
1211164598  7.313081
1211210209  8.517468
1211417250  8.494918
1211500899  1.051144
1211984720  1.644776
1212559149  5.722638
1212602727  7.122233
1212810561  5.952146
1212914855  7.933712
1213037219  9.022575
