1211259803  9.367208
1211864108  9.899873
1212124467  6.992263
1211089871  8.527091
1211423251  6.720174
1211425770  5.790259
1212249497  18.150146
1212286266  4.315033
1212308379  3.636983
1212311259  5.845034
1211489974  3.946975
1211519750  6.369364
1211226915  6.364569
1212003475  10.201046
1212126050  3.947762
1212162236  3.244963
1212202784  3.118655
1212547267  7.199942
1212673445  7.597296
1212329162  4.557475
1211138517  5.940837
1211505440  10.600879
1212471469  7.589664
1211604483  10.188860
1212126519  1.640545
1212205956  10.093118
1212218359  9.046510
1212520577  8.344213
1213025604  14.621190
1211836697  16.546457
1211839234  3.947762
1213073089  5.679576
1211691619  13.627227
1212260053  8.831630
1212867220  14.317948
1212953840  5.621872
1213007963  9.503737
1211100021  12.271429
1211325432  7.012889
1211435759  4.338355
1211505932  4.683295
1211640169  8.769483
1211855152  71.799217
1211870594  5.248746
1212037984  8.287959
1212114042  8.992205
1212508975  5.523017
1212905208  8.922062
1211399529  6.616116
1212119446  8.287959
1212368823  8.660531
1212556928  9.385001
1211124550  8.630641
1212761716  8.540315
1212941328  9.759280
1212639427  1.855602
1212857115  7.352222
1212859367  5.067269
1212682813  3.070220
1211039121  7.597296
1211137290  7.997154
1212244002  7.472750
1212290272  3.076374
1212703751  6.653131
1212915073  7.472750
1211745972  11.427063
1212258608  6.682611
1212265816  5.039975
1212508785  3.772844
1212620434  8.781492
1212998458  0.000000
1212998512  8.232827
1211148461  5.067269
1212513705  4.704620
1212535153  7.597296
1212712114  2.291825
1212716530  7.710714
1212943699  9.077054
1211049504  5.554491
1211220829  6.575016
1211229791  6.785574
1211786642  11.408870
1211834563  8.483282
1211835751  9.891425
1212194408  5.961493
1212428643  14.599815
1212451280  2.399240
1212515386  6.800941
1211046814  21.123137
1211056783  5.067269
1211763332  6.503394
1212044481  3.070676
1212268000  5.829369
1212437836  12.400894
1211422517  0.000000
1211422526  0.000000
1211422580  0.000000
1211422641  0.000000
1211422696  7.069352
1211943875  7.447581
1212688680  5.175438
1212906189  15.381720
1211092256  7.391757
1211501932  13.592866
1211833701  5.115978
1211836156  5.175438
1212077203  2.934770
1212217193  23.451860
1211145849  11.766978
1211588162  10.321742
1212471799  17.211275
1212601569  7.254011
1211554315  4.605491
1211669975  3.798648
1211754539  13.788714
1212276031  9.354008
1212280390  5.452693
1212763429  4.217587
1211253868  8.301890
1211414495  5.641477
1211424911  5.357032
1211521187  5.629142
1211650717  15.353379
1212151319  11.710770
1212461601  5.738545
1212771548  3.913026
1212305382  8.610619
1212306500  9.820377
1212355342  7.506273
1212628115  1.172593
1212803275  21.931786
1212945815  3.057332
1211069628  6.496826
1211421581  4.606608
1211430068  8.896089
1211118363  12.458655
1211333505  10.341536
1211418973  4.846838
1212217835  8.299611
1212219441  11.097640
1212241875  4.275889
1212245776  13.305646
1212260880  7.150501
1212351264  7.011870
1212370836  7.354422
1212787003  9.759280
1212808842  6.793989
1212857095  0.000000
1212857155  0.000000
1212857193  8.865759
1211859813  11.969102
1212096555  6.641288
1212444623  8.437938
1212940510  9.952011
1212960687  7.925791
1212378417  7.262228
1212559430  32.025402
1212716071  7.799424
1211509095  6.554156
1212290732  10.162836
1212592997  0.000000
1212593014  0.000000
1212593075  0.000000
1212593163  0.000000
1212593218  6.037013
1211074944  10.633018
1211614502  7.123390
1212641917  3.704419
1212977369  1.870965
1211857889  9.864027
1212354755  10.740602
1211472677  5.165381
1211661567  2.851342
1212266656  10.185339
1212455721  4.073346
1211054462  5.122783
1211485544  13.924943
1212024459  4.072276
1212564280  5.189584
1212564282  1.563457
1212565198  5.536861
1211724564  5.554491
1212202534  7.028264
1212263166  4.642082
1212385770  17.517324
1212414499  22.320139
1212875032  5.687628
1212647575  3.424116
1211067492  14.183486
1211098583  12.061110
1211290521  8.437938
1211371713  8.540315
1211375047  3.326072
1211401341  5.527930
1211458704  6.171657
1211463960  3.326072
1211564015  5.609314
1211836328  6.839944
1211909208  5.089180
1211914752  9.341450
1211944565  7.790887
1212062605  12.049051
1212146059  7.841182
1212371514  8.483282
1212373294  9.060760
1212409743  8.774486
1212491499  14.586532
1212583123  8.416816
1212615385  7.380916
1212667031  9.984051
1212669316  9.193525
1212687828  8.437938
1212828484  7.548876
1212847535  9.407899
1212920807  6.505122
1212926166  8.508239
1213024733  25.458992
1211426268  3.501648
1211914827  7.253659
1212645469  0.000000
1212645503  0.000000
1212645505  3.272032
1212935066  6.703696
1212938064  6.480239
1213045127  6.718404
1211082623  4.049762
1211128081  10.327151
1211439285  3.837776
1212461977  5.536263
1211791028  9.904553
1211791188  10.428563
1212489520  9.737580
1212690044  7.726064
1212732008  0.000000
1212732011  3.885308
1212808885  5.276807
1211609797  6.831637
1212354106  6.622175
1211387251  7.597296
1211652591  9.668467
1212202535  9.844014
1212272063  6.969419
1212307503  0.000000
1212307504  1.537827
1212309062  8.774486
1212423175  7.070609
1212543471  3.326566
1211730406  3.862050
1211739180  8.077840
1211776905  10.248378
1211917565  8.242854
1212120716  6.356840
1212253262  3.326566
1212261096  17.356285
1212261487  4.807858
1212267205  6.266660
1212650881  8.467109
1212864676  4.435421
1212872976  6.648076
1212938625  6.271374
1211083536  3.303172
1211650316  5.252044
1211917221  5.980861
1212289398  5.551833
1212797046  3.070220
1211138821  11.008644
1211143125  7.815689
1211561875  5.067269
1211750341  5.429217
1212029777  8.774486
1212555057  9.952011
1212561593  4.544352
1212635857  3.606629
1211674862  10.636364
1212052076  7.655393
1212380125  7.065304
1212461805  7.691308
1212734318  10.169214
1212778920  9.682971
1211320708  7.710714
1211349650  1.707977
1211665378  7.746377
1212596527  5.812274
1212804662  7.877671
1211082816  9.145918
1212895818  6.593953
1213027346  3.537830
1212910914  46.903721
1211701453  3.919988
1211053673  3.396994
1211760852  4.467021
1212027289  10.647739
1212636998  10.701459
1211509565  6.228994
1212044365  5.675412
1212117283  7.447182
1212476041  6.929772
1212564211  11.812039
1212876297  7.496493
1212986148  5.067269
1211269254  8.226080
1211786244  6.896922
1211798955  14.885531
1211799766  8.557096
1212116248  5.452693
1212143903  11.855360
1212244658  7.883963
1211066376  2.787395
1211348317  8.139960
1211647332  10.475801
1211819129  4.200155
1212819101  1.705590
1212167345  7.391757
1212304374  5.345928
1212362478  8.416816
1212685538  4.903809
1211047776  6.896922
1211055552  13.718453
1211179052  8.037211
1211373984  13.151504
1211516594  7.011870
1211728146  7.391757
1211861593  9.899873
1212012695  5.434885
1212197851  6.303661
1212263505  7.162669
1212617830  2.851342
1212853258  10.074291
1211321611  5.051985
1211322608  7.326451
1211343320  8.207933
1211595317  8.992205
1211607005  8.710868
1211647754  7.248106
1211777188  6.721889
1212214801  7.612777
1212449039  3.556235
1212462462  3.382446
1212894457  8.220022
1212946078  0.000000
1212946104  6.480239
1211117944  5.077330
1212894177  7.411624
1212981136  18.484715
1212589312  0.856461
1211044465  6.075224
1211107137  6.839944
1211645773  9.134225
1211674524  6.597740
1211741562  26.994377
1211911801  6.610043
1212462134  10.511950
1212898653  1.563457
1212948982  6.374006
1211213875  15.362111
1211441895  10.160818
1211446666  10.068805
1212350654  3.702246
1212552995  8.255087
1212622918  10.074173
1212884839  8.305696
1211044904  5.523017
1211252378  5.948389
1212340817  4.440054
1212618659  7.670853
1211124844  8.756961
1211549510  1.736443
1211766037  3.761657
1212165052  5.163694
1212235625  9.564887
1212360563  4.667350
1212364352  9.820377
1212376795  4.275889
1211899619  6.561659
1211954254  5.983268
1211995324  8.164362
1212367779  6.719779
1212680827  5.067269
1213072317  3.332527
1213076163  4.784324
1211098924  6.622520
1211236323  16.546457
1211507108  7.646172
1211646630  14.850088
1212106315  3.272032
1212186472  10.303423
1212955655  6.400166
1211482218  7.055965
1211252670  7.790808
1211860183  5.834188
1212024784  212.222092
1213022540  5.629142
1211048536  7.873220
1211686871  9.180567
1212308421  5.720902
1211696394  6.334087
1211953215  3.537830
1212123398  4.495547
1212466924  4.626528
1212548399  4.073346
1212682250  11.950139
1211064034  7.040788
1211072739  3.513367
1211255061  1.563457
1211320925  0.000000
1211320936  4.341109
1211542234  14.260406
1211591005  0.175918
1211591064  3.564177
1211603280  4.108597
1212358099  5.609314
1212722728  10.699653
1212872970  5.439335
1211662961  4.750565
1212158453  5.333968
1212161139  3.070220
1212357048  3.428269
1212836684  11.812828
1213025091  7.002409
1211313433  4.751532
1211353992  8.016686
1211807243  5.940837
1212040726  6.203429
1212200561  7.953077
1212209675  5.983268
1212551174  11.087943
1211791256  11.898974
1212301443  3.907896
1212449771  5.207726
1212610422  6.793989
1212855130  5.803199
1212882278  13.854056
1211155510  9.387241
1211177775  8.139960
1212273855  6.276076
1212445670  4.183614
1212551261  8.139960
1211292115  5.931522
1211298985  4.130903
1211309336  7.900198
1212209400  10.387692
1212421169  1.965785
