1211072779  12.219965
1211432403  0.000000
1211432433  0.000000
1211432471  0.000000
1211432607  11.891152
1211644239  10.979088
1211687047  10.905777
1211699272  14.667632
1211857741  7.211640
1211904669  8.607947
1212023721  7.331834
1212199286  12.657358
1212292158  8.149323
1212468661  12.019637
1212875093  9.028594
1211040840  4.512098
1211047373  8.261609
1211404899  4.459541
1211908956  6.875991
1212309787  5.924992
1212357439  8.268112
1212512691  1.881738
1212790076  0.000000
1212790077  2.258085
1212813988  3.990010
1212844918  10.475668
1211263446  13.511023
1211552540  7.331834
1211658080  9.167988
1211122752  9.377579
1211144299  5.366627
1211508597  11.825772
1211641757  6.469265
1211658007  2.990385
1211834806  7.334390
1211839396  3.492075
1212029183  8.607947
1212372700  0.000000
1212372702  2.575010
1212074472  3.444531
1212094074  1.639960
1212194143  0.000000
1212194208  0.000000
1212194212  10.817204
1212274913  4.655339
1212312035  4.807973
1212504217  5.083877
1212685463  7.211640
1212723160  8.972595
1212861948  4.512098
1212977943  11.103252
1211226029  9.881179
1211548770  9.881179
1211559163  7.331834
1211605073  6.199850
1211898298  7.998364
1212086416  7.211640
1212159390  9.776237
1212331153  6.875991
1212340196  5.109388
1212411387  9.776237
1212422476  7.334390
1212590163  11.109058
1212674459  4.583348
1212759795  2.075479
1212802315  6.062373
1211076563  11.410872
1211218294  10.743482
1211241082  11.602354
1211403763  3.990010
1211552422  2.127182
1212193147  8.739398
1212217847  19.342726
1212357863  7.855536
1212359650  0.000000
1212359672  10.817204
1212572951  6.678411
1212668948  5.880175
1212802739  7.334390
1212820139  8.887151
1212847388  11.456217
1212933492  6.982837
1212941770  7.891378
1211315907  7.331834
1211483783  8.552253
1211488647  6.595772
1211938454  2.769350
1212127009  8.501076
1212170862  6.743752
1212336599  8.261609
1212349464  7.331834
1212615090  6.565821
1211202115  11.279967
1212021678  7.454359
1212037820  14.113875
1212502399  10.474049
1212512431  6.194468
1212516833  7.334390
1213064964  6.873594
1211046508  8.754839
1211054929  4.169072
1211135817  7.211640
1211208030  17.912704
1211309217  6.108526
1211565541  7.211640
1211567565  9.780976
1211681604  4.189510
1211695385  10.001441
1212163889  11.106410
1212585356  9.620632
1212761793  10.290775
1212778581  9.977769
1212794571  15.690495
1211624065  9.465461
1211864930  12.433002
1212311083  15.731735
1212831411  9.068051
1211099402  10.664986
1211501368  0.000000
1211501431  9.740458
1211517175  4.512098
1211601913  8.627577
1211696677  10.535048
1212203739  1.888081
1212642768  6.678411
1213017502  7.334390
1213044029  13.330871
1211380311  6.782570
1212065481  12.121173
1212553165  4.734695
1212718864  9.672028
1212848790  4.923604
1212909532  9.342802
1212201337  6.110342
1212323719  7.635657
1212585908  7.331834
1212606329  4.262364
1212635344  14.106675
1211083740  4.077099
1211126814  12.219965
1211597601  4.944569
1212239069  4.236564
1212241302  4.236564
1212242746  7.475962
1212497111  9.773848
1212904423  6.667627
1212927730  3.335610
1211862409  4.236724
1212818739  9.563262
1212847507  5.681202
1212932352  11.638062
1211782774  11.101598
1212289504  6.831781
1212464901  9.280986
1212553639  4.890488
1212724317  8.379632
1211037916  9.173472
1211431669  5.640122
1211552777  7.331834
1211555709  4.415802
1211641091  7.211640
1211663973  7.330120
1211824963  6.896925
1211826278  11.186240
1211985563  9.615971
1212070049  9.615971
1212152612  3.606569
1212258585  3.579892
1212268021  4.892519
1212301598  6.873594
1212359195  6.319164
1212436026  7.998364
1212510628  5.925016
1212519607  7.998364
1212523490  5.116128
1212584684  7.420456
1212587802  6.871987
1212602218  7.331834
1212608579  9.419014
1212754609  7.420456
1212759512  10.175334
1212851286  0.000000
1212851346  8.243149
1212860846  7.334390
1212948047  4.888106
1211534753  9.881179
1211620965  17.261990
1211825594  11.837067
1211924241  4.570374
1212005787  4.120830
1212199042  11.712967
1212208769  8.223742
1212311943  10.664986
1212472869  12.481107
1212543398  6.376009
1212610540  0.000000
1212610557  7.437807
1212822536  10.867751
1213026058  7.706695
1211045063  21.783407
1211124743  3.769038
1211201103  7.275223
1211247487  7.928296
1211461395  12.863121
1211613583  8.928507
1211689375  9.776237
1211805586  7.584656
1211893967  12.225785
1212065726  9.941936
1212376164  0.000000
1212376221  0.878896
1212415205  9.939506
1212416438  7.944908
1212505523  9.776237
1212625666  9.759993
1212626001  0.000000
1212626061  0.000000
1212626122  0.000000
1212626183  0.000000
1212626244  10.639873
1211051820  10.118252
1211169179  10.113349
1211289017  19.133192
1211981928  10.670156
1212034877  6.975533
1212289873  8.664067
1212308717  0.000000
1212308726  0.000000
1212308779  8.907087
1212446475  8.144701
1212734013  0.000000
1212734020  10.175334
1212829293  5.549437
1212151799  9.780976
1212156244  13.330871
1212161525  7.335732
1212453443  11.973518
1212901656  9.756625
1212909484  10.238058
1211246361  12.603042
1211246820  9.776237
1211553342  7.364637
1211945595  10.943252
1212035881  12.088115
1212306052  12.225785
1212585659  9.881179
1212627097  0.000000
1212627156  10.817204
1212648056  0.000000
1212648116  0.000000
1212648152  0.000000
1212648169  0.000000
1212648215  0.000000
1212648270  0.000000
1212648330  0.000000
1212648403  0.000000
1212648451  10.817204
1212701057  11.825772
1211153865  0.000000
1211153866  5.241984
1211168014  2.293368
1211791514  13.929667
1212331729  4.730425
1212335488  8.798201
1212354916  0.000000
1212354933  9.164792
1212655542  9.311626
1212909891  7.095323
1213031193  4.808137
1211187494  9.776237
1211493731  6.213913
1211564536  14.376429
1211566641  5.826265
1211925243  8.420436
1212470953  12.219965
1211144319  6.678411
1211408705  7.957628
1211489923  6.028506
1212609263  6.767847
1212771671  10.083427
1211274318  2.487721
1211285813  0.000000
1211285890  18.506960
1211350628  12.219965
1211378411  10.890101
1211461311  8.972595
1211555336  7.211640
1211641818  7.333275
1211698343  11.281564
1211909754  8.484784
1212084864  7.095323
1212170628  3.809266
1212444382  11.498644
1212757640  13.833922
1212869733  6.467753
1212912937  8.314760
1211418509  0.000000
1211418511  2.487721
1211422488  0.000000
1211422516  6.637283
1212207811  9.329731
1212266069  12.189266
1212404603  12.110834
1212543321  7.334390
1212631114  3.437511
1212924096  18.934961
1212636680  8.464805
1212937157  8.697206
1211329584  7.658734
1211474482  7.777891
1211770134  4.888106
1212003322  3.809044
1212010612  5.145375
1212424597  20.949026
1212682923  7.095323
1211913296  3.929138
1212090458  9.719193
1212259552  5.826282
1212470822  14.024003
1212736460  12.219965
1212771941  7.454359
1212818796  3.384626
1212821009  11.484412
1212982280  12.349105
1211092627  11.130685
1211093389  7.522785
1211645461  11.142337
1211819944  7.717720
1211826678  5.610282
1211828359  9.075085
1211949141  9.780976
1212477380  12.323193
1212489322  9.227043
1212501640  4.655339
1212591719  7.926659
1212821939  7.209954
1212934631  8.887466
1211208130  10.779468
1211304309  7.070585
1211384750  5.109388
1211465954  9.580778
1211749625  7.520164
1211814961  7.211640
1211819952  9.780976
1211977691  8.642938
1212026527  8.084107
1212067355  7.632103
1212076927  3.514625
1212157820  7.334568
1212238770  1.085328
1212240771  5.332479
1212385914  3.910675
1212417409  12.222823
1212587738  6.108526
1212589564  9.169665
1212595934  19.995911
1212599884  5.826265
1212670595  8.703276
1212672179  8.726465
1212758337  6.860024
1212845910  3.283593
1211321761  11.415731
1211564620  9.780976
1211573680  6.663846
1211605399  11.279967
1212032357  9.890127
1212062209  11.558489
1212085568  8.412052
1212295624  5.237257
1212495152  10.607301
1212641932  6.286620
1212812490  10.786088
1211165381  7.516466
1211229604  12.019637
1211421783  8.888819
1211687906  7.334390
1211854670  0.000000
1211854691  0.000000
1211854692  0.000000
1211854752  7.331834
1212063936  11.473361
1211119986  6.567361
1211144718  10.113323
1211150541  2.258085
1211569315  0.000000
1211569370  0.000000
1211569431  0.000000
1211569492  0.000000
1211569553  0.000000
1211569613  0.000000
1211569679  7.998364
1211934365  9.776237
1212034763  7.658734
1212121528  5.332662
1212981673  16.028187
1211106627  9.780976
1211206998  12.568858
1211462688  8.858691
1211908707  7.214154
1211949567  13.330871
1212450950  20.481785
1212601798  11.101598
1212731470  6.469265
1211173945  10.782322
1211176483  13.914213
1211236393  9.773848
1211274848  9.719193
1211306489  6.728415
1211372254  7.095323
1211375157  7.331834
1211509435  0.000000
1211509494  0.000000
1211509496  5.109388
1211590696  20.533632
1211597115  6.982699
1211698328  6.565821
1211899345  10.471251
1212005066  5.634356
1212025763  5.570423
1212421521  2.620992
1212474396  12.219723
1212539535  14.379792
1213025498  0.000000
1213025512  7.998364
1211123821  0.000000
1211123835  0.000000
1211123865  7.166291
1211321719  8.145003
1211441303  7.331834
1211813226  8.552253
1211924429  6.766264
1212245899  9.900092
1212336403  5.766397
1212342135  13.337619
1212347780  7.330120
1212351566  14.099959
1212760717  5.174202
1212800475  11.878922
1211870153  14.666551
1211876381  6.678411
1211901743  6.198076
1212041145  4.807973
1212217462  7.333275
1212419493  0.000000
1212419554  3.057824
1212426387  15.406878
1212665910  9.719193
1212232566  9.615971
1212626170  6.875991
1211313717  9.615971
1211475836  6.312547
1211829354  6.982699
1211949927  4.167112
1212119070  11.736374
1212221398  9.310702
1212256887  7.272670
1212671430  17.882875
1212945003  8.552253
1212959622  5.056834
1211316465  5.777352
1211707999  12.019637
1212065639  12.089398
1211136991  7.857081
1211147820  0.000000
1211147862  6.684949
1211808214  8.001399
1211817977  6.796329
1212406254  5.826265
1212542627  8.891797
1212584054  7.475935
1212673173  8.268112
1212789278  9.329731
1212850462  6.119565
1212936075  5.826265
1211314734  7.334390
1211611320  0.000000
1211611336  0.000000
1211611375  0.000000
1211611388  0.000000
1211611430  0.000000
1211611444  8.821615
1211299339  5.239961
1211522886  0.000000
1211522942  0.000000
1211523002  0.000000
1211523062  0.000000
1211523127  0.000000
1211523184  0.000000
1211523252  6.637283
1211605531  0.000000
1211605581  9.535162
1211856056  0.000000
1211856116  0.000000
1211856172  0.000000
1211856198  7.017471
1212203778  10.506195
1212542392  4.412521
1212721900  8.701958
1212879728  6.407261
1211312644  13.262713
1211359595  2.446259
1211399885  0.000000
1211399910  146.775558
1211852588  8.625687
1211967841  17.528839
1212005433  0.000000
1212005453  14.821768
1212703225  14.376429
1212892017  7.971406
1213032735  6.149756
1211913120  5.145375
1212157869  9.785037
1212158290  10.630771
1212213239  6.700920
1212324833  8.120028
1212327534  7.095323
1212348921  12.439280
1212536419  9.615971
1212697842  4.888106
1212737475  4.870229
1212844661  14.253756
1211091168  3.870381
1211094273  10.092361
1211319953  4.512098
1212626887  7.214154
1211110208  12.219965
1212815960  9.591615
1212830531  11.456217
1211214042  9.780976
1211934609  9.460875
1212369085  7.214154
1212657159  7.632103
1212693129  9.165199
1213072415  7.026896
1211724422  8.126942
1211734260  6.222173
1211918586  9.075085
1212095474  7.331834
1212176325  6.522646
1212211162  7.720411
1212718488  4.730425
1211154927  6.568110
1211228579  7.717720
1211354751  9.052960
1211466975  8.552253
1212300187  11.279967
1212417291  2.464418
1212585279  6.544849
1212586625  0.000000
1212586696  0.000000
1212586746  0.000000
1212586806  0.000000
1212586872  0.000000
1212586932  0.000000
1212586987  0.000000
1212587047  0.000000
1212587078  0.000000
1212587266  0.000000
1212587278  0.000000
1212587291  0.000000
1212587351  4.191325
1212671114  11.942798
1212760930  6.989312
1211322564  3.879354
1212010601  6.663846
1212214317  8.555491
1212761382  23.753803
1212855275  6.008386
1212860177  7.331834
1212261236  3.971929
1212900643  4.888106
1211147509  6.522646
1211550450  9.904861
1212009972  4.100159
1212030288  12.222823
1212267203  11.406798
1212327881  4.730425
1212330176  8.268112
1212343497  1.957007
1212348625  6.770370
1212548427  7.214154
1211120045  14.746099
1211787920  14.156699
1211982187  13.331199
1211987198  9.566596
1212289978  11.397540
1212842988  9.776237
1211208060  6.229945
1211264027  5.696790
1211361280  12.022449
1211437502  11.764758
1211516549  7.587300
1211647401  12.019637
1211664150  15.165765
1211699726  11.280273
1211953613  9.776237
1212060931  9.228899
1212197982  4.970955
1212223987  14.667632
1212266639  6.873594
1212615697  5.078861
1212616396  9.668100
1211112000  14.732902
1211142962  7.331834
1211211860  14.821768
1211962726  12.225785
1212048622  5.701336
1212226306  12.025363
1212316751  12.019637
1212421719  0.000000
1212421731  9.936954
1212476361  7.857712
1212496823  10.919604
1211099913  11.894408
1211390683  8.703276
1211392572  12.433794
1211609361  0.000000
1211609416  0.000000
1211609425  0.000000
1211609480  8.243149
1211691046  10.670156
1211746494  9.780976
1212016884  0.000000
1212016960  8.718687
1212170102  8.506451
1212216903  12.222823
1212331710  4.655498
1212378797  10.782322
1212601633  11.279967
1212710826  3.910675
1212728519  8.687751
1212781256  8.754839
1212809539  10.016069
1212814935  6.405190
1212934656  6.522646
1211330945  0.000000
1211331022  30.816078
1211391914  12.219965
1211423200  7.658404
1212397543  11.043680
1212520375  9.776237
1212680517  7.858275
1212728759  6.195916
1212798872  8.982890
1212809102  10.183304
1212903469  10.864273
1212913770  15.484028
1213025242  7.214154
1211606035  7.858275
1211616180  12.019637
1211921045  7.331834
1212246311  7.998364
1212379541  4.443733
1212518032  6.665599
1212682773  4.730425
1212705960  12.222823
1213027636  7.334390
1211030135  12.290889
1211106238  10.664986
1211107978  4.236724
1211108881  9.169665
1211372255  5.766397
1211519818  7.331834
1211594285  5.865467
1211607685  5.087809
1211637266  4.808137
1211650962  4.443733
1211749834  9.881179
1211844661  6.199850
1211849253  9.881179
1211870976  9.719193
1212084118  6.145444
1212152876  8.926312
1212206149  5.332662
1212218611  7.287119
1212269129  7.330120
1212353096  0.000000
1212353152  4.888106
1212456702  8.552253
1212511779  6.008386
1212514120  5.235281
1212520348  7.971406
1212590531  7.211640
1212594385  7.639298
1212640180  10.586977
1212761033  8.377001
1212772878  8.798201
1212871394  6.109861
1213026994  0.000000
1213027042  0.000000
1213027044  0.000000
1213027058  0.000000
1213027124  7.331834
1211207772  15.270818
1212906941  12.089398
1212985069  8.424022
1212985195  4.888106
1211076308  5.533705
1211423794  11.498644
1211679173  4.503088
1212667522  8.847158
1212671008  8.461566
1212939869  11.552993
1213034474  6.110133
1211050031  7.475935
1211117590  0.000000
1211117611  2.668647
1211344217  12.223984
1211792743  8.552253
1211850790  11.282606
1211876555  6.678411
1211899453  6.875991
1212394244  4.888106
1211117983  0.000000
1211118006  5.353592
1211328322  6.982699
1211636567  7.768354
1211843426  8.847158
1211858643  7.717720
1212111006  8.626091
1212126450  13.941734
1212196325  5.431229
1212260420  7.211640
1212290780  9.961319
1212369487  12.219965
1212849585  8.009959
1211054191  4.410011
1211317411  4.971125
1211402865  5.808345
1211727819  6.108526
1211759471  4.317792
1212115304  12.099402
1212450154  9.941730
1212598362  7.119488
1212677688  12.022449
1212741072  8.459808
1212801298  9.104751
1212821069  8.276374
1212852894  7.334390
1211050801  13.538355
1211126395  7.211640
1211552434  9.167988
1211811467  8.268112
1212159043  7.454359
1212235143  9.773848
1212819505  11.279967
1212824657  14.376429
1211761380  7.331834
1211816402  9.075085
1212026905  12.971782
1212139284  4.888273
1212364517  5.658670
1212616805  10.335140
1212658604  12.290889
1212734538  10.749240
1213037284  11.279967
1211218785  4.970955
1211555873  13.396178
1211726560  11.139153
1211731428  13.408242
1211781901  9.941936
1212006046  5.145375
1212115228  7.334390
1212203436  8.350292
1212273873  10.572950
1212312945  0.000000
1212313004  0.000000
1212313064  0.000000
1212313120  0.000000
1212313179  0.000000
1212313242  0.000000
1212313252  14.210701
1212336588  5.934576
1212518887  12.863121
1212539696  12.222823
1212546109  9.776237
1212600717  9.310702
1212814438  7.584656
1212707073  8.848817
1211249288  9.163129
1211331327  9.613621
1211430547  12.219965
1211503104  6.934259
1212363410  4.888106
1212506004  5.025627
1212675085  9.615971
1212798666  9.620632
1211062591  5.682975
1211620403  3.859662
1212012189  9.773848
1212106157  7.853700
1212673424  6.109861
1212911242  13.754685
1211605770  6.008386
1212330191  4.913570
1212416244  7.153344
1212658454  10.919604
1212891036  3.530470
1212911975  0.000000
1212912018  0.000000
1212912075  0.000000
1212912135  0.000000
1212912208  0.000000
1212912256  0.000000
1212912320  9.481833
1212080933  0.000000
1212080935  2.935511
1212625922  9.941936
1212689801  4.063471
1211060408  0.000000
1211060411  0.000000
1211060419  2.446259
1211549504  6.636984
1211938651  4.888273
1212083317  3.666679
1212458404  5.083877
1212733445  10.326731
1212735292  7.285539
1212856667  9.780976
1211172624  6.876603
1211173337  0.000000
1211173368  4.595311
1211434575  6.081709
1211655951  4.443733
1211821533  9.719193
1211957730  13.203421
1212036342  6.094656
1212468600  11.456217
1212722422  6.663745
1211639964  4.731019
1211652270  6.766264
1211727436  4.120830
1212104812  5.730769
1212120408  5.638639
1212978313  13.092819
1211095404  10.901687
1212938481  4.888273
1212965898  11.825772
1212976561  18.724636
1211596952  9.545724
1211725910  9.780976
1211737391  11.513748
1212187493  9.620632
1212723091  6.206219
1212731720  12.863121
1211169305  13.095881
1211306057  9.173472
1211946126  12.219965
1212082172  10.230466
1212114214  7.774776
1212116075  9.687024
1212205434  10.474540
1212210837  6.199850
1212286053  7.857453
1212419614  5.826265
1212722652  6.284429
