1211265730  19.486771
1211597863  12.943082
1211604484  12.257238
1211689996  4.768102
1211691754  10.216420
1212289021  12.312313
1212299398  10.011590
1212506756  9.604998
1211139702  11.602835
1211160635  12.034548
1211428721  11.424330
1211526191  1378.004272
1211728579  14.532670
1212251215  37.559601
1212740784  20.345367
1212790438  16.720781
1212820583  8.508979
1212987820  15.621971
1211049557  14.618750
1211916097  4.243511
1211064638  14.119725
1211185345  15.681015
1211564331  8.664994
1211755481  2.740873
1212540642  14.143475
1212745186  26.212374
1212825834  7.694149
1212826759  16.101114
1212888462  8.881249
1211152477  14.474783
1211233933  12.688129
1211614709  9.751936
1211832650  10.762050
1212514196  12.653601
1212701427  11.543794
1212867390  14.676373
1211423571  11.982646
1211936634  16.671373
1211960840  20.978865
1212044476  31.886496
1212879644  19.307663
1211252993  19.389557
1211315482  11.236814
1211489140  9.904531
1211494472  26.508343
1211516196  13.878823
1211522644  10.535065
1212115310  11.947460
1212272386  11.854194
1212290206  14.902145
1212293323  12.226660
1212307432  14.962401
1212344542  15.735124
1212400599  15.140534
1212430327  12.525563
1212435028  13.494329
1212730370  10.455621
1212805222  10.743126
1212817163  2.983819
1212972325  16.980127
1211093845  13.698162
1211101907  10.918687
1211356456  9.335959
1211426485  14.485827
1211429015  15.456212
1211437486  20.899927
1211683369  17.423349
1211707413  17.658609
1211824038  22.033108
1211941856  1.838229
1212082610  11.940915
1212273668  0.000000
1212273699  0.000000
1212273745  0.000000
1212273764  3.853478
1212273779  23.945068
1212531434  1.130690
1211021568  12.430437
1211054991  9.283345
1211148514  14.097921
1211343554  10.654660
1211488628  7.258876
1211691024  11.044172
1211908084  9.029389
1211944815  14.934325
1212284309  6.663887
1212381842  17.802624
1212524666  12.724646
1212789234  17.773760
1212950683  14.381202
1211125472  10.948370
1211415237  11.044827
1211477571  10.472354
1211664506  11.766438
1211736665  17.080173
1212435000  8.018476
1212619757  12.490198
1212645826  13.406616
1212984356  21.861671
1211873439  16.487627
1212743211  13.931017
1211231107  5.935059
1211323166  16.975443
1211736568  12.342103
1211791758  15.649273
1212221531  14.381202
1212420380  8.379405
1212533103  26.348618
1212547014  18.069014
1212858487  16.046064
1212888374  12.534741
1212958225  133.528656
1213040583  13.112603
1211359112  6.774951
1211488187  10.296241
1211511089  12.036907
1212124692  16.679090
1212296609  13.150819
1211648027  2.785805
1211706920  13.954261
1212114614  9.335959
1212212540  16.986000
1212363750  10.419672
1212379497  19.307663
1212534114  19.885376
1212560211  18.287584
1212649984  10.883035
1212651726  19.172468
1211581081  17.849165
1211694947  14.072193
1211707133  12.943082
1212129388  18.981659
1212211922  13.018658
1212216759  18.281582
1212492707  11.412988
1212760463  11.412988
1212915178  13.947763
1211625088  7.783813
1212034380  6.150331
1212179614  14.091061
1212242211  9.806284
1212362057  13.060992
1211553357  9.177291
1211780601  21.005171
1211949600  23.345024
1212094337  12.326744
1212180757  2.385786
1212269779  16.234495
1212495908  16.477190
1213025195  11.427269
1211176789  14.610688
1211431485  14.074300
1211605088  26.660639
1211624552  13.055258
1211723496  14.832777
1212292468  11.282576
1212371925  11.807451
1212419016  12.134139
1212634761  12.877275
1212687986  33.350754
1212690081  0.000000
1212690094  3.540294
1212896708  13.256255
1211056490  11.590509
1211160812  13.905728
1211306254  4.369709
1211391524  12.992210
1211414780  12.730900
1211454190  19.172468
1211464470  17.462130
1211627582  14.325308
1211749289  11.412988
1212091399  14.589617
1212118872  9.361285
1212169172  7.332053
1212719399  15.349687
1212982313  15.622030
1211256369  16.599934
1211393438  8.688082
1211465625  10.172348
1211769920  14.204725
1211820041  12.430437
1211854472  14.474783
1211861413  16.157564
1212006182  8.891391
1212098802  0.000000
1212098862  3.894228
1212176088  18.992188
1212298085  11.907682
1212437580  11.579867
1212594404  16.213614
1212918812  20.929129
1212981416  11.014584
1211336646  14.192179
1211581594  8.618619
1211852676  12.880517
1212002138  67.199928
1212336075  8.997029
1212374409  13.198436
1212544666  11.462000
1212787371  9.644778
1212904249  11.412988
1211368301  14.325308
1211377514  12.376357
1211516067  13.414055
1211620394  14.266234
1211677254  15.004618
1212128007  12.730900
1212210622  12.430437
1212435198  12.450532
1212981807  19.362005
1211359268  15.175176
1211527956  14.832777
1211707110  13.440870
1211751421  9.439296
1211776926  20.978865
1212306753  14.066428
1212372701  15.349687
1212376779  13.453783
1212889343  14.426605
1212958398  8.341309
1211101166  18.692083
1211955215  19.471817
1212059937  9.494279
1212978864  16.252285
1211490220  9.026843
1211590461  11.107386
1211603912  15.681015
1212170511  6.774951
1212771966  6.774951
1211164398  11.203152
1211364206  17.698692
1211520640  11.306368
1211717045  15.818154
1211788277  18.010500
1211839542  11.077470
1211954667  26.789146
1212130310  12.326744
1212389036  15.083802
1212518025  10.576025
1212561966  10.799960
1212769208  13.248902
1212882490  9.177291
1212910700  13.836189
1212999585  19.187946
1211033130  12.485350
1211359266  11.225889
1211360214  14.832777
1212780439  10.073040
1212356524  11.733754
1212681131  11.169740
1212716429  14.832777
1212804784  10.682068
1212943392  2.785805
1211146139  16.573915
1211219167  11.501237
1211689085  14.738112
1211765638  2.115697
1211934603  0.932293
1211934665  15.450390
1212007133  5.882195
1212379610  4.463003
1212454602  7.872114
1213041209  12.376357
1211079727  20.004925
1211175055  11.806539
1211264186  14.271876
1211559589  7.793472
1211597335  11.929935
1212210891  16.869234
1212248053  17.870953
1212288017  13.244240
1212391105  14.802817
1212718856  20.073343
1212720575  9.177291
1212855362  15.621971
1212915911  15.053713
1211027326  17.418432
1211081739  10.640617
1211556524  6.556405
1211935123  9.948218
1212346404  12.139773
1212881522  12.430437
1212908807  10.815197
1212949659  4.314237
1212993964  12.859073
1211113194  16.999205
1211113940  14.106135
1211636188  21.200621
1211831204  5.977898
1211872457  8.752462
1211929913  8.134301
1211991752  8.348578
1212376039  10.358698
1212380201  12.430437
1212913197  18.151693
1211555072  12.071523
1211681306  13.156875
1212524575  11.077936
1212607843  1.868866
1212733274  15.296729
1212770385  16.923105
1211021096  17.166336
1211081525  14.119725
1211177561  18.287584
1211265612  16.045906
1212212890  8.342992
1212221121  18.132303
1213005378  14.423863
1211052106  13.639154
1211160111  6.889781
1211400234  11.044827
1211474264  8.502339
1211708223  16.927427
1211821245  12.430437
1211917684  11.368977
1212125097  9.135446
1212461526  13.027744
1212765125  14.832777
1211238567  14.325308
1211251343  8.363436
1211414749  8.541882
1211519120  12.228201
1211590532  11.412988
1211610381  14.423947
1212162224  10.937816
1212245438  10.914704
1212437667  11.842323
1212540210  11.896619
1212732419  11.146481
1212955339  8.694870
1211089252  107.013039
1211101444  21.964031
1211167735  12.255532
1211399780  11.754077
1212072760  7.630033
1212080520  9.026843
1212092855  11.189614
1212172440  16.026516
1212436800  12.509423
1211073007  6.774951
1211127371  14.423863
1211339279  13.906451
1211663247  10.237999
1212003941  13.389395
1212109955  12.797383
1212462320  3.545948
1211020667  12.636562
1211076596  15.349687
1211476386  12.151436
1212362972  3.343912
1212699027  11.001316
1212899180  18.699045
1211104573  8.235334
1211407665  15.934410
1211411003  18.376024
1211484883  14.485827
1211586409  13.624296
1211598171  12.586125
1211947219  12.326744
1212009659  9.516145
1212222121  6.556405
1212232771  10.397395
1212315729  18.069014
1212370438  4.706440
1212473477  16.101114
1211131950  5.715948
1211168987  8.850826
1211185760  14.655668
1211308846  6.774951
1211433340  16.472589
1211437863  17.656517
1211732440  10.535065
1211810188  9.089030
1211898705  11.459933
1211921612  8.518134
1212176567  12.376357
1212647602  23.306824
1212672630  26.415567
1212926061  10.499728
1213020231  0.000000
1213020250  7.401002
1211947354  18.093479
1212991893  11.710087
1211033130  12.485350
1211465534  7.070775
1211550998  8.044860
1211639903  14.832777
1211984181  12.430437
1212070183  4.010913
1212199879  10.851921
1212243580  15.681015
1212411808  15.865369
1212502253  11.447086
1212674752  13.870326
1212676268  11.470875
1212839699  14.187407
1213026955  8.208384
1211307603  14.802817
1211474719  13.972192
1212885145  10.375443
1211177313  12.891788
1211263520  14.892051
1211394152  14.832777
1212974872  12.448758
1211018627  18.721413
1211144972  11.710087
1211362934  10.468994
1212088964  9.896732
1212091998  23.725464
1212092250  5.942639
1212400542  6.279443
1212465154  11.009729
1212480366  14.091867
1212514689  12.641123
1212598692  13.543841
1212627795  8.301938
1212687545  10.551215
1212790711  13.584970
1213001539  18.941095
1213005268  12.730900
1211351134  14.119725
1211381437  11.976859
1211651794  10.710151
1211835415  18.970703
1212335984  3.361743
1212349428  2.499031
1212370692  13.896008
1211023252  15.681015
1211081172  13.347553
1211242490  14.379199
1211311361  8.129941
1211685063  15.678739
1211779974  21.005171
1211901761  14.227152
1211982912  10.815108
1212124392  11.562480
1212141918  17.802624
1212393094  4.387359
1212578671  21.328512
1212616294  18.069014
1212629512  17.802624
1212643060  9.861323
1212693258  14.379199
1212732373  16.679090
1212957907  4.954814
1211422149  11.412988
1211868597  11.976859
1212301660  12.547569
1212359916  12.166699
1211201845  14.569771
1211613727  10.791388
1211695730  14.736678
1211791950  34.337738
1212206148  12.177158
1212512540  11.738519
1212528932  21.525579
1212876164  11.947460
1212918393  10.578463
1211571370  11.387327
1211662524  9.826738
1211741491  15.084180
1212211809  18.335192
1212895068  10.235878
1211085853  11.947460
1211327126  3.468043
1211352066  11.044827
1211608963  4.868533
1212130063  16.923105
1211524965  7.056097
1211616908  12.258343
1212961197  12.139773
1211572380  15.409842
1211769762  16.051546
1212362339  4.243511
1212510213  9.655199
1212738813  13.906451
1213031645  12.430437
1211018586  11.236814
1211048935  11.750865
1211700912  13.210356
1211915622  11.943971
1211962068  17.035080
1211963069  6.774951
1212136840  15.349687
1212301658  7.225351
1212845898  9.823909
1212863174  5.392796
1212987263  13.664140
1211088116  9.725298
1211124151  8.533900
1211621091  21.226660
1211647586  15.848671
1211952254  21.309135
1212370781  10.153478
1212375335  17.741686
1212377898  10.302819
1212427300  14.632929
1211210821  10.701728
1211308565  15.541974
1211623452  10.581522
1211644568  12.524837
1211708637  12.943082
1212069715  9.565866
1212340109  9.574861
1212696374  6.556405
1212978186  11.419759
1213002445  12.430437
1211031821  0.917772
1211252926  19.486771
1211287440  20.318300
1211361388  18.816551
1211374519  12.430437
1211546128  12.430437
1211635892  14.832777
1211868135  16.402010
1211872318  13.678476
1211892306  18.376024
1211964197  19.100159
1211965361  15.136183
1212266524  2.981301
1212411602  8.235334
1211144853  14.762534
1211285706  25.367582
1211310378  13.030844
1211321541  1.014073
1211321598  2.242639
1211689838  6.663887
1212109914  16.801088
1212511879  19.389389
1212857419  16.757908
1211051661  1.868866
1211135335  13.745988
1211617834  10.982223
1211847405  2.832236
1212097205  22.497860
1212191294  21.841539
1212213754  5.051243
1212399568  17.698692
1212543391  11.947460
1212682976  8.372590
1211168250  13.186858
1211425603  12.586125
1211473334  13.472363
1211857801  20.823154
1211918103  14.934325
1212219250  15.309464
1212844357  15.098052
1211696894  11.847511
1211793704  13.639154
1211818942  13.809394
1212699348  14.242005
1212862304  20.242258
1211052106  13.639154
1211136174  12.376357
1211306044  7.258876
1211355152  14.832777
1212948268  12.537609
1211103107  10.817961
1211106100  11.947460
1211400569  14.835521
1211852787  18.132303
1212307586  12.730716
1212476910  21.005171
1212634634  10.603642
1212830887  11.947460
1212984801  11.174810
1211198536  16.958010
1211475781  13.867587
1211493101  16.616203
1211663830  6.663887
1211909558  11.236814
1212287375  10.821414
1212863891  12.226660
1211043884  9.083156
1211118850  18.533976
1211180632  1032.309448
1211221283  13.664140
1212370290  18.641390
1212547948  14.187161
1212892330  0.000000
1212892358  13.387688
1211085273  7.749008
1211535172  13.560477
1211762399  12.139773
1211955436  12.173466
1212702572  14.274218
1212827485  11.300398
1212912047  16.337254
1212970407  6.351517
1211052327  9.840117
1211107678  16.999205
1211126643  4.706440
1211129441  11.044827
1211144622  15.538047
1211248416  12.969202
1211339191  15.792651
1211609762  19.737091
1211618559  17.222189
1211679964  9.537685
1211989368  5.212771
1212222426  10.507925
1212289168  12.430437
1212352900  14.028844
1212365739  10.911324
1212436823  13.162456
1212972991  11.343808
1213025834  6.871372
1211337509  13.609612
1211420114  2.419079
1211463528  6.774951
1212224394  19.028084
1212313098  18.375269
1211170884  2.669808
1211258343  21.328512
1211521098  4.108797
1211621087  12.029455
1211704754  12.859073
1211941268  12.080514
1212298344  9.821668
1212301993  12.730900
1212503404  8.515307
1212560760  19.811550
1212651205  12.326744
1212663025  20.564014
1212724695  16.939701
1212758949  13.457856
1212867265  13.624296
1211132364  16.302023
1212028776  11.649011
1211260376  21.257664
1211322662  14.168941
1211768655  0.819467
1211776172  1.672285
1212112614  13.457108
1212316867  9.969723
1212317975  15.423949
1212629678  15.681015
1212730615  18.069014
1212917988  18.087879
1211577607  11.606428
1211639894  13.276514
1211696453  18.168642
1211790695  16.329781
1212533291  15.321548
1212631261  9.216731
1212775667  14.180273
1212779693  8.297986
1212811558  14.589617
1212859865  15.398175
1211871004  14.316010
1212023459  12.173466
1212306810  11.997386
1212366650  10.817961
1212631549  12.344036
1212652302  16.385864
1212772572  13.181795
1212822612  19.486771
1211568645  5.493204
1211614770  12.430437
1211666583  9.977720
1212014896  16.319073
1212019936  16.127798
1212118884  13.250412
1212672145  15.295485
1212825268  11.862312
1211417808  15.681015
1212262204  15.286438
1211523190  17.644558
1211536676  11.474250
1211709350  14.835521
1212074793  7.008570
1212207604  13.989502
1212247934  5.118578
1212364835  13.358831
1212420428  7.834820
1212879720  11.230289
1211390565  13.631171
1211596554  13.503737
1211609396  13.415562
1212637959  18.375269
1212940458  11.716478
1212960219  8.297516
1211052053  13.624296
1211844598  15.388453
1212729357  14.560148
1211080387  7.867931
1211847040  15.986031
1212123423  14.835521
1212566787  12.943082
1212960989  24.027153
1211160306  1.673611
1212130388  18.503523
1212537692  15.440552
1212544412  15.063232
1212619414  6.556405
1212627558  11.290506
1212644397  15.227155
