1211155273  7.622168
1211157182  3.953320
1211679433  5.135155
1211688024  7.074689
1212294489  6.930701
1212454498  15.557926
1212598353  9.266327
1212977711  8.906171
1211591899  5.027930
1211596325  6.747493
1211598595  6.890249
1212109721  5.898793
1212209911  14.381284
1212762410  4.811615
1212805610  4.662568
1211693458  6.362825
1211841734  6.425428
1211844400  11.059908
1212120524  8.425571
1211347543  2.156356
1211650388  6.625748
1211682361  6.705422
1211689431  3.548251
1211825696  6.859951
1211836490  7.556428
1212131906  6.826455
1212278401  9.749718
1212280787  6.738049
1212686742  4.277363
1211516337  8.169690
1211905031  4.518847
1212614194  2.901017
1212732882  7.391477
1212386455  6.738049
1211162699  6.859951
1211290293  0.904459
1211358514  3.894315
1211656727  6.819000
1211690481  16.761988
1212464908  5.709403
1212594266  7.553509
1211126683  6.485132
1212014926  11.715062
1212111624  7.149261
1211308153  5.111728
1211435863  7.498791
1212014940  6.441705
1212044813  7.669804
1212734682  7.531840
1211033054  6.378818
1211037848  5.027930
1211139089  7.260734
1211338069  5.765147
1211385609  12.116104
1211579115  8.302362
1211595263  6.422415
1211755430  8.072747
1211755773  3.902131
1212246731  8.744709
1212637096  5.603835
1211249953  7.623771
1211329318  7.066228
1211035208  5.576431
1211379461  9.663671
1211439337  3.953320
1211542870  8.062362
1211655255  3.787198
1211659353  3.740577
1212139771  9.186531
1212825383  5.241223
1213063166  5.380767
1212312170  9.745248
1212387045  7.199553
1212388430  6.575407
1212391843  8.679361
1212402107  9.106215
1212404478  8.351118
1212420222  6.393719
1212906579  5.755416
1211167663  2.899101
1211177051  7.147285
1211180632  862.575256
1211516825  8.302362
1211741049  3.781437
1212339684  2.357074
1212582631  6.895347
1211283765  4.891808
1211457627  9.600245
1211546651  8.030154
1211737092  6.859951
1211889243  8.030154
1212902441  4.277363
1211632738  6.079811
1211690815  5.027930
1211724477  7.623771
1211728037  9.445403
1211748150  8.582175
1211750407  5.027930
1211944254  8.948105
1212241397  9.760250
1212247949  7.498791
1212338439  8.559966
1212340475  8.352695
1212476708  5.027930
1211792376  7.999053
1212457173  6.332263
1211675873  4.348652
1211813232  8.163990
1212233082  5.111728
1211021759  8.152815
1211055275  3.181496
1211170721  8.440855
1211674460  0.488947
1212247094  10.399189
1212395868  9.257985
1211039770  6.709163
1211051118  4.290435
1211077511  8.816838
1211557779  4.659270
1211682408  5.798203
1211693640  16.124477
1211700471  3.390376
1211844733  7.833943
1212127532  23.468704
1212374902  6.817909
1212398672  5.798203
1212998874  14.140578
1211443012  8.473609
1211449206  10.254014
1211574453  9.127063
1211767619  11.358425
1211795527  8.473609
1212046569  5.404276
1212087988  7.732980
1212092290  8.070531
1211496165  6.116075
1211772981  4.792245
1212133129  9.912213
1212451812  11.881866
1212646897  8.159493
1211113550  14.376254
1211589865  4.089383
1211600077  10.078759
1211600606  3.432870
1211610595  5.116061
1211685007  4.659270
1211767658  8.030154
1211954608  10.309473
1212136767  4.918562
1212139232  4.277363
1212140684  7.241899
1212271716  23.807619
1212563048  10.396050
1211465208  6.895347
1211609216  7.825405
1211822891  4.946834
1211973986  3.432870
1212072936  4.014141
1212410394  17.590338
1212578088  16.487261
1212578587  9.106215
1212298902  7.623771
1212358290  5.027930
1212370643  4.071834
1212373459  5.895575
1212967878  5.353019
1211435643  6.665906
1211689250  1.196668
1211795735  7.623771
1211957234  8.747132
1212173478  7.821863
1212653559  8.742314
1212811348  5.828154
1211037370  10.673635
1211265656  8.163990
1211324207  7.732139
1211339315  22.619513
1211443540  17.424019
1211704085  5.229552
1211853615  5.111728
1212964533  4.743984
1212632835  20.780178
1211622721  9.292700
1211785612  7.008271
1211890179  4.348652
1212161432  5.898793
1212414981  5.119841
1211306181  8.163990
1211314598  7.623771
1211445262  6.485132
1211798969  9.678009
1211941026  7.377842
1211954271  10.723124
1211962792  8.297790
1212045817  14.616188
1212048740  9.074363
1212545979  8.658569
1212638146  14.550394
1212650459  9.749718
1212817121  4.600726
1212962546  6.485132
1211165003  6.018766
1211285917  9.760250
1211307286  10.416903
1211791829  12.629656
1211882615  4.277363
1212197450  6.859951
1212323201  6.625748
1212429967  4.141573
1212560966  8.381474
1211460386  9.106215
1211497506  5.083186
1211564732  8.445507
1211646235  10.187378
1211721771  9.550282
1211870676  4.141573
1211875606  8.136968
1212372071  8.163990
1212384589  9.745248
1212394613  9.745248
1212400507  5.111728
1212485497  6.505162
1212227706  11.070105
1212322027  7.951413
1212322160  0.000000
1212322220  0.000000
1212322280  3.335693
1212327098  7.623771
1212329906  2.499856
1212333246  9.749718
1212338855  7.623771
1212819764  9.519353
1212947662  6.485132
1211791547  3.008167
1211808175  9.749718
1211808890  9.519353
1211984037  1.970943
1212158289  4.567276
1212341628  4.682609
1212884373  4.348652
1212898927  7.775229
1212901192  7.498791
1211255729  3.432870
1211756028  3.432870
1212513089  7.666317
1212638477  6.052898
1212647190  8.820941
1213023769  5.653310
1211406568  20.059889
1211547440  9.760250
1211891326  9.678009
1211895604  8.508602
1212540846  7.121201
1211274157  7.623771
1211346040  6.378818
1211678295  3.478922
1212268282  5.572557
1212889695  4.444981
1211257541  11.211756
1212289670  6.846567
1212301085  5.415751
1212306238  8.060544
1212229065  11.801847
1211178856  7.311036
1211192058  10.643381
1211348596  4.389946
1211393753  4.907171
1211942062  3.534209
1212087254  4.082160
1212198105  37.273827
1212274418  6.542203
1212610052  6.107494
1212882780  4.367930
1212899396  12.650005
1213000588  6.485132
1213012779  9.678009
1211158200  6.139812
1211322659  9.146602
1211553400  6.023407
1211817847  6.899174
1212588986  4.743984
1212630438  7.889592
1212745546  7.999053
1212773977  5.977004
1213004018  10.912767
1211537742  7.391841
1211679212  9.257985
1211759267  8.756863
1211873420  0.443776
1212064321  7.734870
1212235688  11.322950
1212332344  8.030154
1212402574  7.612002
1212488847  4.277363
1212759620  4.348652
1213008030  6.722001
1211156210  13.851706
1211868826  0.249489
1212608031  6.116696
1211190078  10.189596
1211276531  6.378818
1212289511  6.134074
1212311729  5.722175
1212922755  6.859951
1212981709  4.277363
1212999745  5.158059
1213010391  1.275138
1211027684  15.840017
1211045304  5.218382
1211205230  6.625748
1211210227  4.348652
1211270594  6.485132
1211445951  8.163990
1211635610  11.027956
1211957360  11.662843
1211959468  6.378818
1212010904  6.224833
1212040768  7.021220
1212041692  6.485132
1212047160  12.697397
1212049544  6.611804
1212126554  8.163990
1212134455  7.498791
1212239464  6.862420
1212239991  4.743984
1212414383  6.378818
1212499995  9.912213
1212729576  8.159493
1212780935  6.595049
1212843711  2.515470
1212852510  4.277363
1212856575  5.576431
1212930202  6.948356
1212974626  4.516873
1213021122  4.348652
1211125146  7.349948
1211255361  4.718519
1212139220  5.916546
1212564534  8.163990
1212646656  6.722001
1212672810  9.577394
1211364052  10.992454
1211443492  8.989774
1211607947  4.076861
1212047346  11.439108
1212328517  9.996722
1212895462  8.399978
1212895778  6.537106
1212909506  3.637589
1211036124  7.180200
1211236482  12.697397
1211612644  12.692554
1212460604  3.536247
1212962167  5.496351
1212985427  9.217784
1212996830  7.531840
1213004252  8.654346
1213026174  8.203867
1211556119  100.494232
1211923156  4.572288
1212199728  4.787923
1212816710  7.623771
1212196103  4.348652
1211491336  4.348652
1212559856  3.950193
1211300004  6.638662
1211332504  2.509143
1211907307  8.030154
1212513251  8.033043
1212634244  7.623771
1211260200  10.433908
1211444137  8.159493
1211452392  10.096810
1211455605  12.035662
1211535437  8.163990
1211613510  4.682609
1211640889  10.660527
1212306449  6.641021
1212322704  7.750166
1212325183  8.525637
1212565999  7.205702
1212568962  8.159493
1212647565  7.366052
1212814784  10.309473
1211097803  7.688116
1211180339  12.489243
1211547690  9.188570
1212043415  14.246912
1212376024  6.293202
1212554924  7.199553
1212230503  9.678009
1211324424  5.111728
1211616875  7.896284
1211644072  5.672155
1211857298  4.256917
1212107362  4.348652
1212347727  378.812347
1212372861  6.275934
1211917642  8.163990
1212305954  7.421809
1212645847  8.163990
1212713917  6.660133
1212899126  21.264666
1211113960  7.419539
1211639464  6.747493
1211771517  4.081995
1212292942  5.276886
1212389061  16.010078
1212458946  4.732431
1212782488  5.060491
1212824473  8.163990
1212829885  21.012085
1211183374  8.356215
1211197673  9.978609
1211284106  9.257985
1211309834  4.747685
1211370270  13.870236
1211454963  9.912213
1211461778  18.724747
1211618673  9.164124
1211692178  6.186488
1211783364  8.030154
1211803222  4.811615
1211975154  13.150813
1211977936  10.559176
1212061943  9.600245
1212091537  3.616695
1212148468  9.150234
1212307536  6.625748
1212405378  8.030154
1212410923  8.159493
1212493745  8.906171
1212579597  7.349948
1212596059  7.480578
1212666409  7.361942
1212726730  6.362738
1212815989  1.839547
1213016082  8.415660
1212827108  7.775229
1211299967  5.500809
1211456422  9.885096
1211537853  7.584202
1211539136  7.935602
1211665730  9.741155
1211668522  9.784178
1212728851  3.390376
1213005847  6.485132
1211657278  10.528304
1211696333  4.987931
1211698248  4.422358
1212524760  6.485132
1212570100  11.196978
1211255025  7.326062
1211267290  15.715939
1211272423  7.283775
1211347120  7.419539
1211351236  8.619706
1211679781  6.432845
1212205149  4.792245
1212936403  7.896284
1211784638  1.495835
1211810642  6.859951
1212305011  3.240976
1212948783  4.348652
1211024969  22.619513
1212509946  4.452322
1212640083  4.076861
1211216228  9.379537
1211220493  3.181738
1211391013  3.953320
1211658817  4.891808
1211723917  3.525934
1211808674  11.894656
1211987576  5.135155
1212285351  6.859951
1212368988  4.014141
1212420370  6.796970
1212422330  7.950898
1212842645  8.163990
1212843799  9.616713
1212954121  7.121201
1211757025  9.760250
1212209492  4.682609
1212552864  5.027930
1212655122  6.895347
1212665316  2.357074
1211073024  6.704277
1212078024  10.096810
1212117839  6.561664
1212809849  4.277363
1212975119  4.577528
1211250837  6.859951
1211628224  8.159493
1212648122  9.749718
1212963979  4.891808
1211435378  5.423501
1212443312  1.576755
1212831090  11.673608
1211250641  64.192337
1211271945  4.743984
1211356199  9.592464
1211820806  7.335259
1211852950  8.313156
1212557084  4.647026
1212567942  3.231452
1212654396  14.929054
1212974370  5.566817
1211525356  5.228913
1211607447  4.941752
1211715309  8.163990
1212328820  6.704277
1212506408  5.111728
1212538997  8.332382
1212644737  6.116075
1212671424  7.555894
1212845509  6.098916
1212917800  8.005956
1211098949  9.257985
1211423115  6.594371
1212376943  5.679698
1212628830  6.517129
1212772621  7.380937
1211356935  3.432870
1211427194  11.105243
1211703949  13.626319
1211954123  6.079811
1212389158  7.635390
1212809984  7.410773
1211291952  5.111728
1211373450  4.891808
1211467328  9.893668
1211802120  12.577998
1211804037  6.859951
1211894415  5.111728
1212153356  2.607078
1212408801  6.378818
1212588644  7.623771
1212603483  7.256284
1212804909  1.839547
1212864736  6.485132
1211722642  5.895575
1211753703  4.277363
1212851923  12.382031
1212931221  6.378818
1211701717  6.930701
1212105386  4.186924
1212134029  7.623771
1212198429  7.366052
1212315995  2.000397
1212795103  5.006308
1212813260  5.484402
1211044677  4.498606
1211231198  11.611637
1211320902  5.986276
1211351386  5.546723
1211469913  6.923618
1211779818  12.928973
1212300792  5.018941
1212522197  4.946834
1212589133  7.865736
1212889806  7.965309
