1211092672  3.722466
1211174918  9.213879
1212296912  3.805910
1212304915  7.538628
1211135495  17.605394
1211158642  5.840634
1211344077  14.926914
1211988324  5.685637
1212558096  10.238298
1212786021  9.141963
1212827738  10.330757
1211519571  8.571964
1211691831  7.707114
1211764730  3.955515
1211940345  7.977539
1212268476  6.181955
1212901498  10.386526
1211220848  17.098026
1211865817  2.348017
1212281201  4.150049
1212297340  2.725377
1212299918  5.855022
1212361966  9.950444
1212505260  6.716974
1212603873  5.590029
1212730500  4.038377
1212886757  5.698900
1212916392  4.083113
1211705702  10.216255
1212714706  5.236453
1211129967  0.000000
1211130028  0.000000
1211130088  0.000000
1211130149  0.000000
1211130198  7.218099
1211140425  7.578662
1211218029  4.550023
1211493063  4.728285
1212111920  11.023354
1212218151  8.910916
1212265913  4.776472
1212527680  11.974286
1212973844  5.935191
1211093350  7.767527
1211256221  9.214468
1211432706  11.770617
1211613266  2.501985
1212181558  4.441722
1212272253  6.411983
1212913211  10.345254
1211247258  5.236453
1211298718  3.146233
1211856993  3.644075
1211929077  7.193676
1212092936  11.292572
1212366199  3.522606
1212370731  4.885894
1212527118  12.102092
1212727408  5.467950
1211059553  5.594317
1211137823  6.889693
1212182192  4.963698
1212270997  7.530387
1212954709  16.004984
1212954761  6.246038
1212963584  12.986105
1211087384  7.977539
1211946976  12.162970
1212653285  9.442297
1212752341  13.616793
1211168101  7.147486
1211521921  16.722912
1211533679  7.193676
1211683542  6.999247
1212602540  12.162970
1212668000  5.153312
1212677036  10.300257
1213043760  6.161722
1211682846  6.027452
1212297462  2.461631
1212399285  8.296978
1212563203  1.853526
1212841774  11.082154
1211865743  13.673737
1212982171  9.215737
1211443448  5.855022
1211717588  10.006337
1212161059  6.646892
1212469896  14.404413
1212888592  7.193676
1211550611  5.760108
1211937498  14.395526
1211344082  6.529590
1211578113  7.565357
1212723981  5.233126
1212731946  12.331671
1212816931  7.590032
1211302608  4.805798
1211571321  4.987098
1211772769  5.489083
1212255539  10.465982
1212380126  12.987586
1212486195  14.253525
1212519167  12.718426
1212915679  9.236619
1211152597  1.680902
1211159541  4.580255
1211160694  4.981535
1211160911  3.101112
1211692213  2.963696
1212349086  4.885894
1212806203  4.767891
1212902514  8.328352
1212990683  18.929300
1213027827  6.231462
1211347570  4.121911
1212409877  4.805798
1211522915  2.501985
1211912922  3.668884
1212392184  13.643593
1212548435  14.893433
1212807769  12.148534
1213068159  4.885894
1211734021  6.359213
1211917432  10.216255
1212115853  9.530602
1212560719  0.248958
1212785896  2.879644
1212888790  5.236453
1211059123  13.326645
1211059179  5.758066
1212149020  10.897451
1211136037  11.292572
1211136097  1.732622
1212125050  8.607795
1212887871  2.528283
1212903064  6.767094
1212292531  13.462084
1211148578  14.737741
1211172835  0.342318
1212134462  8.146694
1212201515  5.889828
1211408554  7.839995
1211443871  8.637190
1211694470  8.409338
1211695274  0.228212
1211815642  9.587563
1211902274  5.952441
1211912639  13.252946
1211912839  105.974655
1212161777  7.709205
1212594689  6.414787
1212683684  8.616170
1212710607  12.199613
1212778847  4.791446
1212907686  4.963784
1211854489  2.528283
1212925479  10.917211
1212957952  13.235869
1212529254  4.998097
1212996903  1.877007
1211491103  3.722466
1211667850  3.052422
1212273403  9.756825
1212458899  7.977539
1212815017  20.015696
1213060196  5.234887
1211170508  6.453150
1211923432  14.277802
1212038202  4.885894
1211091169  3.179606
1211149305  10.006337
1211260122  2.879519
1211335531  5.065968
1211408232  8.970936
1211697155  6.995817
1211734830  7.454422
1212217055  8.885614
1212486891  9.183604
1212812399  7.757019
1212858212  10.386526
1212964872  7.500620
1211418315  7.193676
1211556497  4.923262
1212092635  5.675627
1212391387  13.290693
1212879645  6.693677
1212993262  5.511296
1211077096  7.978440
1211301936  6.913143
1211488081  2.543685
1212207601  5.362859
1212767931  4.805798
1212858329  2.244428
1211334324  2.543685
1211416431  8.097236
1211931401  0.228212
1211944664  4.219216
1212359322  2.047644
1212463905  4.868327
1212537065  7.707114
1212707293  5.775202
1212853887  10.386526
1211085370  6.856472
1212318126  11.453665
1212360275  2.543685
1212948388  1.816459
1211167724  2.528283
1211852829  3.312366
1212640362  5.277290
1212955897  13.537142
1211281570  9.436858
1213027555  3.247258
1211513199  3.394460
1212285367  7.017098
1212361563  203.505432
1212732248  11.641919
1212760192  4.885894
1212901681  12.354442
1211059300  8.781143
1211393173  10.018059
1211632361  2.725377
1211713574  10.469773
1211929244  4.885894
1211939773  4.885894
1212261716  1.816459
1212405117  8.023045
1212472046  5.768670
1212615144  5.184097
1212718647  4.981535
1212724742  6.814172
1211771885  5.531201
1212290275  3.054611
1212585848  4.311568
1212819012  54.059147
1212358444  12.438202
1212868983  11.400267
1212981993  10.386526
1211353290  21.764727
1211371211  19.560555
1211498495  0.000000
1211498516  2.570421
1211609972  5.490473
1212258705  4.150049
1212541633  7.313570
1212952357  10.074112
1211807190  10.679429
1211780725  4.805798
1211942898  6.414787
1212654476  11.269073
1212802419  10.537372
1212805365  3.828348
1211180631  884.693665
1212310735  11.045181
1212468095  113.991852
1212964603  6.590141
1211619529  4.239475
1211764532  5.065968
1212116827  1.489039
1212120588  13.076295
1212726204  5.236453
1211816384  9.370646
1211822384  4.580526
1211939556  2.543685
1212282868  2.543685
1212994265  10.637219
1211099783  7.193676
1211118062  10.386526
1211265783  2.543685
1211611130  7.414432
1212358821  8.105671
1211199954  10.855660
1211574357  13.252195
1211609588  6.257822
1212274123  8.637190
1212898651  3.864462
1211492495  7.500620
1211802261  7.377659
1212346282  4.987098
1212599267  10.892365
1212806497  10.343079
1211083798  4.868684
1211156801  4.219216
1211590887  2.758203
1212805147  7.667304
1212805323  6.256691
1212597593  7.417673
1211158076  2.631398
1212358841  5.150609
1212549821  7.578662
1212905393  13.204045
1211343425  7.667304
1211609511  10.006337
1212450520  5.413675
1212816329  3.807190
1212831523  13.204045
1213050001  5.143046
1213050058  10.547882
1211818225  5.759038
1212630662  9.364441
1211325387  5.067535
1211984703  7.578662
1212083873  0.000000
1212083934  2.570421
1212240954  7.377659
1212642997  407.849731
1212979563  4.330863
1211340312  9.496889
1211612634  454.719727
1211099173  8.818361
1211325278  6.750988
1211471254  7.809290
1211486332  9.863085
1212268555  5.712494
1212722051  13.251827
1211082540  2.543685
1211089281  10.494857
1211099207  4.981535
1211250122  4.911180
1211659831  6.537927
1211863797  3.522606
1212017553  6.104845
1212125937  5.864815
1212209165  5.562508
1212225907  7.453079
1212705562  6.891934
1212708264  2.461631
1211518191  4.624882
1211591292  4.199166
1211693188  45.463783
1211843319  6.022576
1212370981  7.578662
1212651291  6.026502
1211085370  6.856472
1211163200  8.828453
1211504416  4.602782
1211305832  9.159453
1212557509  6.526704
1212617756  5.818306
1212617850  9.421549
1212950601  5.150609
1211784301  9.765316
1212035094  5.855022
1212106654  2.209445
1212359533  5.236453
1212647604  12.803126
1212907339  8.965334
1211100339  7.349895
1211465057  3.516378
1211996300  3.522606
1212552339  5.855022
1212762826  5.184097
1212775569  9.035425
1212823193  7.578662
1211023331  8.119995
1211080929  1.734331
1211125223  25.314917
1211054333  1.706370
1211256509  6.173489
1211469024  9.500018
1212076075  4.302100
1212493665  4.805798
1211697972  7.122229
1212916210  4.510056
1211554363  3.677156
1211554576  10.303670
1211755636  150.012405
1211865003  9.078512
1212024257  7.414432
1212213377  6.668312
1212216923  3.548591
1212510203  12.507922
1212717933  7.526694
1212731647  6.027956
1211253263  6.068170
1211936335  4.885894
1212043053  2.713743
1212229328  12.678247
1212635653  4.219216
1212652745  8.299973
1212902986  18.212090
1212970723  8.850989
1211083272  5.963989
1212002423  0.228212
1212021108  211.949310
1212027823  4.885894
1212642412  9.000745
1212809332  7.193676
1211513682  10.015906
1211522048  0.000000
1211522101  10.036566
1212038176  7.989540
1212358489  2.754022
1212720938  19.626657
1211581135  1.356873
1211941779  4.144242
1212371976  14.458809
1212551166  1.877007
1212723888  14.421061
1212819375  2.011079
1211163203  271.091919
1211333301  9.148407
1211777653  6.856472
1212374747  7.707848
1212912837  7.021278
1212912896  14.755183
1212028680  2.479863
1212914516  1.858453
1211950740  6.622610
1212507137  4.488388
1211155918  5.855022
1211559371  9.435468
1211561036  10.006337
1211768280  2.211900
1211923176  4.219216
1211943528  12.239105
1212349300  8.162613
1212356542  8.781143
1212542418  4.981535
1212707299  7.103526
1211063204  3.202369
1212221895  6.679435
1212277251  6.421682
1212759122  8.406321
1212811552  4.219216
1212864229  5.748111
1212893624  6.257822
