1211414096  10.890072
1211425616  3.649405
1211672289  3.588581
1212109849  4.962258
1212123209  9.924220
1212367071  10.971225
1212555941  5.133018
1212642114  11.955140
1212718264  1.982839
1211115540  11.540113
1211334347  3.355392
1211925805  5.085429
1212046700  5.726557
1212522534  13.271188
1212878251  6.420136
1213030565  700.557678
1211425672  6.708413
1211470054  10.176491
1211487453  8.257098
1211551202  14.300288
1211577646  15.088555
1211688615  7.196298
1212023732  8.612596
1212954355  7.365651
1211100203  9.151313
1211143451  11.668437
1211220302  8.900051
1211340695  17.963017
1211507524  10.718599
1211733124  8.820457
1211740721  6.383813
1211906346  2.595619
1211912765  5.805289
1212001778  17.476618
1212020575  12.463577
1212255618  9.807748
1212281702  6.885063
1212335267  4.953929
1212358650  5.683783
1212467457  8.262076
1212531006  14.926917
1212547695  10.130748
1212548057  9.067845
1212825484  12.822100
1212933994  6.022070
1212983937  9.482360
1211161006  8.042574
1211165758  4.140550
1211244275  3.277000
1211642216  8.114902
1211769858  5.147384
1211901734  4.512605
1212002283  4.607811
1212363416  10.148425
1212374386  11.874963
1212387106  6.513295
1212421472  9.168648
1212540512  10.220817
1212629279  15.936787
1212692559  6.080174
1212714975  5.234294
1212797447  8.921590
1212855718  5.636008
1212939127  27.954210
1211085616  7.412573
1211267696  6.998458
1211311332  10.998914
1211400255  13.057137
1211410173  8.872648
1211448958  10.708570
1211587971  7.469558
1211616409  12.010989
1211694043  0.895291
1211814298  7.573570
1212074121  7.147171
1212085853  4.837779
1212173948  17.477558
1212380267  8.711291
1212513824  7.728156
1212626922  3.458751
1212754707  10.100815
1212799163  3.588581
1211125449  13.658685
1211128265  7.943957
1211151252  4.842968
1211208585  13.642280
1211259161  11.182364
1211261680  21.376358
1211596948  10.544241
1211988132  8.203551
1212127730  7.591269
1212203126  9.149919
1212203363  3.032604
1212302608  8.262076
1212541848  2.359653
1212571800  5.509214
1212699613  3.969474
1212711059  6.027575
1211121225  12.024448
1211253126  11.719308
1211257234  7.356012
1211539644  14.984978
1211639470  9.361499
1211836047  10.353730
1212017180  4.905186
1212312045  7.440646
1212339974  7.053689
1212558082  5.796873
1212635145  9.001291
1212905588  8.538717
1211021010  24.281612
1211203254  9.273759
1211241966  32.494446
1211352309  12.932869
1211352374  9.843736
1211427574  9.780110
1211670663  3.184779
1212007084  3.517374
1212221764  16.641449
1212377342  0.000000
1212377382  0.000000
1212377384  7.566355
1212647383  6.909697
1212889310  4.962258
1212896310  9.151313
1213073817  22.167398
1213083165  5.494358
1211123107  4.173363
1211124394  6.780818
1211141531  8.652062
1211505637  5.745272
1211557104  3.830181
1211563255  3.458751
1211660883  12.822100
1211745556  8.103242
1211824080  10.578555
1211900259  5.873242
1211923128  11.484552
1212109528  17.417501
1212165480  11.163622
1212418579  6.443804
1212537791  7.208555
1212647606  9.218976
1212822325  69.142319
1211188328  7.809268
1211192999  11.958268
1211353941  15.645926
1211577753  21.892427
1212019056  13.723290
1212246121  9.816312
1212345402  10.983524
1211233613  6.538467
1211258927  4.952912
1211351107  10.676394
1211357979  11.051724
1211494145  6.491432
1211504680  8.425869
1211945811  11.544065
1212008603  23.492037
1212104633  0.000000
1212104648  3.274209
1212119876  7.191725
1212298063  10.378750
1212409633  9.207294
1212423504  6.998458
1212437268  17.158278
1212479205  7.573337
1212518920  3.192693
1212718454  10.190100
1212798677  15.704305
1213024769  2.629192
1213027933  11.026441
1213065651  8.570787
1213066962  13.492374
1211608488  8.193516
1211676882  4.200541
1211867905  8.000944
1211868507  12.649101
1211124680  8.262076
1211340695  0.000000
1211340696  10.700722
1211490010  6.804302
1211579723  11.788721
1211859805  4.584443
1211903161  10.879994
1212017290  5.300210
1212306781  12.286313
1212532099  11.530287
1212767355  11.553378
1212956865  4.436271
1211158932  5.679450
1211263546  1.836006
1211304643  7.573570
1211314473  4.572119
1211487773  4.842968
1211559800  5.873242
1211573126  3.328779
1211601415  12.806455
1211817799  5.029107
1211997951  7.130893
1212163191  11.336932
1212496393  7.449413
1212502794  9.207294
1212516940  7.699991
1212756470  8.566532
1212911831  13.376557
1211481323  11.719308
1211482698  7.173071
1211642442  9.208428
1211733698  7.121238
1211938929  8.987484
1212072719  4.210729
1212072941  16.619701
1212081746  5.704407
1212253247  5.731076
1212345511  9.648582
1212420273  12.606445
1212527326  0.959240
1212594289  7.972178
1212595312  10.130748
1212595372  13.721059
1212931934  11.675961
1212987918  0.000000
1212988042  0.000000
1212988098  0.852658
1212988343  2.526877
1212989168  0.000000
1212989248  0.000000
1212989265  0.000000
1212989329  0.000000
1212989387  0.000000
1212989450  0.926163
1212990318  5.577308
1213027814  9.964669
1213028059  12.290485
1211249351  20.414171
1211335987  11.484552
1211497884  6.842375
1211938070  6.782301
1212012670  11.570594
1212737918  5.873242
1212738197  6.309117
1212894547  8.275306
1212894666  7.814561
1213023532  7.625168
1211573520  6.705475
1211577632  5.873242
1211902042  3.441691
1212612214  10.902589
1212773445  4.414460
1212857306  2.549291
1212962096  9.596608
1211019169  10.657659
1211081333  14.206363
1211086625  8.018598
1211098569  17.003220
1211342943  7.888104
1211506172  8.779977
1211620720  10.740450
1211902051  1.648522
1212084640  10.267382
1212100449  0.000000
1212100463  6.535141
1212209207  8.182754
1212438370  36.361832
1212444818  4.395731
1212686407  10.337985
1212721839  5.239301
1212834003  7.971207
1212891687  52.752693
1213025144  5.802815
1211117719  8.426098
1211225484  15.993190
1211422211  10.062212
1211516459  8.856480
1211520020  11.477151
1211585751  10.017029
1211689704  171.115616
1211780399  92.930824
1211919160  5.957315
1212089534  14.395085
1212117974  4.317708
1212182366  10.696011
1212219846  10.826365
1212451499  8.820457
1212502401  15.757597
1212512314  0.000000
1212512316  5.509214
1212548987  6.719296
1212553779  5.873242
1212557816  5.022876
1212561903  10.629632
1212599058  13.271188
1212643363  11.802298
1212759689  6.961181
1212846113  5.210167
1212937802  2.441225
1212987221  11.228817
1211050688  7.138430
1211168874  16.871698
1211173235  26.037014
1211349645  5.794207
1211387196  5.170745
1211772846  6.769826
1211779025  0.959240
1211824657  6.376424
1211910635  12.116573
1212055726  16.642506
1212186338  11.169966
1212292248  5.225279
1212598980  2.344564
1212599812  0.976681
1212718592  5.201171
1212994299  8.740308
1211258776  9.394266
1211983468  10.477182
1211983526  10.496382
1212009664  9.990584
1212029451  7.380358
1212032206  9.979812
1212202987  16.078951
1212203416  13.530353
1212290464  3.649622
1212342956  21.842422
1212387743  11.346539
1212445731  9.314487
1212452716  7.523005
1212474518  12.033418
1212516703  12.932601
1212544101  11.079069
1212739707  13.012321
1212786274  10.919758
1212812681  6.860529
1212948674  9.150202
1211084587  8.123792
1211167694  5.805289
1211231973  7.494824
1211248289  13.150582
1211254115  11.003571
1211286709  11.410540
1211289626  3.331990
1211290491  4.902346
1211332896  8.275306
1211507586  5.776959
1211597889  6.379033
1211681834  5.776959
1211937427  8.405852
1211991880  5.900868
1212040199  11.482336
1212065287  8.477724
1212066382  5.900868
1212146926  13.529422
1212207439  12.610129
1212414113  4.200541
1212455312  5.873242
1212460139  12.581315
1212585003  10.947682
1212633116  10.130748
1212720604  15.493091
1212808521  9.151313
1211060404  10.405048
1211206285  20.561953
1211292292  1.199355
1211338765  7.784337
1211688585  3.844908
1211774864  8.318365
1211910619  6.756014
1211924631  8.989854
1212049778  15.146812
1212216969  13.664074
1212511677  9.979812
1213021585  3.441691
1213023155  3.213655
1211079546  0.000000
1211079560  37.530617
1211079634  5.873242
1211229994  14.135926
1211230037  17.600651
1211257854  11.421035
1211347621  18.617022
1211466678  11.915318
1211565942  85.748459
1212172094  15.702270
1212212111  16.359295
1212680989  4.913926
1212230872  8.891100
1212231690  5.824990
1211289392  7.046620
1211322322  18.389570
1211383948  10.416157
1211391985  11.336932
1211417661  6.572427
1211472739  1.758423
1211484468  11.299317
1211485450  8.291643
1211512712  3.597368
1211526768  6.017010
1211791279  12.438049
1211985268  6.292759
1212132195  6.454128
1212164642  7.324730
1212168676  5.085979
1212174579  7.755754
1212177979  4.079988
1212300234  4.118317
1212688630  4.668293
1212761724  11.110841
1212808742  6.502955
1212895322  7.681798
1211075676  2.468858
1211247210  8.252442
1211304902  10.746305
1211305576  4.093505
1211780734  7.573337
1211780794  15.835294
1212406525  15.395658
1212424047  4.668033
1212590210  12.934813
1212614691  2.645205
1212681526  7.673368
1212538712  5.873242
1212549780  16.491915
1212583471  3.588581
1212847838  7.943957
1212987070  9.351460
1211303687  12.469543
1212095245  4.414460
1212103804  9.932419
1212172536  8.795475
1212361990  5.509214
1212426792  17.210337
1212475886  18.244541
1212506531  1.758423
1212632482  18.412956
1212689279  9.980044
1212782295  9.975634
1212803164  2.566983
1213045211  5.201005
1211417304  6.583842
1211581248  13.086441
1211685832  14.363018
1211937844  3.888956
1212021311  5.774107
1212111694  11.484552
1212117787  13.166535
1212252292  7.573456
1212454397  5.774107
1212609324  5.900868
1212644377  13.149603
1212695012  6.600594
1213034335  14.481297
1211605608  6.725598
1211608332  7.042709
1211662988  8.980375
1211699598  6.866211
1211826322  11.736479
1211931930  12.448032
1212395544  9.001291
1212442302  2.445007
1212463018  14.134726
1212463954  7.449413
1212467825  8.477003
1212564637  0.000000
1212564677  0.000000
1212564679  5.873242
1212855556  11.492656
1211081077  5.061204
1211121481  8.202505
1211258276  5.666181
1211392617  11.465881
1211934864  6.416535
1212068215  9.018336
1212196559  2.244416
1212463455  4.705219
1212519265  11.599677
1212767538  17.813663
1212797081  3.093675
1212971686  5.562416
1211070983  16.698692
1211222639  15.966043
1211224671  11.333164
1211289322  7.038838
1211310392  11.999423
1211335455  8.326642
1211340041  5.805289
1211409062  12.529061
1211492935  2.395956
1211897293  20.391844
1212025662  3.402050
1212029143  1.758423
1212059585  10.374805
1212117825  2.645205
1212173736  14.814202
1212214181  6.525825
1212449940  22.055014
1212520575  8.203551
1212599674  10.090703
1212619817  8.683497
1212624242  13.915413
1212632409  10.153009
1212665650  14.460111
1212720244  7.981870
1212721796  7.413589
1212764325  2.351293
1212768295  53.889053
1212881711  11.336932
1212885842  9.515932
1211155209  6.292239
1211169197  17.748854
1211421362  5.647280
1211605908  11.758120
1211649892  7.064169
1211850814  2.146833
1212066883  9.834781
1212126248  15.953455
1212127073  9.833727
1212194923  11.613522
1212271079  8.062941
1212706223  5.416054
1211083335  11.612003
1211228639  10.562875
1211290974  10.757356
1211343834  10.634996
1211415214  3.080360
1211699103  33.160278
1211756305  10.098093
1211778003  6.860495
1211933762  9.852816
1211945892  12.071328
1212001108  8.622964
1212087756  14.460667
1212546202  11.364541
1212636893  188.883011
1212733089  7.625168
1212762029  6.409772
1212797244  2.693299
1212849180  15.954076
1212905927  9.599033
1211080594  2.384779
1211202509  7.907568
1211301714  9.178428
1211323427  5.776959
1211325181  4.290673
1211345517  9.247641
1211379555  6.177003
1211670770  5.873242
1211947943  4.851234
1212029481  12.393311
1212038159  7.620281
1212286509  6.117932
1212802800  9.503939
1212855253  1.874747
1211133529  10.228930
1211178308  9.842150
1211259705  7.625168
1211313794  10.831482
1211314520  10.998120
1211315113  11.349225
1211460640  7.809268
1211987408  2.645205
1212012541  5.845055
1212113376  2.314554
1212121061  5.443275
1212124771  6.893831
1212461158  9.466962
1212545638  6.058287
1212554004  16.224483
1212556025  11.675961
1212974131  14.942535
1213060782  6.241061
1211079540  6.630581
1211220822  10.823184
1211403661  12.290485
1211408623  5.566058
1211527572  11.762571
1211593307  3.058966
1211615160  8.845183
1211857954  183.361496
1211914928  23.080227
1211950879  5.418899
1212104595  6.320961
1212173340  21.429932
1212177155  12.290485
1212288792  7.488982
1212372049  5.250676
1212386274  5.974782
1212510910  14.638673
1212520871  28.677444
1212555627  11.793578
1212732903  4.655249
1211084469  11.611749
1211537218  6.606851
1211773221  13.778396
1212162541  19.459936
1212303191  13.398466
1212368027  6.438593
1212380966  21.047049
1212534199  5.302410
1212621478  10.428110
1212691554  9.510566
1212691614  3.822018
1211306555  14.156706
1211500748  2.524902
1211504500  4.828098
1211523774  9.008242
1212088075  3.331990
1212146868  13.488032
1212191087  7.144975
1212361239  5.488780
1212395562  17.383841
1212412793  8.856480
1212641621  13.448604
1212755781  3.588581
1212809476  5.804132
1211111691  13.417785
1211121439  5.923718
1211204734  7.336730
1211387809  1.623160
1211398290  6.556520
1211514097  7.397379
1211529152  20.858654
1211770216  7.697875
1211987662  9.636605
1212121319  8.477003
1212418317  4.037368
1211210271  1.229845
1211448546  12.984216
1211583882  4.972896
1211707636  16.092216
1211901989  3.606178
1212047333  12.737412
1212084889  8.655668
1212161070  4.878076
1212164700  4.927368
1212222011  13.214019
1212222243  14.423589
1212222790  15.993190
1212223084  9.928859
1212292948  3.472821
1212297253  11.938682
1212516651  6.846977
1212806106  5.900868
1212819614  14.984978
1211120694  10.380408
1211289252  9.369492
1211441149  6.510105
1211578901  1.835346
1211698961  6.339829
1212178395  7.135093
1212287178  5.900868
1212894913  2.773983
1211064708  8.338037
1211078622  0.000000
1211078625  4.925053
1211223542  12.566832
1211290137  7.577278
1211473995  65.936409
1211688704  6.323618
1211897733  9.175146
1212206623  3.312537
1212210219  6.820134
1212210281  8.903662
1212331508  10.583396
1212706525  11.591456
1212726004  7.329563
1212810593  9.589622
1212814402  5.095195
1211085182  12.755795
1211229091  8.275306
1211315928  8.402067
1211333203  10.130748
1211560068  5.170745
1211860023  3.244523
1211905972  22.287670
1212012651  9.511774
1212020615  4.771435
1212037495  5.923542
1212083453  6.804302
1212523715  11.484552
1212524694  5.036495
1212718746  5.900868
1212764486  10.858989
1212970835  7.853284
1212973193  7.596910
1211226638  4.140671
1211238620  3.820312
1211261197  7.038838
1211270866  9.218976
1211323131  4.451714
1211507821  22.592939
1211572803  6.102968
1211912010  5.811562
1211997350  12.811181
1212199686  5.851935
1212478498  17.893429
1212553250  7.898040
1212657433  16.962906
1212657736  8.338037
1212924291  10.377525
1212986052  4.200541
1211231298  8.308149
1211336006  7.449413
1211345409  10.173269
1211360464  8.477003
1211433506  7.449413
1211435093  5.972789
1211481579  3.133221
1211567482  5.313686
1211680478  10.011361
1211701297  7.152781
1212025182  2.397850
1212030065  17.828552
1212037464  5.446955
1212164191  10.148425
1212335210  9.648331
1212634222  6.537952
1212809279  7.038933
1212811443  8.203551
1212826693  36.728359
1212875045  16.680506
1211241115  7.573456
1211262527  4.785017
1211298387  11.602044
1211329568  2.573302
1211350877  13.383482
1211413685  3.331990
1211502965  4.148786
1212126007  10.471673
1212475266  80.954247
1212681291  4.572119
1212871637  5.620994
1211120696  4.762088
1211342721  13.872132
1211347967  7.277442
1211380927  7.330608
1211436979  11.098335
1211565263  6.836274
1211600096  13.223100
1211693717  8.021289
1211695332  16.385889
1211746983  2.938436
1212530341  7.763226
1212815491  10.546200
1213059486  6.718831
1211068505  3.839327
1211197559  10.827424
1211201213  12.039175
1211238664  6.596606
1211239769  3.331990
1211245941  10.279654
1212118757  9.784309
1212462531  3.936891
1212471398  5.387098
1212555234  332.719269
1213021222  8.860566
1211093268  8.655668
1211259651  7.573737
1212004884  16.713675
1212606518  13.214019
1212811067  12.248688
1212521927  6.812487
1212548823  11.885524
1212673812  17.740047
1212677266  18.760464
1212687431  6.730405
1212721570  9.273474
1212882909  6.185729
1211156314  6.596606
1211224904  10.302448
1211494575  20.604637
1212008715  17.628889
1212010119  10.284678
1212202195  2.781020
1212214012  9.237967
1212584784  10.167869
1212594657  21.478390
1212630329  12.794558
1212696804  4.953929
1212757588  13.492374
1212969942  8.693696
1212974199  5.739982
1211165591  8.549617
1211343996  10.323943
1211444798  11.675961
1211522913  5.180612
1211903032  0.000000
1211903036  0.000000
1211903040  4.000515
1212031044  8.001968
1212295561  8.715536
1212550276  10.823184
1212552058  15.438509
1212556163  13.057137
1212637105  9.979812
1212709437  2.980973
1212724967  5.569712
1212736134  6.962488
1212787366  16.962906
1212797092  11.516549
1212911470  5.260274
1212911530  14.308894
1212951667  4.771691
1211196903  18.945435
1211316792  70.250954
1211481141  14.991528
1211562468  7.748269
1211993999  9.247641
1212024521  1.964724
1212072662  4.867816
1212111347  9.399954
1212436043  10.831482
1212436789  14.635615
1212446330  13.492374
1212512171  14.905482
1212512343  14.718954
1212781029  11.003571
1212903432  4.928869
1212979211  9.002214
1212985359  4.267311
1212996354  15.022164
1213045981  6.006228
1213071901  11.548215
1211466770  4.500579
1211590080  14.242998
1211617538  8.938895
1211641227  34.587513
1211651118  12.907986
1211993116  4.525242
1212070434  4.573724
1212476034  10.327277
1212476396  4.925311
1212527247  10.144712
1212674872  8.753775
1212738824  9.144238
1212789772  6.488465
1212842524  1.220851
1212894354  5.587080
1211119849  10.263169
1211552499  19.148928
1211607517  19.249075
1211608416  14.144634
1211652206  9.198734
1212371756  3.529752
1212513027  9.080523
1211100437  7.784337
1211182413  4.890015
1211182791  9.008242
1211218130  13.529422
1211257957  8.058201
1211265090  8.856480
1211350067  10.409898
1211705531  5.509214
1211746399  9.151081
1211773710  11.189617
1211944682  5.413226
1212019998  23.416985
1212035504  10.090694
1212054762  16.954006
1212288615  13.492374
1212428430  14.196191
1212432795  11.914630
1212478270  7.156152
1212478485  11.668437
1211137804  6.873246
1211290551  10.535248
1211334021  4.584389
1211427668  6.376424
1211467046  6.793067
1211516167  5.874316
1211588754  7.701698
1211595687  9.121738
1211687542  0.000000
1211687602  0.000000
1211687663  2.566983
1211687784  10.700722
1211813569  19.267464
1211869909  5.976017
1211981077  6.903335
1211990308  7.487398
1212078694  101.777435
1212078946  12.601544
1212123695  3.178308
1212191345  6.695433
1212192533  2.406547
1212204539  14.282221
1212269820  4.953929
1212470812  7.573570
1212538229  0.000000
1212538243  4.220215
1212589427  7.573570
1212632737  11.051724
1212633102  17.611433
1212758914  7.212924
1212804299  8.475059
1212806098  9.493814
1212864135  8.447366
1212900493  6.013663
1212969243  8.028334
1211416927  6.320961
1211603662  0.368662
1211669098  7.706155
1211681759  9.788737
1211764444  11.320798
1211856305  8.061848
1211978544  8.664289
1212035796  6.102206
1212040083  9.972006
1212373841  4.104947
1212402231  6.075768
1212423319  22.278200
1212457550  3.357340
1212553792  3.691845
1212603803  4.267311
1212612416  13.154124
1212614254  8.738214
1212633110  3.458751
1212657971  8.841662
1212709997  11.658568
1212852323  4.133512
1212894608  6.863444
1212902725  8.341657
1213030269  5.996915
1211084209  15.580905
1211119848  8.445227
1211120423  8.715536
1211122402  8.566532
1211225127  11.675961
1211242323  5.776959
1211321314  16.806360
1211345978  13.606525
1211583290  132.042847
1211747253  5.805289
1211776158  5.619874
1212167197  12.289785
1212223347  15.714692
1212471901  8.195222
1212556303  21.297234
1212601394  0.000000
1212601395  0.000000
1212601455  4.000515
1212931378  11.794983
1212937535  11.675961
1212965252  4.140520
1211033533  10.585994
1211180785  11.151081
1211576612  12.920660
1211660126  7.478612
1211678690  9.002382
1211821212  23.669479
1211950335  9.207294
1212202600  16.055016
1212203795  10.793878
1212389402  13.182600
1212902051  3.086072
1211083335  11.612003
1211093109  6.356293
1211120270  3.588581
1211122337  5.827809
1211174885  11.421643
1211207370  7.686779
1211374011  10.231068
1211050335  5.823147
1211181348  3.423400
1211346373  7.708318
1211419300  10.020373
1211674029  3.372225
1211704427  4.151016
1211780536  33.252113
1212027172  12.927812
1212457052  8.477003
1212599574  5.588974
1212623360  7.376085
1212633215  7.884203
1212897614  7.573570
1211040208  10.353730
1211063626  7.972178
1211146214  21.002573
1211301846  14.164905
1211447228  15.385161
1211818044  6.498542
1211826078  4.267311
1211896348  6.780818
1212091844  11.299317
1212159988  15.915684
1212214786  10.730989
1212264267  4.197355
1212264558  11.602044
1212460946  6.244780
1212470833  3.458751
1212636277  29.949057
1212719409  11.801737
1212721736  8.255830
1212773618  4.876404
1212795443  7.091353
1212905155  8.513772
1212969004  4.842968
1211058406  4.234873
1211210008  13.802751
1211321888  11.831711
1211360189  5.860900
1211663296  5.989889
1211843021  10.007798
1211866160  15.736814
1211925445  1.455963
1211943375  13.587162
1212037612  5.645884
1212040482  13.073901
1212053995  10.090694
1212061778  22.729082
1212109862  9.343189
1212122936  9.636605
1212311718  13.360880
1212349570  7.573570
1212397079  7.639322
1212503167  5.349046
1212882464  15.234727
1213005430  4.131680
1211247884  8.275306
1211401948  16.194906
1211402067  9.812099
1211422673  13.805532
1211496839  15.385161
1211758801  3.080360
1211857127  9.047935
1212418655  8.202375
1212517193  9.172620
1212615588  8.747146
1212813505  8.773646
1212851221  9.018336
1212852082  11.675961
1212868064  11.708492
1212957633  10.377008
1212989319  10.708570
1211336977  8.620682
1211338009  14.282557
1211977429  8.341657
1212409867  6.780818
1212716578  9.351460
1212725854  12.544813
1211211143  7.209542
1211285504  5.476883
1211303862  9.390522
1211392738  5.354800
1211407972  12.723846
1211411773  10.130748
1211428993  25.159227
1211457916  6.729725
1211470336  5.228074
1211472144  3.903316
1211752342  49.979843
1211810742  15.757318
1212073764  5.368152
1212161876  8.993789
1212385418  7.561213
1212434094  17.757048
1212478543  2.884021
1212478754  12.881738
1212494047  9.296549
1212496496  11.270103
1212545760  8.393223
1212578882  8.957690
1212596051  5.055584
1212756830  2.510703
1212765606  2.598798
1212766743  11.932439
1212767070  7.320658
1212837714  9.247641
1212966490  14.623178
1212988197  5.656505
1213024186  2.468858
1211316153  8.402067
1211489828  4.985436
1211678113  6.006209
1211833451  5.679450
1211860945  4.433051
1211872313  6.312827
1211946661  9.348985
1211992441  5.556868
1212026298  5.375779
1212034611  5.349432
1212040497  13.009436
1212440175  22.832451
1212459593  9.160924
1212474067  9.648331
1212547492  5.421454
1212560369  19.882811
1212653844  11.114155
1211078196  22.661598
1211098406  6.613504
1211217437  6.600594
1211314277  8.138453
1211404874  8.671289
1211589279  6.570822
1211644725  8.880373
1211855696  7.625168
1211912334  13.038306
1211912826  14.599752
1212091125  3.402050
1212121513  4.414460
1212283054  11.423339
1212429506  5.204679
1212464438  8.264328
1212468596  77.752007
1212539272  9.390965
1212540817  16.293993
1212644019  7.865002
1212645354  9.143830
1212686012  4.104947
1212710118  9.497576
1212793718  11.694296
1211134447  2.553068
1211155144  10.557166
1211329568  4.491907
1212198917  16.322922
1212214745  11.407666
1212507120  3.951428
1212706658  9.849721
1211086140  8.820457
1211140542  8.558722
1211157142  7.573570
1211158289  5.010275
1211378252  5.845055
1211731875  10.420940
1211757524  8.114902
1211757695  6.654272
1211781034  8.089828
1211830849  11.879478
1211926309  11.675961
1212006536  11.840398
1212007385  12.877966
1212076708  11.217341
1212110412  1.454264
1212181959  7.573570
1212444109  7.573337
1212541589  11.675961
1212798124  8.045605
1212898110  4.809851
1212911954  13.663776
1212987032  27.507416
1213030420  14.426818
1211039938  6.334027
1211061852  10.627146
1211210758  4.949235
1211253267  6.371460
1211832176  14.262842
1212159121  8.447152
1212159250  1.605622
1211090786  6.484544
1211214104  5.375779
1211270815  3.441691
1211299582  6.481429
1211309112  1.623160
1211492650  4.481206
1211521262  7.033040
1211661325  6.231977
1211689051  9.151313
1211689662  21.017437
1211692195  15.972830
1211810945  6.981383
1211834094  2.524902
1211836061  12.084561
1211940238  8.910069
1211941481  3.328779
1211985236  11.468771
1212037851  16.683655
1212207939  88.420158
1212287100  3.529752
1212519229  2.623882
1212540826  4.752814
1212554195  8.341657
1212683151  13.492374
1212694151  12.694758
1212694332  11.914630
1212810571  7.642162
1212857832  8.013623
1212897011  5.010275
1212908485  13.708610
1212937410  6.292759
1211468483  20.728268
1211477746  5.763219
1211502118  21.092663
1211509635  11.169966
1211846377  5.820273
1211846566  16.036554
1211942592  16.779814
1212207346  8.252820
1212242893  12.508208
1212274028  14.818251
1212469452  12.156897
1212543391  5.923347
1212623999  10.130748
1212624148  11.708492
1212632758  6.693500
1211093657  4.657157
1211344731  4.195183
1211420834  9.128247
1211475262  2.566983
1211494977  4.628131
1211497665  4.758298
1211922782  11.201925
1212096939  5.873242
1212222213  14.796626
1212252335  17.659163
1212364216  8.847858
1212581469  9.003617
1212595210  10.302876
1212603295  16.115562
1212732854  12.978837
1212851781  7.053879
1213056710  4.705266
1213076905  12.765676
1211090158  14.893398
1211140645  5.679450
1211230070  9.975634
1211422578  2.984302
1211576304  13.148831
1211658385  6.647441
1211845871  16.604376
1211913457  3.458751
1211916589  5.271302
1211926236  14.202499
1212014369  7.209542
1212041606  8.856480
1212182554  10.648617
1212282475  0.778709
1212303994  227.953415
1212431616  19.629662
1212431900  13.001545
1212458857  11.386589
1212469722  9.975634
1212532946  4.140520
1212562656  7.029201
1212613932  11.737129
1212654916  17.053968
1212694253  10.998120
1212769859  11.256386
1212780710  11.675961
1212785828  10.302455
1212785887  16.190849
1212786139  11.402007
1212786490  13.306416
1212830730  7.474845
1212867490  3.903316
1211461055  8.579278
1211500551  6.596606
1211552667  12.074547
1211585332  1.729596
1211747884  5.603644
1211805412  8.828919
1211863115  7.430552
1211900030  7.681247
1211908864  8.006342
1211943310  9.157627
1211952463  7.540738
1212023391  15.526178
1212115158  9.849442
1212119961  45.138035
1212167151  6.344656
1212205688  4.000604
1212208077  10.186809
1212277247  8.252820
1212416059  3.549043
1212421887  3.938007
1212461795  2.362116
1212524466  9.735064
1212596020  5.114346
1212601512  15.251802
1212669218  12.007591
1212686444  7.972354
1212687843  8.881425
1212697942  5.941821
1212707082  6.647441
1212711471  13.492374
1212769920  6.034928
1212797485  5.765140
1212897006  4.919892
1213025465  12.822349
1211143096  9.955677
1211488227  10.503071
1212275996  6.716084
1212366608  8.910284
1212376593  9.776783
1212443012  1.423524
1212614023  8.867819
1212614623  11.719308
1212700821  15.963974
1212818587  9.834377
1212913044  8.970108
1211219162  7.448957
1211219294  5.521423
1211236986  6.778579
1211388289  4.202011
1211393156  8.264328
1211529533  12.005015
1211563513  10.998120
1211564135  11.914630
1211574826  3.368930
1211575919  6.893831
1211610884  6.868289
1211684830  9.930367
1212001609  6.292759
1212030894  6.990987
1212050269  11.421035
1212099039  7.478031
1212100607  5.824990
1212377989  5.929288
1212401943  8.456966
1212430561  16.155148
1212439643  5.703287
1212538338  8.721018
1212764979  6.919629
1212765317  18.408871
1212779575  11.299391
1212942646  12.796144
1211333751  11.210215
1211334948  7.781388
1211347151  14.504585
1211417069  9.359550
1211528528  8.921319
1211588082  2.592668
1211588878  6.874859
1211605498  7.679685
1211606289  7.209542
1211985515  5.324226
1212200131  9.008242
1212204725  4.946662
1212507252  4.362185
1212513559  12.325480
1212626042  5.845055
1212777650  12.589214
1212785232  12.568692
