1212303137  5.604995
1211205712  5.639472
1211522674  5.208843
1211647902  5.927193
1211758312  9.585544
1212792563  5.594482
1213025580  2.568268
1211222690  13.079379
1211768907  3.434700
1211836727  6.109427
1212394684  7.579746
1212592419  5.907107
1212683571  8.149212
1211590003  2.611073
1212335734  7.515843
1212008484  5.809706
1212900754  9.968439
1211129947  6.541583
1211540525  9.861197
1211648588  4.351264
1211734106  8.254045
1211831440  5.907107
1212298230  7.138557
1211432745  7.668038
1211980403  7.248382
1212819298  7.010816
1211129653  7.985505
1211205872  9.404963
1211319850  5.709307
1211784451  0.000000
1211784453  3.267736
1211796204  6.863300
1212193515  7.383884
1212252483  3.753481
1212724790  5.818502
1211478603  8.373226
1211694822  4.417833
1211697111  7.842557
1212503621  4.606291
1211726380  5.820156
1211114735  4.111299
1211798344  6.977688
1211680634  6.357968
1212736344  6.009273
1212818004  7.636784
1211976331  6.002350
1212309019  4.832033
1212581235  6.488444
1212670686  3.371016
1211751795  9.153254
1211329479  5.818502
1211567275  5.690257
1212282619  5.727149
1213064889  5.926078
1212521331  5.471255
1211245901  5.537913
1212227020  6.284938
1212973891  6.109427
1211408349  2.587833
1211611303  8.514963
1211731025  8.576480
1212963410  6.611532
1212263824  6.034602
1212413813  4.417367
1211137075  4.028870
1211170509  3.491946
1211313034  8.719871
1211775903  2.611073
1212161658  6.977688
1212683892  2.587833
1212786558  7.118690
1212817973  7.842557
1212964151  7.474175
1212977538  5.639472
1211612383  6.593394
1211663617  3.448316
1211762143  1.736347
1211854189  9.949652
1212112909  5.144727
1212392628  8.413301
1212865862  5.806200
1212976033  7.093274
1211132716  4.971684
1212958046  6.109427
1212293366  9.404963
1212311395  2.042761
1211161599  9.437862
1212344693  9.773204
1212430351  6.302750
1212736244  6.109427
1211048054  3.881750
1211066329  5.148887
1212230272  8.725061
1212956860  3.036474
1212205787  4.184257
1212302874  2.545410
1212970354  4.304594
1212122564  7.094466
1213022066  9.404963
1212042527  3.761417
1212102339  7.481157
1212255865  2.617220
1212043335  8.209261
1212639437  5.148887
1212223799  9.255041
1212249830  8.827316
1212677712  5.129995
1212828885  9.934990
1211257606  6.839068
1211742934  7.654480
1212038112  8.555987
1212877436  3.567223
1211332076  125.507698
1211436780  8.545152
1212087963  7.341217
1211160111  6.102952
1211716963  10.829325
1211121450  9.157991
1212735377  7.164725
1211380953  5.716556
1211391937  5.370098
1212646941  4.971684
1212892581  6.109427
1212905684  6.179471
1212975851  4.423692
1213028351  7.026322
1211056803  7.117681
1211128983  4.758820
1211140994  9.201646
1211468154  5.234702
1212444670  5.234702
1211968511  11.230150
1212117548  5.139418
1212158071  5.912349
1212631529  4.907533
1211078878  2.426094
1211157879  4.272986
1211940611  6.440021
1212719980  5.947010
1212826368  2.410221
1211592909  6.109427
1212118077  5.727588
1211522602  2.916154
1211948956  6.054642
1212301949  5.663647
1212606389  8.334383
1211659841  6.607095
1212826020  5.797160
1212903399  5.912349
1212810337  5.537913
1212123783  9.101577
1212347704  8.687556
1211021335  8.390483
1211867733  5.735993
1212392999  6.027654
1211729963  8.258386
1212112912  4.595041
1211030386  12.649710
1211560060  9.493359
1211561541  8.957108
1211869283  6.109427
1212900519  6.756846
1212909542  4.223799
1212911881  4.325630
1211628720  5.814857
1212087659  3.831462
1212173432  7.273050
1212300751  6.611532
1212968011  8.929696
1212809257  7.661977
1212913497  5.044495
1213037013  3.575963
1211586137  5.086378
1212043575  7.063081
1212642407  4.325630
1212978283  7.527210
1212988166  9.428404
1211839914  11.113126
1212608818  3.483720
1212742944  9.184754
1211099528  9.688745
1211513694  8.786829
1212740597  6.079158
1211135227  1.509867
1211410935  6.867614
1211988741  0.000000
1211988768  3.916145
1211346440  7.668038
1211608939  5.404816
1212627886  5.363332
1212982923  4.111299
1212983214  324.203064
1211113022  5.927193
1211298201  1.715186
1211479525  6.545815
1212987021  5.927193
1211700102  6.398256
1211513259  7.076619
1212035300  5.611530
1212130676  7.556855
1212767712  4.732710
1212791239  7.770958
1212992127  6.977688
1211874994  5.234702
1212210287  24.981733
1212970268  13.445642
1211553306  4.971684
1211610729  6.393693
1211700966  6.977688
1211703720  7.112396
1212181102  3.051194
1212258640  2.109709
1212466320  4.564643
1211124536  6.611532
1211267455  7.723685
1211607088  5.907107
1211808650  8.334383
1212309530  8.163192
1213045513  4.438585
1212251205  5.405250
1212955968  8.566269
1211214103  3.434700
1212468808  7.600844
1212540825  11.499571
1211468591  0.000000
1211468693  3.313025
1211961483  5.927193
1212474930  4.634603
1212899245  4.325630
