1211155768  7.022814
1211660172  24.342386
1212732978  8.446052
1212735767  471.514954
1211077578  4.924990
1211272687  6.078606
1211865493  9.347760
1211909883  5.912236
1212021259  4.711012
1212276582  11.815349
1212637831  2.138139
1212802495  5.721519
1213034992  6.406648
1212684411  10.116009
1212906863  11.485055
1211253044  0.000000
1211253104  0.000000
1211253164  5.417489
1211429409  0.000000
1211429465  0.000000
1211429525  0.000000
1211429590  0.000000
1211429646  0.000000
1211429709  0.000000
1211429766  0.000000
1211429827  0.000000
1211429886  0.000000
1211429946  0.000000
1211430016  0.000000
1211430067  0.000000
1211430126  0.000000
1211430192  0.000000
1211430312  0.000000
1211430366  0.000000
1211430426  0.000000
1211430487  0.000000
1211430555  0.000000
1211430617  0.000000
1211430677  0.000000
1211430731  0.000000
1211430792  0.000000
1211430847  0.000000
1211430921  0.000000
1211430967  0.000000
1211431033  0.000000
1211431155  0.000000
1211431210  0.000000
1211431271  0.000000
1211431333  0.000000
1211431402  0.000000
1211431453  0.000000
1211431513  0.000000
1211431575  0.000000
1211431633  0.000000
1211431703  0.000000
1211431753  0.000000
1211431767  0.000000
1211431814  0.000000
1211431879  0.000000
1211431938  0.000000
1211431995  0.000000
1211432055  0.000000
1211432116  0.000000
1211432237  0.000000
1211432301  0.000000
1211432357  0.000000
1211432418  0.000000
1211432482  0.000000
1211432542  0.000000
1211432603  0.000000
1211432663  0.000000
1211432717  0.000000
1211432785  0.000000
1211432848  0.000000
1211432897  0.000000
1211432960  0.000000
1211433019  0.000000
1211433078  0.000000
1211433145  0.000000
1211433199  0.000000
1211433265  0.000000
1211433320  0.000000
1211433380  0.000000
1211433440  0.000000
1211433510  0.000000
1211433530  0.000000
1211433590  0.000000
1211433659  0.000000
1211433712  0.000000
1211433736  0.000000
1211433797  0.000000
1211433859  0.000000
1211433919  0.000000
1211433983  0.000000
1211434037  0.000000
1211434098  0.000000
1211434158  0.000000
1211434218  0.000000
1211434253  0.000000
1211434308  0.000000
1211434364  0.000000
1211434424  0.000000
1211434484  0.000000
1211434545  0.000000
1211434605  0.000000
1211434796  0.000000
1211434846  0.000000
1211434906  0.000000
1211434966  0.000000
1211435035  0.000000
1211435090  0.000000
1211435146  0.000000
1211435206  0.000000
1211435266  0.000000
1211435281  0.000000
1211435327  0.000000
1211435388  0.000000
1211435449  0.000000
1211435509  0.000000
1211435575  0.000000
1211435630  0.000000
1211435691  0.000000
1211435751  0.000000
1211435812  0.000000
1211435878  0.000000
1211435942  0.000000
1211435992  0.000000
1211436063  0.000000
1211436112  0.000000
1211436173  0.000000
1211436222  0.000000
1211436282  0.000000
1211436352  0.000000
1211436407  0.000000
1211436473  0.000000
1211436539  0.000000
1211436587  1.503379
1211525847  0.000000
1211525902  0.000000
1211525966  0.000000
1211526190  0.000000
1211526191  0.000000
1211526220  0.000000
1211526265  0.000000
1211526325  0.000000
1211526385  0.000000
1211526445  0.000000
1211526505  0.000000
1211526585  0.000000
1211526628  0.000000
1211526691  0.000000
1211526747  0.000000
1211526808  0.000000
1211526868  0.000000
1211526931  0.000000
1211526994  0.000000
1211527050  0.000000
1211527114  0.000000
1211527169  0.000000
1211527229  0.000000
1211527289  0.000000
1211527351  0.000000
1211527410  0.000000
1211527472  0.000000
1211527532  0.000000
1211527654  0.000000
1211527714  0.000000
1211527785  0.000000
1211527835  0.000000
1211527895  0.000000
1211527956  0.000000
1211528025  0.000000
1211528081  0.000000
1211528141  0.000000
1211528196  0.000000
1211528258  0.000000
1211528325  0.000000
1211528376  0.000000
1211528438  0.000000
1211528498  0.000000
1211528559  0.000000
1211528572  0.000000
1211528619  0.000000
1211528684  0.000000
1211528740  0.000000
1211528800  0.000000
1211528865  0.000000
1211528913  0.000000
1211528985  0.000000
1211529033  0.000000
1211529094  0.000000
1211529160  0.000000
1211529194  0.000000
1211529249  0.000000
1211529319  0.000000
1211529386  0.000000
1211529430  0.000000
1211529491  0.000000
1211529555  0.000000
1211529612  0.000000
1211529673  0.000000
1211529733  0.000000
1211529810  0.000000
1211529858  0.000000
1211529919  0.000000
1211529940  0.000000
1211530000  0.000000
1211530060  0.000000
1211530121  0.000000
1211530180  0.000000
1211530240  0.000000
1211530300  0.000000
1211530363  0.000000
1211530422  0.000000
1211530482  0.000000
1211530543  0.000000
1211530608  0.000000
1211530664  0.000000
1211530725  0.000000
1211530785  1.577316
1211675565  0.000000
1211675625  0.000000
1211675690  0.000000
1211675718  0.000000
1211675774  0.000000
1211675880  0.000000
1211675956  0.000000
1211676010  0.000000
1211676060  0.000000
1211676120  0.000000
1211676180  0.000000
1211676265  0.000000
1211676325  0.000000
1211676395  0.000000
1211676445  0.000000
1211676506  0.000000
1211676572  0.000000
1211676626  0.000000
1211676698  0.000000
1211676747  0.000000
1211676807  0.000000
1211676867  0.000000
1211676937  1.527242
1211694738  3.911299
1212180359  7.268216
1212202078  5.865580
1212259620  4.147418
1212630975  1.480250
1212635059  5.000759
1212734715  0.000000
1212734746  0.000000
1212734796  0.000000
1212734856  0.000000
1212734916  0.000000
1212734976  0.000000
1212735045  0.000000
1212735096  0.000000
1212735143  0.000000
1212735204  0.000000
1212735268  0.000000
1212735323  0.000000
1212735383  0.000000
1212735443  0.000000
1212735503  4.924990
1212775754  0.000000
1212775811  0.000000
1212775877  0.000000
1212775932  0.000000
1212775993  0.000000
1212776053  0.000000
1212776115  0.000000
1212776175  0.000000
1212776250  0.000000
1212776298  0.000000
1212776358  0.000000
1212776406  0.000000
1212776466  0.000000
1212776526  0.000000
1212776586  0.000000
1212776648  0.000000
1212776723  2.466820
1212776829  0.000000
1212776894  0.000000
1212776952  0.000000
1212777012  0.000000
1212777071  0.000000
1212777133  0.000000
1212777193  0.000000
1212777254  0.000000
1212777314  0.000000
1212777375  0.000000
1212777437  0.000000
1212777497  0.000000
1212777561  0.000000
1212777616  0.000000
1212777676  0.000000
1212777736  0.000000
1212777796  0.000000
1212777856  0.000000
1212777918  0.000000
1212777977  0.000000
1212778038  0.000000
1212778098  0.000000
1212778155  0.000000
1212778215  0.000000
1212778275  0.000000
1212778337  0.000000
1212778397  0.000000
1212778458  0.000000
1212778518  0.000000
1212778584  0.000000
1212778643  0.000000
1212778704  0.000000
1212778764  0.000000
1212778816  0.000000
1212778876  0.000000
1212778936  0.000000
1212778997  0.000000
1212779057  0.000000
1212779118  0.000000
1212779181  0.000000
1212779240  0.000000
1212779300  0.000000
1212779365  0.000000
1212779421  0.000000
1212779482  0.000000
1212779542  0.000000
1212779603  0.000000
1212779663  0.000000
1212779729  0.000000
1212779772  0.000000
1212779825  0.000000
1212779885  0.000000
1212779945  0.000000
1212780015  0.000000
1212780065  0.000000
1212780126  0.000000
1212780196  0.000000
1212780247  0.000000
1212780307  0.000000
1212780367  0.000000
1212780431  0.000000
1212780488  0.000000
1212780547  0.000000
1212780612  0.000000
1212780667  0.000000
1212780727  0.000000
1212780748  0.000000
1212780807  0.000000
1212780869  0.000000
1212780929  0.000000
1212780994  0.000000
1212781050  0.000000
1212781111  0.000000
1212781171  0.000000
1212781232  0.000000
1212781292  0.000000
1212781353  0.000000
1212781413  0.000000
1212781474  0.000000
1212781534  0.000000
1212781595  0.000000
1212781655  0.000000
1212781721  0.000000
1212781781  0.000000
1212781841  0.000000
1212781903  0.000000
1212781968  0.000000
1212782018  0.000000
1212782078  0.000000
1212782138  0.000000
1212782198  0.000000
1212782258  0.000000
1212782318  0.000000
1212782378  0.000000
1212782438  0.000000
1212782499  0.000000
1212782565  0.000000
1212782619  0.000000
1212782679  0.000000
1212782749  0.000000
1212782800  0.000000
1212782864  0.000000
1212782920  0.000000
1212782994  0.000000
1212783040  0.000000
1212783100  0.000000
1212783161  0.000000
1212783221  0.000000
1212783282  0.000000
1212783342  0.000000
1212783403  0.000000
1212783463  0.000000
1212783525  0.000000
1212783590  0.000000
1212783656  0.000000
1212783705  0.000000
1212783766  0.000000
1212783826  0.000000
1212783886  0.000000
1212783946  0.000000
1212784007  0.000000
1212784069  0.000000
1212784127  0.000000
1212784188  0.000000
1212784248  0.000000
1212784309  0.000000
1212784369  0.000000
1212784430  0.000000
1212784490  0.000000
1212784551  0.000000
1212784611  0.000000
1212784672  0.000000
1212784732  0.000000
1212784793  0.000000
1212784854  0.000000
1212784916  0.000000
1212784979  0.000000
1212785037  0.000000
1212785097  0.000000
1212785158  0.000000
1212785218  0.000000
1212785279  0.000000
1212785342  0.000000
1212785400  0.000000
1212785466  0.000000
1212785520  0.000000
1212785581  0.000000
1212785642  0.000000
1212785702  0.000000
1212785762  0.000000
1212785822  0.000000
1212785882  0.000000
1212785942  0.000000
1212786003  0.000000
1212786063  0.000000
1212786124  0.000000
1212786184  0.000000
1212786244  0.000000
1212786306  0.000000
1212786378  0.000000
1212786426  0.000000
1212786486  0.000000
1212786546  0.000000
1212786606  0.000000
1212786668  0.000000
1212786727  0.000000
1212786793  0.000000
1212786853  0.000000
1212786908  0.000000
1212786974  0.000000
1212787029  0.000000
1212787089  0.000000
1212787149  0.000000
1212787183  0.000000
1212787247  0.000000
1212787303  0.000000
1212787367  0.000000
1212787432  1.886593
1212877737  0.000000
1212877802  0.000000
1212877858  0.000000
1212877925  0.000000
1212877980  0.000000
1212878040  0.000000
1212878100  0.000000
1212878166  0.000000
1212878225  0.000000
1212878281  0.000000
1212878342  0.000000
1212878402  0.000000
1212878461  0.000000
1212878522  0.000000
1212878582  0.000000
1212878626  0.000000
1212878686  0.000000
1212878751  0.000000
1212878812  0.000000
1212878867  0.000000
1212878928  0.000000
1212878988  0.000000
1212879048  0.000000
1212879118  0.000000
1212879168  0.000000
1212879228  0.000000
1212879289  0.000000
1212879353  0.000000
1212879409  0.000000
1212879469  0.000000
1212879529  0.000000
1212879589  0.000000
1212879649  0.000000
1212879709  0.000000
1212879769  0.000000
1212879830  0.000000
1212879890  0.000000
1212879951  0.000000
1212880012  0.000000
1212880073  0.000000
1212880133  0.000000
1212880194  0.000000
1212880254  0.000000
1212880280  0.000000
1212880341  0.000000
1212880401  0.000000
1212880465  0.000000
1212880521  0.000000
1212880581  0.000000
1212880641  0.000000
1212880702  0.000000
1212880762  0.000000
1212880823  0.000000
1212880883  0.000000
1212880944  0.000000
1212881004  0.000000
1212881066  0.000000
1212881126  0.000000
1212881187  0.000000
1212881248  0.000000
1212881308  1.603604
1212918660  4.301425
1211130049  9.869595
1211622858  9.495381
1212200067  4.985886
1212510150  9.016123
1211616457  7.638548
1211735497  12.164027
1211752753  3.214416
1212009274  0.091714
1212221830  7.282437
1212369339  7.940424
1212520810  7.531931
1212595371  3.213125
1211071168  8.432889
1211077525  66.274147
1211384122  5.569215
1212102372  8.283085
1212166176  5.205192
1212213129  4.918402
1212295421  7.271628
1212301521  6.754306
1212357018  4.855208
1212593762  7.570959
1212678419  7.858582
1211251120  5.635072
1211261475  17.845835
1211846851  22.153091
1211102572  5.132936
1211747386  0.000000
1211747436  0.000000
1211747497  1.603604
1211757844  8.810865
1211947242  5.909987
1211697714  5.765134
1211332087  4.150897
1211362478  12.866895
1211506809  29.389084
1211591510  16.341993
1211971794  7.387981
1212382186  1.749387
1212789603  4.301425
1213018339  7.894036
1211465167  18.109232
1211465288  12.956934
1212626034  8.603089
1211365778  9.671816
1211386058  7.130673
1211581140  4.666830
1211688978  2.877425
1212072838  4.374331
1212131425  5.497956
1212569417  8.032792
1212577248  4.874924
1211662279  1.891228
1211775523  8.723678
1211579866  6.030606
1212226351  4.147418
1212779338  4.374331
1213036763  5.262475
1211151367  4.230910
1211323445  17.812361
1211323566  10.865485
1211370879  13.367356
1211469255  6.464729
1212385810  6.358750
1211051648  0.000000
1211051673  7.366471
1211671236  0.000000
1211671296  0.000000
1211671312  1.577316
1211710386  6.855463
1211712360  11.268048
1211713573  8.432889
1211736336  4.217713
1212132374  4.604888
1212138125  7.144007
1212992366  7.638548
1211021831  25.170511
1211667745  4.905697
1211700851  7.613741
1211047755  6.283556
1211248079  7.307321
1211347077  10.062349
1212224016  7.286803
1212894523  5.514462
1212918197  8.277097
1212159509  8.927830
1211618088  6.116039
1212531447  5.579917
1211209011  10.924234
1212098999  7.419141
1211302907  0.000000
1211302967  0.000000
1211303027  6.089434
1211315256  0.000000
1211315258  0.000000
1211315318  0.000000
1211315378  0.000000
1211315434  0.000000
1211315519  0.000000
1211315525  0.000000
1211315567  0.000000
1211315625  12.164027
1211535637  0.240654
1212346952  2.686185
1212374149  7.832026
1212717337  4.422963
1212774883  7.638548
1212806866  6.882053
1212966791  6.358750
1212968421  5.417489
1212614256  4.167299
1212644678  7.747905
1212915744  9.671816
1212923779  10.666065
1211124246  7.022615
1211139426  7.033757
1211424529  5.509310
1212600879  5.031352
1212604525  1.480250
1213049502  7.007205
1211263302  9.506041
1211272609  4.374331
1211425823  16.236317
1211444945  9.720920
1211935682  18.280964
1211942594  5.569215
1211987323  9.671816
1212047905  9.671816
1212094068  12.164027
1212160042  6.968729
1212418909  4.527816
1212516244  50.803818
1212961358  0.000000
1212961403  7.317165
1212967717  6.179916
1212987194  7.197212
1211096334  5.815314
1211118820  10.014730
1211200543  0.000000
1211200545  9.181177
1211304720  5.295743
1211313979  7.265092
1211555370  7.966831
1211845415  7.553029
1211867038  5.961385
1211420864  8.018022
1211603353  7.256847
1212105056  5.168503
1211090722  6.152438
1211098953  9.435336
1212193335  1.512983
1212646351  4.573102
1212983241  9.051403
1211775821  5.534487
1212216675  6.588568
1212298161  8.926685
1212901730  4.230910
1213014264  9.359822
1211104282  8.415049
1212120513  18.555378
1212886340  7.161139
1211388934  6.772630
1211756138  0.000000
1211756198  8.432889
1211828335  4.608670
1211961289  6.216048
1212014408  2.018092
1212997114  10.644463
1211872020  0.000000
1211872021  0.000000
1211872022  0.000000
1211872030  0.000000
1211872087  0.000000
1211872148  0.000000
1211872192  0.000000
1211872252  0.000000
1211872315  0.000000
1211872335  0.000000
1211872398  0.000000
1211872504  0.000000
1211872564  0.000000
1211872624  0.000000
1211872684  0.000000
1211872744  0.000000
1211872804  0.000000
1211872865  0.000000
1211872925  0.000000
1211872986  0.000000
1211873047  0.000000
1211873107  3.449637
1212268816  7.383812
1212337245  7.513326
1212905240  7.302538
1211270205  11.058207
1211285258  5.443758
1211791843  6.944135
1211886208  9.671816
1211923993  7.650753
1212164482  6.574300
1212751595  8.415049
1212915369  7.144007
1211064582  7.764626
1211950801  8.960878
1212138511  7.513326
1212526108  4.570395
1211145717  7.513326
1211261691  4.230910
1212180217  8.031322
1212807212  10.551072
1212838769  0.000000
1212838772  7.513326
1212903855  8.007556
1212025513  5.345348
1212081624  4.855208
1212108538  9.143050
1211329611  12.346862
1211666811  5.132936
1212076199  4.589049
1212217113  0.000000
1212217142  0.000000
1212217144  10.209618
1211687582  13.414247
1211687704  11.995954
1212008880  12.362276
1212009004  14.613059
1211071618  6.085808
1211078969  7.252809
1212296185  2.915644
1212313183  7.050968
1211182556  5.132936
1211222370  7.793088
1211605895  5.331406
1212620882  3.606308
1212737509  28.041115
1211265044  0.000000
1211265045  5.672916
1211694451  7.197212
1211795511  7.372949
1212976777  9.463698
1211159227  7.851392
1211495892  6.955572
1212117093  5.161943
1212385409  9.359822
1212565532  9.716549
1212601543  8.294644
1212821265  5.802268
1211608376  4.986324
1211617557  5.598680
1211856554  8.075795
1212127465  7.535864
1212656075  9.671816
1212731978  9.671816
1212914986  4.874924
1211929975  3.444017
1212749548  6.040762
1212899750  4.874924
1212815462  7.080965
1212914465  7.172140
1211944331  6.328536
1212203007  8.332962
1212216831  4.737777
1212218432  5.702620
1212508218  2.375021
1211524714  9.671816
1211617999  6.916478
1211624040  7.429209
1211683649  7.421988
1211687389  7.638548
1211702296  10.959931
1212126144  6.218383
1212312397  12.895755
1212464642  5.721519
1211679574  7.569481
1211149769  5.909987
1211175371  50.096500
1211525723  8.061815
1211530125  6.922111
1212480591  5.815314
1212545916  14.299973
1212554051  6.256189
1212574461  8.432889
1212633986  5.542694
1212658090  7.779948
1212901149  5.885634
1211136652  4.763056
1211215723  15.732097
1211215813  11.046576
1211671167  7.144007
1211700146  9.343670
1212298193  10.551072
1212704487  9.143050
1212724456  7.398456
1212904965  11.228333
1212907730  8.332962
1211254389  4.452864
1211316670  5.542721
1211663832  6.449712
1212462281  3.637500
1212735599  4.074030
1211472463  9.671816
1211560744  5.815314
1213023572  13.906333
1211861151  7.064077
1212596713  6.432282
1211322014  5.850707
1212808619  4.032586
1211493031  4.381523
1212300336  5.103787
1212313907  6.143126
1212639144  10.924234
1212793466  4.301425
1212952190  5.701393
1212957048  4.301425
1211161514  5.391387
1211416911  7.928963
1211669572  7.570959
1211942378  6.423271
1212332871  9.348520
1212878595  0.000000
1212878611  5.604299
1211152660  7.146111
1211212898  2.672674
1211212934  8.993164
1211700375  8.407335
1211721321  7.454257
1211737345  3.161720
1211778213  9.388810
1212287043  5.127624
1212443007  6.800332
1212450395  5.660314
1211507248  7.702279
1211688499  9.130300
1212096923  6.179916
1212258981  5.534487
1211086965  337.549957
1211335960  4.481731
1211385951  13.344917
1211839721  5.174033
1212512765  7.010791
1212643443  15.498901
1212998737  9.513262
1213017397  6.532140
1211935217  4.213748
1212149608  44.753204
1212188146  0.000000
1212188195  10.968949
1212188581  3.959694
1212418482  8.851170
1212546159  6.133006
1211074411  10.623159
1211124474  5.912236
1211159521  4.301425
1211214706  9.671816
1211445392  8.294644
1211614357  7.638548
1211618156  0.000000
1211618165  1.603604
1212218471  12.405973
1212630333  5.417489
1211440516  5.561361
1211236583  3.821557
1212944214  367.247498
1211103729  5.672916
1211267955  7.740637
1211597514  2.615777
1212225815  3.449637
1212386163  5.374760
1212561603  3.910387
1211438872  5.815314
1212203482  7.638548
1212358786  7.812202
1212647013  7.392144
1211563015  5.598680
1211997363  7.636591
1211479243  13.916842
1212187219  3.965267
1212187628  0.000000
1212187639  3.268897
1212731593  8.368768
1212972958  9.950282
1211424219  8.332962
1211443656  0.000000
1211443719  8.215282
1211678636  7.864479
1211836043  1.603604
1212852275  5.667592
1211424496  4.905697
1211522987  38.325012
1211839595  4.855208
1211841036  8.073974
1212512201  6.249064
1211861758  7.337790
1211904648  7.570959
1212340986  45.088951
1212451584  5.721519
1212891562  7.894036
1212189640  7.978118
1212441880  1.577316
1212600168  5.417489
1212712862  9.513262
