1211101913  4.057065
1211183033  5.866419
1211247511  8.721766
1211301959  8.892859
1211331367  13.118310
1211620976  3.872653
1211647436  9.701302
1212077662  9.787956
1212299743  2.782355
1211613169  10.067389
1211210386  3.440003
1211563134  11.328735
1212446883  8.069849
1212897838  6.707850
1211149892  10.283293
1211519429  10.454681
1211675385  10.454681
1212180565  14.373559
1212426786  4.745133
1212605831  16.507391
1212775569  8.785399
1212903922  16.631353
1211094768  8.892859
1212140373  8.994620
1212287562  8.311700
1212728932  10.092152
1211364282  12.102945
1212170560  10.625986
1212378329  9.457591
1212397198  6.388309
1212437454  4.771119
1212551337  8.506497
1212601489  7.389108
1211128486  11.867011
1211404179  7.357898
1211415048  8.892859
1211563806  8.667616
1211920969  7.566072
1212327178  8.931823
1212557091  8.931823
1211091944  7.189455
1211869815  8.972293
1211871221  10.494089
1211991577  10.454681
1212223157  13.024455
1212319482  7.480530
1212448647  18.960243
1211484176  7.800855
1211530462  6.657004
1211782504  8.119839
1211954669  7.730268
1211756049  6.984067
1212680416  12.408642
1211409837  9.083210
1211615710  7.998647
1212068870  9.528064
1212837720  8.931823
1211434963  8.149096
1211465167  18.109232
1211655719  8.747075
1211660259  6.435104
1212816237  5.721566
1211606751  7.836451
1211691090  11.201445
1212392737  5.974179
1211054585  7.655848
1211616103  8.492496
1212164513  7.480530
1211649715  12.369755
1212220016  8.664218
1212093941  4.418386
1212978018  12.057092
1211701769  7.016697
1212449303  193.734619
1213058311  7.357898
1211163325  13.654423
1211277256  10.454681
1211323445  17.812361
1211370819  7.732200
1211674691  13.736450
1211760523  7.480530
1212604745  7.709939
1212890130  10.454681
1212899420  6.169855
1211533561  8.931823
1211644175  13.420178
1211737033  4.214461
1212201493  12.377778
1212287608  8.712234
1212714682  5.866419
1211420048  6.919955
1211485170  5.940096
1211757629  7.480530
1212256295  7.738479
1212634561  9.239817
1212980223  11.554765
1211383623  4.660081
1211910012  11.939923
1212164616  12.299625
1211669147  7.480530
1212224962  7.322006
1212258994  18.901991
1212623252  7.357898
1211531731  7.480530
1211701548  9.043587
1212888591  8.892859
1211122394  12.974473
1211706117  7.784788
1212133486  10.168502
1212134322  12.714655
1212219049  7.425973
1211306626  8.892859
1211557059  4.490819
1212183083  10.856253
1212480948  10.762299
1212901817  6.390206
1211102382  7.916729
1211994234  6.878248
1212827796  7.357898
1212886923  10.090075
1211098247  8.084418
1212224986  8.252770
1212310073  6.169855
1211621091  8.469390
1211116740  8.069849
1211512364  8.337056
1211863659  7.239223
1212484487  11.867011
1212716347  7.747005
1212726767  8.337056
1212898086  9.569810
1211186473  11.939923
1211602521  9.535205
1211065913  8.208794
1211023982  8.931823
1212248311  10.283293
1212819563  3.261473
1211690840  52.903889
1211747378  7.480530
1211094911  5.715642
1211509011  10.686471
1212817970  8.106506
1212865538  7.480530
1211271205  7.357898
1211617188  10.811185
1212155680  8.208794
1213010774  12.131039
1212047886  8.825207
1211798665  12.065799
1211041215  9.788424
1212203650  5.964193
1211876312  4.445003
1212081556  10.454681
1212210973  12.791876
1212905225  6.329611
1211362874  0.571740
1211426764  10.494059
1212835674  7.672972
1212902894  9.743807
1211270799  5.931417
1212423275  9.152422
1211687582  13.414247
1212311122  10.454681
1211788458  11.164779
1212202355  6.669911
1212608559  9.144567
1212650750  7.672972
1211493912  9.900161
1212223892  17.670429
1212432319  15.084007
1212614052  10.936926
1212617407  9.361026
1212681263  10.454681
1212746192  25.826235
1212746276  5.834180
1212769520  11.701282
1212923748  12.364705
1211275265  10.574173
1211775479  8.680121
1211796092  5.931417
1211896145  8.244760
1212240547  8.972293
1212477708  7.800855
1212860277  7.800855
1211120242  10.117434
1211122004  8.747075
1211430110  5.591431
1211753629  7.480530
1211753973  10.346221
1212076842  11.482574
1212507090  10.454681
1212576676  10.454681
1212765277  7.357898
1212912992  7.738479
1213035910  7.455241
1211129780  10.117434
1211361731  9.579085
1211788167  13.252822
1211856915  13.687883
1212328010  10.067389
1211093247  10.454681
1211673105  7.357898
1212681989  5.421993
1211519807  8.324632
1212096265  9.743807
1211850421  4.763035
1212906771  10.415128
1211027734  14.912111
1212653935  4.763035
1212829006  6.253153
1212993024  7.480530
1211089949  6.800606
1211175310  8.785399
1211349682  6.863029
1211511412  10.322055
1212172996  5.866419
1212652385  11.371355
1212903062  10.111498
1212974614  7.480530
1211554292  9.091027
1212702750  9.650476
1211210772  8.931823
1211527893  7.480530
1211705574  17.760574
1212868868  7.533735
1212906073  14.686157
1212230501  7.874242
1212792932  11.405107
1212817187  11.867011
1212828990  7.607318
1211094219  6.331599
1211338095  3.014020
1212213177  11.698296
1212809201  13.764389
1212810292  9.701302
1211218678  7.800855
1211687176  5.146386
1211779970  5.974179
1211782503  10.199821
1212290899  4.507366
1212353748  7.350653
1212520420  6.227520
1212912566  6.278098
1211556568  4.303892
1211859420  8.373584
1212007007  6.800482
1212724329  7.443119
1211989081  7.672972
1211991536  10.585868
1212143632  8.785399
1211093363  9.459878
1211290174  7.012997
1211463707  8.747075
1211474337  7.800855
1211813827  8.218620
1212062668  7.566072
1212536375  7.354006
1212758874  7.800855
1212067040  6.480465
1212636732  10.784393
1211069864  8.130682
1212314735  11.616313
1212382460  12.057092
1212578234  9.951565
1212844502  8.931823
1212858566  12.387210
1212938776  10.631880
1212014309  12.704125
1212993321  9.221572
1211061579  4.674917
1211608231  5.829091
1212594015  7.388272
1212898580  13.419477
1212982961  9.360905
1211398485  8.337056
1212303172  9.957903
1212833683  3909.365479
1211188340  7.566072
1211467667  12.704617
1211609126  8.282431
1211703421  7.672972
1212149333  8.785399
1212162287  6.544174
1212511281  7.051439
1212770905  9.951565
1211086284  3.153336
1212305540  5.964193
1212309136  8.897124
1212356503  6.065294
1211208780  5.168678
1211786957  5.680183
1212314536  12.062503
1212834047  5.940096
1211411384  7.480530
1211650520  7.730268
1212054470  11.328735
1212078195  5.964193
1212356099  8.747075
1212494095  11.893267
1211227306  11.201445
1211477959  7.951766
1212304124  6.169855
1212677129  9.788424
1211075473  8.972293
1211110199  8.785399
1211350822  6.053942
1211601394  7.480530
1211647063  4.519086
1211682180  11.599382
1212043315  6.175365
1211354885  4.833224
1212085554  5.560703
1212870750  5.964193
