1211045709  5.484731
1211250123  10.459205
1211261757  5.394817
1211265216  12.035996
1211397955  1.207249
1211600556  14.300878
1211613576  3.594619
1212035566  9.560922
1212112722  7.322299
1212363615  6.810658
1212500378  11.819889
1212535734  4.595744
1212624634  5.329403
1212730682  17.073908
1212736938  9.927381
1212774764  1.097499
1212903417  9.750752
1212986757  9.121402
1212989643  13.036407
1212991161  4.193107
1211085836  2.821043
1211271229  8.903204
1211303226  6.451584
1211429749  3.635239
1211662499  25.078943
1211688843  11.754198
1211688907  8.476137
1211700195  5.050197
1211704156  8.361285
1211761812  5.936169
1211763846  3.825463
1211944165  6.008092
1211959411  5.924778
1211961990  8.664239
1212117124  6.187858
1212289950  11.686971
1212633770  5.416609
1212718478  11.290167
1212724105  7.912720
1212733642  7.153997
1212739019  6.907603
1212782657  1.392980
1212834949  4.452127
1213026151  2.497757
1211072782  2.444904
1211075711  8.883315
1211094738  8.336649
1211179587  14.157852
1211254947  11.524940
1211589068  4.761914
1211690629  9.131148
1212074282  1.609666
1212971303  8.734007
1212979713  3.256277
1211034600  13.567783
1211036094  18.998667
1211036637  6.029153
1211037726  9.761924
1211064275  39.641987
1211124435  9.761924
1211149291  9.736471
1211260862  4.208009
1211264946  8.894654
1211266278  6.616002
1211266627  10.076505
1211266710  10.816284
1211267954  0.000000
1211267961  8.527726
1211328317  10.076505
1211502401  5.160215
1211514554  11.684922
1211519172  4.881857
1211602205  4.279331
1211614150  13.086306
1211616693  6.243468
1211618217  4.801826
1211623043  4.649387
1211659895  2.404824
1211660483  0.000000
1211660543  0.000000
1211660603  1.207249
1211660723  11.934563
1211663188  9.184444
1211668012  1.957702
1211738587  4.856393
1212019486  3.635239
1212030874  3.575644
1212039075  14.316011
1212073831  11.179597
1212089568  4.955485
1212125000  7.912720
1212134219  9.761924
1212227692  4.748935
1212300733  9.550815
1212305742  4.042857
1212333354  13.213995
1212334352  5.933296
1212341772  11.321851
1212367796  1.187458
1212369614  10.078756
1212382449  9.761924
1212384252  6.699008
1212385310  11.940773
1212386814  4.998879
1212391893  3.202868
1212395049  8.660728
1212431313  12.179691
1212455693  2.914355
1212555576  10.788585
1212555987  5.793036
1212733874  13.894416
1212819529  10.798539
1212929382  9.937738
1212931343  4.724378
1212952739  4.872893
1212983375  1.248879
1212985188  4.139025
1212985249  11.866592
1211056871  2.328480
1211158003  12.328867
1211225377  16.428839
1211428790  9.043990
1211442491  18.940077
1211471785  15.309080
1211473964  10.630387
1211613169  3.192783
1211698458  11.026669
1211764751  0.000000
1211764755  3.635239
1211780973  4.429483
1211781762  5.933296
1211782124  9.963011
1211783638  6.245575
1211783936  5.933296
1211898058  5.743361
1211903411  6.129639
1211907130  21.903456
1211950476  5.577693
1212112390  6.451584
1212120156  4.506330
1212194725  6.129639
1212262952  15.832293
1212281538  4.072267
1212295386  3.121154
1212312506  4.881857
1212616000  3.049074
1212627490  4.801826
1212636237  11.510720
1212637921  4.881857
1212696762  2.292097
1212721390  8.929973
1212769182  3.355605
1212810728  6.345820
1212856616  4.208009
1212909668  1.316999
1212976847  4.139025
1213032015  14.289340
1211348841  7.224920
1211502000  14.066438
1211511978  4.353113
1211516628  6.960714
1211611694  3.714602
1212074915  13.914248
1212130063  10.843207
1212206239  6.616002
1212477219  4.872893
1212559603  2.036943
1212715220  5.471767
1211045014  14.657596
1211059417  2.962927
1211097660  8.025463
1211140786  0.000000
1211140848  3.018123
1211143051  1.293481
1211160057  5.612428
1211185018  3.635239
1211212018  16.668472
1211225502  2.488681
1211228313  3.635239
1211262573  8.751066
1211347922  4.496294
1211350945  11.807919
1211351367  6.222167
1211351608  2.735010
1211352028  0.000000
1211352091  0.000000
1211352157  0.000000
1211352213  0.000000
1211352269  0.000000
1211352346  12.460426
1211352449  0.000000
1211352569  0.000000
1211352629  0.000000
1211352690  0.000000
1211352750  0.000000
1211352810  0.000000
1211352871  6.500855
1211353290  0.000000
1211353328  0.000000
1211353377  0.000000
1211353426  4.039154
1211362955  14.693246
1211510225  7.001069
1211527519  18.048491
1211594374  0.000000
1211594407  4.694513
1211601246  3.825463
1211601314  3.591421
1211602096  5.307804
1211642583  8.399383
1211649282  2.009510
1211649523  4.438052
1211670415  1.034785
1211679804  8.859742
1211682504  0.000000
1211682564  3.565453
1211695691  6.815218
1212108132  13.837758
1212124787  3.583516
1212129308  8.856815
1212243801  0.000000
1212243927  0.000000
1212244127  0.000000
1212244129  0.000000
1212244142  0.000000
1212244164  0.703252
1212250845  0.000000
1212250907  0.000000
1212250967  0.000000
1212251028  2.263592
1212255195  2.717540
1212291156  16.336136
1212341066  7.125228
1212346256  1.114384
1212346360  3.423055
1212356272  3.274932
1212356326  1.601023
1212373467  4.124368
1212469725  51.212734
1212470725  78.777855
1212592949  5.313400
1212652066  4.208009
1212709562  4.634429
1212713462  231.709549
1212755338  12.420900
1212767599  10.742938
1212863171  0.812653
1212911861  4.999947
1212956837  0.000000
1212957244  0.000000
1212957303  0.000000
1212957323  1.149761
1212971903  10.911061
1211046199  3.825463
1211061131  4.139025
1211061192  5.836029
1211081889  11.445692
1211086569  3.964709
1211139052  6.616002
1211139112  12.583509
1211358642  12.997373
1211359058  5.416609
1211437114  4.191264
1211525409  3.826567
1211559168  4.748935
1211614294  0.000000
1211614309  9.128860
1211638441  9.761924
1211656912  4.724378
1211672059  10.510475
1211696211  6.622066
1211703672  10.275710
1211706942  4.881857
1211750722  13.916527
1211750836  6.977420
1211773706  7.682580
1212022872  0.000000
1212022895  7.243496
1212023079  7.489813
1212023284  5.933296
1212023465  3.399817
1212113914  8.026436
1212190227  0.813876
1212280815  1.646249
1212288052  13.816312
1212291885  6.451584
1212542661  4.829425
1212721409  6.643665
1212742854  16.205988
1212771457  7.202261
1212817924  24.810005
1212908867  2.444904
1211018883  4.872261
1211019300  5.774773
1211023086  11.051235
1211052974  1.049782
1211081844  2.825379
1211168578  1.332602
1211173624  8.124373
1211203002  18.580549
1211241339  28.870501
1211299179  6.626421
1211441729  3.802512
1211479071  4.178954
1211482904  162.474289
1211511146  6.379386
1211614657  7.805244
1211617709  1.420293
1211680828  7.707683
1211681200  8.377090
1211692428  5.243444
1211773772  3.437181
1211812332  0.000000
1211812393  0.000000
1211812456  7.677289
1211819501  9.925228
1211825279  8.682873
1211855471  4.964600
1211877097  7.091001
1211909440  8.275297
1211946974  14.176129
1211973012  9.590447
1212123586  11.840276
1212123944  4.391845
1212224492  4.658718
1212234220  5.220957
1212308571  10.798539
1212314435  9.064395
1212316948  6.852981
1212317566  7.739616
1212383252  4.801826
1212472788  14.792777
1212472928  8.937129
1212507922  8.892345
1212581501  0.000000
1212581519  21.480675
1212596857  6.429954
1212640291  5.134417
1212642981  16.892849
1212646468  2.069570
1212648369  11.782052
1212650330  4.801826
1212684069  9.197278
1212735504  21.287029
1212887930  9.937738
1212949737  4.178954
1212975169  1.034785
1212976394  6.229514
1212983794  7.143514
1211103862  9.031370
1211133628  18.580549
1211184179  7.032632
1211512443  14.501674
1211617660  5.972366
1211693186  8.755572
1211724517  6.566749
1211747980  7.433742
1211749777  1.187458
1211750435  3.013146
1211841916  1.366697
1211865317  5.484731
1211933742  9.230460
1211707633  1.207249
1211707972  6.670853
1211774760  2.933885
1211774824  8.370804
1211779711  2.638841
1211864136  1.207249
1211864819  3.812366
1211942779  9.279351
1211985310  12.151818
1212071277  6.029153
1212206479  5.777538
1212210072  4.684844
1212221001  7.114709
1212268769  4.801826
1212269014  6.245575
1212273318  5.793036
1212402962  10.034856
1212460370  8.434438
1212476360  0.355073
1212507592  9.179406
1212587088  16.704956
1212605490  5.529929
1212646622  8.488629
1212704244  6.980349
1212861865  0.000000
1212861932  1.034785
1212862002  4.855600
1212863389  4.184449
1212986261  6.897801
1212986332  8.429191
1211252391  0.000000
1211252392  4.748935
1211358452  13.981030
1211596653  3.804044
1211873031  4.801826
1211933388  9.931866
1212139218  9.365081
1212145303  6.862907
1212221496  3.360387
1212254169  4.317214
1212269712  2.292097
1212272757  4.208009
1212825252  9.444486
1212938486  1.724642
1211039782  10.420812
1211068609  3.304762
1211097428  5.701514
1211223082  2.962927
1211225472  6.261261
1211226198  4.576741
1211227109  6.759045
1211265866  8.231922
1211312205  6.728137
1211503294  1.509062
1211517885  4.964600
1211520051  7.095049
1211520170  6.319998
1211534562  14.452373
1211553371  8.940626
1211648798  6.852981
1211742365  10.097397
1211751458  0.000000
1211751459  0.000000
1211751525  0.000000
1211751580  0.000000
1211751641  1.187458
1211751823  11.934563
1211862721  5.632537
1211933688  2.444904
1211943065  1.187458
1211990602  6.572027
1211994759  1.187458
1211998176  6.635998
1212063413  5.389788
1212071072  4.856238
1212112429  13.314155
1212114802  2.529211
1212206277  1.766706
1212206678  3.760592
1212210209  3.492720
1212283979  5.805242
1212319566  7.322299
1212422617  5.159388
1212433204  5.418226
1212433407  5.299510
1212433649  10.091898
1212461379  121.413208
1212802407  2.486343
1211084866  7.155647
1211233382  13.924746
1211308106  14.943851
1211308166  6.884092
1211312692  11.452186
1211348215  4.801826
1211354857  6.117639
1211363381  4.178954
1211393226  9.447023
1211437742  18.214453
1211443385  7.574792
1211444378  4.178954
1211444800  3.635239
1211600862  1.392980
1211603325  8.859742
1211691816  6.394073
1211692400  5.718388
1211692820  7.052158
1211772658  4.296194
1211773094  6.512554
1211776912  3.366181
1211780838  3.919471
1211786693  5.605062
1211786751  5.159388
1211787209  1.131796
1211847774  4.881857
1211850897  8.477055
1211856249  2.444904
1211859093  7.200922
1211943392  4.694513
1211974524  10.420812
1212026741  0.953092
1212080252  10.205324
1212133214  2.529211
1212137423  8.343567
1212257241  5.577693
1212282124  2.366036
1212286724  22.607246
1212291952  3.635239
1212294159  7.295496
1212296156  6.716939
1212302991  132.320023
1212331695  5.933548
1212373794  4.912691
1212398244  7.091001
1212518427  8.348298
1212521284  2.807084
1212567209  8.275297
1212722096  3.612201
1212733463  5.472670
1212904595  12.342257
1211121258  8.090050
1211141065  7.002979
1211342170  8.119884
1211635781  3.635239
1211645859  5.416609
1211663231  5.476889
1211687047  5.933296
1211709910  6.850392
1211949175  3.575644
1212087471  7.160224
1212184753  11.371851
1212210358  7.783531
1212330686  16.926094
1212346230  4.617554
1212347248  6.472687
1212544235  4.881857
1212547577  12.319505
1212587654  10.715425
1212651065  10.577968
1212653799  7.846215
1212736527  3.760592
1212741260  12.539472
1212742383  4.741066
1212742628  13.493221
1212889688  0.000000
1212889690  21.694532
1212904538  4.139025
1212959323  0.000000
1212959383  0.000000
1212959443  2.887093
1212977903  12.988377
1213036036  9.426408
1211088104  1.646249
1211089886  0.000000
1211089946  9.344452
1211223741  17.616465
1211416238  4.694513
1211512815  8.602112
1211513693  5.738194
1211522372  4.178954
1211564090  5.302541
1211613315  16.395803
1211694583  13.130178
1211704745  7.149842
1211705254  3.635239
1212078015  2.777744
1212203749  6.627442
1212218220  6.810658
1212269410  4.801826
1212282042  13.252143
1212287348  5.325662
1212462795  8.210337
1212477311  4.208009
1212739276  7.303680
1212785038  4.711501
1212785107  12.525791
1212810731  9.761924
1212826818  12.761752
1212898568  9.447023
1212981553  6.635998
1212997940  9.031370
1211479996  2.404824
1211636737  10.071550
1211688621  15.690660
1211718595  4.353113
1211947489  16.288143
1211951211  10.141639
1211963560  4.872893
1212034344  825.828430
1212120149  9.376961
1212253782  8.351632
1212357538  6.090238
1212393024  5.674649
1212465851  7.750030
1212824208  0.000000
1212824267  0.000000
1212824327  0.000000
1212824390  0.000000
1212824458  0.000000
1212824510  8.074390
1212858705  5.992795
1212869957  4.124368
1212870142  5.933296
1211063492  0.000000
1211063512  1.810874
1211098593  7.561910
1211104938  6.922625
1211246897  5.230561
1211255937  4.689764
1211256057  6.616002
1211309179  8.406321
1211501159  5.793036
1211501435  4.193107
1211501615  9.950001
1211571645  7.006046
1211572810  9.761924
1211591597  7.788973
1211622752  12.785929
1211692460  7.919023
1211707421  9.534582
1211765176  6.656635
1211765242  6.592551
1211769676  11.288533
1211773510  11.366883
1211780894  10.459205
1211780950  7.718110
1211786676  8.177029
1211790543  7.367293
1211794822  6.622046
1211847753  5.983343
1211875867  4.801826
1211880285  5.129361
1211926352  4.881857
1212001524  9.475251
1212002718  8.825466
1212003809  12.531291
1212024069  1.724642
1212472891  4.881857
1212550644  9.466150
1212602034  5.302541
1212634638  8.435062
1212695926  12.537811
1212703283  167.771896
1212703286  3.013146
1212718323  8.367134
1212728390  3.635239
1212790856  3.635239
1212807423  7.309846
1212823940  19.487078
1212825912  15.592195
1212829325  23.870167
1212882773  3.957446
1212893210  11.824994
1212964514  4.355506
1212985248  7.065875
1212986005  4.955485
1211060448  4.881857
1211066889  14.672872
1211082801  7.264590
1211083041  12.545730
1211100167  5.387836
1211186531  4.208009
1211210999  11.313555
1211319685  5.577693
1211391212  27.961983
1211391230  3.013146
1211550232  10.754740
1211595654  9.326044
1211698581  3.783699
1211698768  2.781233
1211750343  4.185093
1211773075  4.115365
1211776642  1.207249
1211780164  19.341194
1211780222  8.503490
1211835004  8.365794
1211844641  8.132660
1211862490  3.945008
1211862678  6.472687
1211865856  10.779491
1211946689  7.093710
1212088335  4.353113
1212160873  55.177280
1212182482  24.806494
1212225382  2.667168
1212227666  7.091001
1212227786  10.814806
1212295917  2.573583
1212343163  5.484731
1212418883  9.087403
1212424248  1.207249
1212495508  2.444904
1212513298  18.272152
1212610398  8.868724
1212679729  8.101226
1212757620  9.761924
1212767227  7.952931
1212769925  4.450161
1212848858  4.881857
1212860513  17.259134
1212903103  2.069570
1212906239  11.558115
1212909385  8.410669
1212983466  7.322299
1211037609  9.330640
1211037971  6.137893
1211106306  5.389788
1211120430  8.064480
1211122418  2.037420
1211175736  5.983343
1211183311  7.309846
1211263270  35.186432
1211273091  1.646249
1211301696  9.092563
1211334502  64.759232
1211472595  8.742022
1211474626  2.486343
1211488313  4.429903
1211531161  12.080403
1211604247  9.798468
1211606652  3.544286
1211617667  8.521316
1211621878  11.730152
1211623679  9.761924
1211686311  1.383908
1211690879  2.812652
1211733954  2.767816
1211742717  11.875381
1211780384  2.887093
1211901816  14.673624
1211905275  10.893607
1211946104  0.000000
1211946120  5.739851
1211950510  9.601892
1211986990  1.742842
1212047634  1.511636
1212114429  11.430172
1212294142  4.881857
1212302027  8.092031
1212351265  1.420293
1212373643  5.577693
1212389745  4.565556
1212391014  10.111789
1212433776  16.895267
1212458933  4.881857
1212566714  15.053714
1212567397  12.366281
1212567643  10.903466
1212715113  7.255774
1212722156  7.611733
1212728071  9.848292
1212736845  6.926093
1212742095  7.086018
1212812036  1.114384
1212879558  6.973618
1212910749  10.275710
1213003611  7.309846
1211020409  12.332273
1211039212  15.552780
1211140286  6.810658
1211160389  10.603631
1211333708  12.971867
1211337139  5.394817
1211337360  5.303565
1211348128  13.656277
1211499332  4.801826
1211507692  7.309846
1211508658  5.220957
1211522349  7.584644
1211546276  10.715590
1211604467  13.846189
1211614785  4.110446
1211623066  4.178954
1211626862  4.881857
1211628624  7.309846
1211645044  8.211356
1211672300  5.573145
1211679969  8.894654
1211846673  5.394817
1212117549  9.087403
1212217587  6.451584
1212292767  4.819696
1212293433  8.899944
1212346395  6.144366
1212346525  12.990373
1212418063  14.423029
1212450921  8.660102
1212455521  0.000000
1212455558  6.090238
1212463528  3.905485
1212501243  7.783531
1212514794  12.257205
1212718446  10.175273
1212776609  10.963963
1212893264  6.968239
1212918592  9.601892
1211114152  5.933296
1211116544  0.000000
1211116605  0.000000
1211116665  7.677289
1211117578  0.000000
1211117636  0.000000
1211117696  0.000000
1211117756  0.000000
1211117817  0.000000
1211117886  0.000000
1211117938  0.000000
1211117998  0.000000
1211118070  0.000000
1211118126  0.000000
1211118190  0.000000
1211118247  1.187458
1211334233  3.957446
1211334879  51.347500
1211351334  6.730727
1211376128  8.241982
1211386888  13.818137
1211400102  10.459315
1211779428  1.906183
1211780588  10.441397
1211856619  4.880962
1211865118  4.477451
1211947912  9.761924
1212114920  10.175971
1212129498  6.699008
1212129559  13.194567
1212203822  6.230333
1212445290  5.837751
1212447700  4.881857
1212473080  15.095945
1212478683  9.761924
1212480222  1.207249
1212516305  9.925228
1212520238  3.635239
1212592689  3.449284
1212650296  10.275710
1212705125  2.908191
1212788237  4.521554
1212810538  36.120251
1212915301  12.635054
1212932671  3.931038
1212934308  6.004258
1212935160  0.000000
1212935161  3.477417
1212948949  1.857466
1212995347  10.649372
1212996822  1.906183
1213061088  2.194999
1213066030  19.565193
1211048641  9.781378
1211340818  5.904355
1211473739  13.303609
1211517059  4.923639
1211517353  2.336612
1211656884  6.107078
1211657125  2.807084
1211657188  7.639727
1211707285  2.667168
1211751952  6.728137
1211760403  6.591170
1211775632  1.187458
1211861757  3.712949
1211861825  11.818955
1211924651  0.754531
1211930911  9.189319
1212027541  1.034785
1212028090  7.309846
1212041077  4.793010
1212109433  2.573583
1212125495  5.058422
1212202553  1.187458
1212206506  8.760608
1212206626  4.671083
1212208354  10.301925
1212225600  8.206536
1212287550  4.881857
1212289597  4.126409
1212290065  2.685963
1212303674  9.283805
1212343629  4.654047
1212386600  9.374200
1212387991  7.088573
1212388353  18.590847
1212448462  11.065988
1212468303  4.072267
1212536759  5.612428
1212561248  8.556613
1212803046  4.208009
1212863615  9.541469
1212881801  7.878889
1211054924  4.654047
1211243918  12.534348
1211243978  11.538390
1211343825  5.986589
1211532876  4.881857
1211690757  4.881857
1211715449  4.872893
1211735530  14.115596
1211764545  0.000000
1211764612  0.000000
1211764677  3.609108
1211949153  6.452625
1211956067  5.416609
1212038260  9.644930
1212039639  2.012082
1212039843  5.836029
1212048364  9.761924
1212129814  9.530663
1212149260  6.997355
1212161121  9.025224
1212161812  5.933296
1212204814  2.366036
1212219428  2.444904
1212337934  10.458995
1212469982  4.452127
1212475701  13.534730
1212805443  3.149346
1212823084  0.000000
1212823098  5.387836
1212839469  16.104279
1212840048  15.659228
1212890523  30.535391
1212890657  14.985063
1211095416  3.471603
1211142988  5.484731
1211157078  6.451584
1211207644  1.207249
1211233302  7.130029
1211349545  13.641744
1211349601  7.145465
1211402375  4.193107
1211410980  6.601122
1211603802  1.478264
1211659422  9.925228
1211665667  6.985365
1211689005  3.292141
1211732538  2.586963
1211761915  9.746461
1211777760  9.761924
1211777820  6.846111
1211786233  8.811702
1211789018  26.788176
1211817811  7.974378
1211824754  10.816284
1211941518  5.394817
1211990463  2.947438
1212014028  6.424818
1212022183  10.760857
1212028504  6.116243
1212028551  7.119956
1212051297  16.655298
1212051341  9.474981
1212101085  6.232158
1212131770  0.000000
1212131785  4.476020
1212167874  3.418762
1212172518  12.025417
1212173895  3.628074
1212181176  4.820329
1212331007  2.807084
1212470177  7.303680
1212514902  1.187458
1212542786  9.764845
1212629222  3.616190
1212630990  13.215987
1212686768  2.404824
1212697774  4.508581
1212697952  8.077143
1212698050  9.832986
1212718255  3.018123
1212888920  8.883315
1212893011  1.207249
1212906976  4.353113
1212937581  6.674052
1212957651  6.662119
1213035193  5.753045
1211072006  2.095632
1211072126  10.177205
1211078220  0.000000
1211078286  1.366697
1211222441  20.781069
1211389984  6.986174
1211418989  47.349281
1211547462  2.993760
1211771109  19.012938
1211810459  7.824279
1211838399  2.444904
1212304691  13.745728
1212493515  2.444904
1212609007  4.208009
1212611524  6.643895
1212698362  4.881857
1212903766  8.740035
1212979594  9.064395
1211159490  13.178987
1211437232  4.881857
1211487786  9.991167
1211574496  4.139025
1211771486  13.482435
1212041509  9.031370
1212042295  2.023499
1212234215  4.724378
1212300531  2.404824
1212419300  3.517973
1212438027  4.438052
1212950689  4.881857
1211091187  2.821043
1211094369  7.217456
1211160499  15.482348
1211171323  10.952003
1211213582  7.679129
1211291286  8.426505
1211301268  9.189319
1211331109  7.853561
1211372854  8.357350
1211376521  10.630387
1211382874  4.208009
1211390893  10.275710
1211431738  6.728909
1211444653  4.208009
1211444783  8.220452
1211470853  13.977024
1211474348  5.877280
1211515466  11.459464
1211516838  3.203756
1211530173  5.376320
1211553349  10.456467
1211575819  7.741900
1211617908  8.115310
1211645249  6.244671
1211771510  19.190205
1211822221  9.761924
1211825056  6.596502
1211825721  6.616002
1211898932  6.728137
1211905093  0.000000
1211905153  1.207249
1211909397  3.712949
1211913966  4.121603
1211984160  18.014914
1211987451  4.279331
1212002009  4.701198
1212125527  9.031370
1212155852  9.909874
1212197425  4.245093
1212430151  5.121287
1212449380  18.699692
1212486463  1.187458
1212520390  4.562995
1212682805  7.769281
1212687326  10.604488
1212761298  20.651344
1212762996  3.884316
1212769833  9.153481
1212770874  4.208009
1212863452  2.947438
1212871556  2.876357
1212872631  11.793286
1212890929  3.860374
1212918428  7.190012
1212975146  9.184444
1212999046  10.007775
1213015902  2.336612
1213017491  10.040622
1213024971  4.508581
1213026058  8.694752
1211041588  5.424285
1211040016  10.649372
1211073443  1.131796
1211274810  3.635239
1211348602  4.801826
1211354227  2.897398
1211389347  4.558208
1211437070  16.157913
1211445436  7.574420
1211681861  1.207249
1211697815  5.301431
1211702868  7.190012
1211791290  5.418226
1212219619  7.322299
1212264956  3.635239
1212302560  7.093710
1212305852  4.965459
1212313716  14.300878
1212462410  23.409758
1212482894  12.189913
1212559115  13.703694
1212621142  8.740035
1212645490  5.865076
1212655209  8.476118
1212763398  7.416620
1212779315  1.293481
1212803415  5.725230
1212893986  1.168306
1212959387  4.178954
1212330217  2.444904
1212330277  5.836029
1212343750  8.082225
1212343812  13.253680
1212363346  2.194999
1212363638  13.275588
1212370035  2.962927
1212386676  6.903695
1212387226  16.491255
1212439668  2.152964
1212593865  8.249514
1212811891  4.321674
1212825640  4.964600
1212898676  8.740035
1212899996  5.394817
1212948151  7.707683
1212948820  4.793010
1212953987  1.366697
1212987349  8.092031
1213005655  13.385941
1211073501  6.997355
1211091034  3.259872
1211091079  5.393906
1211148243  4.445280
1211340681  2.914355
1211344374  5.418226
1211375716  6.421934
1211377711  24.068575
1211414768  8.332076
1211417776  12.096294
1211419278  0.000000
1211419279  5.215172
1211464206  9.302974
1211477831  9.011007
1211640628  6.144366
1211689918  7.881900
1211696251  5.577693
1211696310  8.224216
1211781326  6.312013
1211784443  0.000000
1211784444  10.450785
1211893602  5.416609
1211931924  9.764845
1211947789  1.131796
1211951683  3.917769
1212038917  3.434757
1212117790  5.394817
1212122616  1.081119
1212122800  6.357103
1212127891  5.934632
1212199779  4.974201
1212207787  5.230561
1212214056  10.092321
1212239898  12.826142
1212240488  8.856815
1212371263  4.801826
1212449621  31.484890
1212569580  7.705410
1212816599  7.805244
1213026316  16.965206
1211022124  7.202261
1211051193  4.248425
1211051252  8.724251
1211087447  10.048878
1211095795  8.388596
1211097377  10.098542
1211100506  4.881857
1211154448  2.404824
1211256687  4.389240
1211257280  9.498198
1211270967  1.065220
1211344262  4.675565
1211407757  4.121603
1211422098  13.138882
1211440254  3.804556
1211522490  8.497870
1211561728  8.285452
1211684045  1.149761
1211689236  1.478264
1211690839  1.187458
1211851058  5.215924
1211852884  4.640851
1211858892  6.345820
1211869220  4.568337
1211914109  4.801826
1211956902  5.484731
1211957723  4.649387
1212027573  2.444904
1212087214  10.634172
1212091683  12.326850
1212286261  7.853561
1212373806  4.007627
1212386507  3.917769
1212463304  4.208009
1212470231  7.322299
1212476319  0.170446
1212562440  5.756320
1212562560  3.945008
1212610675  5.990397
1212630419  4.712515
1212635792  4.881857
1212653003  1.207249
1212682894  8.940832
1212707105  12.189913
1212735542  5.327312
1212738482  6.627442
1212785565  4.881857
1212888212  6.338170
1212889725  4.649387
1212940328  5.836029
1212980123  6.609109
1211085685  7.407318
1211262530  3.039490
1211330273  12.325860
1211403272  4.396947
1211528017  4.881857
1211643965  16.667280
1211722560  8.092031
1211730180  2.785960
1211796285  12.163152
1211818854  12.670104
1211849874  3.992547
1211855146  44.499722
1211862088  10.064128
1211947887  5.484731
1212072948  5.416609
1212092590  5.052926
1212215268  6.622046
1212283707  4.649387
1212291176  3.150073
1212307272  355.997772
1212395301  8.627692
1212396790  4.208009
1212459659  12.623414
1212475341  0.000000
1212475401  0.000000
1212475416  8.830101
1212489907  9.925228
1212489967  10.638968
1212512936  5.137774
1212568194  6.976255
1212597798  4.869496
1212598257  5.793036
1212682746  11.373974
1212736640  6.358685
1212812737  7.093710
1212866327  0.000000
1212866492  6.029153
1212930277  5.418226
1212930337  9.474981
1212982931  8.191773
1212983171  1.469220
1212983292  12.325860
1212992911  4.881857
1212993031  7.411404
1211259101  4.110446
1211263925  8.945926
1211270380  6.526683
1211277934  6.091116
1211328936  3.898315
1211382339  0.000000
1211382358  1.341388
1211418946  1.187458
1211510155  9.309300
1211608847  4.007627
1211608910  8.649606
1211733530  9.128148
1211859487  18.998667
1211982082  8.304870
1212111110  254.511078
1212393173  9.601892
1212401993  8.423542
1212463183  7.853561
1212466371  2.444904
1212471411  5.793474
1212484796  4.190237
1212509795  6.616002
1212532128  3.408036
1212811504  6.071935
1212827962  4.012485
1212829084  1.081119
1212899213  1.248879
1212926017  2.918015
1212926459  5.933296
1212927018  9.924002
1212940224  6.384992
1212941535  5.692574
1212943039  7.023377
1212943920  50.856823
1212944849  5.741899
1212947634  2.296334
1212969006  9.761924
1212972146  2.194999
1212987378  9.380884
1212992244  5.376153
1211092407  10.478159
1211300423  9.763714
1211386421  4.208009
1211399205  8.190063
1211483951  5.893778
1211608319  2.297872
1211676304  3.635239
1211948422  6.286761
1212031869  10.778315
1212083291  17.327671
1212101914  1.248879
1212277789  4.249784
1212457277  4.470965
1212462997  7.916524
1212609216  7.249441
1212610720  0.000000
1212610722  8.048328
1212753500  9.667269
1212756917  5.484731
1212777373  2.947438
1212778642  4.632057
1212784772  3.571290
1212909866  6.734284
1213030622  10.795800
1211039704  8.039309
1211091772  14.850975
1211140160  0.000000
1211140163  11.549545
1211174818  0.000000
1211174819  8.838486
1211237133  7.118486
1211252136  4.944623
1211259486  20.922243
1211339248  5.673860
1211420532  1.207249
1211430853  5.307804
1211521039  6.345820
1211603100  3.359616
1211677818  13.210548
1211699052  5.511389
1211699529  4.208009
1211699651  12.963404
1211702572  6.594012
1211740875  0.694451
1211753465  16.334877
1211781527  29.666481
1211782029  8.883315
1211841145  9.189319
1211846976  4.748935
1211863635  5.394817
1211934533  10.753458
1211940948  0.000000
1211940949  4.595744
1211942369  8.945324
1211946490  6.300246
1212032433  2.486343
1212083137  15.991837
1212092717  8.236065
1212129557  4.881857
1212130524  6.338560
1212179037  24.144987
1212231108  3.621748
1212267172  4.881857
1212270404  0.000000
1212270409  8.929973
1212292761  5.526630
1212295463  6.912411
1212723101  12.712148
1212724439  1.448699
1212804206  1.420293
1212805222  10.714050
1212806803  5.526083
1211135979  12.240744
1211179329  4.506330
1211255880  4.139025
1211335068  7.838663
1211343242  4.964600
1211346002  4.416003
1211347191  3.115919
1211412921  5.484731
1211423186  8.289394
1211432039  4.007627
1211465804  5.933296
1211475396  7.190012
1211491095  5.389788
1211512196  11.840276
1211515645  6.951643
1211517656  6.018454
1211597129  1.187458
1211606988  1.207249
1211614187  7.091001
1211670545  2.947438
1211676719  2.716560
1211689716  7.074045
1211725030  5.484731
1211784960  10.811528
1211809681  15.592195
1211822602  6.451584
1211891491  8.972028
1211891534  6.305806
1211956902  26.247875
1211957008  0.000000
1211957069  5.746536
1212006608  6.129639
1212033370  5.484731
1212043569  9.590447
1212111930  5.325662
1212120399  7.309846
1212169003  0.000000
1212169063  0.000000
1212169129  1.341388
1212175700  13.311715
1212260083  8.553877
1212263436  396.960083
1212291795  49.330856
1212317073  5.671406
1212317219  4.801826
1212385479  1.341388
1212387047  13.229940
1212435446  8.358469
1212472769  6.747550
1212642096  55.923965
1212642164  21.563665
1212645731  983.785400
1212910673  3.633873
1212943073  6.910097
1213023300  5.893778
1211070871  1.507232
1211105211  0.000000
1211105249  0.000000
1211105256  2.947438
1211146347  0.939296
1211169050  12.531291
1211209657  16.768486
1211210330  9.707384
1211241677  9.761924
1211309012  2.529211
1211374394  5.141935
1211417469  7.179713
1211417664  10.481533
1211464088  11.373974
1211555075  4.139025
1211802323  9.062488
1211853887  4.208009
1211865291  10.630387
1211898295  20.116743
1211932329  8.878442
1212017349  16.873802
1212037201  4.649387
1212045813  19.102991
1212076078  10.649372
1212130469  6.676134
1212171339  10.114737
1212209358  15.247268
1212239629  0.000000
1212239649  5.452858
1212366314  7.094032
1212382290  9.374423
1212628784  8.696135
1212719327  18.601665
1212823853  4.712515
1212854682  16.936813
1212879033  9.763065
1212896427  2.256834
1212908917  4.489863
1211073896  9.866171
1211098616  101.710815
1211133071  6.233531
1211147798  11.163653
1211175217  5.876498
1211177885  9.761924
1211300422  9.203387
1211402028  11.838685
1211430796  7.710179
1211459819  9.601892
1211520939  4.872893
1211562787  0.000000
1211562842  1.207249
1211684613  6.507542
1211697727  5.892886
1211697989  14.235051
1211773991  10.649372
1211845099  4.584195
1211991739  3.826567
1212000085  6.716939
1212000561  16.008028
1212022522  11.260332
1212091889  27.961985
1212175031  6.048360
1212413037  7.903980
1212430487  13.468197
1212454911  9.368362
1212460804  8.362761
1212460921  4.416003
1212469948  9.783879
1212505853  6.472362
1212507927  5.160215
1212530842  4.839189
1212983276  198.128372
1212985289  27.063025
1213083968  8.593136
1211082603  10.094967
1211148457  4.881857
1211302659  5.362087
1211443386  7.118406
1211460827  9.333555
1211512315  9.665174
1211592292  29.211063
1211664067  2.009510
1211681733  1.207249
1211691700  2.687261
1211697908  1.270789
1211697965  2.595885
1211951149  7.911823
1212021220  9.359491
1212160887  3.506674
1212164419  9.517400
1212180283  6.372481
1212225487  8.359338
1212259273  8.377578
1212288275  0.000000
1212288340  0.000000
1212288395  0.000000
1212288467  0.000000
1212288565  5.948494
1212289617  17.456118
1212290821  4.748935
1212306450  8.809601
1212373793  3.857496
1212432314  16.627766
1212691492  7.349161
1212775369  3.463415
1212775452  15.364835
1212801489  3.121154
1212848809  5.526083
1212850256  0.000000
1212850314  0.000000
1212850374  0.000000
1212850434  1.114384
1212850633  11.842566
1212895964  4.776810
1212910404  5.674962
1211100638  3.635239
1211179207  4.139025
1211279002  9.185766
1211478951  5.966808
1211771396  3.581961
1211793627  7.309846
1211878295  7.724814
1211900489  4.966830
1211949937  6.616002
1211954031  7.190012
1212018578  8.821786
1212024691  7.091001
1212180990  9.080877
1212183264  5.235148
1212227324  6.616002
1212229341  6.345820
1212304115  4.881857
1212304175  5.741899
1212430291  4.964600
1212535765  9.031370
1212536549  6.567470
1212649727  3.917769
1212744405  4.185093
1212896462  3.259872
1212923492  8.879574
1212923761  7.145465
1211247531  10.798539
1211251063  4.178954
1211292076  7.796210
1211321031  4.208009
1211350988  0.280373
1211404312  5.381217
1211427659  9.297071
1211505104  0.801969
1211511148  4.881857
1211513692  10.798539
1211695586  8.896917
1211755195  5.235148
1211797361  2.444904
1211839615  12.530131
1211943341  4.724378
1211960269  5.327812
1212043970  0.694084
1212171933  5.138797
1212208737  10.246626
1212212587  9.761924
1212212647  10.677723
1212227269  7.179713
1212299603  8.361766
1212356715  6.451584
1212365179  2.962927
1212367489  3.696853
1212449118  12.797046
1212455148  6.098074
1212456568  9.972960
1212458303  6.402582
1212474331  0.193751
1212560855  4.801826
1212565080  9.761924
1212579859  2.444904
1212620626  13.811581
1212635128  4.881857
1212642160  0.543169
1212651440  8.477915
1212804984  5.992795
1212808926  7.140673
1212853336  2.667168
1212857533  6.048360
1212894071  6.872684
1212913500  35.720001
1212962900  6.791141
1212967857  9.297071
1211098315  13.858290
1211130639  7.600221
1211133535  7.911062
1211139860  4.265887
1211166213  7.561910
1211173947  7.327500
1211333713  8.610477
1211514478  9.006931
1211524010  5.129361
1211536677  9.601892
1211542283  7.190012
1211729209  4.506330
1211730053  5.650758
1211733396  7.211187
1211737493  4.139025
1211738271  11.748085
1211738865  2.444904
1211739504  6.616002
1211740089  0.000000
1211740091  0.000000
1211740220  0.000000
1211740280  0.295653
1211740886  2.308132
1211769651  5.701514
1211772636  3.730327
1211808825  9.026416
1211854495  4.007627
1211938303  4.178954
1211946252  6.153308
1212044227  4.881857
1212116235  7.202261
1212207704  5.050197
1212207928  3.635239
1212256377  0.000000
1212256387  0.000000
1212256444  1.341388
1212283778  6.088674
1212293024  71.199554
1212521582  11.745420
1212618805  2.012082
1212717553  4.925660
1212727186  14.078516
1212793032  1066.288818
1212826010  2.336612
1212883755  1.187458
1212927637  7.853561
1212989271  11.066212
1211032737  5.315884
1211046078  10.110362
1211085481  14.959240
1211311852  12.817646
1211342827  1.227711
1211429322  6.755915
1211440363  12.960463
1211469329  8.136428
1211488388  2.529211
1211571692  1.187458
1211571912  0.000000
1211571922  1.541169
1211696384  7.140434
1211696504  6.913077
1211715933  12.879080
1211768807  8.722820
1211787480  21.962936
1211838650  2.366036
1211943335  5.418226
1211948299  9.761924
1212035232  5.484731
1212041101  4.748935
1212045299  4.793010
1212215914  4.506330
1212216164  6.716939
1212216404  6.137893
1212217424  6.616002
1212218824  7.911062
1212332037  3.635239
1212522244  6.627442
1212695143  1.131796
1212716309  4.438052
1212716612  15.478164
1212789994  8.771815
1212811412  0.965799
1212827927  0.000000
1212827957  9.095854
1212834049  12.099050
1212903744  1.207249
1212904001  8.392935
1212908870  14.752385
1212953543  4.801826
1212962102  3.517973
1211041588  5.424285
1211142466  4.881857
1211152606  1.187458
1211320116  10.945260
1211389053  4.748935
1211598443  0.000000
1211598444  3.728717
1211703743  6.451584
1211704243  8.592628
1211767787  7.193382
1211810467  1.366697
1212181229  1.680112
1212302836  3.432178
1212552936  588.417297
1212604059  5.150724
1212677835  13.936478
1212749011  15.640689
1212802152  4.013185
1212812413  7.953978
1212889437  6.988823
1212975178  9.600764
1213008815  4.881857
1213030025  7.853561
1211310497  5.517177
1211404755  22.024805
1211404839  4.912397
1211507395  4.185093
1211565109  14.351164
1211957926  13.688279
1212207575  4.506330
1212209419  7.266575
1212209567  10.951337
1212440811  9.452598
1212642565  3.575644
1212707744  9.010477
1212816835  5.062829
1212879745  19.851532
1212897505  2.444904
1212901712  4.881857
1211303086  5.278672
1211520805  2.914355
1211619437  3.008393
1211659427  9.925228
1211697409  2.366036
1211699227  0.000000
1211699272  1.341388
1211705794  12.382687
1211771237  9.761924
1211771936  5.562465
1211773650  9.017161
1211785909  3.965715
1211794635  1.131796
1211832159  9.605060
1211862283  5.231367
1212031453  10.837644
1212031633  6.635998
1212265296  1.168306
1212275174  4.429483
1212308237  9.601892
1212456462  5.420898
1212460959  4.978623
1212462731  5.793036
1212462791  12.963404
1212799301  7.087407
1212820573  5.685825
1212833454  7.963198
1212896248  5.529929
1212921797  10.846582
1212968854  6.974754
1211019420  7.496759
1211140231  4.307521
1211150140  1.574673
1211320683  3.115919
1211367186  9.925228
1211367306  10.115834
1211488151  2.778578
1211534004  7.091001
1211562674  2.066116
1211562745  29.920996
1211566901  7.309846
1211656599  0.000000
1211656621  10.747478
1211852158  11.510720
1211853943  4.793010
1211916971  7.347376
1211966096  5.320971
1212000630  6.451584
1212003327  2.066116
1212034324  1.207249
1212051771  6.345820
1212203623  10.788585
1212215734  11.289212
1212255535  26.501936
1212291076  4.839468
1212291144  14.459182
1212294438  5.389788
1212434055  5.513334
1212434454  4.039154
1212461204  12.325860
1212477236  4.748935
1212481971  5.479540
1212571244  6.457460
1212599359  4.276752
1212643861  13.958637
1212726323  11.077538
1212772269  13.740312
1212880878  5.001440
1212884121  6.581677
1213036459  11.465461
1211260330  10.778850
1211272550  7.170681
1211332745  1.448699
1211339179  6.810658
1211339920  5.230561
1211352805  2.444904
1211422429  3.594092
1211428079  6.525254
1211442300  11.103532
1211511961  3.207563
1211516831  3.575644
1211596627  4.801826
1211690132  10.433448
1211700865  7.601605
1211828441  10.008465
1211828865  10.974001
1211875057  7.912720
1211881455  6.094146
1211949493  6.759045
1211954344  12.213885
1211985102  5.241384
1211986909  5.559536
1212070731  5.877280
1212070971  6.990944
1212114768  4.801826
1212157105  6.457460
1212217074  12.555983
1212300819  2.444904
1212301394  9.639455
1212481496  5.203875
1212501963  22.438660
1212501990  13.708011
1212502903  5.241384
1212507645  6.357103
1212601970  4.872893
1212602648  6.245575
1212607577  6.616002
1212635748  12.560117
1212735768  0.000000
1212735789  7.163921
1212771234  4.110446
1212811072  4.881857
1212834639  4.178954
1212943243  19.036549
1212951972  14.748614
1212961928  4.871646
1212991309  0.000000
1212991317  3.700469
1212995533  6.451584
1211057469  17.259134
1211087982  1.065220
1211162974  5.484731
1211241808  9.622206
1211270024  5.750173
1211270264  9.031370
1211348883  15.525840
1211412289  6.233531
1211558731  7.811876
1211596576  11.493366
1211680342  4.881857
1211693711  1.187458
1211693772  5.562465
1211764288  2.130440
1211779410  2.404824
1211780939  2.444904
1211788747  3.709907
1211789374  5.476889
1211855091  4.829425
1211937198  7.429809
1211942174  13.253680
1211951997  6.041440
1211989272  9.212397
1212012270  7.647171
1212077998  9.424273
1212133818  7.677289
1212134062  6.107078
1212241407  7.974378
1212241817  10.586399
1212292135  4.171267
1212382549  4.131938
1212451075  9.761924
1212464569  0.000000
1212464629  0.000000
1212464689  0.000000
1212464754  0.000000
1212464809  0.000000
1212464870  0.000000
1212464929  0.000000
1212464990  0.000000
1212465055  0.000000
1212465109  0.000000
1212465170  0.000000
1212465230  0.000000
1212465289  0.000000
1212465350  0.000000
1212465412  0.000000
1212465472  0.000000
1212465533  0.000000
1212465593  0.000000
1212465654  0.000000
1212465714  0.000000
1212465777  0.000000
1212465835  0.000000
1212465896  0.000000
1212465956  0.000000
1212466017  1.207249
1212469788  6.657077
1212476822  6.926093
1212479807  4.193107
1212517731  9.023982
1212541075  5.050197
1212541133  6.245575
1212566169  6.451584
1212578011  6.451584
1212625566  6.507542
1212701708  18.965117
1212723438  6.286761
1212728795  2.914355
1212849676  4.576741
1212856475  0.000000
1212856537  0.000000
1212856598  0.000000
1212856656  0.000000
1212856716  0.000000
1212856785  0.000000
1212856837  0.000000
1212856898  1.114384
1212857319  9.337693
1212963505  4.881857
1212992737  4.999947
1213026302  11.263759
1211024540  12.117793
1211091195  14.278001
1211123296  4.139025
1211176669  16.108622
1211234664  7.118486
1211335111  3.304762
1211342102  4.177619
1211342249  5.389788
1211354007  6.621096
1211528949  5.780762
1211529025  12.920429
1211787114  8.742022
1211858443  16.720343
1211875493  11.838685
1212026683  4.024164
1212131526  6.451584
1212361433  7.831978
1212617481  2.586963
1212632072  1.028680
1212644990  17.425343
1212860939  5.394817
1212956525  20.728880
1212998488  6.398396
1211178652  10.718870
1211197973  3.360387
1211221460  5.050197
1211246210  7.059313
1211250166  6.997355
1211334264  5.977784
1211610020  8.361766
1211616920  6.260933
1211668809  6.985439
1211675931  1.448699
1211845128  6.766931
1211895500  7.309846
1211941355  5.743361
1211946549  8.613462
1212011627  8.367134
1212012293  4.881857
1212013288  8.714009
1212046108  0.000000
1212046134  0.000000
1212046146  0.000000
1212046149  1.187458
1212046515  6.341005
1212116104  5.484731
1212135080  2.503882
1212135393  5.155326
1212264540  15.666069
1212384087  15.636519
1212391093  5.230561
1212473201  1.168306
1212476084  7.013348
1212481215  5.079587
1212499882  5.782801
1212500395  5.870419
1212505796  10.856973
1212518555  4.110446
1212540920  5.746536
1212604027  10.781230
1212618238  5.572399
1212654232  4.178954
1212858850  10.459205
1212994789  6.332523
1212998453  18.958767
1213030547  17.921165
1211115826  4.110446
1211217513  5.040924
1211346639  4.678306
1211404533  7.091001
1211406974  10.115834
1211569308  4.881857
1211619751  4.801826
1211654199  10.589625
1211666866  4.208009
1211741005  9.426408
1211868917  17.128935
1211868978  11.675297
1212517060  5.078071
1212593401  7.048470
1212598060  2.444904
1212615985  5.138797
1211066534  5.948198
1211175993  14.081323
1211329574  9.915547
1211607324  2.366036
1211607386  6.245575
1211610634  2.328480
1211694353  0.000000
1211694429  1.478264
1211762681  4.125513
1211943088  17.958960
1212030562  13.673835
1212030617  4.521995
1212033474  6.011812
1212044385  3.212897
1212044922  3.635239
1212056557  9.689989
1212123498  1.207249
1212126979  8.856815
1212199461  3.648021
1212209160  1.316999
1212213570  3.959313
1212282527  2.949850
1212448186  2.619540
1212463135  11.389498
1212469148  5.684801
1212469284  8.681424
1212547367  6.265582
1212548013  4.012485
1212560972  3.355605
1212633471  3.408036
1212636663  10.417695
1212637250  7.322785
1212692981  4.117938
1212728730  8.086254
1212912978  9.351130
1212986749  6.642595
1212988862  3.635239
1211098560  5.045633
1211131632  6.341005
1211144442  14.417787
1211155367  8.190063
1211247931  7.091001
1211615863  10.818640
1211907565  10.100393
1211907660  12.583509
1211943801  6.472687
1212168106  4.671083
1212276265  6.451584
1212305690  9.076822
1212562292  10.238897
1212737621  7.911062
1212772811  5.215172
1212776942  9.179160
1212844682  5.850687
1212856927  10.816284
1212885692  7.839156
1212885947  4.801826
1212887923  20.732725
1212971484  3.416393
1213025754  6.245575
1213030131  9.761924
1211066566  6.444202
1211145148  10.798539
1211247606  9.297071
1211329858  0.000000
1211329904  36.217480
1211329906  9.474981
1211340088  6.810658
1211434376  9.011007
1211434441  50.856823
1211435772  14.253230
1211487131  5.933296
1211522436  7.309846
1211578717  2.573583
1211579195  6.033861
1211592300  1.207249
1211661532  4.872893
1211771405  5.276594
1211844246  17.851084
1212005375  7.190012
1212359264  4.872893
1212385095  7.045508
1212523033  6.137893
1212555739  15.744493
1212610466  5.836029
1212691224  1.207249
1212792209  7.946455
1212792261  6.621096
1212814908  0.000000
1212814973  4.476020
1212815311  2.962927
1212815432  0.000000
1212815492  0.000000
1212815554  0.000000
1212815614  0.000000
1212815675  0.000000
1212815735  7.677289
1212816401  0.000000
1212816459  0.739132
1212816676  13.426383
1212817666  0.000000
1212817738  0.000000
1212817846  0.000000
1212817906  0.000000
1212817966  0.000000
1212818027  0.000000
1212818087  0.000000
1212818147  0.000000
1212818207  0.000000
1212818272  0.000000
1212818312  0.000000
1212818372  2.497757
1212897640  1.187458
1212944475  9.030075
1211163981  8.879574
1211169924  7.322299
1211169984  9.483595
1211175845  6.638433
1211184546  5.394817
1211227659  2.444904
1211248574  5.484731
1211265806  4.801826
1211269487  1.207249
1211340317  10.671111
1211341378  14.413333
1211351587  7.043046
1211356912  1.207249
1211439837  13.352504
1211440139  16.318829
1211449159  8.910935
1211451056  17.414417
1211660554  1.207249
1211721679  6.791141
1211759302  11.531613
1211764854  10.144273
1211765396  2.444904
1211771577  12.537811
1211771911  12.377975
1211772206  7.903114
1211813716  16.984383
1211815670  5.159388
1211853493  7.509172
1211866459  5.484731
1211869714  2.444904
1211911100  8.215931
1211928447  10.840837
1211944750  4.801826
1211954190  8.472260
1211965746  14.369277
1211965797  8.613620
1212127174  4.801826
1212136419  49.620010
1212209938  4.208009
1212309071  6.491584
1212360037  6.091538
1212470750  9.153481
1212777964  9.927381
1212856190  7.724814
1213002782  5.793036
1213003725  0.000000
1213003785  1.207249
1213017986  4.264177
1213043854  2.444904
1213047423  8.057389
1213053807  5.741899
1211083540  5.415949
1211116706  12.493466
1211122305  4.748935
1211122780  4.748935
1211204575  6.129639
1211224611  12.528447
1211252715  9.031370
1211323338  6.525254
1211367775  5.418226
1211420986  5.430971
1211421050  8.090858
1211442161  4.748935
1211605008  4.855395
1211649601  9.761924
1211650312  0.000000
1211650372  0.000000
1211650432  0.000000
1211650493  1.227711
1211663493  9.754066
1211682854  2.444904
1211684157  2.933885
1211695056  8.894654
1211751418  10.798539
1212202864  0.000000
1212202895  4.383632
1212225088  6.791141
1212247296  8.090858
1212252829  5.933296
1212284894  4.279331
1212291673  4.279331
1212377034  4.986119
1212377100  11.239816
1212473535  8.724573
1212475384  12.213885
1212479259  4.178954
1212592292  6.023544
1212653405  5.793036
1212756913  0.000000
1212756974  1.114384
1212780886  6.300954
1212813681  7.217456
1212841996  2.012691
1212844376  9.761924
1212895868  4.139025
1212930667  7.313353
1212990789  5.302541
1211285813  9.903151
1211285887  12.913832
1211105089  6.385929
1211121740  14.907652
1211212168  4.595744
1211214397  11.160604
1211226513  2.486343
1211316388  7.190012
1211327663  4.804747
1211526892  4.176765
1211557774  15.020266
1211586990  1.810874
1211601473  4.208009
1211624605  8.369121
1211639955  4.881857
1211641482  2.126003
1211694275  10.047665
1211784982  2.336612
1211790709  11.547279
1211823637  5.625216
1211951879  8.488629
1211951948  12.469203
1211985006  6.974754
1212041678  5.138797
1212069186  18.302343
1212076945  6.452251
1212195892  4.506330
1212203929  4.732072
1212288937  3.492720
1212295239  4.801826
1212320539  7.119696
1212332605  8.528178
1212333807  9.030075
1212456487  4.881857
1212462140  17.288218
1212531426  12.831488
1212630782  5.986589
1212647017  8.714500
1212745402  9.750288
1212791684  0.000000
1212791688  3.449284
1212845922  5.803509
1212877085  4.208009
1212911029  7.853980
1212993759  1.248879
1213001640  9.601892
1211087351  2.404824
1211092656  0.000000
1211092718  0.000000
1211092739  0.000000
1211092740  1.207249
1211096709  3.575644
1211098035  10.832530
1211104922  0.000000
1211104982  5.621758
1211126633  10.099221
1211160249  3.945008
1211180236  7.093710
1211184850  12.622558
1211252142  9.363520
1211268649  12.213885
1211268709  8.905001
1211273591  5.939814
1211280312  8.879574
1211341923  12.275249
1211342045  10.787811
1211342699  0.000000
1211342743  8.909317
1211348078  4.689764
1211423156  7.872253
1211426334  9.864981
1211488750  6.243468
1211534806  7.029059
1211537064  6.616002
1211542498  12.040958
1211622262  8.932551
1211625731  12.787060
1211627877  6.398396
1211685886  5.632912
1211689103  6.616002
1211713129  9.031370
1211779841  9.837820
1211780143  8.915700
1211793571  6.232158
1211855767  3.575644
1211870515  7.749694
1211870635  9.031370
1211874494  5.394817
1211876323  4.178954
1211877641  5.416609
1211942417  15.281728
1211959448  2.962927
1211964856  12.924275
1212001415  7.650465
1212035107  9.761924
1212040247  5.986589
1212051567  3.635239
1212052729  9.754066
1212054319  4.124368
1212120282  7.093710
1212134754  4.264177
1212135752  4.881857
1212140471  5.394817
1212212030  7.992332
1212215962  6.699008
1212267893  5.501342
1212310026  4.671083
1212318834  4.178954
1212379706  4.964600
1212393299  10.649372
1212416846  7.796210
1212462558  1.149761
1212463248  5.418226
1212472254  7.597500
1212473137  7.433742
1212477580  14.461195
1212477643  5.674649
1212481247  2.962927
1212481307  12.643002
1212481609  5.934632
1212482474  0.000000
1212482535  0.000000
1212482595  0.000000
1212482655  0.000000
1212482716  0.000000
1212482779  0.000000
1212482835  0.000000
1212482895  1.207249
1212486474  5.990397
1212513995  1.207249
1212515467  9.332642
1212559627  5.850847
1212572689  7.528317
1211057062  12.766319
1211071261  9.736955
1211147370  4.829425
1211177722  2.366036
1211218820  13.600738
1211250915  5.394817
1211331951  5.347417
1211332016  5.562465
1211376145  14.006065
1211462953  16.285181
1211549292  13.353607
1211582574  7.600221
1211592123  8.108537
1211598157  14.645465
1211605548  2.914355
1211617749  12.189913
1211618695  8.825145
1211679229  8.750238
1211696123  7.741900
1211698467  4.401106
1211711386  5.418226
1211744505  10.175273
1211855323  7.143514
1211871198  7.106479
1211933858  6.414203
1212000888  7.190012
1212004592  13.141355
1212025933  4.553632
1212027447  8.336649
1212036457  4.208009
1212037416  6.974081
1212109559  11.932908
1212115005  1.207249
1212122589  5.866206
1212158692  18.580549
1212165639  4.964600
1212172459  5.479155
1212201510  1.207249
1212212794  4.160218
1212289207  3.161333
1212330741  4.782830
1212331101  16.118015
1212340104  7.699638
1212358514  6.345820
1212412949  13.134940
1212498446  9.531443
1212509544  8.521316
1212547575  4.245093
1212547694  5.933296
1212630411  6.112259
1212640172  14.746292
1212672263  6.912411
1212672319  18.904211
1212856631  7.987962
1212856686  12.826232
1212953467  8.613462
1211096665  5.755486
1211097082  9.031370
1211102556  6.451584
1211104169  7.190012
1211133547  5.865076
1211234542  3.700469
1211314739  3.768366
1211339627  0.000000
1211339632  4.054035
1211342271  11.780047
1211384424  19.320679
1211434683  4.881857
1211477190  5.876498
1211515596  12.921859
1211525130  4.801826
1211531387  10.750708
1211535790  5.871640
1211535833  10.115834
1211610355  6.962698
1211641479  13.209533
1211642940  5.141935
1211763521  3.360387
1211775305  8.224688
1211846843  18.305941
1211868077  13.298087
1211944719  14.066438
1211946618  88.999443
1212063220  0.000000
1212063254  0.000000
1212063314  0.000000
1212063374  0.000000
1212063435  0.000000
1212063495  0.000000
1212063555  0.000000
1212063593  0.000000
1212063610  1.207249
1212080791  5.235261
1212081695  5.933296
1212087369  6.616002
1212087475  10.115834
1212106043  5.888449
1212111250  11.953377
1212112026  5.253976
1212153797  6.627442
1212154290  7.369186
1212192147  7.708195
1212195251  11.086341
1212196642  11.714309
1212221770  9.761924
1212277283  5.138797
1212286329  5.793036
1212330448  4.881857
1212332464  0.516973
1212348884  2.696484
1212360582  2.069570
1212376124  4.955485
1212387827  4.748935
1212388945  8.879574
1212390361  945.334229
1212391076  9.761924
1212396254  4.577752
1212401988  4.748935
1212434889  5.484731
1212437265  7.190012
1212474921  11.796509
1212479772  8.456737
1212519941  13.474124
1212542813  3.056130
1212556425  4.491616
1212557520  7.265261
1212558067  10.798539
1212669991  6.974754
1212753890  4.640730
1212791717  4.881857
1212856903  1.248879
1212860985  6.245575
1212861505  5.836029
1212869715  3.333960
1212937278  6.912411
1212991993  8.859742
1212992146  8.752249
1211020725  12.167781
1211020786  11.859420
1211139301  4.508581
1211254758  8.883315
1211260788  1.574673
1211311868  6.129639
1211427718  11.133169
1211777923  4.139025
1211782316  2.444904
1211782376  8.361285
1212069098  9.445240
1212286643  2.619540
1212297746  17.636606
1212422208  8.423542
1212482504  13.274709
1212692983  10.788585
1212777801  6.345820
1212843773  8.513838
1212866025  4.208009
1211019362  6.635998
1211021404  6.451584
1211073490  1.207249
1211121423  14.998591
1211149905  15.267695
1211244083  1.293481
1211254276  74.687271
1211259172  6.527582
1211259637  9.759645
1211330217  6.764208
1211342323  26.475433
1211381540  5.933296
1211412057  6.388076
1211418654  8.361766
1211467450  17.182972
1211483216  2.444904
1211501259  7.001069
1211507046  8.409024
1211686155  59.332962
1211688500  10.913401
1211694357  2.962927
1211695565  0.000000
1211695637  0.000000
1211695671  2.897398
1211699608  37.451550
1211699752  32.142338
1211744714  2.738444
1211750919  4.590555
1211768070  5.325662
1211825641  13.068000
1211827697  8.469602
1211834707  6.357103
1211889762  9.774824
1212007010  4.881857
1212080876  12.531291
1212081755  12.531291
1212094729  5.933296
1212166797  0.000000
1212166858  1.187458
1212166974  4.623348
1212192940  5.180656
1212217965  0.000000
1212217968  1.187458
1212247445  54.847309
1212261212  9.376961
1212296479  4.996980
1212358297  3.635239
1212367950  7.716534
1212373772  8.361766
1212375400  1.392980
1212380541  8.144533
1212384385  8.543305
1212385099  4.801826
1212386735  10.042945
1212390361  764.017700
1212451975  8.108900
1212525307  5.793036
1212538023  8.560987
1212592337  10.236511
1212598083  0.000000
1212598105  1.187458
1212598777  10.855685
1212633062  7.994064
1212643024  9.151804
1212649597  5.416609
1212673207  9.031370
1212683746  6.129639
1212684684  8.279018
1212718309  4.543077
1212813471  215.217133
1212813496  11.567346
1212971174  6.451584
1212978869  4.438052
1213001505  7.734793
1211090253  1.316999
1211157724  7.055410
1211165808  2.414499
1211197032  4.769331
1211220974  9.011007
1211347446  8.221025
1211358982  6.622046
1211385435  7.783003
1211393577  7.708272
1212805420  13.856497
1212811520  6.674052
1212828373  4.353113
1212892182  2.194999
1212936939  6.451584
1212947779  8.361766
1212949255  0.000000
1212949306  8.527726
1213000872  9.761924
1213017248  9.927381
1213033272  0.000000
1213033347  1.270789
1211028760  4.955485
1211104961  4.522795
1211147561  13.750649
1211172944  4.872893
1211205130  5.062829
1211228192  3.863163
1211399687  12.127055
1211414622  11.386081
1211477179  9.676468
1211483912  10.829146
1211486638  6.547280
1211509039  5.692574
1211518010  2.667168
1211518898  4.659008
1211701748  1.907328
1211918447  12.388121
1212047386  9.111760
1212295089  2.355201
1212315837  6.094244
1212472044  4.964600
1212590026  4.279331
1212646282  6.144366
1212648456  5.050197
1212726176  8.216850
1212747466  5.180656
1212849212  1.341388
1212849538  7.248865
1212982029  4.748935
1212997886  9.925513
1213032918  8.177029
1213033139  9.804246
1211043467  9.762519
1211205311  9.064395
1211304839  6.351601
1211348938  11.292477
1211393587  6.451584
1211393992  10.814897
1211394560  0.781943
1211403129  5.793036
1211439899  4.177619
1211470664  4.208009
1211519108  9.761924
1211701578  5.260011
1211703776  4.699177
1211811719  9.043990
1211845443  5.793036
1211943159  14.383639
1212037995  4.881857
1212046266  4.508581
1212291023  5.977784
1212300327  11.193783
1212310398  6.345820
1212352357  4.801826
1212354470  17.108984
1212385654  6.850392
1212398164  5.307804
1212398226  13.478414
1212435854  7.143514
1212471209  1.168306
1212473939  2.444904
1212520095  6.567470
1212556562  6.052742
1212733986  0.258166
1212904580  4.007627
1212950905  4.881857
1212992472  5.484731
1211043093  9.925228
1211084367  36.607151
1211169330  2.444904
1211201985  3.943747
1211241911  9.601892
1211248383  8.608685
1211259056  4.452127
1211260743  11.152996
1211264987  10.275710
1211265044  10.115834
1211274508  8.632757
1211326238  8.519930
1211348173  9.554695
1211383973  6.129639
1211422459  7.322785
1211431525  6.527211
1211468495  14.978033
1211517105  8.909317
1211583518  1.609666
1211736334  8.185573
1211771261  4.801826
1211771600  13.478414
1211844297  6.530825
1212050770  18.897541
1212052953  7.146210
1212122384  4.955485
1212157715  13.480628
1212228900  5.418226
1212231370  11.701179
1212329778  0.000000
1212329841  4.109133
1212329959  0.000000
1212330019  0.000000
1212330079  7.805244
1212333215  5.933296
1212335876  6.907603
1212336557  5.773401
1212339262  6.738656
1212340818  5.484731
1212345472  12.826633
1212353418  8.258862
1212375970  8.631352
1212390951  4.881857
1212393706  5.888449
1212397245  8.869656
1212425966  6.777271
1212595541  4.912691
1212639687  4.506330
1212642090  19.473789
1212659486  7.028327
1212661387  8.191773
1212661447  6.621096
1212665257  12.805164
1212708594  8.874313
1212743873  6.193462
1212822906  9.043990
1212826605  4.443949
1212851777  6.880626
1212863044  9.009908
1211041015  10.265887
1211094732  10.848664
1211095004  5.761628
1211106420  4.969977
1211254772  5.741899
1211265146  5.052926
1211266604  16.723774
1211271630  7.647171
1211271813  1.207249
1211335312  7.760703
1211350020  8.245627
1211419607  3.189005
1211448622  12.761752
1211448741  5.159388
1211504548  4.801826
1211514700  10.776087
1211531753  4.558859
1211533022  2.404824
1211567448  4.498055
1211579230  1.646249
1211600074  2.069570
1211616459  6.316927
1211657829  5.325662
1211658245  9.925228
1211742470  11.567346
1211742714  15.283032
1211773243  9.329716
1211816754  12.406535
1211816860  15.004272
1211846920  9.839631
1211852782  13.031274
1211870844  14.518073
1211962920  2.667168
1211963837  0.000000
1211963838  1.207249
1211997379  14.752524
1212003509  4.801826
1212065799  4.178954
1212115896  15.200311
1212220690  5.673860
1212246646  5.858228
1212372827  4.872893
1212380939  7.139601
1212388160  5.983343
1212471832  15.212654
1212471898  10.157686
1212501744  5.749460
1212540946  3.761390
1212610043  5.854083
1212632004  86.950912
1212685288  3.462132
1212700396  4.452127
1212717629  4.245093
1212761648  11.643447
1212774409  1.316999
1212804990  4.801826
1212814907  15.184255
1212814967  7.128110
1212904558  6.158062
1212904673  6.716939
1212961220  3.870560
1212973080  4.169791
1212999371  6.367639
1211055929  1.207249
1211119586  4.724378
1211132209  3.575644
1211167894  9.241054
1211167965  13.037659
1211225436  11.316381
1211227673  1.227711
1211229657  7.847596
1211298844  11.733047
1211310787  6.686879
1211314291  9.287261
1211458373  3.870560
1211463616  7.835016
1211476304  4.872893
1211610733  4.508581
1211611171  9.042898
1211988541  5.484731
1211988631  6.846111
1212064722  4.498055
1212161944  11.187515
1212175424  7.853561
1212499552  8.369867
1212504829  5.394817
1212505602  13.830112
1212608072  3.854097
1212695851  7.038092
1212894628  5.858228
1212894678  10.855685
1213013556  7.190012
1211107787  4.178954
1211213585  8.874476
1211243123  15.811462
1211341222  4.245093
1211425887  4.801826
1211436788  11.502114
1211551636  6.472450
1211557577  8.423542
1211610867  0.000000
1211610896  1.574673
1211780239  12.750317
1211784007  6.964212
1211784321  2.404824
1211791943  4.881857
1211951616  14.034137
1211990471  8.151969
1212160993  5.450809
1212190993  8.151815
1212232613  8.750238
1212232673  9.950001
1212255860  6.102596
1212256357  11.910274
1212331916  4.208009
1212361216  4.793010
1212459131  8.419867
1212484615  1.609666
1212537479  6.311953
1212544631  9.761924
1212592882  5.394817
1212592943  9.868805
1212877822  13.204849
1212939699  4.975189
1212944230  5.777538
1212973873  9.601892
1212995969  4.899807
1211285813  9.903151
1211285887  12.913832
1211359189  7.362714
1211420114  2.419079
1211422221  2.782132
1211581474  5.888449
1211601034  5.793036
1211685416  9.065181
1211695373  2.716560
1211757935  4.506330
1211779005  9.300207
1211811275  14.539416
1211948745  6.850392
1212033979  14.365326
1212096546  2.444904
1212208851  7.074045
1212215658  11.516903
1212223853  5.698332
1212257034  10.243775
1212259090  15.069486
1212273387  9.093336
1212276049  3.292498
1212295088  0.000000
1212295148  4.670303
1212635822  5.146679
1212639457  2.486343
1212673823  8.950831
1212735591  4.163825
1212973433  9.042898
1212975634  2.012082
1212977777  3.278968
1212990827  2.767816
1213038544  9.092563
1213039679  5.118738
1213041353  24.312813
1211100013  5.138797
1211165197  10.118810
1211168588  12.334921
1211168769  17.403460
1211170045  7.521543
1211228821  4.712515
1211257959  1.857307
1211318368  16.104279
1211345387  9.404184
1211489579  5.359257
1211515010  15.924135
1211516008  6.144366
1211518528  4.801826
1211622242  6.112259
1211680281  7.590099
1211699675  3.039490
1211700730  5.990397
1211706526  8.909317
1211732886  7.322299
1211938813  5.424285
1211942016  7.309846
1211955855  6.527211
1211963213  5.299510
1212033751  7.088573
1212037827  5.650998
1212071942  15.190668
1212188904  4.964600
1212214888  4.872893
1212247706  5.836029
1212254229  12.531291
1212257057  8.074390
1212257817  0.000000
1212257871  7.937536
1212259949  5.865076
1212289066  4.748935
1212295674  3.621748
1212299332  10.211425
1212301411  5.394817
1212301652  11.288355
1212354598  10.175273
1212417958  21.754158
1212467396  6.471456
1212472609  8.423542
1212543931  6.616002
1212544063  1.684534
1212562826  4.279331
1212596225  8.243229
1212610711  10.603631
1212684253  5.489229
1212688817  6.137893
1212752305  7.433566
1212773111  10.113592
1212773300  0.000000
1212773360  1.081119
1212777091  9.043990
1212816385  11.838685
1212855084  0.000000
1212855141  0.000000
1212855192  0.000000
1212855250  0.000000
1212855310  1.207249
1212855658  5.933296
1212866491  5.642086
1212871688  8.914094
1212875225  2.404824
1212908522  1.420293
1212989704  3.149346
1212989937  3.579208
1212992576  5.484731
1212996762  7.853561
1212996944  12.035996
1212998375  7.724814
1211154166  4.872893
1211158067  0.000000
1211158070  0.721847
1211164319  1.316999
1211323549  9.139176
1211479877  11.824994
1211484465  6.367639
1211498028  5.526083
1211507965  28.899525
1211680025  2.066116
1211680206  27.497774
1211694797  14.092172
1211857347  4.371812
1212364255  0.000000
1212364285  0.000000
1212364302  11.906630
1212368478  7.322299
1212704858  8.361766
1212739607  9.558176
1211055618  12.758325
1211087221  8.883315
1211197355  10.015963
1211242994  13.457000
1211318416  4.964600
1211323486  7.600221
1211361302  7.016470
1211510063  7.113977
1211514794  12.444773
1211643632  7.973752
1211692994  28.315704
1211693748  5.879768
1211695537  7.113977
1211743316  4.881857
1211768446  13.630373
1211833257  5.320971
1211863654  7.805244
1211921205  4.178954
1211959556  6.499930
1211999719  5.933296
1212003252  1.206996
1212021977  2.444904
1212049958  4.110446
1212087959  9.590798
1212100941  9.136849
1212104698  11.666067
1212171049  4.872893
1212187385  7.062013
1212188889  3.157391
1212277932  0.000000
1212277934  7.839424
1212299212  10.287290
1212299682  1.207249
1212369109  11.998377
1212472413  15.856081
1212474662  9.927381
1212474721  8.613620
1212562415  15.452164
1212613615  11.555691
1212621053  5.698068
1212646768  14.649461
1212676559  14.253867
1212768391  9.374423
1212861077  8.804595
1212863895  16.544529
1212887988  8.566314
1212965544  13.981030
1212972751  5.632912
1212993025  9.415183
1211019159  1.574673
1211019594  4.791057
1211024301  8.889780
1211041644  8.445959
1211042056  6.635998
1211047597  3.609550
1211051066  14.527495
1211065480  4.019234
1211082801  3.538719
1211110704  0.000000
1211110764  0.000000
1211110829  0.000000
1211110884  1.207249
1211114324  4.508581
1211126487  7.510549
1211167067  10.461122
1211207347  9.993270
1211236948  4.801826
1211264588  5.577693
1211334391  0.265904
1211375144  2.404824
1211392199  0.000000
1211392237  0.000000
1211392356  0.000000
1211392417  0.000000
1211392483  0.000000
1211392538  0.000000
1211392597  0.000000
1211392657  0.000000
1211392703  0.000000
1211392755  0.000000
1211392816  0.000000
1211392936  0.000000
1211393001  0.000000
1211393057  3.696853
1211407063  4.640851
1211436693  4.881857
1211496427  6.319998
1211526427  7.720749
1211527606  6.474144
1211531771  9.761924
1211559784  0.000000
1211559845  0.000000
1211559904  0.000000
1211559966  0.000000
1211560027  6.886980
1211560144  0.000000
1211560205  0.000000
1211560274  0.000000
1211560335  0.000000
1211560363  0.000000
1211560421  0.593729
1211582295  3.965715
1211582827  1.207249
1211604241  2.164507
1211621412  5.394817
1211624287  9.761924
1211670513  5.323687
1211708141  2.444904
1211720035  2.947438
1211722457  5.484731
1211725627  2.012082
1211726076  6.112658
1211728703  2.444904
1211754383  5.394817
1211826564  7.168427
1211829258  0.000000
1211829292  0.000000
1211829293  5.625321
1211860715  7.788907
1211868103  7.373331
1211880781  4.208009
1211896933  6.599740
1211906027  12.213885
1211927653  6.674052
1211931007  4.371812
1211938275  3.411494
1211979608  0.000000
1211979663  0.000000
1211979724  0.000000
1211979788  0.000000
1211979848  0.000000
1211979908  1.207249
1211995933  0.000000
1211995961  0.248337
1212006182  4.595744
1212009999  3.131371
1212014890  5.572399
1212025399  4.801826
1212040736  3.480638
1212041232  4.881857
1212043996  3.991060
1212070277  7.253334
1212098792  5.307804
1212111566  2.734635
1212135710  6.193024
1212165447  0.000000
1212165809  0.000000
1212165861  4.451313
1212189419  7.389314
1212193123  3.416393
1212196039  5.983343
1212215995  2.444904
1212216746  2.444904
1212220900  2.667168
1212240846  5.933296
1212248858  1.168306
1212276281  2.486343
1212289692  2.444904
1212293147  5.632912
1212322952  7.190012
1212332926  0.000000
1212332956  1.097499
1212341172  6.451584
1212341925  1.114384
1212345023  9.738247
1212345088  16.481701
1212345761  9.196168
1212357635  7.597500
1212385069  5.871381
1212454295  7.309846
1212469338  1.574673
1212477234  9.761924
1212477294  8.361285
1212499112  12.213885
1212499810  0.000000
1212499867  0.000000
1212499928  0.000000
1212499987  0.000000
1212500043  0.000000
1212500107  0.000000
1212500164  0.000000
1212500224  0.000000
1212500283  4.618145
1212505955  4.590555
1212506441  10.423824
1212519033  6.979021
1212535466  12.033632
1212539061  9.445240
1212543432  5.378899
1212547679  5.622569
1212597676  7.202261
1212598157  7.919023
1212724772  4.675565
1212726371  9.761924
1212797681  1.207249
1212837371  5.867769
1212846199  6.703930
1212880502  0.000000
1212880527  7.546455
1212893685  5.172071
1212897882  1.081119
1212967893  5.632912
1212994574  6.501961
1213013914  9.444962
1213027301  5.390916
1211035294  3.207187
1211049435  6.560933
1211158655  4.964600
1211163837  5.952700
1211177644  9.601892
1211184889  4.649387
1211220488  12.018093
1211321456  8.763263
1211415153  5.419759
1211432359  0.234503
1211521560  2.194999
1211521598  9.368362
1211593204  3.462132
1211668602  3.575644
1211678196  1.114384
1211692454  5.866600
1211740512  13.199444
1211779639  3.065097
1211849004  5.418226
1211866665  6.667920
1211870282  3.292498
1211874400  6.635998
1211875374  4.881857
1211875610  7.427290
1211877180  7.086095
1211936736  8.728947
1211940765  1.207249
1212022607  0.923163
1212055627  13.993650
1212055694  24.810005
1212215787  0.000000
1212216329  0.000000
1212216338  2.497757
1212374266  1.207249
1212385979  5.231367
1212568786  4.671083
1212638057  0.874155
1212650759  10.754740
1212663309  20.700140
1212853411  0.000000
1212853466  0.000000
1212853528  0.000000
1212853590  1.248879
1212859667  5.393906
1212861051  0.000000
1212861116  0.928653
1212861539  6.592551
1212895981  8.336649
1212908694  4.491616
1212908758  9.373685
1212986516  13.570984
1212986989  4.317214
1211029517  2.619540
1211035594  14.454964
1211038065  0.000000
1211038067  0.000000
1211038127  3.633873
1211039646  7.204841
1211052264  9.876424
1211055456  8.361285
1211431227  1.469220
1211469454  4.748935
1211495707  6.764208
1211522279  4.576741
1211522345  10.836858
1211526191  29.291142
1211553668  8.456435
1211567017  8.002767
1211578185  3.857496
1211578912  3.905485
1211668259  0.000000
1211668321  1.114384
1211754411  2.807084
1211845350  5.418226
1212211667  15.329227
1212249779  5.933296
1212295197  5.977784
1212349387  3.825463
1212374199  2.988892
1212648879  5.416609
1212790668  1.131796
1212866125  5.484731
1212912615  4.689764
1212950867  5.986589
1212954896  9.601892
1212977474  13.192479
1213023982  15.651305
1213035609  6.472687
1213048420  18.962370
1213074292  2.295278
1211038028  900.339966
1211042220  0.000000
1211042370  125.328552
1211083821  0.000000
1211083850  0.000000
1211083870  12.072494
1211262608  6.328536
1211314624  7.733149
1211314689  11.147038
1211315610  9.135496
1211389911  4.748935
1211437363  4.363785
1211568703  12.528447
1211592509  0.000000
1211592542  1.207249
1211651977  4.881857
1211734296  7.309846
1211816132  7.386627
1211900730  5.389788
1211902549  5.371926
1212001360  8.859742
1212064068  5.320971
1212086318  1.957702
1212086518  6.512554
1212088239  8.224688
1212093805  11.483799
1212096577  4.185093
1212180103  20.349918
1212181928  5.847472
1212263792  4.881857
1212274877  7.093710
1212303011  1.478264
1212379880  6.106943
1212391472  8.856815
1212392224  11.050216
1212394192  7.559937
1212459061  5.226607
1212579949  5.050776
1212774497  4.184449
1212809698  3.616190
1213032455  6.265582
1213053930  6.616002
1213076189  0.000000
1213076190  0.000000
1213076250  1.034785
1211093839  6.491303
1211100242  2.336612
1211101426  2.222640
1211315975  2.366036
1211350869  6.562292
1211502083  9.746461
1211533432  5.484731
1211553043  11.450518
1211648680  0.000000
1211648740  1.097499
1211649355  7.739082
1211680841  1.207249
1211683820  1.316999
1211687635  8.859742
1211701172  10.458918
1211743205  2.222640
1211745566  0.000000
1211745597  0.000000
1211745599  2.720712
1211792606  7.939202
1211793642  2.404824
1211834014  10.798539
1211843974  5.837648
1211853460  7.309846
1211904222  8.303265
1211986217  5.490052
1212026077  6.060931
1212102040  6.243468
1212202733  3.117043
1212280496  10.094261
1212281911  0.000000
1212281946  4.190237
1212298342  1.025834
1212310416  7.001784
1212325076  4.881857
1212340826  15.452164
1212347777  9.866171
1212464226  6.712438
1212472603  3.299174
1212472794  5.329403
1212482771  9.354034
1212510110  13.166117
1212523052  8.224688
1212542530  2.667168
1212564111  4.185093
1212595483  9.355852
1212613457  1.420293
1212629849  12.670504
1212634421  11.068024
1212763095  9.686808
1212763549  10.436723
1212786833  9.021820
1212803057  4.072267
1212818379  7.386284
1212902854  5.077143
1211314757  9.506705
1211423018  9.774824
1211511639  4.801826
1211610535  4.712515
1211732077  5.416609
1211746245  6.058731
1211935078  3.049074
1212175803  4.507998
1212175991  13.322484
1212177755  14.878167
1212187053  9.189319
1212304356  5.517177
1212342443  2.444904
1212395470  10.571107
1212447904  0.000000
1212447962  0.000000
1212447963  8.859742
1212525734  2.914355
1212605737  3.492720
1212605983  13.190832
1212609365  5.658128
1212633621  3.411494
1212687175  9.867590
1212691659  5.577693
1212704692  2.444904
1212794994  4.791057
1212877125  2.444904
1212909795  6.912411
1212947700  2.486343
1212954189  21.787771
1211039019  8.899467
1211056621  5.836029
1211060779  2.619540
1211129426  6.367639
1211177282  8.382855
1211248623  3.965715
1211265194  8.390547
1211266154  17.209913
1211268308  6.129639
1211272453  2.914355
1211307766  0.211386
1211308815  12.531291
1211315584  0.000000
1211315643  10.455400
1211348705  20.223852
1211349882  6.320560
1211424316  6.775217
1211469217  11.948272
1211509601  0.000000
1211509609  2.627995
1211511802  7.955830
1211513355  10.294397
1211538613  8.883315
1211538945  5.986589
1211744359  4.774082
1211994966  14.556472
1211997285  7.146210
1211997405  10.599202
1212003319  6.341005
1212088715  11.879291
1212287710  11.676672
1212298885  4.845593
1212323977  5.836277
1212463271  4.279331
1212508117  17.792929
1212556337  13.655633
1212595282  7.638660
1212691818  8.361285
1212725786  5.282562
1212771355  17.170038
1212823774  31.457232
1212823790  2.735010
1212823855  11.799582
1212849801  7.912720
1212862126  4.363785
1212870425  8.388595
1212870485  2.914355
1212873146  2.037420
1212903689  5.096845
1213029990  9.431406
1211033953  6.616002
1211037686  0.000000
1211037746  7.204841
1211056411  0.000000
1211056420  5.387836
1211087678  1.817619
1211093504  7.864308
1211093824  10.645323
1211099371  7.479002
1211510896  0.000000
1211510924  0.000000
1211510928  3.760592
1211511843  2.947491
1211563089  14.271488
1211608523  5.085682
1211658502  4.724378
1211689020  12.539472
1211746222  7.240368
1211765604  2.126003
1211772472  3.411494
1211846595  21.058855
1211932881  13.723670
1212025557  4.337697
1212028936  5.673860
1212030463  9.032079
1212044719  10.604488
1212050611  13.237574
1212051364  6.855914
1212126717  7.351250
1212127346  4.007627
1212138152  12.236731
1212174674  8.262577
1212239374  7.309846
1212239494  0.000000
1212239701  0.000000
1212239924  0.000000
1212239938  0.000000
1212239953  0.746752
1212240344  177.998886
1212243522  0.000000
1212243537  0.000000
1212243576  35.819607
1212255789  9.171064
1212256266  9.558722
1212290381  6.193462
1212306309  7.990032
1212313829  8.345265
1212357955  1.207249
1212381756  11.288533
1212462299  10.532538
1212476025  5.858228
1212564229  16.970055
1212564360  15.791636
1212625823  10.634123
1212686478  4.260880
1212797068  0.000000
1212797122  88.423157
1212810869  9.387710
1212905427  6.312013
1212962454  4.210627
1212986206  17.966463
1213035737  2.962927
1211168520  13.081093
1211212049  7.367293
1211220014  8.879574
1211236313  13.515576
1211239527  4.763439
1211308341  9.667384
1211345944  5.484731
1211349122  9.601892
1211458605  4.872893
1211514071  1.395127
1211771304  5.865076
1211953427  6.020251
1211998874  7.636770
1212112138  3.958262
1212118929  16.045763
1212134546  11.568630
1212227689  2.682776
1212291253  1.049782
1212293186  10.098542
1212432451  5.590987
1212475955  4.881857
1212495160  7.796991
1212533751  2.667168
1212620502  6.471456
1212636771  4.912691
1212651179  13.494640
1212766235  7.600221
1212776582  1.207249
1212780146  3.255438
1212885122  4.177619
1212887357  10.098542
1212913674  6.697539
1212931621  9.830558
1212933977  13.770062
1212934377  0.000000
1212934438  0.000000
1212934497  7.805244
1212938632  4.872893
1212941289  4.109133
1212954089  5.484731
1213018131  4.973387
1213022315  6.129639
1213027887  1.006041
1213027959  7.265261
1213029281  23.701624
1213044097  0.000000
1213044160  9.165251
