1211096572  6.938990
1211097168  9.142276
1211514235  6.485296
1212294362  6.752903
1212985822  7.323778
1211441675  5.866458
1211472397  7.642550
1211535887  9.235943
1211605234  4.936710
1211605585  4.264849
1211711784  4.485444
1211866625  10.419218
1211985604  4.335929
1212078699  7.126306
1212206318  3.343203
1212257262  9.053237
1212549264  10.213557
1212729884  8.797334
1212805102  3.664166
1211566462  5.832226
1212083487  8.607004
1212995270  11.343702
1211135086  6.751962
1211259555  6.670485
1211262584  8.781716
1211347242  3.727686
1211706380  18.696833
1212197555  13.977652
1212556810  10.622467
1211101726  7.455373
1211523309  9.397977
1211617080  5.100513
1211922513  2.593772
1211952733  13.163047
1212205903  6.276918
1212306380  4.002396
1212560505  6.707808
1212650069  9.150434
1212915372  6.479762
1211337928  4.129457
1211392563  8.676276
1211528502  4.645638
1211692199  10.839824
1211965548  11.756211
1212049490  10.769208
1212140071  6.883314
1212141172  8.183477
1212655778  4.335929
1212904270  4.196061
1211188079  9.433084
1211676452  4.002396
1211702916  5.964233
1212215713  8.723683
1212304236  6.437390
1212406457  4.264849
1212496618  11.892552
1212549635  14.096966
1212600979  10.605628
1212647999  10.268385
1212652761  4.264849
1212773644  6.961091
1212909534  6.045809
1213014461  8.116435
1213014944  8.078876
1212127906  7.826899
1212205203  6.687041
1212735354  12.773069
1211174354  10.792570
1211248815  9.642611
1211260655  9.982291
1211268228  5.203115
1211512157  4.199430
1211539646  4.522463
1211697610  6.545075
1211870282  10.050044
1212734629  9.047215
1211337522  7.455373
1211703749  7.685156
1211794066  7.035999
1211795694  9.573809
1211954527  8.095830
1212198434  4.086589
1212728409  11.001841
1212911178  16.783249
1212992015  12.171237
1212992304  18.863089
1213032126  8.286273
1211173087  9.314094
1211979815  5.079504
1212559966  8.781716
1212654470  6.468469
1211332077  2.255158
1211439213  7.266687
1211542748  12.004379
1211654189  5.309301
1211754136  7.157080
1212061933  8.476196
1212294676  6.255053
1212633281  4.485444
1212885562  8.723683
1213078636  4.264849
1213079425  8.013858
1211450374  12.498688
1211957079  6.495801
1211959832  6.170887
1211970958  14.658354
1212131641  6.148501
1212386507  0.000000
1212386576  0.000000
1212386691  0.000000
1212386749  0.000000
1212386813  0.000000
1212386870  0.000000
1212386987  4.430308
1212390770  9.447503
1212418622  5.346846
1212888590  6.751962
1211176516  4.335929
1211615976  4.469507
1211792641  8.183477
1211793165  7.544855
1212040331  3.423102
1212326317  10.153134
1212582570  7.860695
1212983343  2.737463
1211262596  5.738158
1211565210  11.550022
1211946880  9.361312
1212473041  7.157080
1212641176  5.827069
1211944149  5.549590
1212476564  11.524586
1212697112  10.470975
1212820878  4.064934
1211236680  12.378447
1211792315  7.394793
1212098281  10.537731
1212296779  4.335929
1212552490  9.282279
1212830679  8.642396
1211188549  8.412322
1211318582  6.278140
1211322845  10.715509
1211348698  6.503894
1211675050  4.024770
1211697091  0.000000
1211697093  7.862466
1212096826  8.827219
1212218705  10.268385
1212346535  4.196061
1212691558  7.455373
1212891606  5.731544
1212896774  6.133757
1211020968  9.150434
1211055455  4.389002
1211167651  8.158491
1211255882  8.640076
1211268043  8.374489
1211277627  5.781239
1211601976  3.825820
1211770226  5.759495
1212139825  8.205960
1212386510  8.099162
1212395754  8.879674
1212396194  3.882922
1212739963  7.129832
1212862128  5.964233
1212908239  6.190452
1211019397  9.733372
1211145281  5.964233
1211673621  4.409420
1211682288  6.278140
1211693454  3.604373
1211696266  6.691216
1211699686  4.409420
1211756778  4.409420
1211850300  8.230623
1212053004  7.266687
1212054151  5.964233
1212218796  3.067443
1212386989  6.169896
1212393889  8.974339
1212879536  8.370073
1212966727  4.335929
1211448389  14.302775
1211448774  6.054397
1211946678  11.201875
1212028090  6.764564
1212046514  10.603287
1212087862  4.335929
1212573280  6.974261
1212744076  5.665077
1211134119  7.910277
1212179119  4.730105
1212182631  5.687234
1212212365  8.182119
1212277112  6.596682
1212476564  12.511994
1212523642  7.774277
1212742969  8.079347
1211609846  0.000000
1211609870  0.000000
1211609874  5.490662
1211755961  5.079504
1211856850  15.510355
1212159051  5.879202
1212477795  3.882922
1211589685  4.335929
1211599915  5.964233
1211676387  6.201591
1211767173  4.335929
1211783605  4.335929
1211787913  9.417210
1211857399  9.940388
1211858140  5.866458
1212136434  10.100051
1212139177  12.158982
1212140554  7.860695
1212268076  6.065321
1212472994  3.770373
1211062210  5.827069
1211307599  5.133446
1211775576  4.002396
1212358171  6.152008
1212373339  5.489484
1212683413  7.346037
1212774377  3.979691
1212817126  5.655560
1211104018  8.620770
1211438883  8.814045
1211524346  3.770373
1211689101  2.990296
1212117868  4.807028
1212564216  21.796499
1212822337  7.405054
1212996380  7.571652
1211265297  8.990908
1211524644  11.452336
1211784630  2.218189
1211796043  7.266687
1212307522  5.866458
1212395774  13.382431
1212396858  8.809390
1212485787  12.509878
1212632452  11.329224
1212876296  5.178402
1212390831  6.390250
1212632674  6.169896
1211085359  8.883847
1211423597  11.160098
1211524239  4.700689
1211700209  13.529127
1212184047  5.591468
1212222146  8.768371
1212284138  4.764862
1212356953  10.100051
1212387667  7.269736
1212414878  10.650533
1212560675  11.748029
1212575208  4.463392
1212958603  7.333153
1213053824  8.781716
1211306073  5.419912
1211424997  5.964233
1211519005  11.185665
1211527103  7.500991
1211954208  7.100355
1212045721  10.858497
1212048618  4.335929
1212638082  7.243710
1212730900  6.926596
1212731671  5.680222
1212746254  6.861773
1211037211  6.680716
1211184080  4.335929
1211292157  6.996225
1211795282  11.691951
1211882494  7.346037
1212022360  9.672489
1212094427  12.364291
1212139155  17.829020
1212148084  12.804803
1212481488  8.781716
1212734584  8.728146
1211350223  7.900956
1211691497  5.827069
1211858769  10.808826
1211870433  8.215869
1211875547  8.127159
1212393877  9.053237
1212485376  7.860695
1211049906  8.928079
1211504682  14.865691
1211592049  3.941754
1211602937  4.264849
1212304873  4.719815
1212800717  11.715364
1212810257  4.064934
1211644153  13.213947
1211747770  5.771838
1211782702  5.866458
1212325882  8.205960
1212338734  5.964233
1212947490  4.485444
1211084759  5.964233
1211167571  5.827069
1211344658  4.771386
1211382915  6.169896
1211616314  4.064934
1211844204  9.582135
1211868710  8.684845
1212090803  10.213557
1212440281  7.269736
1212814132  7.987899
1212821924  5.422030
1212883782  5.866458
1212888588  10.595815
1212896496  6.065321
1212901072  7.611149
1211246228  7.776630
1211260837  5.964233
1211675776  4.196061
1212120865  4.877660
1212724816  9.235943
1212812442  3.941754
1211077275  5.731544
1211264148  6.065321
1211270613  8.059424
1211429491  5.720541
1211846935  11.452336
1211861873  5.964233
1212122206  8.640076
1212540656  4.335929
1212542133  2.291165
1212552884  5.505446
1212559792  8.284006
1213041107  10.163815
1211273637  9.937146
1211861962  5.771838
1212191568  3.919468
1212575630  7.995294
1211071603  6.065321
1212212989  4.410425
1212416354  6.545075
1212464652  6.390250
1212897091  3.985900
1212195194  7.513015
1212229002  10.477917
1212621541  5.964233
1211034413  8.502932
1211173406  4.129457
1211563817  4.911773
1211579895  8.064439
1211642294  9.200591
1211644389  4.064934
1211850771  5.731544
1211876130  5.771838
1211941941  4.212424
1211946836  6.723541
1211950833  7.279480
1212135790  11.132789
1212206172  9.528425
1212826681  9.198794
1212882714  3.893301
1212903449  4.196061
1211322453  0.000000
1211322473  0.817637
1211426094  5.262558
1211466511  5.561927
1211772780  7.214877
1212030782  10.301629
1212132173  11.898417
1212137634  196.324493
1212630317  4.335929
1212634712  5.866458
1212643091  2.529805
1212834716  11.566746
1213002640  8.974339
1211679792  5.879762
1212643947  7.225610
1212790868  5.866458
1212808390  6.451780
1211394173  8.162263
1211577997  8.502724
1211684784  4.264849
1211700119  0.349217
1211080605  4.868571
1211156079  0.000000
1211156081  1.961007
1211621399  7.352847
1212044849  7.387799
1212380950  5.731544
1212557312  4.771386
1212976709  5.316457
1211694348  2.629237
1212129543  5.759495
1212733696  11.852432
1212922635  6.661271
1211270474  5.827069
1211601884  5.086448
1211952523  9.357268
1212040208  10.774074
1212049062  10.083114
1212051953  6.670660
1212113943  6.923558
1212130621  2.293936
1212134132  11.952148
1212476983  10.351644
1212488577  10.011291
1212490610  11.566746
1212641217  6.169896
1212658339  10.289616
1212729346  6.010487
1212896726  12.358271
1212914339  9.467681
1212992039  10.248411
1212996586  8.241302
1211024480  4.064934
1211255301  11.039472
1211525249  5.655560
1211525981  6.325012
1211703048  5.582469
1212037373  9.882376
1212138936  6.910148
1212288041  4.645638
1212444314  2.362739
1212470953  4.264849
1212551367  13.432682
1212645574  8.174667
1212809331  4.564136
1211171467  5.827069
1211188746  11.637994
1211363986  5.422030
1211952261  4.335929
1212047286  11.039472
1212128935  7.225610
1212223930  4.390087
1212310700  11.984266
1212328446  9.329131
1212556819  10.034822
1212896305  9.957180
1211227633  7.354627
1211236297  5.827069
1211856058  8.241302
1211874333  7.346037
1211943943  5.827069
1212053633  10.854946
1212389454  8.129868
1212622580  5.827069
1212985165  5.047975
1212996775  8.718225
1212997863  14.376517
1213004197  9.484621
1211108575  13.060812
1211333600  8.031808
1211356301  5.964233
1211596378  7.606211
1211623398  5.165597
1211744119  11.245749
1212789033  3.941754
1212821536  4.564136
1212887807  6.278140
1212133001  5.505446
1212220942  7.199369
1212308521  10.525117
1212644744  5.505446
1212733408  8.552629
1212915673  12.546029
1212119901  4.335929
1212559795  13.608699
1211095857  7.333153
1211154589  5.203115
1211180745  5.964233
1211332095  5.964233
1211609622  5.827069
1211764314  7.203096
1212297952  4.264849
1212917346  5.535229
1212945433  13.382431
1211020964  9.053237
1211259862  8.701092
1211357889  7.453552
1211442988  5.505446
1211532949  10.533693
1211740783  5.771838
1211776745  8.928079
1211834376  6.780957
1211868947  5.771838
1211872762  5.316457
1212138567  15.476119
1212355147  5.218271
1212399596  4.181035
1212568486  11.938186
1212994973  8.283748
1213084540  7.266687
1211767423  10.010023
1212221516  9.126448
1211312474  10.100051
1211373639  5.680222
1211656752  0.906180
1211831747  5.346846
1211964402  11.696357
1211987782  8.481957
1212052879  8.701266
1212478585  14.772675
1212555339  7.106878
1212560256  4.064934
1212605805  4.409420
1212633269  7.341816
1212908220  42.352478
1212909701  7.387799
1213004529  8.432110
1211213735  4.335929
1211267932  8.781716
1211449238  11.938186
1211606634  8.392121
1211788111  5.827069
1211958668  9.313342
1212229309  17.112232
1211182823  12.546029
1211323986  5.378833
1211643947  8.718225
1212302100  9.937146
1212381434  5.759495
1212448764  10.442425
1212649729  8.133045
1211081724  4.390087
1211247542  4.363982
1211357954  7.522130
1211362147  13.163047
1211772820  8.970888
1211776081  2.965584
1212287826  8.099162
1212306490  8.026979
1212574266  5.489720
1212825974  5.378833
1211101927  10.808826
1211180265  5.771838
1211652118  5.276871
1211784339  10.323846
1212346783  5.964233
1212397375  9.397977
1212818890  9.195568
1212824015  6.283085
1213002211  5.174413
1211103140  16.347906
1211182240  5.067017
1211266061  7.387799
1211314771  6.289543
1211612228  8.642396
1211691998  5.759495
1211772378  4.730105
1211783244  5.079504
1211916387  4.417950
1211952505  8.781716
1212365223  4.471871
1212764024  6.975800
1212907937  4.335929
1211530571  6.955245
1211537793  7.726624
1211572670  8.116435
1211814971  10.681540
1212389148  1.572213
1212406446  8.418451
1212638900  4.335929
1212644927  7.387799
1212934324  7.398816
1211414859  5.964233
1211696923  4.573288
1212297097  5.505446
1212524159  9.565798
1211095022  8.325717
1211178604  4.052388
1211254903  5.349704
1211271565  9.000426
1211350140  9.724399
1211352456  7.031237
1211492925  4.129457
1211533957  7.455373
1211565274  8.116435
1212217647  11.264593
1212738704  9.752849
1212824675  5.866458
1212936346  8.412322
1211364369  5.079504
1211432184  1.197565
1211503509  6.901746
1211669480  7.987899
1211712552  11.671019
1211775006  4.002396
1211958826  9.206191
1211965755  5.759495
1212298031  0.000000
1212298056  1.932993
1212480820  5.964233
1212991298  10.679840
1212510830  7.016745
1212639488  8.801473
1211079347  3.563777
1211219465  2.329998
1211390856  4.817699
1211790896  7.455373
1211825094  7.883508
1211987496  5.638529
1212168128  13.007788
1212290365  3.468744
1212317308  9.232302
1212482963  10.179734
1212636616  4.335929
1212951135  5.309301
1211622673  16.079906
1212023748  8.860762
1212190458  6.626925
1212316816  8.679380
1212552759  1.744280
1212619563  5.726168
1212657405  8.928079
1211082996  5.549590
1211164164  4.335929
1211607654  5.186289
1211702676  5.485233
1212000330  10.808826
1212420986  7.333153
1212649026  3.127005
1212811962  6.278140
1212974299  3.941754
1211503793  6.065321
1212188098  3.343203
1211250105  6.670660
1211313857  3.941754
1211594844  5.960887
1211683454  5.235905
1211709207  4.335929
1211858638  6.506436
1212632080  5.771838
1212720736  13.692409
1212745411  11.952148
1212864815  5.378833
1212845130  14.620005
1211181340  5.964233
1211355955  7.420615
1211356133  8.446589
1211771282  5.866458
1211773526  5.771838
1212133756  4.335929
1212555762  8.974339
1212556782  5.112200
1212567824  11.301821
1212655763  4.335929
1212752900  4.335929
1211449184  11.196841
1211548934  7.738685
1211700441  8.195903
1211700661  7.016745
1211702313  0.000000
1211702358  0.000000
1211702366  0.000000
1211702372  12.487384
1212031279  59.311687
1212305952  8.748103
1212510628  7.972199
1212903619  12.835481
1212917577  5.128725
1211083159  8.099162
1211098579  5.759495
1211600236  2.982116
1211644255  5.771838
1211842414  4.730105
1211873696  8.928079
1212218983  4.957090
1212555901  6.296603
1212628474  5.964233
1212715131  3.855215
1212866706  0.000000
1212866717  0.569868
1212898828  0.882194
1213047557  4.902109
1211099332  9.733372
1211260946  13.463267
1211356041  14.000630
1211356815  6.244423
1211621586  7.924099
1211683034  2.182411
1211966227  12.950740
1211966931  14.144693
1212016771  7.150560
1212140933  13.383693
1212348373  4.264849
1212354460  10.154602
1212462387  6.780957
1212727588  6.110018
1211291831  7.991706
1211373342  9.195441
1211404742  12.618484
1211630515  10.268385
1211634589  8.781716
1211894295  5.079504
1212041870  5.680222
1212077004  3.325990
1212077943  5.866458
1212153223  7.186936
1212459077  4.129457
1212469015  11.366420
1212588545  9.138933
1212754069  10.095055
1212804650  5.964233
1212913383  3.060656
1211753106  7.455721
1211787878  5.112200
1211996097  7.303143
1212542939  11.433817
1212555271  14.911442
1211271805  2.023363
1211600101  3.816524
1211680091  1.253710
1211739338  3.011671
1212027995  4.335929
1212038635  16.976486
1212134652  5.731544
1212813113  5.964233
1211175176  7.651640
1211180182  15.012159
1211292275  0.971572
1211442245  19.226236
1211521674  7.269736
1211607305  9.060340
1211783509  7.179472
1211922990  4.390087
1212126259  5.079504
1212194354  8.781716
1212213776  7.789003
1212258434  13.163047
1212284067  4.264849
1212373952  9.940388
1212477889  9.129027
1212481113  6.989412
1212522004  2.893177
1212589019  4.817699
1212836882  14.338319
