1211074847  6.807641
1211086738  7.600975
1211101087  11.335859
1211261184  6.997725
1211262396  7.046519
1211329784  5.263465
1211340481  11.736787
1211510800  8.497362
1211564383  5.890438
1211954635  7.932443
1212021946  6.780493
1212108619  6.856629
1212117799  7.859441
1212291858  4.823112
1212305380  6.013799
1212545153  3.956680
1211124123  4.679139
1211173497  5.809005
1211270459  8.390795
1211270768  5.124582
1211292264  0.922326
1211342488  5.177178
1211401197  8.512045
1211469813  13.218438
1211664817  18.381334
1211926106  5.738016
1211961548  7.174438
1212739373  6.653030
1212777482  22.682079
1212787213  2.953960
1212803685  6.114029
1212811695  5.533231
1211571365  4.334997
1211022661  5.225038
1211316859  8.716241
1211532768  6.958473
1211534774  3.492977
1211534955  4.199439
1211536048  5.229753
1211613874  4.145093
1211623970  6.520744
1211820147  3.467595
1211834114  4.270616
1212225459  4.317097
1212536776  7.683446
1212542458  8.553935
1212546494  5.500040
1212816287  2.084287
1212891375  8.962787
1212925108  7.485661
1212955870  10.501278
1211088207  4.352348
1211255907  16.927156
1211329993  10.143773
1211402384  2.622830
1211419401  4.352348
1211524800  21.851645
1211727937  5.229753
1211816559  4.270616
1212004659  0.883131
1212309555  10.549908
1212370003  5.263465
1212592916  2.757614
1212709693  3.382761
1212952479  7.442552
1212970377  11.669305
1213032612  0.627437
1211019143  0.897850
1211074435  7.932443
1211240785  10.845074
1211524854  6.000245
1211612644  9.256573
1211613376  11.303769
1211710897  6.133612
1212010220  3.004180
1212073664  5.629123
1212810724  0.000000
1212810750  0.000000
1212810756  4.462990
1211086907  9.084313
1211169429  9.395359
1211221048  7.541076
1211349988  0.000000
1211349989  5.099436
1211527988  4.533570
1211595939  4.980709
1211610463  3.331047
1211695336  5.015839
1211696742  7.334220
1211701700  8.554404
1212104503  6.960993
1212347327  7.694563
1212447354  25.177402
1212727063  6.019987
1212812114  4.392380
1212949043  6.102443
1212970057  5.558208
1211037498  4.660693
1211039128  3.856796
1211246166  6.116670
1211256751  11.872980
1211415594  4.620051
1211518990  8.301182
1211584637  4.815832
1211600500  9.911007
1211612390  1.460285
1211860145  6.690464
1211866999  6.019987
1212200112  17.271263
1212367136  2.581955
1211023316  4.199439
1211023661  3.497106
1211151887  662.511597
1211212142  4.663230
1211321209  6.114029
1211322319  7.859441
1211470859  4.344247
1211483579  8.562837
1211855283  12.231141
1211858418  2.969241
1212236688  3.356610
1212293270  1.774810
1212362391  6.604274
1212377985  6.105701
1212587437  4.827573
1212821998  3.838548
1212926425  6.359863
1211060808  10.290606
1211179466  9.453957
1211179829  2.667284
1211667233  6.237216
1212004815  5.100266
1212398574  4.603004
1212477486  104.500763
1212805857  11.383712
1212956494  6.946131
1211095725  14.887762
1211172131  9.245526
1211356450  4.211950
1211709662  6.801972
1212069347  5.225038
1212227947  5.832081
1212343568  6.970907
1212470940  12.655073
1212561382  8.716241
1212706568  3.467008
1212776335  4.352348
1213006967  9.736142
1211475013  5.021940
1211618001  7.946601
1211948354  6.722821
1212134981  6.620059
1212503146  4.280998
1212603838  6.653030
1212666294  8.483651
1212773330  6.151896
1211348584  9.131103
1211430986  1.795699
1211969357  6.690464
1212095134  11.306913
1212256131  9.109717
1212301479  3.128039
1212307806  13.319731
1212473676  1.253330
1212724768  9.365825
1212727077  3.480262
1212847051  7.600808
1212905011  10.756131
1211349618  5.689090
1211525149  12.434259
1211687385  0.718280
1211819086  3.705387
1212198559  5.164563
1212312176  8.933281
1212352777  6.547665
1212584030  8.828568
1212916731  4.825943
1211244565  6.970907
1211416893  7.697255
1211534774  12.042471
1211609860  9.887844
1212238769  5.229753
1212738772  4.389048
1212912228  6.105701
1211556759  7.046519
1211786522  6.771777
1211809380  5.225038
1212475658  4.344247
1212526869  14.983396
1211185550  5.890438
1211438719  41.966549
1211443068  3.296499
1211704381  3.435715
1211710631  4.017552
1211780592  8.733306
1211798129  4.685927
1212222173  6.022568
1212287503  7.470337
1212293732  0.000000
1212293822  1.741514
1212300916  8.470404
1212310684  10.836601
1211060931  6.421513
1211094829  3.552180
1211253156  6.349251
1211255333  6.013799
1211311465  8.417348
1211391471  5.946569
1211394060  10.536034
1211551586  9.533352
1211784011  13.122570
1211868065  12.795873
1212225639  6.114029
1212247820  4.352348
1212347947  5.997860
1212442146  4.443036
1211034894  5.809005
1211035468  4.318821
1211077020  39.479698
1211165713  8.554404
1211598407  6.105701
1211732055  0.000000
1211732081  0.897850
1211783038  10.823770
1211857484  6.411555
1211907341  9.615138
1211996897  3.177745
1212134145  7.280454
1212252802  6.856200
1212303629  13.449895
1212325621  6.801972
1212477749  4.390801
1212696480  3.999466
1212720497  12.309611
1212745184  0.000000
1212745248  4.462990
1211062600  7.424229
1211325159  5.061052
1211344932  6.120320
1211376722  7.679783
1211411930  5.560634
1211449263  4.199439
1211593081  3.820702
1211618743  9.571873
1211676194  4.791055
1212276711  6.638697
1212283159  5.225038
1212296003  5.144020
1212307403  8.553935
1212358698  6.500622
1212409660  4.141310
1212644080  18.939224
1212946503  9.192953
1211076438  8.995556
1211097779  29.620474
1211193774  12.240152
1211353373  8.290022
1211358176  4.249874
1211789326  10.976718
1211870371  17.827507
1211960769  4.988979
1211961116  8.232962
1211980766  7.767822
1212122407  11.335859
1212140781  11.455939
1212193673  3.719751
1212213086  6.995023
1212215639  6.317375
1212219551  6.953490
1212556868  5.459045
1212910348  9.314018
1212943733  12.202836
1213009760  12.889131
1213084188  6.114029
1211355853  3.084282
1211424831  0.000000
1211424890  0.000000
1211424950  5.311619
1211463224  6.669850
1211729554  8.021007
1211927459  8.028725
1211949022  5.313598
1212028447  7.924420
1212043747  6.278744
1212129509  4.607820
1212231558  4.280998
1212356811  7.363047
1212529347  4.823112
1212614228  6.991863
1212784205  6.105701
1212898516  6.549442
1211040239  8.531203
1211166577  15.122326
1211260339  8.716241
1211433251  11.395494
1211501843  6.856629
1211619810  7.725754
1211764900  6.114029
1211769562  8.435071
1212040925  5.056489
1212129205  4.724844
1212305210  6.598272
1212561246  11.335859
1212918117  6.105701
1212919104  7.866189
1211115280  7.714964
1211142219  11.678341
1211169652  1.736906
1211358659  6.867840
1211393755  64.696854
1211401842  6.542501
1211409314  4.948743
1211570611  7.866189
1211595331  8.321514
1211701122  15.324973
1211734763  9.380060
1211769066  10.463169
1211836087  2.622830
1211938215  294.137604
1212044723  7.099050
1212050155  9.399527
1212118211  8.006348
1212303406  3.990044
1212345021  8.716241
1212352478  6.114029
1212504347  19.066471
1212513459  6.033061
1212640098  5.533231
1212891914  3.676818
1212899693  4.389048
1212910777  5.229753
1211253001  10.483835
1211874484  12.264791
1212213181  5.139382
1212246550  11.150025
1212446116  14.319975
1212468627  7.870389
1212978685  14.043451
1211168704  4.317097
1211753986  5.228105
1212204002  4.415525
1212536421  1.770540
1212987342  16.140491
1211166533  8.736545
1211169959  2.856237
1211171060  12.537944
1211173237  6.352802
1211272988  10.693801
1211414081  3.065127
1211446217  12.414062
1211586542  7.061907
1212191746  6.927233
1212277218  4.823112
1212360304  11.815890
1212388386  4.344838
1212486646  8.116325
1212575330  5.099436
1212629958  3.495520
1212659407  8.981650
1212807668  7.315919
1212848977  7.059741
1211036131  5.245659
1211214930  4.389048
1211449623  12.763872
1211788419  5.916802
1211833818  15.698932
1212200557  5.025229
1212398133  2.579833
1212311039  7.932443
1212347021  9.446031
1212358748  7.697255
1212512357  4.029847
1212638334  10.164298
1212887830  5.056489
1211084133  19.225189
1211229262  8.380132
1211309871  4.097171
1211319135  4.502810
1211321450  9.513766
1211341991  9.914073
1211621510  6.114029
1211631115  10.644361
1211930134  11.301171
1212046838  19.064547
1212229729  10.814553
1212505546  2.609596
1211020516  8.580916
1211154906  8.983277
1211510384  3.936974
1211530504  6.702882
1211532117  5.580685
1211532541  9.997671
1211662925  4.581419
1211854501  5.543833
1211857172  10.968487
1211888976  6.114029
1211956712  0.792220
1212007561  5.056489
1212039027  6.251044
1212385590  4.950734
1212395571  9.060110
1212563310  8.192674
1212569827  5.946569
1212646518  20.715937
1212647978  6.039144
1212900853  15.097215
1211113071  10.291642
1211240263  4.993201
1211246825  5.911869
1211262990  16.283421
1211266278  3.274666
1211268942  4.334997
1211315438  4.352348
1211328306  8.499046
1211421787  6.156162
1211441858  9.677243
1211522407  7.227674
1211613349  7.417388
1211700055  11.195391
1211711268  5.789685
1211848471  7.632091
1212032838  14.278924
1212084875  5.988611
1212115986  7.436452
1212116169  8.668163
1212136699  10.664917
1212373303  7.590529
1212493267  4.199439
1212493387  7.402464
1212494810  4.244705
1212495047  4.190497
1212496143  8.232962
1212496264  9.060110
1212499628  3.613425
1212558971  5.225038
1212945203  5.099436
1211153248  5.563927
1211169265  3.019572
1211221061  35.513607
1211257580  9.143780
1211261379  5.916802
1211263457  13.449827
1211370527  14.230845
1211872021  556.791138
1211953450  13.190757
1212250478  11.872980
1212395394  10.498625
1212398681  4.190497
1212398765  5.038587
1212399237  5.089206
1212402296  2.579827
1212426871  5.703439
1212476332  5.540176
1212479706  5.738016
1212481238  1.579005
1212483956  6.897181
1212484490  4.130596
1212610051  5.090841
1212710812  5.997245
1212864717  10.192751
1211093330  5.822885
1211334467  5.890438
1211486985  9.196890
1211590124  4.878668
1211668936  5.629123
1211686561  4.352348
1211918169  5.260949
1212185140  5.040572
1211157008  5.225038
1211678449  3.868151
1212249384  7.159971
1212299952  5.061052
1212835282  2.622830
1211690217  3.351441
1211711010  5.750261
1211768059  8.716241
1211780231  5.072129
1211894065  7.866189
1212124857  13.424976
1212251825  5.225038
1212320654  16.841122
1212549326  5.229753
1212550364  16.259457
1212645941  6.993887
1212930532  8.079724
1212931907  8.377945
1212935545  8.296719
1212936943  7.981078
1211065341  5.225038
1211205363  3.435715
1211464654  4.717568
1211509642  0.000000
1211509751  5.367827
1211550868  7.800675
1211787121  6.986751
1211811097  5.712474
1212125133  2.789891
1212416686  4.683362
1212454356  4.352348
1212501739  4.305778
1212697733  2.387303
1211189200  8.720952
1211273664  9.627386
1211427789  5.508379
1211569157  8.913754
1211572495  0.000000
1211572496  0.000000
1211572519  2.665821
1211596714  8.899030
1211681940  8.290022
1212072367  27.814743
1212074818  3.956680
1213079717  7.622771
1213080251  4.501191
1213080929  6.468308
1213081549  9.504372
1213081783  4.244705
1213083306  4.426117
1213083666  5.832081
1211120285  7.105158
1211137855  1.919144
1211226457  5.990276
1211234920  5.998246
1211257133  4.165458
1211378346  6.331365
1211426148  6.547665
1212041804  4.371383
1212067690  6.033061
1212350827  8.234145
1212445641  3.504877
1212553494  7.974820
1212568809  10.305326
1212871812  0.000000
1212871822  1.517605
1212917767  15.378987
1211086311  7.675821
1211170736  5.911869
1211180759  15.400077
1211194387  4.365667
1211196164  6.105701
1211859491  6.120320
1211863539  6.313982
1212025404  6.120320
1212230533  8.733306
1212427798  2.417971
1212437981  6.780493
1212709990  8.313146
1212712895  6.872214
1211058911  8.716241
1211071478  6.324858
1211074274  4.365667
1211113037  9.437625
1211315116  9.273358
1211599292  5.810201
1211678669  4.378187
1211679371  4.229300
1211859262  7.497531
1211934413  4.165458
1211948057  5.072129
1212007519  4.898473
1212193576  4.730383
1212207644  5.089336
1212211832  6.883008
1212215801  5.822885
1212695529  8.316288
1212817409  4.130596
1212861671  10.463870
1212920415  6.150800
1212953608  6.997725
1213016549  5.998246
1213024158  4.389048
1211038499  5.380779
1211111387  9.127724
1211137754  8.020059
1211140930  5.405212
1211172621  3.008923
1211528309  14.176916
1211555582  8.082195
1211688219  12.315027
1211788838  7.843546
1211867763  5.929283
1211879904  9.056610
1211913064  0.000000
1211913090  0.000000
1211913092  0.883131
1212145165  4.318821
1212220868  10.463169
1212307137  6.421513
1212636233  12.209753
1212817054  7.356514
1212877672  5.822885
1213085667  10.320580
1211159487  4.199439
1211164135  4.463439
1211299677  4.352348
1211338188  7.054649
1211344495  5.144020
1211386815  6.491953
1211848433  6.114029
1211951365  27.208952
1212787674  3.360633
1212809639  0.000000
1212809659  11.846232
1212954119  4.352348
1213004888  11.335859
1211147255  9.830369
1211384032  6.287899
1211563707  11.625744
1211660973  14.247993
1211703155  5.519329
1211784246  5.366332
1211802643  8.802590
1212029465  7.541076
1212091102  14.803756
1212416918  3.931650
1212473641  3.492977
1212708481  15.358225
1212710545  7.287827
1212743066  7.866189
1212812610  8.683369
1211235039  6.878344
1211683099  7.556499
1212395888  9.605996
1212459010  0.741815
1212704504  5.909522
1212891677  5.418957
1213083625  7.866189
1211331464  6.878344
1211673398  8.842364
1211678569  9.535886
1211692377  3.541079
1211795233  3.093638
1211855625  8.152039
1212184028  1.741514
1212198174  5.139382
1212738743  2.665821
1211362292  5.165649
1211617529  9.439426
1212055892  8.345875
1212158023  6.263818
1212190337  8.815081
1212191873  6.312674
1212310484  6.984176
1212314255  7.111508
1212330630  5.173463
1212336252  6.120320
1212349956  17.540125
1212475752  5.144020
1212481739  9.389997
1212525932  5.089206
1212542952  6.690464
1212549032  6.712541
1212574766  8.577986
1212719186  11.565723
1212853743  7.432048
1212904396  8.268710
1212945326  8.149223
1212965154  16.463135
1211321284  6.819212
1211332167  6.541222
1211511389  4.917806
1211518736  4.165458
1211616809  3.710536
1211724808  18.689205
1211869262  6.376849
1211873343  15.931342
1212020561  6.120320
1212035195  8.099541
1212071950  2.954259
1212133518  7.579340
1212635026  7.046519
1211078912  2.458903
1211135333  6.312674
1211230553  4.922472
1211493335  6.102443
1211513890  7.238626
1211771283  4.965970
1211868547  16.230446
1212121809  3.224287
1212146890  14.497484
1212291578  7.870389
1212395888  11.115950
1212396212  7.092318
1212396472  4.352348
1212399595  6.120320
1212425938  4.426117
1212569836  7.679783
1212979197  12.878551
1211117266  9.975497
1211124814  2.622830
1211337608  6.970907
1211352363  11.662636
1211471696  5.667578
1211781936  5.021940
1211858743  6.728584
1211946815  2.686906
1212471801  7.866189
1212917283  10.579465
1213087768  7.635344
1211087719  4.823112
1211095778  7.234120
1211165098  5.905591
1211167890  4.608272
1211170845  8.000407
1211173590  5.225038
1211288125  5.004514
1211288336  0.897850
1211301237  5.229753
1211616029  10.459489
1211752246  9.871304
1211768795  7.467047
1211942193  5.998246
1212030442  6.120320
1212053187  7.694563
1212136322  2.861269
1212232322  6.417490
1212273568  5.922890
1212435011  5.225038
1212691622  3.138696
1212855274  5.048947
1212857721  4.390801
1212863210  5.316717
1212866184  4.029847
1212872057  9.274920
1212887780  8.602385
1211407328  4.628286
1211510074  0.000000
1211510075  7.541076
1211558853  5.832081
1211975537  6.120320
1212122442  9.179950
1212739598  9.510784
1212747059  6.002403
1212892177  0.000000
1212892178  0.000000
1212892186  1.585558
1212902406  10.010499
1211064601  5.819496
1211521690  5.228105
1211522111  7.678085
1211613528  5.914193
1212303217  4.201111
1212905657  6.971136
1211176371  6.984176
1211402279  5.560571
1211488004  18.865002
1211516157  4.808851
1212298192  12.437659
1212304067  7.843546
1212471840  12.837276
1212725523  4.637741
1212800217  5.372681
1211060339  4.968734
1211673780  8.590137
1211773164  5.260949
1212093825  5.162462
1212221446  10.870483
1212269932  6.830358
1212550967  7.116405
1212555619  11.379180
1212636444  4.229300
1212713172  8.535349
1211121343  7.576272
1211196289  0.913067
1211356039  12.281648
1211448914  4.130596
1211450286  1.609581
1211450851  4.199439
1211505741  6.820478
1211532467  5.043940
1211610283  4.047499
1211632592  5.043940
1211700719  11.797031
1211721956  10.463169
1211823463  5.095024
1211906309  2.688861
1212116609  7.264974
1212118315  6.426455
1212124766  0.000000
1212124786  4.876720
1212211639  4.836445
1212295966  0.605855
1212307234  6.393654
1212402266  9.290201
1212645769  4.199439
1212655472  6.531298
1212743823  5.502480
1212825628  4.420462
1212831932  5.992720
1212866094  14.068828
1212903029  8.135344
1212904365  2.744321
1213000171  6.765522
1211102780  4.499399
1211117893  5.247030
1211169618  2.446496
1211174097  5.967410
1211438290  5.139382
1212065779  6.312872
1212117837  5.473184
1212124068  7.046519
1212306562  3.438216
1212389151  12.721513
1212688729  6.369290
1212891220  19.685986
1212891294  3.590830
1212917208  6.974349
1212996593  4.540395
1211047404  11.013863
1211139934  8.595592
1211156245  8.435071
1211351869  7.768022
1211587277  7.089057
1211593418  6.013799
1211670234  15.693970
1211695398  13.357238
1211794577  4.280998
1212060450  9.823078
1212063774  7.289989
1212177244  2.637639
1212384786  12.209753
1212385580  4.914452
1212391337  4.280998
1212391456  2.408857
1212402951  4.391074
1212403009  4.961253
1212403130  4.961253
1213001822  3.705387
1213007262  2.579833
1211059615  5.142398
1211060556  7.568423
1211172122  6.824416
1211191902  7.564561
1211208105  6.801972
1211258861  9.141962
1211442019  7.730598
1211703145  6.019987
1211796270  16.661461
1211858165  18.960676
1211870815  7.344636
1211873158  9.223426
1211965181  15.026438
1212039807  11.554463
1212231008  6.102443
1212247591  8.278002
1212258586  4.775499
1212355739  4.702552
1211521349  8.581297
1211615311  6.018539
1211706243  10.955058
1211746258  15.479514
1211751538  7.336835
1211814232  17.234280
1211814868  3.497106
1211943172  3.868151
1212072318  8.423688
1212172701  6.780294
1212223457  12.780058
1212327337  7.045425
1212328486  0.979472
1212389642  6.468308
1212445925  5.740819
1212453245  3.296499
1212535624  8.092726
1212584219  5.139382
1212632090  4.993201
1212720472  6.007222
1212915012  15.956831
1212980106  8.323305
1213034155  6.984176
1211122321  7.859441
1211338397  4.823112
1211340094  5.848294
1211515414  9.148778
1211598817  19.179419
1211688606  13.062209
1211709279  4.899972
1211818771  5.228105
1211911995  4.748016
1211953120  6.985955
1212186669  3.136260
1212203224  11.546620
1212469080  4.679139
1212473849  6.890654
1212906594  5.738016
1212912384  5.260949
1212975928  7.870389
1211064867  2.622830
1211410475  4.780721
1211778680  14.880388
1211778907  4.898473
1212222938  11.719148
1212303246  7.921935
1212657174  4.175119
1212896298  8.716241
1211313430  7.353328
1211511154  7.866189
1211583869  6.997725
1211859599  5.225038
1211911059  5.184077
1211911746  4.365667
1212025221  5.887622
1212298873  3.853336
1212384297  83.988777
1212386986  15.905265
1212991297  9.266047
1212992359  1.736906
1211171199  6.098217
1211237653  7.470048
1211254893  10.140492
1211259862  11.374733
1211316799  20.814255
1212904837  9.296176
1211458389  2.446496
1211493783  7.828786
1211525908  10.771832
1211677636  4.748016
1211778236  6.710970
1212018572  4.551351
1212316727  1.894806
1212316914  11.604898
1212473338  5.813997
1212475811  0.000000
1212475871  0.897850
1212479424  5.988611
1212480305  7.546294
1212648752  5.810201
1212666944  7.351764
1212913155  7.115139
1213024476  3.492977
1211081923  5.076421
1211084443  8.417348
1211086413  6.693831
1211091792  4.365667
1211139870  7.866189
1211330320  3.538485
1211442372  5.921837
1211477248  5.922890
1211624066  4.063973
1211687529  6.022568
1211705947  7.989120
1211788453  4.980718
1211867570  7.802403
1211874674  17.682901
1211914417  4.390801
1212215835  15.050486
1212302421  6.970907
1212421064  4.145093
1212470474  6.102443
1212545807  4.922472
1212700841  4.993600
1212875641  9.091346
1211332880  26.124378
1211528724  3.613425
1211585670  7.089057
1211686061  1.736906
1211782946  5.260949
1211892756  6.765794
1212297210  4.080327
1212349208  5.099436
1212393957  6.801972
1212640427  6.840727
1212641177  9.365825
1212647782  9.533352
1212660702  6.524448
1212893843  0.000000
1212893878  4.897362
1212909183  7.024205
1212979805  59.231163
1212984794  13.770993
1211043193  4.199439
1211081502  5.228105
1211446010  4.295846
1211516396  4.702552
1211642736  6.033061
1211652638  4.704430
1211738787  5.225038
1211921400  10.688033
1212018696  106.579361
1212114355  5.911869
1212268185  12.173109
1212362813  11.876765
1212536835  9.143158
1212629545  6.213760
1212887124  4.598210
1212932678  6.114029
1211109219  4.199439
1211109515  5.076421
1211110716  5.929283
1211124551  6.266620
1211152298  7.571070
1211864332  6.310316
1212439680  6.038348
1212543710  5.397794
1211043196  3.495520
1211067597  6.650853
1211094101  7.240197
1211411481  14.191721
1211421652  5.439023
1211679539  5.812644
1211789793  16.022957
1212312041  6.114029
1212475136  11.099776
1212485642  8.554404
1212838263  11.501656
1212987800  5.975063
1211353565  7.056279
1211874681  4.249874
1211878234  10.055613
1212131284  36.564354
1212363678  5.139382
1212737055  5.313598
1212793349  2.665821
1212993615  8.573351
1211122217  7.374552
1211168408  7.357575
1211232213  4.280998
1211308063  11.604898
1211323877  7.859441
1211520017  4.092813
1211821332  8.317434
1211940586  6.533031
1212270393  9.453738
1212417958  21.754158
1212610892  2.667284
1212613983  4.389048
1212624826  10.073003
1212731773  8.594522
1212821609  8.217119
1212992998  4.790214
1211158641  7.604625
1211342006  7.569297
1211486422  7.467047
1211509835  10.463440
1211510993  5.819496
1211937338  8.317150
1212022338  5.673071
1212201763  6.713350
1211061558  5.139382
1211079679  6.676713
1211178572  8.754724
1211355619  4.983992
1211357493  6.806110
1211427783  4.294099
1211499748  5.998246
1211516394  2.169043
1211596304  0.541264
1211658539  0.000000
1211658540  4.165458
1211712573  8.161347
1211864266  4.224249
1211958138  5.225038
1212177884  5.076421
1212260376  7.843546
1212442950  8.716241
1212473622  10.169030
1212539717  9.782855
1212741594  5.946569
1212883289  19.179419
1212919231  2.004122
1211095630  5.679550
1211209627  5.293593
1211573061  8.403804
1211779759  5.541921
1211833223  9.943230
1212013262  6.778084
1212019971  7.619956
1212034519  5.124582
1212071217  2.446496
1212315505  6.028890
1212626223  7.046519
1212673125  4.702552
1212834921  5.999198
1212992318  7.714964
1213026133  4.280998
1211020785  7.882713
1211184476  2.622830
1211354682  8.831701
1211435634  3.408245
1211441093  11.003238
1211445319  26.539806
1211780144  8.711063
1212082506  6.840727
1212225662  0.000000
1212226072  182.638458
1212295096  6.679752
1212502809  6.120320
1212814542  18.307917
1211158901  50.227154
1211431632  5.586067
1211438100  4.270616
1211442098  11.703459
1211554087  10.014894
1211568049  5.841462
1211590213  4.247466
1211639740  7.843546
1211640913  7.759328
1211662794  10.181816
1211665687  17.096308
1211667116  2.564837
1211746081  0.000000
1211746103  7.668891
1211852673  10.815320
1211990234  5.967410
1212618371  4.862984
1212627584  5.099436
1212631360  7.378489
1212729892  11.199078
1212731454  2.579833
1212988631  5.409342
1212999713  6.460675
1213024526  2.124648
1211584245  7.527088
1211936611  6.361568
1212644547  6.133612
1212667739  6.207463
1212705632  6.102443
1212878488  10.663070
1213041631  13.073151
1211085711  3.967103
1211159072  5.520442
1211169476  4.485204
1211179402  4.581206
1211533730  13.280252
1211589697  21.029263
1211614468  15.642131
1211755936  3.066870
1211792802  8.397005
1211819952  7.619956
1211936565  14.595632
1211964289  7.046519
1212098021  9.427915
1212261510  5.136079
1212287574  4.524646
1212334960  10.108425
1212340326  6.631081
1212353093  4.544136
1212629955  4.750035
1212902180  11.021239
1211663676  8.686928
1211777146  7.867290
1212079405  4.390801
1212171702  6.516949
1212221067  3.538485
1212222285  3.990044
1212954653  4.211950
1211140652  8.432820
1211168648  6.127976
1211274109  0.239220
1211429265  6.579331
1211930872  5.993986
1212031417  11.182653
1212038037  7.165951
1212286873  9.402115
1212454296  6.524448
1212466871  8.024734
1212544430  7.541076
1212702389  4.390801
1212829003  9.975497
1211106533  5.911869
1211173892  4.191317
1211178523  5.648623
1211180206  2.315874
1211352757  4.663230
1211685643  2.665821
1211726659  8.137437
1211768698  3.942872
1211771377  2.065298
1211783801  13.319940
1211869706  8.549006
1211955204  12.598317
1212127068  0.000000
1212127081  9.594090
1212239134  11.797339
1212287391  8.890609
1212899432  3.177745
1211155260  3.093638
1211168932  8.370177
1211181350  6.840727
1211183436  4.017552
1211188064  9.086103
1211346845  4.499502
1211439097  9.266056
1211487781  6.207463
1211923804  4.040807
1211950170  6.090113
1212111725  5.883965
1212121026  4.998549
1212145743  12.042471
1212185114  904.562134
1212257640  10.640512
1212523010  8.226628
1212524398  7.115423
1212559564  4.130596
1212651503  0.897850
1212812113  3.492977
1212817150  13.287599
1212819819  2.004122
1212854304  9.144858
