1211258608  13.976724
1211560250  14.393087
1212121200  11.441065
1211019828  12.986445
1211172368  11.945436
1211514910  4.650812
1211094542  8.441501
1211187869  11.001836
1212085551  10.646938
1212396750  9.794950
1212481526  12.188116
1212977161  11.016339
1211483037  14.328724
1211607161  13.955563
1212163286  8.578600
1211088885  11.803221
1211379898  5.486518
1211560944  9.268064
1211739734  15.487070
1211825557  7.274721
1211461977  5.414685
1212590140  5.896660
1211421044  8.607683
1211915586  7.863717
1211485897  11.499496
1211705279  11.027267
1212124123  12.783161
1212993938  14.687560
1213002732  17.282213
1211161684  11.162445
1211482926  7.030725
1211969300  7.761206
1212761335  5.972443
1211603885  15.798175
1212045796  9.499592
1211238422  9.918455
1212735442  4.643058
1212736033  15.434079
1212213730  7.868773
1211261804  10.457929
1212803648  5.890855
1211177131  11.607649
1211684808  7.489254
1212868254  4.811452
1211083885  10.746746
1211107662  17.470442
1211407592  7.868773
1212221816  12.398368
1211773616  9.613170
1212225231  14.420131
1212638822  12.382670
1211476389  9.445790
1211514090  9.923237
1212171507  6.333061
1211439095  12.563376
1211100626  13.738530
1211101885  11.431959
1211418572  6.895333
1211529203  10.279126
1211024268  15.524613
1211116280  9.468451
1211546317  8.477380
1212192205  9.820879
1212252495  13.122280
1212353565  8.724011
1212408507  4.973575
1212449128  14.195544
1211336501  13.726999
1211564609  8.295734
1211657317  8.013928
1211710083  8.892824
1211991129  7.863717
1212196127  0.000000
1212196140  7.857280
1212781454  11.814928
1211149479  5.914540
1211265015  11.493792
1211411450  5.824975
1211585058  5.883074
1211668448  6.103965
1211704375  12.585172
1211784111  10.671885
1211966618  12.558429
1212017451  7.370397
1212152987  10.144770
1212311361  16.962519
1212618353  10.198539
1211435283  11.997463
1212551013  11.959516
1212796463  11.092630
1212578512  7.734803
1211085347  24.832788
1211951943  8.260323
1211055240  7.880363
1211147963  6.297194
1211753744  1.497676
1211798598  17.317955
1212109742  4.186827
1212706374  12.240376
1212714485  4.710180
1211677954  11.798598
1211904977  0.000000
1211904992  10.257022
1212373692  16.330397
1212374720  6.135085
1211609740  10.817492
1212076709  6.849020
1212613780  15.723398
1211703813  7.863717
1212156234  14.190676
1212768544  6.772668
1211082228  15.963741
1211090263  10.970772
1211760951  12.588007
1211982862  7.857280
1212304931  10.940566
1212912683  22.699387
1211180631  1342.844849
1212611706  10.134443
1212889445  11.580880
1211620907  12.672674
1212147853  12.402585
1212966031  5.593562
1211924755  7.450660
1212091577  7.315052
1212209861  6.116732
1212316623  11.927572
1212619589  7.148833
1211697639  15.606631
1211707706  14.299271
1211309013  9.552801
1211069785  11.473551
1211120137  5.585885
1211326652  12.224262
1211413239  6.083055
1211429180  7.344226
1211448469  11.484386
1211501410  15.737547
1211624327  7.863717
1211676255  6.553097
1211765216  0.000000
1211765239  6.740328
1211819381  7.505664
1211845131  0.000000
1211845144  18.913303
1211931204  5.253695
1212018842  8.973840
1212105143  7.465778
1212113098  8.480000
1212190041  4.096753
1212190893  6.375987
1212280854  8.212216
1212454836  4.007405
1212536327  9.468451
1212709493  3.953510
1212796148  6.093550
1212856916  14.309147
1212885999  4.037469
1211710254  9.691900
1212050658  16.791748
1212705258  12.775857
1212876486  6.285824
1211274264  12.588007
1211565869  9.268064
1211991105  7.863717
1212222181  26.902044
1212023231  5.338536
1212069632  16.877594
1212208441  19.133690
1212388307  16.804766
1212633858  7.774383
1212980696  7.863717
1211359382  6.211360
1211860534  8.076456
1211256135  2.653027
1211683515  21.431326
1211208304  12.504097
1211382843  0.000000
1211382870  7.863717
1211469970  3.887703
1212076885  10.835743
1212942824  3.486782
1212963075  7.863717
1211162483  7.372234
1211485022  16.886492
1211582763  8.533841
1212091668  9.468451
1212416186  7.863717
1212521286  5.883945
1212554278  9.163018
1212608749  8.693154
1211360079  9.904522
1211447986  14.135433
1212048119  11.188308
1211619497  12.208426
1211976978  12.385909
1212077210  5.802299
1212082665  12.743413
1211117456  15.113264
1211136163  4.589845
1211147661  7.863717
1211627448  17.949800
1211710510  14.182563
1212397619  9.468451
1212477979  12.589048
1211409388  8.107711
1211823264  8.999248
1212808666  9.021497
1211336098  9.520135
1211152125  6.285824
1211389794  8.481145
1211807766  20.521641
1212004004  6.318482
1212386618  7.163966
1212387441  15.906489
1212496370  15.138990
1211110394  14.135433
1211162683  5.681071
1211524453  10.490873
1212003999  6.938573
1212920510  10.690693
1211712806  7.641571
1211823355  14.170576
1212818438  8.737463
1211273087  10.846492
1211709306  12.387921
1212601718  7.863717
1211182430  11.520066
1211357148  9.468451
1211382081  8.391610
1211542218  12.843223
1211549875  15.233703
1211810973  12.679729
1212073283  4.111178
1212088908  8.697722
1212174799  9.468451
1212283290  8.708340
1212518354  15.723398
1212684385  7.863717
1211172937  10.972628
1211179965  8.819324
1211910134  11.046156
1211475157  7.626158
1211206158  8.740109
1211378634  10.279126
1211630061  14.436147
1211896926  4.916104
1211935513  10.395263
1211983479  10.255832
1212415353  17.308693
1212464709  18.058092
1212502063  6.423650
1212588354  6.785008
1212674567  9.628934
1211484078  12.575154
1211673999  7.258815
1211696889  5.310767
1211264417  9.422532
1211442628  11.016494
1211443761  9.470868
1211818113  11.403406
1211083427  17.470442
1211352496  9.468671
1211789093  17.613768
1211918517  13.765733
1212293988  11.395224
1211606709  4.700221
1211862826  8.573377
1212829576  21.206062
1211655844  3.036875
1211943673  11.449443
1211427064  5.384304
1211508520  8.117583
1211570625  9.360382
1212673956  12.378858
1212686514  11.027267
1212915508  10.378472
1213019545  19.071138
1211062790  7.880948
1212650963  11.059924
1212023697  9.665759
1212845838  12.476392
1212898224  8.035393
1211933954  6.706216
1212730783  9.622651
1212811922  10.835896
1212041115  9.451942
1211169740  11.016494
1211668212  10.014995
1212124568  11.447583
1212513563  8.569692
1211906005  8.282485
1212977918  7.102602
