1212638656  2.677979
1211043704  7.113375
1211054359  13.065930
1211655540  4.218079
1212496339  8.420934
1211165321  2.979489
1211331230  4.895697
1211423716  3.481373
1212027429  5.506779
1211065882  3.466538
1211083129  0.000000
1211083154  4.420428
1211679325  3.477102
1211687939  6.701962
1212286391  7.885521
1212860363  7.222421
1211552512  5.968067
1212213256  7.714058
1212526051  1.604340
1212546383  0.000000
1212546445  14.147515
1212333001  8.724422
1212886857  3.258816
1211057183  1.448363
1211166240  3.213575
1212164509  4.059068
1212506960  3.982761
1212527283  9.007546
1212959347  7.757415
1212628587  9.852447
1212850719  6.160300
1212854327  8.966286
1211162912  4.540921
1211832528  8.378008
1212065588  3.369070
1212419321  5.440265
1212666578  4.440084
1212209121  3.507133
1211893054  1.409218
1212723604  4.720096
1211036565  10.343045
1211519394  5.147949
1211543869  6.353923
1212801376  8.642446
1212893290  3.279023
1211403959  1.847334
1211446180  6.164865
1211568997  3.964207
1211789507  7.231930
1212885672  2.473640
1212886185  3.846113
1212903486  3.631007
1211399268  5.061349
1211706303  9.919435
1211735656  10.514058
1211116866  0.000000
1211116913  3.662082
1211144473  5.233748
1211461925  7.342372
1211558676  4.208080
1211824940  5.233748
1211975751  1.738035
1212160250  1.738035
1212160691  0.000000
1212160704  2.005425
1212425111  1.709543
1212495053  3.481373
1212675651  0.000000
1212675711  0.000000
1212675771  0.000000
1212675831  0.000000
1212675895  1.862181
1212758977  9.989484
1212832056  20.900579
1212940238  1.738035
1212289150  1.068534
1212634134  0.410850
1212725250  0.398926
1212893838  0.840536
1211759975  3.263787
1211250987  5.780757
1212002636  0.000000
1212002657  0.000000
1212002661  0.000000
1212002719  0.000000
1212002780  4.208080
1212262225  4.139095
1211080100  2.370751
1211304969  0.000000
1211305045  3.905426
1211305901  4.757953
1211774768  9.765110
1212870261  4.962446
1212985690  5.101214
1211631647  4.698487
1211663989  6.904872
1211809578  1.681970
1212033575  5.133515
1212161310  5.779556
1212359956  3.481373
1212469394  5.863746
1211455900  9.104379
1211978929  9.478305
1212854437  5.961475
1211464623  5.421354
1211607947  3.773877
1212261756  4.573636
1212451719  5.197590
1211321629  5.600114
1211334352  5.151724
1211347653  6.473969
1211467481  5.416504
1212112037  8.724422
1212154747  2.172544
1212310014  8.724422
1211598327  5.955797
1212440699  1.604340
1212571341  11.724109
1213028288  6.945471
1211284070  5.322456
1211288030  12.543660
1211298502  6.408671
1211809416  4.906639
1211833231  2.984034
1211893910  7.100007
1211567031  4.831152
1211594505  1.767494
1211908101  0.000000
1211908166  1.896039
1211923249  10.908168
1212107575  5.962759
1211528947  6.748840
1211639770  1.681970
1211815277  9.518207
1212128858  6.376518
1212417878  0.000000
1212417909  0.000000
1212417975  0.000000
1212418039  0.000000
1212418089  9.194773
1212670839  6.161377
1212753673  3.380383
1212941727  8.726136
1212969337  2.044748
1211554451  5.409900
1211671221  5.233748
1212219878  7.030132
1212584384  8.892265
1211156208  5.962759
1212372809  5.195328
1211609551  7.585799
1211650078  5.722003
1211736398  6.372920
1211771726  6.867219
1212171442  4.514043
1211421063  2.267003
1211069934  4.508657
1211227666  3.424301
1211380257  1.738035
1211913650  3.540379
1212090779  5.506779
1212100095  6.353976
1212251651  4.208080
1212522632  0.000000
1212522692  4.139095
1212591652  1.738035
1212612183  0.000000
1212612217  0.000000
1212612277  1.738035
1212671831  5.951417
1212689014  3.941176
1212689982  1.797968
1212754757  6.038940
1212853657  0.000000
1212853676  5.744953
1211631317  0.000000
1211631324  0.000000
1211631384  0.000000
1211631444  0.000000
1211631505  0.000000
1211631571  4.675644
1212279668  5.863746
1211142534  4.186999
1212436579  3.424301
1212643367  1.961829
1212850222  5.863746
1211142641  8.409814
1211462321  8.239873
1211562950  2.942005
1211615650  4.601541
1212300835  5.506779
1212502380  6.065235
1211143873  2.861402
1211511817  11.177766
1211897529  5.900120
1211549911  3.481373
1211550729  4.205660
1211614511  1.604340
1211910244  4.370101
1212375035  4.410248
1212517293  5.611412
1212893137  11.948206
1211190502  3.602047
1211264908  7.115179
1211789942  4.363530
1211881176  7.704968
1211944271  6.158166
1212538063  4.301711
1212917870  6.625288
1211033228  7.675330
1211287124  8.447652
1211290230  4.962446
1211402909  104.282127
1211498396  13.735769
1211550526  5.405419
1212059699  4.208559
1212242119  6.704315
1212899820  3.970003
1212258390  6.790309
1212985829  5.511146
1211093823  1.709543
1211095418  4.551085
1211634454  5.220439
1211634755  7.011117
1211717761  11.660531
1211718953  5.961475
1212167193  8.419428
1212206368  64.800659
1212464875  8.703431
1212868531  4.068980
1212876322  2.085643
1212957501  3.365458
1212988698  3.324250
1211288455  9.853479
1211301051  4.235984
1211375294  3.009930
1211548891  4.831152
1211565161  4.323177
1211587619  3.986633
1211641790  3.481373
1211803308  6.594409
1211817331  5.872408
1211826148  3.868192
1211979021  3.481373
1211986443  5.244551
1212068883  6.981673
1212152213  3.481373
1212258328  6.981673
1212410624  7.712229
1212419317  3.490837
1212507164  1.709543
1212578813  12.085829
1212582612  6.981673
1212602351  3.164884
1212755520  6.247271
1213032362  7.096189
1212283139  4.218079
1212287517  6.527457
1212727129  8.055684
1211075409  7.910105
1211289391  1850.411987
1211355910  3.724362
1211508790  3.340690
1212174851  5.950890
1212765827  8.579816
1212133717  6.867219
1212423659  15.921374
1212939052  7.131262
1211120004  7.788594
1211292270  1.563738
1211641454  6.437514
1211751000  12.394622
1212341744  5.951417
1212639361  4.914017
1212864304  7.616371
1212898437  9.760154
1211815466  8.724422
1212433663  4.016968
1211433406  8.219930
1212574287  5.233748
1211995904  4.347457
1212208735  4.130084
1212879541  6.940679
1211098831  7.585799
1211349289  6.160300
1211653115  4.279403
1211696926  5.759436
1212878956  3.481373
1211566679  1.738035
1211567005  1.709543
1211941529  3.164884
1211674898  6.753491
1211702246  0.000000
1211702248  0.000000
1211702308  0.000000
1211702325  6.121630
1212114621  6.981673
1211927167  7.556358
1212025726  253.129318
1211202481  10.365294
1211564930  3.476071
1211655689  9.016326
1211981355  3.424301
1212374048  5.233748
1211388913  3.724362
1211549097  6.441156
1211554524  5.064918
1211700434  8.647288
1211099169  5.329141
1211752684  6.878625
1212299040  1.339073
1212513263  8.317496
1211648755  7.909217
1211738241  3.420100
1211850606  4.279891
1212382654  4.082012
1212414666  7.978168
1212780296  5.504086
1211507760  1.967587
1211517925  6.981673
1212297641  10.830168
1212207627  1.738035
1212244347  5.256707
1212245137  3.315593
1212245622  5.579453
1212256140  6.157351
1212258838  1.709543
1212356990  5.980839
1212499050  6.275237
1211334862  0.000000
1211334870  1.709543
1211832019  1.604340
1212624768  6.186999
1212681426  23.706154
1211181303  8.578285
1211302122  6.517377
1211833565  2.856680
1212301502  4.618024
1211045898  9.014107
1211046112  8.299322
1211995389  1.709543
1211344555  8.703431
1212098280  4.740097
1211051355  1.448363
1211053134  6.742412
1211425404  6.981673
1211904116  4.747326
1211995796  5.064918
1211292258  1.221025
1212406914  7.714058
1212582943  8.309166
1211030836  15.142354
1211077112  5.183891
1211255581  5.863746
1212254951  4.906639
1212376310  5.973670
1212881556  5.951417
1211492515  5.863746
1211937073  5.962759
1212415743  1.829511
1212630294  3.497904
1211335281  3.369070
1212168092  11.215175
1212863650  5.147949
1212921658  6.594409
1211163655  1.797968
1211299111  5.709544
1211204915  5.233748
1211550537  6.188599
1211713553  8.447652
1211807715  5.416504
1211808016  5.951417
1211983270  6.062517
1212025668  6.867219
1212759708  5.709544
1212895284  2.085643
1212902502  1.767494
1212906253  4.770207
1213021269  7.372999
1211904568  3.988651
1212584563  8.040821
1212759379  5.865009
1212759501  3.515066
1212800249  5.147949
1212470204  4.757953
1212938744  5.506779
1212114273  5.502900
1212287653  2.818436
1211136681  6.867219
1211345548  2.725602
1211380497  0.000000
1211380536  0.000000
1211380601  0.000000
1211380656  4.345088
1212871866  0.000000
1212871925  8.292127
1211903372  5.604555
1212268115  3.767375
1212311233  14.682269
1212344880  5.488800
1212788880  6.003864
1212807470  4.171285
1211937993  3.343603
1212600448  5.961475
1211077674  2.246047
1212107694  6.867219
1212532482  7.560077
1212853442  4.139095
1211403947  3.263787
1211688134  6.904992
1211920471  6.867219
1212201167  4.867014
1212298787  3.724362
1212471528  6.261522
1212602534  5.506779
1212745772  8.565510
1211189013  1.738551
1211207469  5.316805
1211337012  3.893611
1212296169  2.744267
1212793776  11.075731
