1211258786  21.684946
1211560309  10.302450
1212121266  4.808836
1211130712  0.000000
1211130793  6.958360
1211341339  5.817453
1212680941  37.073689
1211019828  12.986445
1211172368  11.945436
1211514971  14.776822
1211094665  9.605072
1212085772  10.196577
1212396808  1.678756
1212481617  14.315807
1212977221  3.195051
1211483169  12.049710
1212163341  7.861055
1211089003  10.773494
1211561005  0.000000
1211561065  11.597267
1211739850  7.827532
1211825677  7.882238
1212007564  9.516805
1212523037  4.712901
1211667348  31.547550
1212590140  5.896660
1212644788  0.000000
1212644792  10.999413
1211421164  9.940515
1211746370  14.681519
1211746491  12.693212
1212217574  0.000000
1212217577  6.519560
1211915646  3.993237
1211126755  6.708706
1211486016  1.742738
1211705339  5.817453
1212124197  15.876941
1212797051  8.526419
1212994056  4.220509
1213002792  11.775686
1211161684  11.162445
1212761414  5.237490
1211603970  14.050093
1212045836  11.067184
1211238479  13.196890
1212465536  14.608539
1212736076  10.384789
1212213850  9.444149
1211261804  10.457929
1211699810  12.129675
1211167368  12.345478
1211177188  6.919992
1211684871  12.621362
1212868254  4.811452
1211083986  12.387633
1211107716  17.174860
1211407778  0.000000
1211407832  6.198925
1212221816  12.398368
1211043496  5.141347
1211153204  14.326702
1211773616  9.613170
1212225349  9.063623
1212638822  12.382670
1212992166  12.756993
1211195139  1.601807
1211514292  26.757288
1212171567  5.712991
1212179808  6.653335
1211439140  12.547863
1212113373  7.745353
1211100714  6.875172
1211101951  15.249186
1211418572  6.895333
1211529258  4.712901
1211744660  18.203262
1211024479  12.756993
1211106970  11.573679
1211116340  17.461109
1211768943  4.220509
1211883556  16.241892
1212061286  19.524286
1212449252  8.422560
1212489388  17.038172
1211336570  16.755787
1211564719  4.501601
1211657438  0.000000
1211657498  13.916720
1211710169  7.737969
1211991189  8.784743
1211996634  4.709697
1212196313  0.000000
1212196351  8.990678
1212594612  0.000000
1212594672  0.000000
1212594732  12.756993
1212781510  0.000000
1212781570  11.216543
1211149479  5.914540
1211265136  12.741549
1211561434  7.460617
1211585058  5.883074
1211668448  6.103965
1211704495  14.315807
1211784111  10.671885
1211951376  0.000000
1211951496  11.635825
1212017451  7.370397
1212153043  12.741549
1212311361  16.962519
1212618353  10.198539
1212725108  6.945893
1212880670  2.517981
1211759635  1.834461
1212368552  5.437963
1212547748  10.458979
1212551013  11.959516
1212728646  13.352957
1212796558  7.732186
1212365236  3.166516
1212578573  17.174860
1211085366  7.519760
1211867582  35.750435
1212256243  6.782652
1212551002  0.000000
1212551055  13.864551
1211082601  6.725406
1211951943  8.260323
1211055547  3.281657
1211148150  4.678076
1211753806  7.375516
1211798658  10.751513
1212706496  11.065450
1212977259  3.247429
1211678084  17.719990
1211905038  7.256359
1211137540  7.293845
1212373750  8.600534
1211703933  13.864551
1211975213  16.233797
1212156364  18.708582
1212738301  10.303806
1212768738  9.572572
1211082294  11.769405
1211090263  10.970772
1211761133  1.714168
1211982976  5.183814
1212130588  55.616646
1212304931  10.940566
1212912683  22.699387
1211256733  7.990753
1212750441  6.473981
1211142091  4.973103
1211142389  13.197113
1211180633  36.448555
1212889563  7.732186
1211620907  12.672674
1212147853  12.402585
1211802468  7.701282
1211855033  4.152552
1211855153  23.222757
1211924806  6.856445
1212091577  7.315052
1212316755  18.357479
1212619771  10.379989
1211697694  15.446822
1211707706  14.299271
1211762524  17.419115
1211082592  9.590056
1211120631  9.106193
1211326769  6.390102
1211413370  11.196241
1211429270  10.966102
1211501681  9.917469
1211624387  4.725331
1211765309  13.378644
1211819444  6.436944
1211845159  5.995198
1212018905  0.000000
1212018965  10.275061
1212105204  0.000000
1212105239  7.827532
1212190967  8.103287
1212506465  8.188317
1212536445  2.376461
1212709636  0.000000
1212709647  5.203914
1212796148  6.093550
1212856982  9.598930
1212885999  4.037469
1211710384  6.101596
1212050720  18.069479
1212876728  5.686137
1211565930  3.392696
1211652700  11.905253
1211991165  6.271716
1212430665  9.697756
1212003051  9.252892
1212069747  11.282419
1212208533  7.256359
1212980756  7.369740
1211860604  0.000000
1211860655  9.441134
1212289164  9.519291
1212854980  11.655927
1211256231  4.712901
1211683584  4.643227
1212560016  16.120768
1213076998  10.677067
1211208543  8.990678
1211382993  0.000000
1211383053  7.441423
1212077009  1.377946
1212963196  10.447024
1211162547  3.537378
1211485050  10.515666
1212091793  4.922485
1212416246  6.271716
1212521374  8.100567
1212554340  6.271716
1212608749  8.693154
1211447986  14.135433
1212048219  4.635641
1211619497  12.208426
1211977039  14.242418
1212077275  7.335554
1212489941  6.367507
1211117506  10.302258
1211136286  3.106401
1211147765  0.000000
1211147826  0.000000
1211147888  9.280700
1211625648  4.956186
1211627506  10.997329
1211710570  16.146042
1212116158  7.064289
1212397679  10.617971
1212477979  12.589048
1211409458  5.766552
1211823574  13.116961
1211823640  3.314177
1212626869  1.172149
1212808666  9.021497
1211786997  14.164865
1212646550  9.432842
1211152246  4.712901
1211807766  20.521641
1211896377  7.644920
1212004065  19.503763
1212496370  15.138990
1211110394  14.135433
1211162783  8.157262
1211524453  10.490873
1211781466  11.243773
1212004067  9.070449
1212580885  13.627824
1212986164  14.319443
1211520960  3.665630
1211590102  8.474136
1211712806  7.641571
1212818492  7.200947
1211273148  9.590056
1211709367  12.741549
1212602673  15.902294
1212631847  7.003582
1211182616  3.392696
1211357208  10.966102
1211542278  1.377946
1212174968  11.506373
1212283471  9.520710
1212432931  5.834455
1212518479  11.568348
1212684445  10.403388
1211172980  10.381969
1211910134  11.046156
1212378820  4.800719
1212996137  5.670397
1211475338  0.000000
1211475409  13.668207
1211206223  4.249219
1211378689  7.067686
1211630180  15.902294
1211897041  4.749774
1211935633  6.880428
1211983599  4.647866
1212069711  2.533213
1212415353  17.308693
1212464756  10.908654
1212502166  0.000000
1212502189  8.842213
1212588354  6.785008
1212674626  5.559213
1211674064  4.974032
1211697071  14.569528
1212475657  5.401921
1211123757  7.579039
1211264477  4.418345
1211442688  4.725368
1211443029  0.000000
1211443083  0.000000
1211443115  9.280700
1211443821  10.817044
1211083481  12.330532
1211346227  11.881817
1211352546  6.876244
1211789710  6.137279
1211918572  12.921721
1212047127  7.844906
1212047229  8.554703
1212047396  0.000000
1212047453  0.000000
1212047513  0.000000
1212047525  0.000000
1212047590  6.875172
1212284600  16.957939
1212829634  20.041054
1211655964  11.148870
1211943749  6.841872
1212042995  6.048072
1212043462  18.914028
1211427169  0.000000
1211427214  14.682368
1211508520  8.117583
1211570746  6.098943
1211583282  10.275061
1212471286  14.242418
1212471818  4.725331
1212674017  17.464989
1212686574  0.000000
1212686601  7.701282
1212915508  10.378472
1213019664  1.867219
1211062910  1.414332
1212651032  7.126559
1212023816  0.000000
1212023872  11.182736
1212127723  1.165341
1212845838  12.476392
1212812043  7.957991
1212041185  5.325838
1212914610  4.831658
1211169800  15.455157
1211668278  10.113159
1211775872  12.767846
1212124699  3.518351
1212513684  7.599137
1211906126  8.784743
1212943467  5.729310
