1211337300  4.932011
1211423701  2.235116
1211585607  9.770183
1212209413  7.515145
1212638499  15.978149
1211117057  10.482311
1211126854  4.896430
1211176277  16.942455
1211320208  3.719063
1211908155  4.984697
1211912453  1.779488
1212804313  21.233694
1212851420  7.341966
1211138274  6.349002
1211292237  1.661733
1211298122  11.416137
1211568483  1.499454
1211818456  4.015996
1212026917  2.407018
1211082692  6.135663
1211329101  6.947964
1211548884  4.202655
1211615136  3.371263
1211641098  5.152511
1211657591  3.927071
1211687768  4.053380
1211691526  6.744730
1211704785  4.202655
1211713123  2.069172
1211791767  7.820496
1211939882  5.343737
1212218891  7.844095
1212726143  6.605027
1212776271  7.986961
1212930558  8.829180
1212936954  4.997218
1212937783  6.392584
1211040545  4.799850
1211092760  2.285511
1211382318  4.441351
1211392381  2.351835
1211552791  10.372601
1211573645  2.571200
1211610911  8.314446
1211680045  1.988406
1211835098  3.979379
1212069113  3.992522
1212098115  4.804333
1212098366  18.286640
1212299555  3.891770
1212347645  6.926123
1212416820  3.281242
1212437877  2.922356
1212501780  6.961556
1212525809  2.542264
1212865894  1.711046
1211706200  10.948521
1212168304  10.188407
1212724317  3.025033
1212755435  6.626746
1211360777  6.503861
1212507096  9.232058
1212526475  4.796558
1212811344  9.774138
1212941107  3.882969
1211151739  11.407206
1211526730  2.768985
1211670218  6.856533
1211832368  17.777884
1211937046  1.044280
1212730763  13.253412
1212734021  8.192791
1212850484  7.352546
1212856884  2.285511
1212912834  7.692291
1211349216  3.400560
1211594825  3.461740
1211679596  7.884413
1211799987  15.329718
1211801821  17.809301
1211856458  4.519836
1211860715  14.429957
1211987595  2.370972
1212110880  1.647674
1212372533  14.502283
1212372865  2.399787
1212419085  5.839203
1212649894  7.985044
1212816111  1.725787
1211034671  5.997386
1211035373  6.063084
1211312830  3.992522
1211475533  4.791026
1211649537  4.065887
1211898104  7.820496
1212903209  1.761407
1212909797  3.778033
1212978117  2.617949
1212999477  9.323605
1211149927  8.627550
1211259494  6.464621
1211309910  5.328443
1211366372  12.345366
1211510245  2.877397
1211652450  4.012306
1211708121  10.463710
1211779524  4.355478
1211787096  7.792950
1212070111  3.619570
1212113731  1.368837
1212313966  19.802937
1212800686  4.534957
1212829970  12.149958
1212830740  13.380003
1211445699  9.658487
1211554373  6.157421
1211604839  1.061685
1212117264  3.147288
1212218323  8.002558
1212571516  3.863731
1212758100  7.296084
1212842681  7.358358
1212848373  4.355478
1211057223  2.117459
1211060759  4.436135
1211064568  5.999466
1211735325  3.529972
1211768766  10.711870
1212259975  5.727215
1212585387  6.900109
1212612400  4.396453
1211058637  5.351213
1211404215  5.024572
1211656074  5.262026
1211819549  6.137368
1211822301  2.399787
1211975507  5.416348
1212029147  3.882969
1212070199  4.130195
1212247900  6.643224
1212501688  6.466624
1212503877  2.360446
1212690565  4.499600
1211682799  5.152511
1211954544  6.183077
1212388694  6.080885
1212615058  0.437439
1212979189  4.923792
1212821143  6.260313
1211038941  3.215515
1211042004  6.392584
1211058787  2.699260
1211143410  2.441848
1211180283  4.884406
1211431185  3.025033
1211983541  4.060192
1212216240  6.241392
1212264010  1.709293
1212353195  3.992522
1212387437  9.429637
1212607153  1.274022
1212982807  2.322374
1211041171  4.804333
1211181492  4.962204
1211772998  2.403451
1211774592  8.241098
1212196236  6.695311
1212532484  5.380976
1212568150  6.188812
1212866869  10.571106
1212870071  1.972427
1212977352  4.888803
1212998631  12.808201
1211054580  1.475269
1211058440  2.876261
1211173355  12.866697
1211175881  6.547682
1211176463  6.906343
1211291310  15.722654
1211377123  7.270552
1211478548  8.034375
1211512921  2.768985
1211562733  1.061685
1211640448  4.726844
1211640930  5.643983
1211830673  4.967192
1212202105  8.188641
1212432782  2.673760
1212987832  7.678816
1211163995  3.629565
1211177973  10.345685
1211184200  10.070813
1211185024  10.044036
1211223096  4.887433
1211272497  10.852786
1211340282  5.002520
1211455780  6.182234
1211785429  4.295881
1211786992  4.621799
1211825675  6.965043
1211835147  3.828661
1211878683  6.867801
1211953843  6.700003
1211959983  6.611113
1212049248  6.575477
1212055101  7.990730
1212128899  3.385381
1212221686  4.571285
1212229008  15.672151
1212252409  6.924201
1212253941  5.845113
1212392004  11.590015
1212502496  7.284468
1212547995  4.935168
1212638911  5.233292
1212652554  11.213008
1212826413  10.936182
1212853923  5.777982
1212912013  3.063557
1212939104  2.285308
1212948117  7.419512
1212997675  7.667861
1211062443  1.161187
1211584675  11.231538
1211916586  6.137368
1212074160  3.596201
1212184101  24.741995
1212636601  5.635852
1211320623  4.591550
1211550989  6.414882
1211940911  2.399787
1212643767  9.498069
1212902043  10.770734
1211061640  2.149063
1211093170  7.337978
1211096876  3.761662
1211098219  7.943965
1211102717  5.094410
1211506547  2.924198
1211598086  3.117180
1211654451  4.009064
1211679410  7.573722
1211693568  2.215188
1211694026  8.272297
1211943417  10.911008
1212181964  6.160818
1212911203  7.451905
1212913553  5.204371
1211064456  9.861471
1211073893  1.482906
1211320617  5.853033
1211369490  6.392584
1211835367  11.540071
1211836509  6.575752
1212218406  8.025368
1212426069  2.322374
1211566357  2.584635
1212208376  2.632432
1212355128  3.575393
1212821659  4.184505
1211377641  7.049328
1211428117  6.634160
1211511670  9.127680
1211549124  6.056855
1211581106  4.454515
1211787198  5.207637
1211962508  6.058965
1212128629  10.098210
1212163328  1.714133
1212183793  3.295347
1212362229  13.005151
1212522501  3.629565
1212558062  7.252831
1212649644  7.480933
1212991703  7.814392
1211038368  5.590139
1211515612  1.553903
1211855188  9.982475
1213013759  13.758127
1211275396  2.360446
1211280406  7.691691
1211281755  7.284468
1211331800  6.863513
1211894658  4.884406
1211984816  7.826156
1212114025  15.879479
1212147152  4.149863
1212155982  3.522814
1212219650  11.119763
1212261708  4.220068
1212291927  2.768985
1212458082  2.440461
1212468423  2.999733
1211479663  4.479999
1211568706  6.980871
1211997926  5.997386
1212608269  1.779488
1212724184  4.453115
1211018717  7.420331
1211054315  1.426438
1211102679  4.786191
1211225979  4.130195
1211240638  9.041843
1211609014  7.810968
1211686239  11.752988
1212342474  4.881203
1212461795  2.720669
1212478965  3.592397
1212493865  6.274627
1212546856  3.992522
1212604384  2.968743
1212791705  4.967192
1212811013  2.540742
1212821650  5.434733
1212937528  5.062183
1212939829  5.679432
1211463445  8.953576
1211690633  1.476934
1211894871  2.149063
1212065415  6.313037
1212511119  4.773223
1212759954  3.117180
1212952226  5.327340
1211041827  8.078234
1211308683  8.078234
1211369055  3.927071
1211474905  6.428926
1211570035  2.182077
1211598062  3.789137
1211915780  4.339149
1211942428  2.877397
1212090479  11.186850
1212121912  10.044729
1212166944  6.101997
1212196607  5.839153
1212251478  11.516936
1212252286  0.662798
1212253111  5.214491
1212522389  9.895391
1212589088  4.997218
1212591424  4.056211
1212606591  2.617949
1212669966  8.154075
1212671591  9.871659
1212689800  5.754013
1212692532  4.508682
1212752410  5.861287
1212754566  4.268016
1212757686  4.884406
1212853415  4.884406
1212857248  4.768641
1212860839  11.578475
1212889615  6.144243
1211085270  3.811112
1211258448  9.263850
1211612169  9.262717
1211630557  4.467738
1211631132  3.992522
1211760161  8.352037
1211780081  4.791026
1212024010  2.542781
1212067483  5.025205
1212084578  3.994324
1212272522  2.617949
1211072390  2.716740
1211164959  9.220146
1211463127  2.876261
1211522630  10.694268
1211831704  10.770734
1212003183  4.783660
1212113749  1.681272
1212154560  12.529493
1212248853  15.107750
1212303674  1.022694
1212510973  4.430630
1212526869  5.289689
1212642505  5.543970
1211050543  19.017200
1211197616  23.934963
1211201607  7.306787
1211310181  2.526091
1211377223  8.078234
1211462261  7.865606
1211548872  12.571774
1211562712  4.130195
1211683444  8.953576
1211788098  4.427566
1211899381  6.632804
1212157467  8.928425
1212338739  7.194481
1212417234  8.975816
1212502200  4.884406
1212510139  6.011985
1212803841  7.713076
1211413099  3.667271
1211775556  238.114304
1211897668  4.687635
1212457326  4.157577
1212466328  4.848475
1212538118  8.284945
1212563593  4.064651
1211094534  2.768985
1211300210  4.884406
1211513790  18.226936
1211724203  9.895348
1211864674  1.271063
1211909942  6.878088
1212204117  3.819314
1212262551  5.052425
1212807421  6.204192
1211070420  21.090008
1211187792  7.590120
1211191412  13.857467
1211866010  5.340747
1211869219  3.992522
1211268422  13.782582
1211289577  4.659284
1211498396  13.735769
1211657666  1.292318
1211671801  5.754013
1211690755  8.995811
1211699815  2.616894
1211805551  7.176476
1211838249  4.690467
1211907794  1.919708
1212071792  6.036756
1212264341  2.181624
1212267244  1.061685
1212668331  8.537431
1212738097  2.399787
1212829060  5.997386
1211856299  5.665263
1211895849  6.681472
1212115405  1.693502
1212241577  7.207300
1212718514  27.508707
1212929108  2.526091
1212933675  2.924198
1211093596  7.950500
1211098558  5.866898
1211221584  4.081832
1211382643  9.503589
1211485639  3.742989
1211530609  7.341966
1211597993  4.107472
1211602617  9.680474
1211763329  3.691979
1211858646  4.690467
1211909895  6.695311
1212039492  6.544250
1212198963  5.960593
1212200246  12.201084
1211038368  5.590139
1211141827  2.472073
1211236472  3.199900
1211383106  7.480899
1211390728  1.424411
1211512928  8.118901
1211546793  7.915686
1211586153  3.066079
1211629617  2.984885
1211765303  2.399787
1211765827  3.013733
1211817134  6.378032
1211986139  4.418022
1211987222  5.578114
1212008600  10.770734
1212142899  7.590120
1212201755  5.844713
1212239315  7.523070
1212328473  6.379204
1212334868  6.416240
1212404963  4.799850
1212409523  6.088175
1212414715  4.394497
1212419101  5.558165
1212505189  3.404997
1212554357  2.377479
1212669064  3.999875
1212672284  5.025205
1212738196  3.629565
1212755339  6.162587
1212852725  4.127666
1212896020  3.787055
1211438239  7.296084
1212002598  2.924198
1212729783  8.337465
1212731636  12.833735
1211045070  2.286667
1211229959  4.071362
1211588084  5.886933
1211645612  3.927071
1211646689  4.618641
1211833999  3.992522
1211944425  6.643224
1212021569  2.399787
1212033717  6.325302
1212218504  30.488899
1212299424  7.596627
1212421845  4.300877
1212567025  20.546343
1212803342  1.674270
1211322245  1.822623
1211526344  2.923349
1211914732  19.526207
1212033369  6.260313
1212220390  4.349554
1212269744  2.048857
1212423489  8.520437
1212909548  9.292676
1212909687  4.777880
1211119883  7.327422
1211641023  4.768641
1211650469  2.699260
1211917289  1.515655
1212033649  4.202655
1212252544  5.861287
1212291170  3.685405
1212897916  4.799573
1212909102  1.412292
1212923585  4.060192
1211218105  3.927071
1211423855  11.924215
1211808259  4.942824
1212543724  0.834323
1212895031  4.355478
1212909239  58.483967
1212909907  1.368837
1211447562  5.888496
1211603768  2.584635
1211610783  6.103359
1211612634  469.229736
1211697569  6.036756
1211874594  4.463908
1212306856  4.549706
1212375985  3.575393
1212635492  7.718983
1212639599  4.721163
1213061547  10.063110
1211085163  2.526091
1211240194  12.241912
1211240392  6.137368
1211786455  6.500933
1211995653  7.548518
1212208483  10.687822
1212266923  2.086771
1212563648  5.271856
1212634066  5.415325
1212731163  10.728011
1212874554  0.934715
1211085797  10.423290
1211099252  4.561121
1211100398  8.965732
1211401062  4.958443
1211733219  3.863731
1212094716  5.712470
1212175607  2.876261
1212689024  3.461747
1211078776  9.085234
1211376158  5.542369
1211589113  7.403354
1211936132  4.377761
1212032631  2.215188
1212207304  1.945773
1212559816  9.118569
1212647687  6.518704
1212732575  8.624964
1212802951  3.789137
1212803370  4.186633
1212908371  2.101327
1211096733  6.744730
1211400774  3.117180
1211941595  15.316255
1212090735  3.776452
1212891989  11.513035
1213033055  7.596260
1211058884  4.503388
1211304672  7.365564
1211378681  1.482906
1211674566  2.360446
1211701268  13.217787
1211774345  2.584635
1211846780  4.884406
1211935324  7.997503
1212078166  6.761844
1212119007  4.804333
1212170875  4.541564
1212546840  4.295426
1212549320  1.061685
1212807767  27.485167
1212822319  6.379204
1212885965  5.806283
1212886058  5.262026
1212947515  6.137368
1211037479  6.592878
1211038205  5.622549
1211055616  1.658354
1211253524  6.416240
1211270348  5.895422
1211343958  5.415325
1211609104  10.578689
1211706425  9.110451
1212025412  1.133757
1212033108  9.320302
1212222412  1.804842
1212253842  3.927071
1212270160  1.458596
1212369413  4.837700
1212402749  4.149863
1212457925  14.839024
1212853118  7.322396
1211061959  1.815804
1212312309  13.276373
1212645308  12.683858
1211200574  9.126532
1211606727  4.985843
1211826902  2.741436
1212896385  3.927071
1211270947  12.948390
1211352818  12.278274
1211600302  3.011026
1211728338  17.855106
1211745074  2.768985
1211799295  9.624803
1212254450  7.003473
1211157179  2.399787
1211547101  5.899914
1211850436  1.678762
1211850665  9.229025
1211865497  3.032295
1211980203  5.795844
1212280637  62.808567
1212329814  17.240374
1212637766  7.571115
1212675468  3.357403
1212716881  8.798982
1212810301  5.759820
1212845448  7.039654
1211149123  4.610085
1211329885  7.247154
1211556841  4.186633
1211613878  4.558492
1211703266  4.997218
1211865323  0.864390
1212150545  7.502023
1212179240  2.027989
1212204876  3.190035
1212397159  4.500183
1212564767  3.992522
1212813825  6.484125
1212952657  2.999733
1211144563  3.376495
1211153982  2.399787
1211176346  11.654506
1211227500  4.651815
1211331973  3.276176
1211462268  5.997386
1211989544  8.503404
1212014056  1.412292
1212166381  2.642889
1212240393  22.302422
1212243729  6.204192
1212244534  6.218728
1212258899  11.997732
1212260103  4.884406
1212262136  20.473225
1212461143  1.711046
1212474650  9.097380
1212516102  4.235161
1212674051  3.404997
1211062222  1.199893
1211104722  5.900847
1211108400  7.006265
1211660674  2.584635
1212303233  68.032661
1212454860  5.380394
1212911823  12.608338
1212943640  2.584635
1211072390  2.716740
1211146897  3.992522
1212759828  6.643224
1211225355  6.460388
1211499156  2.692074
1211532446  6.648345
1212762106  5.711796
1212777114  5.936677
1212975623  2.067708
1213018897  3.524503
1211040690  8.806796
1211054469  1.458596
1211100761  1.044280
1211127888  8.976333
1211391816  6.416240
1211586917  6.844015
1211676054  3.101562
1211740128  2.215188
1211791442  8.533016
1211814594  6.287788
1211995268  5.899068
1212356525  7.691691
1212392986  4.264998
1212887981  1.693828
1212890817  2.968743
1212895465  5.540899
1211077246  2.793895
1211423403  2.933461
1211551161  7.428264
1211697087  5.803194
1211811834  7.680089
1212054674  9.734967
1212068814  4.726844
1212216219  15.998577
1212226419  8.952014
1212313979  8.379103
1212351665  2.584635
1212461340  3.296902
1212805083  12.005635
1212849221  8.872845
1211036947  3.295147
1211251796  0.965168
1211444451  5.540899
1211647659  2.823278
1211842920  3.896475
1212157038  6.521797
1212173532  6.087628
1212426909  4.878671
1211022961  15.591251
1211377837  7.465692
1211976358  6.840079
1212500996  3.428267
1212501123  5.459769
1212587810  3.685405
1212981536  7.332111
1211505000  3.927071
1211520945  3.511883
1211860255  6.036756
1212309058  7.959365
1212486575  34.513779
1212710052  2.852028
1212729853  2.720669
1212820267  4.499600
1212943036  5.739613
1211339102  8.658505
1211465945  8.895354
1211479616  6.550653
1211604079  4.236875
1211766676  6.246698
1211777580  5.899068
1211877549  14.089249
1211895294  3.723835
1211936485  1.482906
1211995775  11.289254
1212001213  3.675160
1212420608  6.101997
1212446117  2.247509
1212469037  4.130195
1212519555  6.127467
1212548804  2.399787
1212671291  12.698004
1211244942  10.702084
1211306683  6.036756
1211317455  2.181624
1211437201  2.399787
1211676215  3.811112
1211746003  2.571200
1211842815  2.360446
1211850255  4.113085
1211858152  3.863731
1212221116  13.499804
1212917076  5.993048
1212932770  3.294161
1212956789  2.285511
1211298740  3.181607
1211684454  7.274209
1211701337  8.456097
1212221539  2.968743
1212823754  9.182806
1211138255  2.322374
1211248795  2.542264
1211309132  3.992522
1211350066  5.186508
1211704441  13.474449
1211713381  7.376059
1211738279  10.550241
1211808529  3.952231
1211832334  8.816773
1211842523  6.654570
1211846478  8.862303
1211982789  5.025205
1212264240  3.992522
1212912539  10.562331
1212946313  8.195427
1212964888  1.693828
1211053511  2.399787
1211105663  6.387442
1211116147  11.210925
1211119019  6.948652
1211531138  2.399787
1211816201  8.188439
1212021112  3.964449
1212151640  12.131186
1212152263  7.494144
1212646679  4.799850
1212966802  14.144455
1211073117  2.215188
1211604181  3.192159
1211811550  4.070338
1212328846  9.145170
1212906792  3.139936
1212935127  6.754569
1211550652  7.273216
1211726796  7.105128
1212254057  3.473982
1212910160  6.061860
1211145971  4.884406
1211379084  4.751504
1211541884  10.073257
1212066976  5.850952
1212148329  6.416240
1212300295  7.929972
1212673603  11.683723
1212708595  4.808833
1212878912  9.677624
1212896239  3.927071
1212982602  7.339459
1211352865  6.111023
1211707255  2.215188
1211851125  7.246276
1212098772  2.616894
1212215528  4.273162
1212311116  7.692291
1212312205  0.000000
1212312208  1.769475
1212374149  7.052825
1212554221  5.614687
1212607094  6.363943
1212631808  1.576044
1212799406  6.493546
1211312696  3.117180
1212186061  1.390225
1212200064  14.692641
1212359563  4.642964
1212496128  9.940540
1212541044  8.343303
1212689086  1.947572
1211033080  5.507856
1211049074  1.271063
1211086815  1.327976
1211863795  12.836148
1212450304  9.812799
1212469379  9.823010
1212502457  14.396171
1212537229  6.885921
1212836837  5.204664
1212853746  6.454692
1211228480  4.555465
1211407795  2.506456
1211516942  5.665263
1211745419  3.295121
1212139365  14.100567
1212225663  6.105120
1212299085  12.529556
1212374269  14.829835
1212440487  6.755821
1212952820  1.412292
1213001633  22.914593
1211503524  6.346309
1212174565  8.172023
1212635780  3.634236
1212645790  4.277702
