1211984933  137.040131
1211226217  24.505070
1211275599  7.169387
1211671495  0.000000
1211671520  0.000000
1211671529  0.000000
1211671587  0.000000
1211671647  7.757041
1211708320  9.047485
1211951829  11.289243
1212163115  8.158268
1211386047  8.092692
1212736382  19.259659
1211664249  12.874969
1212376537  40.609528
1212388928  12.515688
1211468539  11.683868
1212165260  19.633602
1212947766  0.000000
1212947825  0.000000
1212947883  2.014307
1211350291  10.305917
1212183379  8.987591
1212673400  5.524237
1211376165  8.750564
1212577972  7.295724
1211156220  6.333873
1211356435  13.844137
1211439780  10.304239
1211750955  9.049280
1211796350  9.885212
1211797808  9.049280
1212376161  10.135317
1211283156  62.913074
1212723425  26.350035
1212979565  17.592665
1211165543  11.977879
1211415385  8.430098
1211504784  9.434504
1211517833  7.719183
1211599047  23.683773
1211862163  20.840008
1211942725  8.959766
1212187016  10.388993
1213037420  10.562143
1212926984  31.876148
1211400767  58.571430
1211525609  24.747652
1212383289  39.822678
1212407812  53.374855
1212481040  13.499207
1211499576  10.907541
1211909353  40.169350
1212191342  5.591116
1211039945  9.117719
1212871228  15.508229
1211320418  15.092805
1211320488  15.542014
1212246845  9.305076
1212592113  9.767024
1211030413  13.423760
1211063861  6.145189
1211062609  7.886325
1211239927  5.316624
1211276863  6.138841
1211322809  7.960757
1211364594  9.978745
1211408189  6.149405
1211642186  7.169387
1211787075  8.274204
1211799686  10.477682
1212175631  1.336839
1212187860  8.414595
1212275093  7.886325
1212314193  25.537584
1212314545  10.681258
1212361260  6.657169
1212445993  5.653485
1212476193  9.353883
1212478628  11.336428
1212486517  9.584704
1212534076  9.606909
1212793846  5.746581
1212879750  3.942924
1212967874  4.337355
1211595090  42.650501
1212243801  7.277046
1213050211  4.571167
1211447055  10.305917
1211677272  11.821538
1211301401  12.271455
1211321758  2.079285
1211423623  16.679880
1212022848  573.497253
1212762185  8.462985
1211214067  4.739952
1212966747  13.536844
1212386630  13.868331
1212887882  10.281077
1212936222  12.014925
1211529284  10.896730
1211924912  0.118514
1212037368  16.762589
1212960020  51.628792
1211151099  10.817643
1212101285  57.938496
1212869684  11.110444
1211886780  10.477682
1212441796  0.000000
1212441857  0.000000
1212441869  4.515787
1211549082  14.860309
1212062127  9.605201
1212146226  13.089552
1212189890  18.067814
1211030413  13.423760
1211063861  6.145189
1211105635  7.886325
1211153513  5.827518
1211407875  4.241011
1211494640  4.820290
1211774301  11.245559
1211847025  10.533422
1211908226  6.383530
1212098560  6.664501
1212310275  5.875336
1212362073  7.886325
1212447645  8.778997
1212529220  5.895361
1212608513  10.708980
1212616314  7.816097
1212792190  9.382999
1212828089  0.000000
1212828116  0.000000
1212828117  16.595184
1211420952  16.584673
1212010154  7.279685
1211695896  7.716836
1211705071  7.271695
1211754348  147.384048
1212125942  19.777548
1211323294  15.870297
1211385134  5.582665
1212211947  927.985657
1212247164  12.886585
1212413661  11.616106
1212511921  7.839796
1212157164  6.523334
1212160485  8.389112
1212910451  9.882600
1212119835  8.684509
1211737201  7.672368
1211911295  14.783849
1211374383  8.362449
1211933792  19.890993
1212497122  11.864465
1212464925  8.121137
1211343506  12.143346
1212021884  0.000000
1212021944  0.000000
1212022004  7.175667
1211132074  17.801428
1211035765  13.089552
1211317345  8.786530
1212043278  9.154871
1212374556  25.582174
1211669034  6.432653
1212362715  7.535670
1212509695  7.690362
1212751417  20.772528
1212307061  12.672116
1212994050  12.658582
1211245711  15.149429
1212188183  6.747235
1212378273  12.069256
1211385460  9.373408
1211391200  3.642240
1211634476  30.903120
1211826958  0.128453
1211901713  15.609602
1212076823  14.543946
1212158365  9.904194
1212163272  9.130045
1212167138  10.497857
1212178565  9.620502
1212238601  13.762458
1212246279  11.425678
1212521838  11.522338
1212591436  9.432566
1212695694  11.425678
1212975585  11.027853
1211057913  0.607346
1211134563  14.620022
1211458340  62.913074
1211852468  23.246977
1212083807  9.620502
1212734901  6.900657
1212530173  9.601327
1211758967  19.304876
1212158484  18.949032
1212508760  9.032657
1212650609  7.279685
1212681304  11.481740
1212830746  11.430199
1212831261  6.505573
1211503153  10.926354
1212229299  6.464903
1211148113  10.562143
1212132812  30.649590
1212843026  13.449397
1211960383  0.041122
1212623300  9.970823
1212850891  7.996283
