1211155593  1.788880
1212732781  7.352697
1211087577  3.211523
1211534799  7.324152
1211598950  7.164594
1211909762  8.442953
1212202274  1.341660
1212564197  9.116667
1212619553  3.211523
1213034826  8.665401
1212264695  3.211523
1212398347  9.101023
1212889488  5.003450
1211101605  4.335132
1212083314  8.148296
1212335408  5.777319
1212683324  7.781395
1212732517  10.320394
1211616282  5.077272
1211638770  4.528377
1211657477  10.866301
1211991371  4.992227
1212757562  6.177771
1211933789  7.156498
1212006762  9.541534
1212300938  10.804851
1212301399  12.049884
1212350006  1.609043
1211250883  5.125738
1211435210  4.351592
1211102452  9.210629
1211270675  3.377636
1211576649  4.890840
1211697533  5.312859
1212095880  7.031551
1212379975  3.731348
1213018185  6.712633
1211608402  4.075684
1211685727  5.759693
1211741380  1.463629
1212140206  2.182834
1212725400  4.766684
1212771599  5.761849
1213084098  8.625289
1211688822  4.239035
1211782197  8.059862
1212131304  8.383275
1212363406  4.283703
1211662037  4.736223
1211742435  3.159724
1211737448  6.221610
1212298232  2.676095
1212772603  4.367150
1212806121  2.839172
1211131870  3.265048
1211371596  5.356816
1211543822  4.062344
1211795353  10.156580
1211804895  3.211523
1212314317  6.279704
1212385689  8.040908
1212413405  6.165543
1211105454  7.297462
1211625787  3.265048
1211697513  2.759196
1211710206  6.516448
1211712223  2.513338
1211713393  2.513338
1212101899  3.265048
1212249395  10.798952
1212286858  6.641074
1212381537  6.470512
1212730892  2.683601
1212916751  3.696281
1211204403  3.265048
1211667565  3.320388
1211700670  9.059635
1211108566  6.973319
1211247907  8.250883
1211371309  7.574245
1211531125  3.561871
1211535475  10.926456
1211781608  8.453506
1212126163  9.350185
1212217090  6.493840
1212249567  5.686369
1212813727  7.434962
1212894343  10.441950
1211687704  6.409370
1212523173  9.614236
1212523575  7.560854
1212914350  4.962661
1212191649  4.168146
1211617962  9.210629
1211787796  10.396196
1212201239  4.870121
1212205737  5.240185
1211134802  3.311064
1211561162  9.709331
1211948363  12.334507
1212966610  5.749807
1212968265  5.441747
1212614088  4.504032
1212996817  13.476244
1211324509  5.831177
1211687718  7.102422
1212551683  0.000000
1212551688  6.561215
1212821709  10.298697
1212909708  7.725246
1211135243  8.856054
1211139246  3.265048
1212821736  4.870121
1211163636  10.623196
1211175519  5.003450
1211272486  5.741063
1211942226  6.859419
1211956330  11.597019
1211962455  9.239882
1212047723  6.221610
1212568718  11.790769
1212571154  3.265048
1212987014  14.408817
1213026936  8.586055
1211096213  7.599671
1211118655  6.787897
1211165289  11.992388
1211306402  7.540303
1211332969  5.057187
1211555370  7.966831
1211845233  8.304544
1211882374  6.980352
1212100069  8.252011
1212192624  7.915269
1212194398  4.403000
1212221944  5.299339
1212327456  18.963896
1212345194  8.016871
1212805933  3.167315
1213002166  4.883012
1211852892  2.586601
1212023408  7.463961
1212255981  3.211523
1212104876  7.471413
1212289466  3.211523
1212723808  8.454443
1212260010  6.605938
1211654767  6.015182
1211709804  1.486146
1211766791  2.543421
1211775497  12.674192
1212216494  1.835345
1212297981  7.691244
1212727247  3.578036
1212901551  4.733050
1211023892  11.392373
1212724690  6.195476
1211256009  8.935668
1211263965  4.644784
1211828209  5.318263
1211830879  2.660268
1211901308  1.530491
1211097164  3.561871
1211526707  8.616649
1211701939  8.853779
1212224271  10.513400
1212337071  11.857228
1212379295  8.644713
1212500226  5.086841
1211534914  6.859002
1211923890  9.351001
1212530892  4.413471
1212531255  8.738920
1212751051  6.018318
1212915251  9.052995
1211579726  6.558084
1211650158  7.033817
1212163568  6.595045
1212274240  3.013891
1212711345  7.109270
1212820543  6.256260
1212894971  5.971964
1212898792  4.432539
1211322115  4.985375
1212343381  7.203566
1212523442  6.483982
1211507257  2.968225
1211618555  13.568248
1212064543  9.762044
1211684637  2.356086
1212215559  5.003450
1212719842  5.550681
1212721464  7.301657
1211071502  8.875822
1211626529  3.265048
1211702587  9.395248
1212295942  2.520164
1211605739  7.021963
1211691181  6.053644
1211019232  2.472136
1211206017  3.211523
1212048941  4.577868
1212973752  10.131544
1212976644  5.077272
1213022837  3.211523
1212037173  8.607406
1212385226  6.859002
1211099155  2.692862
1211608122  7.206953
1211620620  9.724444
1211624905  8.087966
1212047165  14.371279
1212128807  8.291492
1212731797  7.324152
1212914866  9.210629
1211176032  7.691244
1211184402  5.003450
1211962927  8.536281
1212815317  4.322683
1211944210  10.688165
1212202832  7.498531
1212304277  7.062909
1212045390  6.370095
1211314175  5.158461
1212507977  5.086841
1212619470  6.787897
1211524555  12.379123
1211767365  10.094947
1211773535  2.892154
1212126037  13.152513
1212200395  3.253673
1212207282  4.100034
1212219171  6.370095
1212312201  6.345775
1212992395  7.833644
1211511591  6.748373
1212379371  12.726845
1211069234  3.436893
1211104210  6.980352
1211149586  5.412156
1211655255  11.618010
1211656425  3.995748
1211857020  11.317116
1212522886  7.382424
1212545742  9.761659
1212649901  4.664354
1211136485  6.865920
1211322577  3.265048
1211323865  8.304544
1211670992  5.434266
1211741589  6.489801
1212281869  12.218287
1212534715  5.173059
1212907545  7.360660
1211254274  7.443140
1211521289  2.881957
1211697421  2.683601
1211711583  10.451377
1212124499  6.265751
1211488273  9.213453
1211868639  2.268250
1212425435  2.881957
1212910724  6.265667
1212968216  3.696281
1211311769  1.693422
1211403693  6.345510
1211612055  2.676095
1212014432  11.392373
1212287375  5.433504
1212725779  3.109570
1212808498  8.304544
1211138640  2.140760
1211492847  6.345510
1212300084  9.221387
1212313718  6.346107
1211161392  10.515775
1211416723  6.250851
1212976681  6.306240
1211161512  8.304544
1211163402  4.654166
1211700189  8.371140
1211721139  2.513338
1211747768  9.741869
1211778092  12.080482
1212142684  6.547679
1212196784  7.988541
1212544270  7.035795
1212828840  6.265751
1211086965  337.549957
1211391458  3.498266
1211417530  4.221477
1211480163  6.887681
1211786462  7.236817
1213010858  13.344741
1213028291  1.583598
1212123630  9.328173
1212545972  3.265048
1212983876  4.111013
1211124301  7.297574
1211621771  7.675412
1211819647  6.973319
1212630181  8.961455
1211440516  5.561361
1211867114  8.363150
1212075345  9.260722
1211109970  9.298857
1211155203  8.016871
1212562546  4.654166
1211777825  5.294672
1212050870  7.691244
1212393388  3.211523
1212661518  5.502358
1211562830  5.177429
1211650830  3.013891
1212729107  7.989984
1212813421  3.211523
1211104894  10.516036
1211301799  11.618010
1212079509  5.562318
1212187044  8.587265
1212559130  6.797182
1212771955  9.381060
1212972833  10.012747
1212047978  9.039447
1212368281  7.987119
1212461474  12.162436
1211424372  11.050475
1211840940  4.654166
1212397369  11.641368
1212972958  7.157979
1211662573  5.496676
1211778600  5.789062
1211937218  6.589753
1211959800  8.148296
1212117732  13.250669
1212643056  7.204083
1211564060  3.265048
1212189460  3.265048
1212206917  6.160010
1212307707  5.898889
1212712622  7.021963
1212828124  8.008014
