1211218833  10.488832
1211665012  8.839402
1211866347  9.825457
1212003460  5.976657
1212113417  9.567648
1212605357  7.434715
1212867479  13.899359
1211145803  12.018642
1211477793  12.394963
1211583478  771.282532
1212073054  2699.322510
1212259299  11.974380
1212517340  8.708765
1212942791  8.126098
1211152275  12.040296
1211348485  8.406189
1211579343  12.295848
1211591524  6.141457
1211663885  13.974976
1211938935  12.317245
1212046288  13.489956
1213020523  9.825130
1211150739  6.201829
1211350887  13.689685
1211765474  13.367379
1211784059  12.001472
1212174757  7.685488
1212204543  8.061635
1212242686  13.553052
1212282945  18.049397
1212395597  14.436620
1211495576  10.534777
1211251195  7.685488
1211271266  18.336422
1211805172  4.151612
1211811713  16.144129
1212611167  11.398283
1212986965  8.382933
1213019634  13.320045
1211131202  4.622394
1211161673  13.232363
1211231931  8.205894
1211650048  24.229887
1212334701  12.506741
1212348767  15.704194
1212461671  12.656734
1212606704  6.092091
1212724668  20.302973
1212963553  4.082418
1213027834  5.862288
1211124087  13.786023
1211141576  11.631532
1211184136  11.793705
1211590040  20.356991
1212348573  8.549523
1212633395  18.810883
1211157114  13.714788
1211206100  9.434495
1212445484  9.260272
1212641498  13.714788
1211522315  11.552443
1211738637  13.976507
1211867849  12.154703
1211700002  17.658310
1211936673  4.082418
1211949064  9.931996
1212526916  5.178439
1212897478  3013.899902
1212975408  9.164922
1211063587  11.974380
1211188669  19.439108
1211203986  13.714788
1211214432  10.108388
1211237872  11.404223
1211467121  11.346485
1212106533  5.264746
1212181700  8.992600
1212264539  9.913663
1212274021  7.212535
1212346804  10.515489
1212369003  15.950503
1212523807  10.121641
1212558776  18.628958
1212564932  16.460583
1212794284  7.813579
1212927507  9.245798
1211247812  8.073796
1211348319  14.323372
1211820991  14.221688
1212320034  20.168242
1212425219  9.330686
1212452228  0.000000
1212452286  2.905131
1212495486  17.183760
1212774432  15.567062
1212786031  12.373355
1213058101  9.159130
1211230017  12.580722
1211496593  6.917122
1211675016  7.493834
1211914959  12.720095
1212282815  78.436798
1212384775  11.596770
1212565379  10.241640
1211129551  9.340210
1211236645  6.982799
1211608009  9.929748
1211765861  9.456903
1211842941  8.188047
1212076060  9.052336
1212206179  11.588109
1212481042  13.705931
1212590869  14.684355
1212636840  7.692283
1211370561  18.336138
1211418217  6.511316
1211490273  11.214440
1211666189  11.974380
1211719306  19.985901
1211823358  12.807531
1212092804  14.369255
1212197310  8.677071
1212347427  9.089940
1212518237  8.243217
1212779002  9.245798
1212945472  9.553991
1212964900  10.260420
1213035083  10.422537
1211383296  10.842266
1211405386  9.511404
1211578263  11.452966
1211637527  15.992460
1211739888  15.962099
1211874948  16.509510
1211905389  11.974380
1212069841  1119.414185
1212069852  30.720978
1212085718  8.646400
1212097563  4.728883
1212185057  13.010227
1212534138  9.841521
1212774704  8.243217
1212860114  9.758619
1213026338  8.126098
1211521077  5.530179
1212685492  15.971067
1211192424  9.279831
1212986577  10.094638
1211496685  12.460836
1211673976  13.555902
1211788511  551.250244
1211788526  493.396729
1211869639  12.641681
1212646333  7.813579
1212911801  13.829945
1211149892  6.250864
1211215485  432.845215
1211236550  1103.888184
1211519541  17.760592
1212057753  16.144129
1212115227  30.655266
1212363973  14.604907
1212387399  2411.119873
1212398378  94.764473
1212643723  13.028171
1212683912  14.341958
1212860816  18.013943
1211126824  9.392200
1211133357  8.511215
1211273802  13.671501
1211336669  15.730289
1211354508  18.383301
1211385388  14.825243
1212002768  8.841793
1213019291  7.273427
1211044080  5.103023
1212733013  17.937920
1212869545  11.116421
1211491589  8.665113
1211560919  3.706304
1211634567  13.714788
1211863464  9.147553
1212175874  7.454825
1212219880  11.432948
1212365506  7.930674
1212410987  14.719998
1212841652  11.178043
1212884384  13.072722
1212968039  3.768386
1211317133  10.662729
1211577807  8.819069
1212026772  14.766294
1212036753  10.096315
1211075684  7.619300
1211461963  12.518492
1212079020  7.170979
1212511539  12.093878
1212656290  18.873083
1211301661  9.136519
1211426561  14.876104
1211607518  14.641620
1211703714  18.031338
1212024471  13.046257
1212127905  31.374720
1212245606  12.049674
1212449711  5.113091
1212687134  9.614762
1213017593  9.397368
1211215333  8.086710
1211402055  12.358641
1211558418  266.111542
1211995263  11.458785
1212528414  7.946399
1212587220  7.157013
1212615318  10.267506
1211125659  8.381230
1211611894  7.423044
1211645606  11.974380
1211652878  16.191998
1212186834  11.952560
1212298978  20.238102
1212330926  18.336422
1212342773  12.959800
1212433480  8.871355
1212388094  11.786881
1212513702  10.884637
1212721940  11.987055
1212736632  10.231109
1212780824  10.108388
1211339981  10.174687
1211753768  10.508065
1211874337  16.061016
1211990790  8.913207
1212099293  5.130140
1212257287  6.492485
1212535132  7.946013
1212581153  10.031661
1212706908  5.292810
1212794195  10.971831
1212962962  8.415991
1213073826  12.150536
1211024203  12.747344
1211529067  8.481658
1212023628  40.150345
1212053073  12.094276
1212138695  16.144129
1212213917  10.652281
1212218312  15.104418
1212262482  15.514568
1212436687  12.342667
1212596441  8.908045
1212653852  13.548968
1212960537  9.310846
1211137005  9.715923
1211175752  12.267115
1211217540  7.995857
1211255974  10.865777
1211412969  10.843360
1212446360  10.464832
1212490988  19.146757
1211490045  8.241362
1211633966  18.202656
1212432321  8.956867
1212442715  13.102633
1212526668  11.404171
1212607422  7.884845
1212686364  4.391177
1212699575  9.251299
1212736480  13.826919
1211549422  11.974380
1212502129  10.969321
1211418655  7.312915
1211482285  11.663642
1211489922  11.786881
1211505489  8.603662
1211773432  6.618712
1212078719  10.481506
1212133582  13.891205
1212182535  11.654603
1212252546  16.543924
1212345375  11.350037
1212345748  9.553991
1212422739  10.158255
1212430171  12.394963
1212511739  7.565866
1212598567  8.381230
1212613893  13.139560
1212629517  7.746480
1212690080  8.708765
1213015277  14.961588
1211232811  12.867680
1211380165  10.074031
1211757828  7.813579
1211811662  19.158308
1212305541  12.913789
1212603044  4.699433
1212685074  8.741877
1212703631  12.882154
1212772429  18.804298
1212974443  13.593640
1211125619  10.885799
1211128617  12.350893
1211153328  6.466299
1211162672  12.793968
1211476675  11.442603
1211552380  12.067681
1211569663  10.213747
1211646809  13.272376
1211804825  15.669342
1211977217  12.839281
1212066366  13.884345
1212584874  0.486665
1212691490  11.246992
1212765955  8.967731
1212795288  14.684355
1213030084  10.945724
1211039259  11.370883
1211044333  7.005157
1211055590  9.836215
1211505763  5.204597
1211826075  11.596770
1211920623  17.121634
1212086821  7.795753
1212110238  8.082874
1212444500  8.646470
1212458921  12.219670
1213045796  11.041032
1211161426  11.983329
1211718139  18.035824
1211852879  7.626326
1212098061  7.800602
1212354246  14.621146
1212852683  9.978649
1211018714  19.136915
1211147595  11.146993
1211197600  11.409066
1212033963  12.762229
1212210568  95.300446
1211156715  9.777724
1211477837  7.863966
1212015453  9.929748
1212101549  13.943237
1212152769  11.919302
1212683415  11.654603
1212731490  12.915436
1212960001  11.113112
1211112256  17.558371
1211213531  10.888441
1211494100  10.385800
1211671685  16.280993
1211693914  10.892923
1211695805  10.167109
1212031953  9.552786
1212188315  8.553787
1212262882  14.698449
1212432450  12.137598
1212614142  11.971612
1212654879  17.569914
1212702766  1.703983
1212778544  8.315986
1212908485  18.706902
1211075430  1.210725
1211083811  11.857349
1211111471  9.157290
1211115205  13.767583
1211129576  12.815132
1211214551  11.719321
1211284512  9.198416
1211285391  9.388170
1211303640  11.643713
1211871235  23.497652
1211888507  8.458288
1211889761  13.277681
1212063011  7.998034
1212156849  4.405964
1212223887  10.733845
1212280277  9.156917
1212408932  17.059826
1212581627  9.239929
1212829244  9.553991
1212935540  10.058754
1213012394  7.998034
1211129780  6.509952
1211302281  8.974503
1211829749  12.036233
1211895521  9.201492
1211907976  27.151979
1211999734  2.535721
1212039948  10.286092
1212166852  16.166874
1212607406  22.968287
1211093757  10.244411
1211216592  15.460049
1211697185  14.080344
1211925836  9.434495
1212107419  8.192339
1212175586  13.362726
1211563565  14.719998
1211699884  34.006969
1212023493  5.572523
1212214119  26.000996
1212228931  20.736153
1212630897  12.009542
1212685597  15.874921
1211153599  10.670752
1211389171  9.457144
1212014610  11.350037
1212035690  11.778078
1212328474  11.786881
1212334099  30.638834
1212342774  12.154504
1212955980  10.654881
1211049533  10.726564
1211126075  9.929748
1211217955  18.082205
1211553718  10.333856
1211767077  10.759923
1211988582  8.527778
1212030403  10.997750
1212201768  11.346885
1212244940  13.304866
1212313784  12.296607
1212510986  5.178439
1212772050  9.397857
1212858451  15.751781
1212878474  12.913789
1211044287  12.645218
1211220712  15.064124
1211642896  1.394168
1211671982  13.704077
1212169762  15.926556
1212461985  11.607725
1212522365  21.311779
1212686817  9.279831
1212716826  10.068363
1212967359  3.876716
1211041306  9.553991
1211066100  7.685488
1211225194  5.014044
1211384699  11.825391
1211527705  21.265541
1211565777  11.974380
1211575477  7.813579
1211902004  12.301632
1211992173  4.297282
1212087094  12.556314
1212103695  9.553991
1212204161  10.966063
1212472909  9.934692
1212530855  13.848159
1212556125  11.284064
1212783995  13.734120
1212878391  13.463826
1212944990  5.178439
1213040984  5.264746
1211230640  5.264746
1211581890  11.778078
1211846870  2.954370
1211902091  12.147743
1211989370  10.207932
1212422832  10.456813
1212631091  13.461237
1212735031  14.288631
1212781310  12.586071
1211258802  11.987850
1211324097  11.404171
1211392147  3.856613
1212606145  42.640808
1211240153  12.444122
1211903076  10.769403
1212082750  10.252207
1212554204  19.044449
1212737038  20.831419
1213022271  11.103856
1213023280  7.609123
1211591912  12.161365
1211836593  15.038478
1211896995  12.394963
1212319285  11.281599
1212532920  6.629050
1212643080  7.783508
1212669317  13.489956
1212704925  9.036211
1212897108  10.108388
1211064906  11.748440
1211127222  6.116045
1211137820  9.553991
1211179626  12.452594
1211417749  9.614762
1211501178  11.404171
1211565081  11.974380
1212088862  11.527500
1212235008  11.974380
1212388897  9.434495
1212434193  8.614923
1212612449  9.136519
1212627041  8.108082
1212648278  11.983329
1212779981  11.444614
1212819264  11.159918
1211168583  14.716165
1211596373  8.407317
1212262563  8.126098
1212276694  7.857403
1212637841  8.689578
1212690379  6.500249
1212918276  13.006723
1211051706  9.397368
1211125815  10.886327
1211209334  9.614762
1211408889  13.046257
1211526643  5.849718
1211593016  8.258193
1211912694  15.472269
1212008365  14.206079
1212029342  15.188169
1212072920  13.184722
1212146814  16.018091
1212151116  11.786881
1212182516  9.741889
1212205752  13.314811
1212233231  17.907925
1212426500  18.581457
1212605692  18.027679
1212678834  4.959136
1212784884  13.929996
1211039034  11.504210
1211206624  11.666625
1211320809  11.828733
1211322185  11.778078
1212346240  5.478523
1213010651  12.935040
1211023511  30.711214
1211282038  11.786881
1211308474  9.494298
1211403774  8.224820
1211439718  866.699585
1211456037  21.524731
1211717101  12.995609
1211861028  13.816591
1212060144  17.190395
1212140969  9.269395
1212454102  1.703983
1212579485  9.434495
1211051274  12.137598
1211140812  6.822471
1211624985  12.473937
1211630290  10.036554
1211640409  14.033364
1211640586  11.921128
1211641478  17.430399
1211717234  10.131298
1211903611  8.263828
1211124801  18.115038
1211138879  10.508065
1211268701  18.074221
1211309761  8.777470
1211426109  7.325231
1211506001  13.649379
1211525968  9.567398
1211940511  14.875240
1212042879  14.144492
1212184991  0.000000
1212185014  8.041842
1212223348  14.754104
1212367654  8.724969
1212392085  16.519356
1212604717  5.671950
1212623494  9.614762
1212896320  6.750828
1212961704  11.222032
1211049139  7.992883
1211327334  7.753431
1211597378  14.452314
1211604881  4.552486
1211946468  11.914229
1212097293  13.687007
1212603036  5.178439
1211472307  10.418106
1212342029  10.420286
1212458681  1.484114
1212804215  10.615546
1212939487  15.993587
1213033277  18.297245
1211129795  7.923083
1211149893  10.326534
1211302471  8.371692
1212778899  9.614762
1212819346  5.936257
1212895595  12.467990
1211127936  8.406189
1211213156  6.340936
1212036585  9.149524
1212462866  15.289120
1212629834  9.279831
1212977129  7.930367
1211359777  12.912568
1211429159  9.557142
1211500592  11.146993
1211511061  11.778078
1211520172  13.010389
1211803417  11.983329
1211889348  7.654534
1212050786  14.705348
1212197285  5.671950
1212223284  11.900458
1212266626  9.279831
1212504983  5.178439
1212558253  11.778078
1212633850  8.841793
1212711318  19.249285
1212720717  9.553991
1212729996  9.440434
1212785963  12.867680
1212919825  13.548968
1212945629  14.537193
1211129470  11.321394
1211465357  10.120803
1211497582  15.751781
1211663782  7.813579
1212610021  2.897491
1212697880  1.732377
1212745337  21.950226
1212943043  12.890521
1211355484  13.714788
1211470721  14.379995
1211770271  10.198855
1211987699  10.721640
1212188810  10.701865
1212341981  9.816138
1211157378  14.767678
1211200635  14.394057
1211221005  9.065792
1211240691  11.974380
1211267757  12.614031
1211288883  13.581743
1211301680  11.428863
1211347656  7.271952
1211404459  12.656734
1211421588  11.477477
1211429041  16.144129
1211466371  7.820488
1211470357  7.992883
1211513041  12.628054
1211612634  1085.985962
1211789810  11.974380
1211925293  10.686168
1211991403  13.062960
1212069368  12.959800
1212090917  7.953310
1212157878  11.514220
1212181850  3.923107
1212205992  11.668768
1212411675  10.482772
1212485492  13.062960
1212537490  5.178439
1212633009  15.965839
1212642635  8.694221
1212903084  9.990590
1213036197  11.529900
1211128141  8.108082
1211139079  6.113282
1211572635  9.851311
1211687970  10.256575
1211694239  5.367513
1211761475  10.565629
1212126721  10.483096
1212128511  13.548968
1212473648  17.832100
1212628296  5.264746
1212770915  14.725101
1212865962  11.564054
1212903580  8.738495
1211681118  7.123889
1211949938  9.388170
1211989998  7.890149
1212460484  13.425447
1212685057  10.061265
1212794285  7.903125
1212797622  7.452212
1213083910  14.144492
1211119722  15.879471
1211135547  7.753431
1211402001  12.857615
1211407977  14.671472
1211482739  12.025310
1211665029  0.768787
1211828409  13.714788
1212190416  1.508444
1212452134  9.157290
1211330590  7.517471
1212011072  12.563704
1212085171  11.778078
1212892507  13.832626
1211135607  5.264746
1211653303  6.455845
1212013496  7.005157
1212153385  14.772820
1212183993  12.829692
1212412836  19.322756
1211123228  9.652907
1211218832  14.913562
1211925311  8.576814
1212064753  13.129018
1212078443  12.860131
1212347869  9.243793
1212409387  11.786881
1212428589  11.467939
1212512176  7.090397
1212529731  18.034491
1212601888  6.989352
1212957543  8.055069
1211096983  16.296829
1212149768  16.009644
1212158545  7.807517
1212226982  11.983329
1212474556  10.236420
1212476564  12.420886
1212510104  7.158370
1212532190  7.325231
1211600121  8.885608
1212351250  9.136519
1212532007  11.668768
1212649578  13.605623
1212985483  11.628246
1213030682  9.614762
1211096010  6.250864
1211123062  10.061847
1212373692  18.500465
1212413686  11.778078
1212547468  26.046009
1212583353  15.700425
1212788323  6.021614
1212814735  10.108388
1213020488  7.687399
1211102183  10.575748
1212174979  7.212535
1212433014  8.523905
1212794562  9.946306
1212886810  8.587842
1211427167  12.867680
1211490703  10.818863
1211531162  17.168486
1211808596  21.464031
1211909804  16.848557
1212111835  7.128121
1212238388  13.383698
1212247596  12.212947
1212343406  11.778078
1212413576  18.246008
1212426273  13.949658
1212433029  9.275174
1212449292  6.727216
1212499986  9.234266
1212586213  10.731339
1212614353  9.913010
1212773613  8.740693
1211263287  14.876104
1211419409  8.676339
1212261517  5.696397
1212289201  6.890319
1212734061  10.162052
1212809016  7.255097
1212858061  16.834169
1212948095  6.907063
1211044305  7.813579
1211123104  11.974380
1212148962  11.436187
1212245554  14.378418
1212263129  10.422537
1212457138  4.082418
1212459315  5.453964
1212464495  5.264746
1212472327  9.614762
1211222160  17.079350
1211311112  7.691505
1211418255  7.813579
1212001589  15.212088
1212007224  9.279831
1212549359  15.929568
