1211094669  9.368809
1211034268  13.009143
1211165321  14.689109
1211180197  8.546550
1211348815  4.243173
1211351684  8.553067
1211440597  12.155406
1211443842  4.445229
1211466092  6.788107
1211647637  10.312304
1211855339  6.920214
1211858123  8.485133
1212072184  6.948985
1212138945  4.590974
1212158783  4.671481
1212292677  0.000000
1212292691  5.091807
1212342594  9.343177
1212544477  7.211917
1212547396  6.244979
1212617931  4.667490
1212742205  10.911562
1212964761  9.835508
1213020778  11.894117
1211118386  15.302668
1211525172  10.491209
1211532158  23.016802
1211674343  8.546550
1211789723  11.537334
1211989487  6.328582
1212016857  12.009118
1212041409  12.613737
1212302514  7.130488
1212480477  12.788321
1212558008  9.134562
1212565563  11.796758
1212650845  14.271923
1212655438  12.062507
1212676923  6.175944
1211054071  11.345046
1211100741  13.951707
1211230998  10.549299
1211705076  8.546550
1211362217  11.445722
1211523751  11.345046
1211965764  11.345046
1212071405  7.660031
1212161327  9.632260
1212825480  10.153377
1211078935  7.578296
1211120588  9.134562
1211372724  9.515294
1211401887  8.222273
1211570319  3.484282
1211638737  11.391007
1212005593  4.516926
1212134828  13.701129
1212409675  14.055862
1212500427  1.947468
1212517059  6.724824
1212551466  7.500887
1212567772  13.001459
1212765114  3.283536
1211065262  6.239537
1211075805  1.947468
1211533784  7.859713
1211607237  7.957146
1211999562  8.642469
1212119460  12.818999
1212361784  3.445778
1212735574  3.976888
1212863445  6.183769
1211084471  8.485133
1211249981  6.544941
1211259930  7.889122
1211436378  16.404512
1211443832  9.247051
1211755459  13.265557
1211849137  8.546550
1212463723  6.042595
1212738915  13.009143
1212897407  4.890742
1211223096  9.792798
1211484356  11.123279
1211489067  12.632812
1211529897  11.153844
1211532454  13.347113
1211576409  6.948985
1211760882  9.268069
1212898252  8.171810
1212919754  14.448831
1211421634  10.491209
1211705467  8.036755
1212601344  4.819273
1212602020  0.000000
1212602044  3.256388
1212921958  9.310144
1211615696  7.718479
1211660572  4.688575
1212111665  7.556488
1212220676  9.262362
1212637039  6.688272
1212823439  8.170700
1213068136  6.948985
1211580592  4.406131
1211957764  8.186794
1211965814  17.097971
1212391088  13.619460
1212558024  9.154089
1212737874  22.228970
1212769890  12.843449
1212829457  9.528575
1211348383  8.394392
1211727740  13.244425
1211793972  8.572434
1211897062  8.180842
1212253140  7.580711
1212743486  13.431389
1212862186  6.948985
1212219490  8.706379
1212830227  9.835508
1211508307  0.348444
1211675776  8.777724
1211776352  8.341930
1211785655  11.159061
1211802379  8.406442
1212372753  11.079453
1212473112  13.051597
1213002826  9.927121
1213004181  11.656898
1211690363  6.437221
1211954290  9.593848
1212364593  13.297697
1211055810  11.537334
1211121883  16.858862
1211244722  4.667490
1211312995  4.667490
1211371258  8.236748
1211464452  6.343529
1211547215  8.807866
1211682728  9.134562
1211731670  8.996367
1211768978  8.406442
1211778799  11.079453
1211789950  10.882567
1212249248  7.748507
1212251216  6.045190
1212284600  10.319221
1212331570  11.608814
1212413344  4.590974
1212503646  7.907129
1211434461  11.159061
1211522453  10.835342
1211640325  10.110306
1211695478  8.546550
1211712056  7.651194
1211713918  6.322639
1211152175  10.491209
1211495904  7.314721
1211616710  6.045190
1212885393  5.966718
1211036269  4.703910
1211082456  5.374513
1211108116  14.125539
1211271063  6.451046
1211370186  9.446301
1211374469  10.538193
1211502578  3.272337
1211817303  10.138563
1211883828  13.299798
1212125935  10.002810
1212260971  11.345046
1212401259  6.948985
1212713222  4.379769
1212716483  9.374822
1212832949  5.083536
1211134663  7.480250
1211387858  5.077158
1211705289  5.989206
1212107592  14.177029
1212133301  10.054764
1212216692  8.369640
1212295716  7.498255
1212301451  7.651194
1212470750  7.348430
1212912442  9.724325
1212957619  11.345046
1211423379  8.546550
1211523924  9.865257
1211605404  8.316541
1211859893  6.948985
1211948675  6.265054
1212191275  14.211964
1212296389  8.012390
1212814374  6.045190
1211387356  11.159061
1211614232  9.392545
1211676768  8.711628
1211704772  8.776679
1212175254  8.546550
1212312244  7.188605
1212358178  10.491209
1212564607  10.491209
1212568628  15.817763
1212569359  9.607038
1212627658  8.346033
1211942480  10.159742
1212059455  10.312304
1212728765  9.790009
1211265419  6.942914
1211274254  1154.346069
1211528548  11.345046
1211766485  10.609785
1212048784  8.999930
1212176561  6.265054
1212193998  5.995227
1212481129  7.165658
1212528386  11.345046
1211020753  9.537462
1211300045  5.224412
1211821619  9.262526
1211926979  7.445341
1212498752  10.472350
1211241992  9.397581
1211346362  13.047144
1211356078  13.840053
1211358424  8.987230
1211358843  8.186794
1211607013  13.244425
1212122847  9.286804
1212479262  8.490856
1212569538  15.562035
1212657288  6.265054
1212937395  12.244722
1212311961  11.942154
1212764509  4.571946
1212795039  7.823097
1213001403  9.134562
1211132452  9.343177
1211135464  12.219805
1211435085  12.165575
1211673088  10.491209
1211693077  11.121336
1212591494  7.660031
1212819290  8.931562
1212821887  7.226288
1212873411  6.045190
1211101059  7.764311
1211336814  8.691406
1211355133  12.632812
1211428637  11.537334
1211614032  13.789426
1212049399  11.345046
1212306127  6.488307
1212655178  10.968256
1212906216  8.546550
1211077369  3.077466
1211178590  7.314721
1211267193  12.671582
1211324909  15.858823
1211332438  4.667490
1211340691  12.632812
1211601216  6.567483
1211719913  5.091807
1211728014  7.480277
1211778399  7.764311
1212062935  9.376822
1212075645  10.301149
1212114763  8.656195
1212147173  14.878985
1212191072  0.000000
1212191102  4.667490
1212203329  4.203221
1212336185  8.485133
1212563233  6.465180
1212750333  11.345046
1212913376  9.671248
1212958935  8.987230
1213002632  8.546550
1211692341  6.222971
1211852767  8.081079
1212022988  4.657850
1212375364  7.104957
1212498722  6.239537
1211074509  8.738860
1212217678  28.837765
1211070295  7.958099
1212205843  6.618081
1212259883  2.205113
1212298267  9.465013
1211168212  12.122212
1211844505  10.040026
1212265688  9.615188
1212296855  2.853307
1212908426  8.949992
1211183006  9.759275
1211699038  12.262915
1212121264  6.239537
1212127602  8.810316
1212137753  7.907129
1212307130  6.835067
1212890558  8.406442
1211269080  5.855566
1211415277  6.649252
1211585618  5.370047
1211686188  6.724824
1211829309  4.557061
1213042368  6.488307
1211096335  8.691406
1211274988  10.635981
1211609949  7.907129
1211690726  9.427926
1211699248  8.956615
1211896763  6.279006
1212044785  11.159061
1212046352  8.546550
1212093440  4.277989
1212324753  12.828708
1212330724  14.532576
1212334959  8.046526
1212378886  10.054764
1212576589  11.912545
1212803622  5.882192
1212825695  11.345046
1212886611  7.862319
1211025633  6.162349
1211169485  8.741937
1211257812  13.649814
1211275939  12.792324
1211280521  9.028231
1211796804  13.347113
1211799409  8.052585
1212030034  7.764311
1212204972  0.998701
1212297228  10.054764
1212724385  8.995996
1212733657  7.821170
1212737075  9.993827
1212195493  10.491209
1211051933  3.545032
1211534563  6.948985
1211579377  4.518699
1211801487  12.029903
1211622784  8.197707
1212025764  13.057064
1212174224  5.122347
1212181395  10.714132
1212225747  9.587363
1212654706  12.376413
1211110422  10.968256
1211209882  9.993827
1211249986  6.917467
1211798076  9.028231
1211834162  9.134562
1212074928  17.301764
1212129416  6.162349
1212490781  8.610035
1211684570  6.321161
1212213974  9.724325
1212719603  8.046507
1212719971  6.835067
1212911870  8.186794
1211126242  6.262202
1211357095  8.995996
1211421263  6.904817
1211525761  8.508961
1211626426  12.508359
1211685321  9.427926
1211686536  13.347113
1211715119  9.969587
1212049740  7.580711
1212053802  9.924182
1212133460  12.277799
1212209177  8.150902
1212221991  13.054661
1212291645  12.376413
1212655349  14.906619
1212900442  13.819481
1211159711  4.252820
1211685006  3.886208
1211988993  6.724824
1212251637  19.665445
1212421383  7.950192
1212745725  6.835067
1212769682  15.179763
1211432320  4.633012
1211443990  12.128321
1211592404  5.335355
1211775696  12.930360
1211797704  12.130320
1212068080  14.199503
1212127082  9.286804
1212399876  12.792324
1212480335  8.520771
1212483301  11.448689
1212685744  11.609296
1212747553  13.879102
1212913014  8.089766
1212977568  13.449648
1212980954  0.000000
1212980995  8.394392
1212996994  10.740093
1211124223  10.240035
1211525633  12.646816
1211791348  7.178237
1212405232  11.598661
1211358672  11.345046
1211700238  11.603369
1211777492  11.159061
1211785901  9.323508
1211877595  8.052585
1212200225  5.002249
1212427380  6.843612
1212915815  10.374244
1211098042  7.325614
1211599902  7.856790
1211699185  11.345046
1211963802  9.286804
1212394195  6.851815
1212546711  8.289641
1211081939  6.558166
1211614385  8.623423
1212223430  6.948985
1211354290  13.299798
1211585809  13.221823
1212201939  5.306646
1212285922  7.319457
1212828225  10.255859
1211048198  9.495083
1211684823  1.595931
1212299206  6.724824
1212303403  8.685789
1211439335  8.546550
1211622427  11.305525
1211744829  8.036755
1211101033  12.912862
1211523142  0.000000
1211523156  6.682069
1211598431  9.268069
1211651478  5.898530
1211685938  10.804806
1211691515  7.325614
1212406592  7.877814
1212484529  15.089879
1212567822  6.948985
1212992282  10.301149
1211095280  4.342895
1211638199  8.258619
1211705230  10.548534
1211778260  6.948985
1211034288  4.590974
1211101344  11.736255
1211163099  9.230835
1211267425  11.345046
1211338918  8.186794
1211528881  9.427836
1211656365  6.265054
1211857385  5.000882
1212032326  5.695504
1212035388  5.647536
1212369788  13.001459
1212567636  9.716668
1212629514  3.541847
1212644435  9.323508
1212648335  12.196352
1212653715  10.804806
1211424791  16.243073
1211706770  8.394392
1211866902  6.948985
1212229369  7.430666
1212483614  12.416648
1211323448  4.370968
1211519586  13.001459
1212649862  5.000882
1212813706  10.301149
1211072458  6.239537
1211091528  9.331822
1211095085  8.508961
1211099968  12.090381
1211100828  15.125891
1211231369  8.485133
1211283101  7.957978
1211358805  11.159061
1211361605  10.301149
1211362993  8.515476
1211680084  5.008049
1211901832  5.714204
1212104627  4.828438
1212124223  12.632812
1212183368  8.346033
1212299150  5.797284
1212393315  11.537334
1212464819  6.265054
1212827317  1.879334
1211035566  10.312304
1211072640  5.834363
1211117384  6.948985
1211480188  6.948985
1211662575  5.476926
1211672824  6.518886
1211788130  8.493561
1211850560  13.090438
1211865624  12.388110
1211868579  6.265054
1211974974  8.186794
1212479750  9.671248
1212685317  5.870666
1212905581  4.667490
1212910384  12.412936
1211213322  15.844750
1211266482  14.973016
1211733699  8.546550
1211787794  11.345046
1211184112  6.045190
1211235782  5.728896
1212974504  7.368171
1212988349  10.530280
1211374392  3.607437
1211416639  6.222971
1211511296  6.933877
1211831076  8.485133
1212738517  10.374244
1212742672  9.238610
1212820652  6.378435
1212935858  11.096462
1211518624  7.817783
1211686571  6.859334
1212201356  8.223299
1212290120  8.346033
1212303980  11.345046
1212827033  6.835067
1212886255  7.314721
1212909926  8.485133
1211095478  6.948985
1211161791  6.948985
1211179031  6.716878
1211263542  10.240035
1211267561  3.082636
1211268946  7.269781
1211270577  8.346033
1211349168  6.258110
1211738822  8.186794
1212549850  8.591319
1212551175  11.484375
1212653221  14.777553
1212857540  11.345046
1212903688  11.736255
1211440070  6.315575
1211464010  6.045190
1211693874  5.903079
1211702350  7.930934
1211715059  8.186794
1211785793  8.052585
1211788214  9.286804
1212249649  5.142815
1212294258  11.751357
1212305977  9.352489
1212378056  6.414447
1212895439  5.360729
1212941086  12.665195
1212954790  6.343529
1211155071  11.737782
1211993049  8.170700
1211064929  11.345046
1211079547  9.654591
1211478620  8.572434
1211703009  6.066149
1212300180  8.579245
1212643726  6.675317
1212686092  5.404191
1211356858  10.002810
1211987121  11.345046
1212418863  10.560991
1212739260  9.310144
1211137024  5.946089
1211138853  0.365213
1211399944  8.010380
1211915385  6.397003
1212146080  9.343177
1212421872  11.345046
1212622319  4.667490
1212727360  5.626290
1212806219  8.036755
1212812521  9.286804
1212813221  8.396262
1212911636  5.895011
1211479016  15.470517
1211100280  8.546550
1211650659  11.159061
1211783906  6.414447
1211786759  12.788321
1212603500  11.345046
1211156765  7.525764
1211300894  9.073679
1211627268  5.956273
1211721877  4.308453
1212925440  15.001683
1211421585  10.363184
1211453044  6.343529
1211609347  8.771565
1211776680  8.139571
1212217005  5.573837
1212223810  7.895508
1212311276  7.368171
1211440079  13.483811
1211082767  10.321970
1211347608  9.455478
1212689764  10.325505
1212724686  8.355923
1212981286  14.244249
1211334303  6.476990
1211509879  7.747455
1211534644  7.831318
1211535693  10.472350
1212120942  6.183769
1212326332  8.325554
1212480379  13.299798
1212557919  6.709123
1212656739  9.323508
1211547407  6.183769
1211634893  18.143499
1211840029  6.948985
1211841850  14.878985
1212039544  9.343177
1212146371  11.345046
1212225695  8.546550
1212875097  12.843657
1211117451  12.239644
1211467352  9.846884
1212135960  6.343529
1212272674  2.745582
1212383636  15.830297
1212543602  5.995227
1211097418  6.051418
1211588337  4.446129
1211872020  686.921326
1211952667  6.191171
1212028294  7.995062
1212128863  8.686231
1212144711  6.343529
1212815404  6.191994
1211176965  8.125416
1211339150  5.340495
1211355454  11.796921
1211443259  11.608814
1211557533  8.052585
1211778292  6.520990
1211960614  13.486650
1211964452  15.830345
1212021370  8.346033
1212289222  12.632812
1212721604  9.157018
1212742377  15.270976
1212883119  8.766236
1212893039  6.228247
