1211091152  3.826980
1211100257  10.021351
1211687570  2.546644
1212885369  4.428235
1212977531  6.295228
1211066673  8.488937
1211402925  6.190308
1211513621  6.190308
1211583956  9.530181
1211711662  4.878563
1211777222  4.293853
1212637435  4.635108
1211081794  5.127007
1211483747  6.088827
1211566136  2.960358
1212083231  5.708377
1211333096  8.646140
1211529993  6.190308
1211606525  4.406279
1211825354  4.962677
1212111363  4.558219
1212294501  8.459184
1212298880  9.909059
1212397504  10.224679
1212549646  6.805963
1212730643  4.568813
1211077383  4.718610
1211091081  9.842399
1211516116  7.328053
1211525146  9.751949
1211999794  4.635108
1212590704  6.088827
1212718526  7.874398
1212911359  2.691234
1211093116  4.718610
1211095607  6.851646
1211129807  5.175439
1211286635  7.377939
1211476561  2.345270
1211523336  7.182947
1211701593  4.782254
1211707106  7.653960
1211831916  4.768884
1212377192  9.900327
1212808799  7.007895
1211095356  5.021367
1211162356  2.100242
1212005985  6.124154
1212009160  6.504930
1212200359  4.086576
1212377364  5.108105
1212436992  4.718610
1212567952  8.391519
1212719613  2.812518
1212881981  8.895153
1212897964  11.140943
1211050097  8.212473
1211070988  4.796232
1211171808  6.516113
1211213698  7.182947
1211333280  8.049854
1211527270  4.314820
1211559921  6.088936
1211705096  2.537449
1211734921  10.600778
1211997806  7.781526
1212127719  7.266434
1212205023  6.531300
1212281313  8.005637
1212621201  5.604551
1211028468  7.390550
1211089492  2.487496
1211228412  5.680377
1211434944  7.781526
1211672099  7.182947
1212040060  6.663032
1212225640  7.152145
1212226085  3.756522
1212510399  1.548818
1212818622  7.653960
1212893544  2.911827
1212897205  6.104802
1213084111  9.948422
1211400709  8.111470
1211423763  6.627938
1211595053  5.021367
1211695410  8.005637
1211703510  4.797254
1211755178  7.074114
1211779200  5.021367
1211782856  2.931691
1211932218  7.104858
1212016812  10.264245
1212636691  10.562523
1212642949  4.218928
1212738513  5.686909
1212798091  6.019713
1212808962  5.021367
1213017891  5.521922
1211508787  5.829157
1211591376  11.071774
1212044476  4.373174
1211336405  5.989117
1211706884  1.865622
1212039111  7.530509
1212238506  12.183818
1211090576  8.336730
1212370916  4.039968
1212420097  3.945921
1212456272  4.874859
1212561060  0.000000
1212561067  0.532571
1212569091  7.284229
1212830654  4.430617
1212888414  3.795866
1211776010  11.404918
1211873526  10.916778
1211955190  4.480961
1212742973  2.732638
1212806366  4.564878
1211424307  4.623365
1211457383  4.809054
1211645023  6.190308
1211889062  2.960358
1211959442  2.864862
1212244676  5.216954
1212644664  1.135616
1212695886  4.334044
1212993446  6.278131
1211325257  9.154737
1211567091  8.978683
1211578874  5.173180
1211681284  4.248091
1211867391  4.018465
1212097697  5.477854
1212280241  10.620229
1212366368  3.364889
1212456858  4.002819
1212706107  4.497426
1212779196  5.029434
1213036577  4.874859
1211123967  6.225673
1211312819  4.642504
1211389689  6.968531
1211732663  7.781526
1211813111  6.190308
1211868799  4.238085
1211916805  8.005637
1212037486  8.703155
1212381019  5.455323
1212526532  2.819388
1212812507  2.306823
1212951426  5.021367
1211054829  4.484901
1211321903  7.653960
1211532512  7.781526
1211613538  6.088827
1211707942  6.822046
1211709708  9.373948
1211913225  1.258266
1212553529  17.686594
1212698513  5.781359
1212903084  7.054099
1212987631  7.410977
1211619821  7.781526
1211625551  4.939049
1212052884  8.253952
1212281944  4.939049
1212305046  5.500784
1212386754  4.718610
1212439301  7.525534
1212457764  7.840820
1212471907  7.515813
1212474345  7.781526
1211063394  6.827174
1211787758  8.978683
1211799705  6.190308
1212091557  6.007267
1212104743  7.913416
1212517719  6.164301
1211425772  5.305978
1211426281  12.877537
1212132355  10.777457
1212216525  11.715568
1212220454  5.739949
1212473456  8.103345
1211074684  3.346238
1211605146  6.758327
1211947893  5.379270
1212251934  8.771501
1211770881  6.654017
1211783246  9.358967
1212195982  4.460650
1212386402  8.716426
1212530098  8.075820
1212626978  4.304029
1212722519  8.391519
1212961936  6.376887
1211088448  7.624417
1211609079  15.551571
1212227205  7.781526
1212355624  5.347953
1212490054  52.002834
1212728058  11.701609
1212977423  2.864862
1211163312  3.264632
1211447066  18.683405
1212206669  14.295271
1212307005  2.647979
1211435476  4.635108
1211708730  7.182947
1211840640  3.493145
1212172582  7.182947
1212302831  6.537319
1212640315  4.071378
1212799012  10.025785
1212827106  34.350822
1212996260  7.781526
1211703696  5.869287
1212121850  4.721013
1212222008  10.370530
1212472825  5.714130
1212551842  14.562272
1212700424  6.419488
1212297539  6.878119
1212311803  6.861975
1212428299  15.396368
1211080372  4.386433
1211263769  7.074114
1211524116  7.781526
1211764274  6.124154
1211776841  5.021367
1212280894  3.945921
1212290118  0.000000
1212290122  4.542121
1212520161  4.444954
1211316409  6.088827
1211526913  8.079164
1211657792  6.190308
1211780884  5.323339
1211798705  4.718610
1212025227  7.269393
1212224047  9.186238
1212316360  3.481030
1211100564  3.264632
1212197292  6.545909
1212340050  5.070088
1212626487  6.557059
1212958550  4.956107
1211870278  5.130460
1212865448  16.956242
1211081836  5.416574
1211691394  7.468712
1212212210  10.073322
1212821080  9.049653
1212903559  7.653960
1212914163  9.035645
1211019825  8.522880
1211022579  6.190308
1211253494  6.297552
1211615654  6.901612
1212240227  13.248617
1212240530  7.005423
1212299049  9.337831
1212376179  6.190308
1212957375  3.374775
1211518968  6.696189
1211680874  3.211113
1211712662  4.939049
1211825100  5.021367
1212019573  2.864862
1212315442  5.291085
1212898746  5.379270
1212908281  8.220366
1211100753  7.653960
1211254976  12.646847
1211755765  5.013706
1211862231  7.390550
1211942798  6.084986
1212109472  2.960358
1212306738  2.911827
1212552613  3.945921
1212821968  4.898407
1212975943  6.968531
1211419584  13.923274
1212559732  11.718966
1211099690  8.005637
1211332109  10.021351
1212256208  3.870620
1212379720  4.956107
1212887665  3.316589
1211785294  6.190308
1212298835  4.874859
1212561968  6.954890
1211794981  2.868204
1212203228  5.729950
1212525183  3.290324
1212904590  19.737656
1212918129  9.035645
1211178287  4.007545
1211261390  7.390550
1211385115  2.441231
1212159763  6.329434
1212290868  5.990620
1212478859  10.737814
1212636942  2.574224
1212873731  5.770780
1211741944  7.781526
1211771801  7.781526
1211941660  5.718585
1212131338  4.624148
1212563572  2.468705
1212705465  4.497426
1212919170  5.589996
1211173208  6.299094
1211179041  8.338531
1211249854  1.781218
1211258168  9.868875
1211403992  7.583991
1211758603  8.005637
1211769583  6.484605
1211834042  2.132063
1212426582  4.532430
1212688279  6.520130
1212827249  6.190308
1211523387  5.204358
1212547335  4.797254
1211078199  10.737814
1211416650  6.225673
1211524711  4.406279
1211715012  5.074899
1211787108  7.530509
1211868440  4.357699
1212038447  2.911827
1212200819  4.321187
1212258355  4.017093
1212291232  5.621579
1212695145  5.506785
1212289251  4.264141
1212466703  5.388729
1212613239  7.874398
1212922344  5.194517
1212999521  15.735693
1212999571  4.480469
1211946092  5.789083
1211952523  9.357268
1211995577  14.891982
1212052477  9.238187
1212113647  4.797254
1212804110  7.138031
1212980429  7.781526
1211075781  6.719635
1211121308  3.318261
1211133340  3.497494
1211495399  2.450369
1211791054  6.190308
1211915788  5.418324
1211983995  9.961978
1212104172  3.283494
1212383322  7.269393
1212428451  4.878563
1212601303  5.672308
1212898917  6.753063
1212902658  4.962677
1211261605  7.779526
1211350136  3.481030
1211443244  4.406279
1211700099  3.439060
1211856428  8.131163
1211078071  5.126770
1211159723  4.956107
1211181968  4.171525
1211612008  8.053674
1212137657  8.737365
1212200216  4.796232
1212980939  0.000000
1212980955  3.882564
1212999015  5.425583
1211081820  4.558219
1211091235  8.488937
1211101685  10.103867
1211591554  6.136155
1211719979  4.797254
1212199551  5.597824
1212212861  11.145614
1212212919  5.584795
1212821386  7.410977
1212825847  7.515813
1212911765  9.035645
1211595106  6.426565
1211612317  7.389819
1212195875  4.962677
1212201737  4.635108
1212352310  4.939049
1211522733  6.087876
1212470416  4.558219
1212861591  2.736245
1212893273  4.827309
1211084282  6.547690
1211314417  2.388505
1211920757  2.931691
1212039559  7.653960
1212710717  10.264245
1212791321  9.691710
1212878958  4.334044
1211100851  7.417881
1211194398  4.334044
1211383338  5.021367
1211623889  2.290055
1211640629  6.822046
1211694255  11.023486
1211763248  4.286262
1211774134  8.082504
1211958904  2.691389
1212814561  4.797254
1211657225  2.819388
1211777728  8.694764
1212251490  2.960358
1212685929  2.457839
1211132802  8.191080
1211161786  7.653960
1211525538  2.565230
1211689201  5.106474
1211797199  2.269616
1211944932  3.264632
1212235358  21.624327
1212256080  4.642504
1212307780  6.403767
1212430888  9.651455
1212471644  5.462036
1212480471  4.956107
1211267812  9.633219
1211292232  1.473147
1211555937  4.939049
1211693178  5.477854
1212230276  10.777457
1211243601  9.842399
1211783948  1.073463
1211951509  7.779526
1212107129  7.938724
1212297248  9.186238
1212436072  2.960358
1212501929  7.056154
1212553902  5.477854
1212916877  4.054018
1212988154  7.033049
1211101939  4.797254
1211316501  4.574868
1211360886  9.186238
1211710440  3.350504
1211767597  9.528399
1212228227  4.406279
1212723399  7.781526
1212731671  7.874398
1212898872  3.351348
1212914781  33.462379
1211043461  7.781526
1211158073  4.936572
1211347288  7.530509
1211560562  8.134744
1211867906  4.797254
1211872022  23.344578
1212381934  6.190308
1212479641  5.021367
1212813792  19.596214
1212908618  6.516113
1211100318  7.653960
1211103020  9.010798
1211424304  2.960358
1211440324  5.233368
1211872021  1157.719604
1212023789  5.877715
1212309528  2.960358
1212551926  5.842555
1212595582  7.006782
1212763673  1.699237
1212968910  7.817843
1212987287  13.061341
1211350489  7.169963
1211410393  4.797254
1211490006  4.363472
1211680432  4.840725
1211779546  5.842555
1211937357  4.350573
1212794754  7.653960
1212913629  4.017093
1213005617  7.781526
1211941990  5.021367
1212201011  4.642504
1213026841  6.050462
1211283802  4.874859
1211516000  4.558219
1211592834  0.263714
1212140229  2.736245
1212718883  7.152145
1212738558  12.354154
1212800236  6.195830
1212813470  8.191080
1211086978  2.563504
1211099243  7.801376
1211173647  4.750319
1211519344  9.800640
1211687465  5.049741
1211784450  7.390550
1211828225  4.286262
1211957539  3.723616
1212480523  4.238085
1212655768  9.879818
1212720196  2.510683
1212793325  7.607617
1212805879  5.343377
1212910816  4.642506
1211044723  7.520667
1211162533  7.428369
1211335111  4.962677
1211511483  3.346238
1212084618  6.153012
1212305384  6.294683
1212692696  2.753392
1212715373  10.082765
1212843421  4.797254
1213036119  3.219112
1211595886  7.781526
1211602215  3.171812
1212190336  12.646847
1212225647  2.691389
1212970445  3.837803
1211072756  7.918446
1211159338  5.585042
1211596131  4.366405
1211832928  3.912716
1212275634  3.092292
1212629038  4.036271
1212982233  6.951877
1211478882  11.238955
1211867160  6.900913
1212187789  2.736245
1212196502  6.496263
1212685836  1.724480
1212825243  1.126256
1211426129  7.781526
1211805045  4.406279
1212679518  6.190308
1211521256  5.337596
1211523848  5.651854
1211593920  6.772201
1211704050  7.781526
1211745519  6.436713
1212190213  5.021367
1212309306  8.281694
1212328151  5.193240
1212629326  8.093750
1212830969  3.290324
1211018481  6.299094
1211094897  2.864862
1211099751  4.406279
1211509951  18.802734
1211820455  3.435039
1211852766  4.334044
1212204872  7.269393
1212213411  2.911827
1212297873  7.913416
1212309679  2.558476
1212887002  5.723382
1212973885  8.668669
1211420584  68.536781
1211608386  11.491344
1211691468  6.190308
1212308501  2.345270
1212538870  8.105505
1212964609  8.978683
1211955320  6.418708
1212078523  2.547215
1212079314  7.374064
1212218862  6.088827
1212275881  4.188259
1212724631  9.492160
1211427024  7.446393
1211433330  8.005637
1211682791  4.366405
1211717887  5.194517
1212020355  11.330707
1212286707  6.669879
1212550889  5.372318
1212809400  2.525765
1212833225  10.011765
1211679194  4.718610
1211744515  5.877715
1211858509  9.337831
1212297803  4.196455
1212817984  10.777457
1212372214  9.197226
1212738883  9.726907
1212886917  4.017093
1211599925  7.182947
1211700849  18.752081
1212128053  6.190308
1212180437  7.391966
1212198315  4.895865
1212629926  8.337349
1212637620  6.539945
1212725888  1.249121
1212736693  6.516304
1211339026  4.406279
1211351069  7.781526
1211778169  7.515813
1211974465  5.295492
1212022006  6.295228
1212035287  4.125315
1212374312  6.955418
1212734135  7.651005
