1211158461  4.638747
1211340169  8.170529
1211510305  5.060452
1211680216  4.638747
1211692251  13.361954
1212108294  5.746835
1212455556  3.366120
1211122899  14.014129
1211382723  12.047664
1211679164  8.403974
1211989204  12.047664
1212341397  9.110205
1212763810  8.811298
1211575443  12.893113
1211650955  4.804730
1211900464  12.144796
1211519949  7.250087
1211521718  11.855936
1211675389  8.446614
1211692599  2.468488
1211837233  11.625585
1211909410  4.638747
1212098182  4.638747
1212173127  2.468488
1212177398  12.047664
1212184879  7.055068
1212246732  6.365890
1212682229  6.939412
1211146165  7.055068
1211232194  10.504967
1211465749  5.328883
1211657875  4.489110
1211752072  9.050433
1212225853  3.284637
1212434339  10.504967
1212446863  3.856428
1212813478  10.142727
1213025286  5.875129
1211543762  15.817907
1211801442  4.804730
1212160600  4.884809
1212209585  9.545573
1212988530  5.060452
1211270333  7.250087
1211523355  13.331343
1211607273  4.884809
1211688638  2.314207
1212459159  12.893113
1212612165  12.047664
1212675013  9.545573
1212868530  6.598250
1212878391  6.580848
1212904708  7.271641
1212942636  15.354970
1211245861  7.843709
1211575263  10.217794
1212120082  7.838965
1212899550  4.652199
1211698689  10.474627
1212025902  10.498678
1212292942  3.441845
1212518697  11.482929
1211039212  12.722781
1211055507  8.638860
1211065410  7.696438
1211083015  9.970816
1211104562  12.642370
1211208370  9.804636
1211682330  2.468488
1211786663  4.562702
1212090397  6.662117
1212199837  14.452820
1212259443  7.124198
1212425114  3.614608
1212923631  8.811298
1211105604  12.220958
1211508019  9.102042
1211545135  12.220958
1211592867  13.858210
1212700974  9.938406
1211135712  21.547632
1211208856  9.545573
1211405358  8.911565
1211663400  3.092498
1212127961  9.302627
1212228401  13.902858
1211772275  4.670300
1212079951  6.134842
1212427757  7.777366
1212708950  12.670818
1212836073  12.248458
1212919747  9.839374
1211733851  7.012379
1212116098  11.280884
1212073727  12.248458
1212164316  5.199046
1211527307  0.964861
1211694125  10.783197
1212644333  11.482929
1211103564  4.798704
1211238501  3.500023
1211255611  4.884809
1211324460  9.991747
1211565885  13.618494
1211622383  7.777366
1211776286  11.688457
1211941286  4.417854
1212641185  6.033968
1212736775  5.233724
1212876015  13.680887
1212892846  3.535166
1211047337  10.693878
1211082315  7.504476
1211492357  4.562702
1211892847  12.047664
1212151277  9.804636
1212270777  9.804636
1212294387  10.709621
1212505337  7.129252
1212594906  7.060336
1212960201  7.055068
1213021266  12.864165
1211088344  0.000000
1211088358  6.235927
1211649998  5.921805
1211672375  4.884809
1211724386  11.688457
1211861254  8.638860
1211916265  6.939412
1212387482  9.781381
1212420359  5.176494
1212816699  9.684918
1211137136  12.670818
1211592295  7.375088
1212291297  7.271791
1212346093  7.452538
1212886765  6.939412
1212965806  9.804636
1211090990  9.804636
1211394492  2.593933
1211456712  10.023066
1212095905  12.101080
1212190164  9.545573
1212282263  15.257874
1212423716  6.526912
1212680508  3.758117
1212865347  5.720326
1212873136  4.997994
1211683243  8.926069
1212162100  7.167659
1212729292  9.804636
1212795261  11.826733
1211383205  9.804636
1211517737  7.055068
1212311871  6.134842
1211389417  4.870572
1211514228  9.804636
1211677679  9.643904
1211922594  3.856428
1212542460  5.861771
1212549815  4.804730
1212705628  3.558357
1211570539  7.174646
1211605833  6.171219
1212000680  11.931966
1212165391  6.466172
1212234029  4.638747
1212680815  12.248458
1212965239  9.874731
1212969964  9.389088
1211300983  5.328883
1211365363  14.664779
1212279388  6.296315
1212474598  10.695966
1212756697  18.558079
1212766125  5.730388
1212825198  7.286893
1212861381  7.129252
1213022745  9.462317
1211363808  10.821641
1212268178  7.328329
1212306956  17.632441
1212805907  7.426782
1212976511  10.695966
1211308942  7.055068
1211694174  9.804636
1212306014  6.939412
1212557520  8.677794
1213025920  5.465022
1211064324  2.210586
1211078633  9.804636
1211783320  12.047664
1211989595  10.382235
1212364519  12.581033
1212559701  9.659581
1212982676  9.488357
1211056522  4.562702
1211080978  5.961442
1211283711  4.884809
1211643664  6.548623
1211679496  6.148252
1211779347  7.174646
1212063970  7.012379
1212204960  8.239414
1212297936  4.884809
1212311535  5.214471
1213020274  7.410400
1211067222  3.545965
1211328580  9.741144
1211547182  9.337749
1211733024  5.798687
1211938577  6.939412
1211067300  9.804636
1211298066  8.913305
1211507343  15.170461
1211517013  11.534865
1211692628  15.997940
1212515252  7.055068
1212731893  9.550647
1211101056  4.579509
1211156651  9.643904
1211763915  7.987344
1212831098  6.764611
1211484367  9.545573
1211674285  7.174646
1211675329  12.248458
1212209785  7.055068
1212274190  12.456059
1212670378  10.142727
1211079553  6.494096
1211761180  12.248458
1211869781  12.248458
1212199335  9.643904
1212303383  5.427566
1212308744  14.693700
1212675824  12.702788
1212997690  17.475977
1213024732  4.440736
1211067797  11.454687
1211135029  4.128008
1211520160  4.884809
1211609144  12.893113
1211905606  4.186979
1212074293  13.072847
1212162026  9.389088
1212523486  6.769178
1211988404  6.118657
1212022969  12.248458
1212343493  9.804636
1212352171  4.652199
1212446932  9.110205
1212557213  2.692896
1212702442  4.633458
1212887326  12.456059
1212909413  11.482929
1211272191  4.884809
1212186540  8.960857
1212764413  5.628357
1212901455  7.188798
1211060258  4.804730
1211432086  13.609398
1211524810  8.868945
1211604898  15.733480
1211713393  12.220958
1211906451  4.884809
1211938425  4.562702
1211943039  4.884809
1211956536  2.468488
1212043552  8.652956
1212196702  4.489110
1212209267  9.804636
1212306138  6.719113
1212554321  8.881472
1212640414  10.997025
1212722909  7.426388
1212801510  4.638747
1212814174  9.873951
1211300140  12.047664
1211439086  9.998514
1211937315  6.789764
1212210014  7.055068
1212292484  6.868778
1212497858  4.884809
1212669877  7.055068
1212715365  11.853346
1213022829  11.457148
1211838228  10.350809
1211862118  927.070679
1212425701  13.331954
1212531375  9.545573
1212724193  6.661104
1212917975  4.884809
1211134698  15.529301
1211561553  4.884809
1211810195  6.106940
1211983714  4.884809
1212496436  8.868945
1212314796  6.991047
1211414377  7.055068
1211418642  7.166404
1211603102  8.072355
1211853178  9.804636
1211902318  11.482929
1212320731  10.413352
1212420706  11.306269
1212544103  4.798704
1213022555  4.489110
1211121783  23.746469
1211183974  5.798434
1211623775  7.055068
1211701775  5.043498
1211713636  15.842782
1211916359  12.220958
1211990654  14.377597
1212518879  9.804636
1212718906  4.717370
1212771295  10.951246
1211525385  8.913305
1211670763  9.462317
1211689388  9.643904
1212108389  7.696438
1212750345  9.545573
1212906041  4.509055
1212992753  12.010237
1211018499  12.535363
1211081974  3.856428
1211335766  9.389088
1212399220  12.248458
1211322247  11.306269
1211614748  15.920024
1211690580  10.695966
1212230156  0.000000
1212230192  0.000000
1212230255  0.000000
1212230316  8.483456
1212230610  5.746835
1212371754  15.436609
1212388209  7.638484
1212606363  12.428092
1212914236  6.939412
1211298995  6.614127
1211424676  8.729696
1212354063  11.826733
1211048994  12.248458
1212581988  9.249144
1212856484  4.884809
1211607833  10.142727
1212305789  7.298347
1212712899  0.000000
1212712900  4.509055
1211019697  7.286893
1211100183  16.702442
1211130154  7.055068
1211183663  6.614127
1211871317  4.638640
1212228961  9.643904
1212656187  12.234417
1212658817  9.643904
1212741927  8.300080
1212822458  5.053251
1212825131  12.962276
1211104848  7.426388
1212345111  12.248458
1212356518  7.045987
1211264728  2.468488
1211389619  9.551978
1211666461  12.248458
1212429184  9.545573
1212689647  14.706953
1212740012  1.571457
1212860559  8.058604
1212905730  5.680099
1211059189  9.728784
1211126438  4.374456
1212248979  7.426388
1211231477  7.055068
1211656357  4.884809
1212122099  7.365059
1212286796  8.652956
1212294636  4.440736
1212389194  12.569636
1212447035  6.939412
1212549167  11.306269
1212598404  0.000000
1212598438  4.310126
1212979922  9.389088
1211138063  6.223994
1211176005  10.820395
1211434259  9.643904
1211561691  8.652956
1212453487  7.129252
1212479410  4.870572
1212509269  10.582603
1212819260  7.777366
1212920489  7.328329
1212980545  7.838965
1213027924  10.628945
1211134088  10.695966
1212232870  7.055068
1212248337  9.337749
1212431710  15.015970
1212497159  15.035635
1212884851  15.909288
1212900843  9.191846
1213018597  17.211645
1211111515  14.664779
1211214868  6.413699
1211480912  5.328883
1211558525  6.481138
1211602140  7.998970
1211750151  12.220958
1211870459  10.626920
1211928300  11.306269
1212298407  7.055068
1212352285  5.126918
1212763154  7.129252
1212818418  4.217043
1212905999  9.643904
1211139873  7.055068
1211237042  9.643904
1213013221  11.280884
1211200875  9.191846
1211465141  4.509055
1211540127  5.313351
1211839473  6.939412
1212047151  10.568713
1212277170  6.939412
1212748845  4.884809
1212881531  9.545573
1212902794  5.938411
1212927000  0.000000
1212927002  4.884809
1211103850  12.005676
1211747751  3.959037
1212871944  12.727430
1212984932  4.579509
1211082547  12.650595
1211159924  11.134962
1211167398  9.237651
1211696021  6.820827
1211775685  6.939412
1211910943  4.727235
1212033764  14.452820
1212199577  7.777366
1212262624  12.248458
1212419487  7.055068
1212914761  16.702442
1212206122  3.527534
1212514908  9.548183
1212630611  6.512371
1212631556  9.505568
1212896023  12.248458
1212997392  7.298347
1211131968  10.807463
1211156199  4.562702
1211215961  7.559002
1211304620  1.649497
1211788806  7.843709
1212484193  13.123347
1211394544  0.586798
1211500862  8.300498
1211725188  7.055068
1212066831  14.409950
1212231797  8.811298
1212317996  7.055068
1212354142  4.265111
1212471842  2.468488
1212644159  13.093883
1212677134  7.638484
1212288289  13.123347
1211088100  7.208192
1211265445  11.060757
1211499084  12.450747
1212375890  278.324829
1212658443  9.970816
1212765891  5.481627
1212826978  10.695966
1211131252  11.042507
1211323304  4.884809
1211681466  7.585074
1211864667  2.639041
1212209913  25.302258
1212702059  7.558405
1212733535  8.503489
1211164020  12.220958
1211340362  8.181920
1211512089  10.142727
1211628747  10.227400
1211687953  8.811298
1212023502  4.804730
1212739025  12.428092
1212952736  9.643904
1211657407  7.788336
1211718428  10.118670
1211842445  12.220958
1212253180  7.426388
1212470947  7.129252
1212557055  11.765563
1212624725  12.248458
1212834713  4.804730
1211352245  7.129252
1212311967  6.827486
1212551061  7.055068
1211436502  5.141905
1211521206  11.099587
1212117563  8.911565
1212167880  9.643904
1212191785  10.047972
1212205912  11.109962
1212547815  7.670414
1212913321  15.322408
1213025973  9.721707
1211149104  10.413352
1211252432  6.481138
1211733950  11.134962
1212984632  5.680099
1211503899  7.328329
1211742661  11.457148
1212011689  6.184996
1212107350  12.248458
1212195662  11.457148
1211615992  12.047664
1211622755  4.884809
1211640354  13.093883
1211658899  10.783197
1211661916  3.960656
1211898348  12.248458
1212101355  12.864165
1212822753  4.804730
1212831347  12.020614
1211211106  4.579509
1212002817  8.913305
1212649556  6.615013
1212835141  3366.541504
1211098825  4.217043
1211467155  13.123347
1211498055  7.012379
1212371204  9.283782
1212978939  662.550415
