1211077087  4.525857
1211172504  3.607698
1211499367  2.857833
1212731231  5.586130
1211324722  3.392649
1211524531  7.176742
1211704633  9.373885
1211737562  0.000000
1211737577  2.850841
1212285116  5.925232
1212708064  12.398930
1211206786  2.905464
1211267047  124.857269
1212130034  7.715353
1211221362  10.819336
1211332789  2.830204
1211522449  7.439237
1211839005  2.560925
1212083155  5.204554
1212172445  2.905464
1212176163  9.327058
1212882801  5.048374
1212038384  7.938340
1211023881  8.003099
1211515355  6.552145
1212915728  7.343300
1211211428  9.103162
1211301080  3.101646
1211752775  0.000000
1211752829  0.000000
1211752887  0.000000
1211752948  0.000000
1211753013  1.957847
1211827507  4.243099
1212378058  7.329585
1212778222  2.090582
1212891470  5.118308
1211166367  3.730414
1211196789  6.735096
1211427995  6.702573
1211830982  3.783678
1212597478  8.485983
1211780673  8.384664
1212095228  5.546358
1212979598  12.105568
1211102177  6.229230
1211592834  7.687648
1211872697  4.158892
1211934933  3.852287
1212552518  7.286256
1212923729  8.620681
1211088413  0.000000
1211088420  1.957847
1211250718  9.657675
1211419164  0.000000
1211419170  0.000000
1211419230  3.743376
1211872027  7.217035
1212274957  5.044904
1212600394  4.660824
1212776976  8.083262
1211108305  9.767927
1211338147  4.579813
1211351392  6.625630
1211352463  5.357604
1211872019  543.102905
1212130410  9.759127
1212478145  8.713463
1212713157  4.228206
1211898013  5.642983
1212218557  14.809389
1212551571  0.000000
1212551588  4.228206
1211512481  7.074724
1211602565  7.312820
1212128357  2.798048
1212133590  10.752656
1212205947  4.107543
1212270054  2.560925
1211687166  5.754748
1212346197  13.250346
1212349621  0.000000
1212349681  2.360853
1212351962  0.000000
1212352025  0.000000
1212352083  0.000000
1212352143  0.000000
1212352197  0.000000
1212352260  0.000000
1212352321  3.284665
1211254301  9.098401
1211940324  2.689728
1212826522  7.931105
1212831257  6.633049
1211646822  7.209428
1211648548  6.908806
1211652205  3.642255
1212180104  4.026863
1211701198  16.418278
1212306110  5.464559
1212647015  7.209428
1212745762  10.532861
1212835846  10.373498
1211079753  6.786630
1211170327  8.642112
1211214500  2.518243
1211523088  4.888108
1211910891  0.000000
1211910956  0.000000
1211911035  0.000000
1211911050  4.286307
1212126731  7.329585
1212224074  6.731359
1212961074  81.319977
1211422523  8.090561
1211792055  7.726140
1212060301  6.387378
1212142463  10.653110
1212267828  2.388052
1212464461  4.408143
1212510523  6.644060
1212636366  1.442626
1212733255  6.758766
1212866616  7.708398
1211508918  3.357657
1211707694  9.083385
1212228632  12.360591
1212521868  12.790963
1212549892  5.112638
1211137097  2.476960
1211617780  15.687120
1211742955  2.720818
1212156693  4.390586
1211137655  8.019150
1211824060  5.590823
1211955147  3.426232
1212041964  7.698770
1212208711  6.099454
1212382159  5.275238
1211691833  2.811739
1211858903  7.864399
1212591343  6.185389
1212889051  6.343988
1211153391  2.518243
1212404421  12.017628
1211100580  7.289822
1211527373  9.633524
1211705592  6.731359
1212114742  4.299871
1212765651  8.304891
1212916101  7.856466
1211093121  0.000000
1211093160  80.963219
1211105084  9.217653
1212809189  1.702088
1212284751  5.397616
1212314306  10.146788
1212648179  9.394098
1212720090  4.937236
1212905850  0.000000
1212905909  8.282701
1212950938  0.000000
1212950950  0.000000
1212951011  4.879563
1212988315  6.658320
1213006997  9.470335
1211405744  2.676627
1211669809  2.857833
1211783015  8.449953
1212029698  8.054643
1212302490  8.019150
1212519850  6.324963
1212574322  9.354693
1212827519  5.586130
1212863133  8.306042
1211021252  7.798567
1211039399  9.083114
1211092785  9.731394
1211945325  2.476960
1212070887  4.195756
1212263074  5.428361
1212343392  0.000000
1212343404  6.676116
1212383609  12.261481
1212459192  9.607797
1212976599  9.240096
1211091548  4.888108
1211149852  4.830154
1211261296  4.894424
1211721190  10.169887
1211768073  9.051715
1211898651  7.618726
1211912225  4.420969
1212194125  6.150138
1212552036  7.209428
1212685887  5.738473
1211038367  12.250237
1211755361  0.000000
1211755422  13.704928
1212467217  7.329585
1212472028  12.295513
1212948050  10.420568
1211425520  5.154567
1211468347  5.042739
1211558854  6.461545
1212023774  5.019841
1212256057  4.660824
1212506805  8.068477
1211090172  0.000000
1211090339  7.516038
1212806090  5.340798
1212812088  10.999489
1211674614  3.830769
1211678769  5.136383
1211692356  2.905464
1211908292  13.829099
1212288117  5.941841
1212295388  3.849482
1212546743  7.484540
1212726313  3.112997
1212784579  2.476960
1212817945  3.210653
1211498650  3.024316
1212522850  4.540413
1212814654  5.877651
1211171663  6.633049
1211765534  4.879563
1211778521  2.868473
1212297729  2.289312
1211153824  0.000000
1211153837  3.083563
1211987859  3.916466
1212723813  0.578404
1211254462  12.813927
1212749982  9.083114
1212920780  6.663260
1212027215  4.879563
1212553817  10.196484
1212691563  0.000000
1212691570  5.362798
1212756203  9.942022
1211530743  12.213140
1211656025  8.261798
1211688585  4.083637
1211860565  6.229230
1211933073  4.879563
1212133125  9.942022
1212206624  6.155068
1212848302  8.083759
1212856854  7.453815
1212906132  6.701409
1211251170  4.523634
1211339218  7.487734
1211860250  6.117245
1212090810  6.760170
1212298791  4.528321
1212465918  7.873527
1212522925  4.104512
1211782378  11.108457
1211824372  2.962639
1212111555  0.000000
1212111621  2.255143
1212307328  5.586130
1212953087  3.159590
1211524835  5.352219
1211673635  0.000000
1211673669  8.134131
1211964846  9.942022
1212117701  7.991574
1212432390  9.762444
1211611043  0.000000
1211611097  5.189477
1211621903  7.817153
1211686912  5.448398
1212847473  10.764665
1212385551  8.934477
1212746517  11.216795
1211022746  0.000000
1211022775  0.000000
1211022835  3.083563
1211665673  2.747174
1212134742  11.540869
1212336062  8.396201
1212550561  14.254677
1212775460  7.133001
1212907404  8.546987
1212946287  2.123135
1211260561  7.696146
1211513091  3.112997
1211946159  6.702573
1211949744  8.878883
1212450832  0.397457
1212962464  0.000000
1212962483  0.000000
1212962549  7.188235
1211249006  2.857833
1211288880  11.035879
1211575562  4.202602
1212203586  9.657675
1212371449  8.126024
1212534540  21.478123
1212551001  4.775532
1212966067  0.000000
1212966101  3.426232
1213037054  0.000000
1213037068  0.000000
1213037081  0.000000
1213037106  0.000000
1213037115  3.597490
1211095338  9.796898
1212115744  6.445534
1212304961  0.000000
1212305018  8.282701
1211328944  3.337929
1212641361  11.403742
1211401790  0.000000
1211401796  2.454673
1212996028  11.403742
1212557740  8.715690
1212998230  11.706984
1211445920  9.499352
1211744451  0.000000
1211744452  0.000000
1211744513  2.495584
1211958724  6.772910
1212438837  4.159307
1212061966  12.195669
1212288020  0.000000
1212288021  2.418517
1212300484  4.252921
1212313406  6.949958
1212890518  5.628588
1211141722  2.518243
1211357052  7.680373
1211600279  12.609081
1211609023  5.055266
1211705525  10.212623
1211963538  7.690267
1212115594  3.634806
1212121560  2.605079
1212135550  7.296354
1212195228  4.992505
1212203544  7.362818
1212245009  9.561172
1212632507  6.184491
1212687653  5.528887
1212716810  0.860009
1211699013  4.337335
1211830447  5.132514
1212467461  0.000000
1212467534  0.000000
1212467596  0.000000
1212467642  0.000000
1212467833  0.000000
1212467890  0.000000
1212467904  0.000000
1212467971  0.000000
1212468072  0.000000
1212468132  0.000000
1212468193  0.000000
1212468324  0.000000
1212468374  0.000000
1212468436  0.000000
1212468497  0.000000
1212468555  0.000000
1212468615  0.000000
1212468735  0.000000
1212468809  0.000000
1212468866  0.000000
1212468915  0.000000
1212468976  0.000000
1212469042  0.000000
1212469068  0.000000
1212469138  0.000000
1212469195  0.000000
1212469270  12.560540
1211619425  7.716806
1211725786  10.241838
1212373530  4.498948
1212915995  5.499122
1211074779  3.597490
1211084540  11.213123
1211175242  10.139304
1212200504  6.553666
1212230286  2.652783
1212343596  2.010137
1212438623  7.176742
1212690476  9.394098
1212719304  4.879563
1211076287  0.000000
1211076288  0.000000
1211076348  6.599035
1211157861  9.718032
1211178750  8.019759
1211283137  7.329585
1211285930  4.879563
1211313957  4.879563
1211510495  2.723872
1211558560  1.871688
1211997180  8.521978
1212291437  6.702573
1212390362  920.650391
1212903865  4.799571
1211070274  6.857141
1211436329  9.051715
1211439566  3.133483
1212504181  8.107060
1212717503  6.702573
1211158871  4.660824
1211205551  8.283040
1211821796  6.257652
1211826393  3.241039
1211836951  0.000000
1211837014  8.457213
1212045798  13.963765
1212276280  4.179020
1212287936  6.477278
1212314767  5.287305
1212816599  13.262139
1212982964  9.394098
1211102363  12.003939
1211444133  11.403742
1211747991  0.000000
1211748055  0.000000
1211748112  0.000000
1211748173  2.518243
1212003933  3.101646
1212200485  5.044904
1212870839  3.021892
1211079136  2.412252
1211153244  3.147804
1211591605  3.021892
1211779255  9.083385
1211893116  2.402911
1211902646  4.879563
1212159848  9.396324
1212201697  4.939329
1212249258  7.176742
1212249931  5.137491
1212262127  0.000000
1212262187  2.560925
1212425614  0.000000
1212425624  6.069049
1212854561  2.652783
1212856372  3.874220
1212989188  0.000000
1212989208  5.967898
1212993690  2.641331
1212089280  5.685471
1212363639  0.000000
1212363683  13.284568
1212614137  7.176742
1212953888  6.921816
1211122079  8.302610
1211027235  12.225683
1211208698  7.871057
1211889108  8.602620
1212561550  13.569694
1212800204  5.576308
1212913066  5.132514
1212094931  3.694785
1212390361  1624.521729
1212817222  8.215459
1211112618  9.695017
1211117304  5.715260
1212086388  7.453815
1212304441  3.347291
1212473837  0.300106
1212950031  3.186469
1211173904  8.570957
1211503258  4.504358
1211672601  8.384664
1212971587  10.358604
1211332383  0.000000
1211332444  4.879563
1211702752  10.722583
1211707604  9.269995
1211805590  3.321790
1212767017  5.323160
1212802031  1.165957
1211162656  0.000000
1211162684  0.000000
1211162698  9.483364
1211248399  7.578059
1211593646  5.147584
1211604900  9.942022
1211861325  2.747174
1211864983  8.984472
1212004165  7.593167
1212224940  8.671475
1212287357  7.296354
1212306907  9.177252
1211156307  0.000000
1211156314  4.799571
1211175393  3.486556
1211267125  9.240096
1211351785  10.129248
1212032144  10.691008
1212876625  6.908806
1211610447  0.000000
1211610466  5.639191
1211698441  0.000000
1211698455  0.000000
1211698465  0.000000
1211698473  0.000000
1211698513  0.000000
1211698528  9.946498
1212529076  5.775085
1212720703  8.050823
1212776823  0.000000
1212776835  7.644958
1212877093  4.858345
1212908351  4.106011
1211552419  8.261798
1211781941  8.521478
1212770280  8.619469
1211103799  9.849899
1211446210  6.320142
1212919001  7.716806
1212967932  6.980557
1212968749  5.397616
1212991561  7.015063
1212998491  12.790963
1212033121  5.309497
1212178703  3.892108
1212333128  7.590330
1212358508  2.882805
1212683917  5.971198
1211211703  5.942907
1212367600  4.799571
1212805835  0.000000
1212805896  3.021892
1211154638  9.874599
1211161070  10.474090
1211354076  9.470335
1211953082  5.423926
1211959081  6.948909
1212096148  15.189338
1212173134  8.125321
1212383365  7.349339
1211208903  8.394143
1211232272  4.793554
1211420022  6.833850
1211926099  5.779593
1212124135  5.753850
1212240577  9.019366
1212816742  1.716984
1212956449  12.440445
