1212598585  4.934984
1211380695  9.118026
1211445867  10.678779
1211733798  16.451092
1211749521  10.508138
1212109957  9.099875
1212563591  7.704081
1212653561  6.344079
1212742363  10.064877
1212762711  7.102562
1212805838  9.229391
1212983816  5.934616
1211082963  25.287952
1211372737  7.347478
1211620766  9.520980
1211699586  10.678779
1211898365  9.624868
1211090621  4.934984
1211192866  11.503639
1211789843  5.296197
1211990125  9.573927
1212228414  6.265335
1212228813  9.661752
1212311671  10.494661
1212505121  8.506283
1212525382  10.827291
1212550010  11.171015
1212558190  9.817587
1212765769  10.029078
1212848551  5.908873
1212861651  10.444283
1211100869  10.021912
1212549158  8.003883
1212814683  7.173822
1211080404  2.916715
1211894679  4.854083
1211978480  8.506283
1212070195  4.372891
1212335014  6.105835
1212409551  4.934984
1212503023  10.859085
1212583144  6.105835
1212587943  8.195264
1212157413  5.673965
1212465071  8.719480
1212517240  11.537277
1212551705  8.390352
1211309502  9.451426
1211398767  8.506283
1211533851  11.335994
1211560289  10.316786
1211579083  9.451426
1211702920  18.359072
1212075828  6.105835
1212434490  6.979829
1212516636  6.105835
1212779664  8.737282
1212821759  10.144839
1211090104  6.883335
1211308395  6.105835
1211849317  6.158206
1211960587  11.537277
1212062048  7.102562
1212091716  8.366836
1212824136  4.050514
1211101737  9.978531
1211489248  7.197948
1211597575  9.795722
1211880184  8.018124
1212637523  6.565887
1212757888  4.888798
1211055382  4.468263
1211250134  8.506283
1211908451  9.099875
1211035456  12.843279
1211392268  8.366836
1212825630  8.626017
1211359812  12.653710
1211447859  12.316390
1211699176  7.117612
1211966329  11.318096
1212737968  10.629306
1212742832  10.322052
1211201984  12.448219
1211863651  6.982975
1212253276  7.697103
1212862370  5.574945
1211617643  9.849306
1212213913  7.470047
1212244234  10.144839
1212821048  7.899872
1212830409  9.488069
1212902940  9.978531
1211663389  10.869471
1211748420  5.287483
1212397685  7.638389
1212474695  8.688442
1212364864  8.341552
1212549253  8.520433
1211088381  11.351192
1211262891  7.092492
1211682910  5.663622
1212221283  4.699985
1212284789  11.272044
1212674977  9.416977
1212760138  9.978531
1212866095  5.791700
1211095730  8.698645
1211174488  8.968719
1211596809  5.209374
1211832405  8.341552
1211051539  7.156570
1211052216  0.000000
1211052274  0.000000
1211052334  1.553808
1211152418  10.144839
1211496085  6.580739
1211500593  7.849454
1211667128  6.105835
1211752660  8.341552
1212203542  7.102562
1212209555  9.009032
1212224542  8.807813
1212257415  8.204805
1212278207  7.273909
1212375082  6.409383
1212800327  8.018124
1212989666  11.537277
1211517698  10.869471
1211553623  6.325138
1211575089  5.524261
1211815106  9.030431
1211816403  3.850272
1212471980  7.319970
1212713528  5.777670
1211705423  8.040352
1212034668  10.301498
1212126273  8.701068
1212180619  4.626547
1212384175  7.476381
1212720265  6.810445
1212814944  3.141745
1212977036  11.046839
1211082322  11.847379
1211424235  4.934984
1211860623  9.076473
1212814555  7.645037
1212828609  9.978531
1212829300  8.546008
1212829652  7.102562
1211387538  4.965185
1211534400  8.214682
1211673857  0.000000
1211673879  0.000000
1211673940  0.000000
1211674021  0.000000
1211674042  3.149895
1211792038  15.107658
1212136920  8.546008
1212187973  5.724220
1212312354  7.372781
1212648289  9.364468
1212955601  7.366052
1211609492  7.899872
1212011959  5.777670
1212578708  12.682729
1212855808  8.506283
1211343171  7.273909
1211440554  10.338284
1211998411  5.884664
1212194240  8.206223
1211097116  11.532153
1211964174  7.738261
1212653734  11.212483
1212809949  8.570614
1212988660  7.662296
1212994224  8.103493
1211242334  8.650457
1211607193  0.000000
1211607214  47.391140
1211794337  11.368976
1212112013  7.982425
1212674754  9.829843
1213007599  11.686430
1211082790  8.344551
1211347260  8.695577
1211907458  6.863371
1212304933  6.788638
1212497339  11.729566
1212819410  11.589672
1212822081  12.585827
1211614150  5.393926
1212051634  8.388297
1212303118  7.412949
1212384099  16.859119
1212558420  10.047873
1212565387  11.212483
1212903461  6.986126
1211426820  2.534195
1211440155  10.686723
1211658033  7.669383
1212913556  9.009032
1211337917  0.000000
1211337954  10.678779
1211517993  3.435242
1211692498  21.702675
1212210020  8.968719
1211074697  9.842624
1211505870  5.433702
1212301530  7.811086
1212305391  8.799603
1211035189  12.513946
1211121873  6.459590
1212206024  8.506283
1211251447  6.634616
1211816455  11.136297
1212256296  7.879088
1212410833  8.953982
1212695138  10.864835
1212900322  4.854083
1211022765  12.088058
1211045730  9.993673
1211108263  8.117125
1211145040  6.696837
1211283073  7.389477
1211546786  7.691715
1211701968  11.800037
1211756229  5.636155
1211792537  8.420323
1211891085  10.144839
1212198603  8.254146
1212307257  5.759615
1212499038  11.368976
1212545069  10.720191
1211083627  4.888798
1211406793  8.837471
1212470705  9.459323
1211061333  7.811086
1211169332  9.265090
1211843777  6.485140
1212046751  6.842452
1212223807  11.283647
1212451134  7.316376
1212454195  1.990205
1212737263  6.028705
1211784801  8.366836
1211799530  7.770366
1211874660  9.573927
1212306413  6.556211
1212459670  8.204805
1212737312  11.663815
1212761931  13.481864
1212195855  8.366836
1212536830  5.209374
1211269726  10.144839
1211378338  12.872768
1211911782  9.265090
1212222922  10.232925
1212495968  4.699985
1212830333  8.654499
1211322947  1.393857
1211877243  8.573666
1212555179  8.549603
1212630677  7.102562
1211506304  9.573927
1212720092  5.296197
1211703296  9.712701
1212452437  5.480641
1212547133  1.662214
1212610692  8.231887
1211277081  9.632460
1211709413  9.573927
1212049929  11.028672
1212313230  7.317223
1211211013  5.296197
1211273420  9.993673
1211791502  8.688442
1211797825  7.718630
1212127269  12.013375
1212339592  11.225363
1212729756  11.606594
1212747674  8.762423
1212913195  7.536685
1212955780  4.354397
1211019980  5.385963
1211071750  3.673739
1211337861  6.746113
1211432703  0.000000
1211432709  3.855345
1212295136  6.919057
1212672991  10.864835
1212827608  11.651946
1212944392  9.279581
1211184127  7.102562
1211358797  12.011115
1211777614  9.265090
1211786081  7.935173
1211792270  12.525143
1211792876  11.494849
1212127905  9.416977
1212129547  8.523074
1212657869  12.233543
1212731131  8.815499
1212915931  12.013375
1212227437  9.883155
1212914643  10.077818
1213007448  12.567391
1213070056  10.582579
1211402842  10.605094
1211720336  7.770366
1211923462  7.748250
1212001444  5.570776
1212116205  16.462877
1212134487  7.102562
1212136304  8.899896
1212201158  7.721563
1212344257  6.208099
1212512994  7.614803
1211684718  7.354866
1212897770  8.506283
1212060652  17.818033
1212410634  8.968719
1212754178  9.176984
1213014572  10.144839
1211614233  9.416977
1211907586  10.678779
1212173581  9.474550
1212634443  6.105835
1211260652  9.265090
1211331969  7.928958
1211651540  7.505795
1212322907  12.231800
1212467334  9.845059
1211086676  7.273615
1211534325  5.319446
1211101519  10.863918
1211246633  9.279581
1211339101  7.247818
1211376041  8.799603
1211938545  5.063519
1211943766  5.385963
1212025114  9.736197
1212081622  9.416977
1212201625  5.296197
1212542531  5.476121
1212629718  5.204014
1211867083  8.506283
1211098392  7.560789
1211505115  8.101222
1211735727  4.934984
1212619105  10.144839
1212905686  7.498845
1211091649  4.830810
1211572833  6.602993
1211614843  10.953735
1211777564  6.556211
1212393435  7.990572
1212645971  9.309045
1213011584  9.569404
1213034933  4.970654
1211081494  8.815499
1211117507  7.736903
1211565469  7.677812
1211773281  7.048454
1211975156  11.416321
1212481183  7.102562
1212782728  10.144839
1211284286  4.753142
1211288466  10.869471
1211370511  9.416977
1211455083  7.102562
1211461854  2.681562
1211543863  10.144839
1211550267  11.701288
1211755381  4.590389
1211803774  8.506283
1211817193  7.886758
1211893386  7.102562
1211907733  9.510787
1211978372  7.524701
1212062098  9.814942
1212148648  7.551946
1212411468  7.562920
1212416070  7.505544
1212579773  8.366836
1212583476  5.296197
1212666610  4.934984
1212727056  4.704743
1212759708  5.404597
1212762363  8.837471
1213013468  7.092492
1213016322  6.986126
1211356455  9.030431
1212269826  4.747864
1212636223  8.506283
1212742789  7.732985
1211109951  10.506671
1211621907  11.226048
1211698487  11.537277
1211834587  5.474349
1212570282  11.606594
1212830703  14.294006
1211095603  10.902189
1211124228  5.792183
1211134482  7.328865
1211351413  6.176141
1211734839  8.072974
1211751143  5.148747
1212202524  7.922139
1212857664  8.214682
1211034640  5.805863
1211814122  7.102562
1212344575  8.151759
1212378176  5.296197
1211131825  9.632460
1211809184  11.780542
1212082427  5.840316
1212214529  8.837471
1212285652  12.151833
1212971282  6.430722
1213022320  5.152864
1211481556  10.144839
1211987301  6.744226
1212209673  6.976221
1212434451  6.158039
1211055112  8.811536
1211070349  9.416977
1211268641  10.726181
1211400120  7.004634
1211600891  6.753918
1212209416  5.597728
1212559244  10.864835
1211162581  7.884956
1211302121  7.520584
1211439955  8.573104
1212213090  11.099710
1211251017  8.217020
1211684331  6.382407
1212034147  3.435242
1212603771  5.159861
1212648303  6.658652
1212990869  9.690447
1211520508  7.974640
1211653337  6.189577
1212731237  6.447720
1211358846  9.986262
1211609463  6.883170
1212057027  9.416977
1212279530  13.195915
1211033909  10.850780
1211424101  7.234294
1211552229  8.541197
1211581361  9.012791
1212329299  11.226048
1212539349  8.040636
1212918045  11.582344
1211130872  5.777670
1211292142  4.068050
1211301304  7.666455
1211351229  6.593053
1211374940  11.114376
1211512347  7.974640
1212217190  4.438061
1212370922  6.951628
1212689884  14.661957
1212972033  8.366836
1211094773  5.759615
1211264342  9.002746
1211320664  7.953898
1211529598  9.573927
1211620789  9.910138
1212171072  5.018628
1212275330  6.233304
1212558060  10.635651
1212644147  8.188110
1212810159  4.241354
1211527735  11.235805
1211845627  10.144839
1212107816  3.601495
1212225815  9.573927
1212326568  7.656746
1212340561  0.000000
1212340598  2.274402
1212346345  6.616265
1212830415  12.525143
1211467824  3.474932
1211723257  3.945868
1211726694  15.631609
1211854389  5.296197
1211984654  9.624868
1212932124  7.188408
1211179170  10.829694
1211486508  9.279581
1211588697  6.311038
1211615057  4.814725
1212111004  7.524701
1212285121  18.044180
1212320540  8.388392
1211127165  5.232943
1211231561  8.613580
1211557852  8.226227
1211781569  7.899872
1212289343  6.158206
1212615443  6.073460
