1212124128  4.511545
1212290367  4.887507
1212306234  5.302202
1211095252  7.855634
1211559651  6.117670
1211624906  7.713346
1212820585  10.436080
1211092315  5.278823
1211834903  4.443188
1211862271  10.202482
1211510181  16.696423
1211705195  5.639431
1212120938  12.849655
1212210624  7.331925
1212214795  0.000000
1212214816  0.000000
1212214852  0.000000
1212214855  0.000000
1212214915  0.000000
1212214944  6.636482
1212283412  4.364312
1211348528  9.872129
1211692327  8.972668
1212190494  14.509512
1212207046  9.910487
1211098711  0.000000
1211098772  9.071176
1212019167  7.559527
1212027518  3.668900
1212121472  6.767931
1212587655  8.844667
1212815895  5.322041
1211421250  0.000000
1211421297  0.000000
1211421317  8.661691
1211878053  7.420320
1211878596  6.632685
1211769202  10.869334
1212195073  8.977868
1213022079  5.673309
1212670356  8.864068
1211084060  7.999475
1211102017  4.887507
1211347623  0.000000
1211347644  3.268963
1211786875  9.019464
1211854742  2.540067
1211874804  13.781056
1212093976  9.691113
1212690799  4.890351
1211349665  8.053733
1212686757  4.996145
1211598768  7.161166
1212263392  4.887507
1211852978  13.292547
1211998900  7.331925
1212255844  4.810182
1212871412  0.965500
1211694869  11.836811
1212217039  6.873680
1212774220  6.774981
1211511066  11.748065
1211745363  5.105698
1211922513  6.192405
1212295940  8.995833
1212985316  9.815529
1211055767  4.063085
1211074075  8.469916
1211622401  4.973238
1211644098  11.328632
1212078151  6.869699
1212468950  11.282851
1212803997  8.111796
1211093612  6.182994
1212112780  7.695590
1212976904  8.638692
1212218580  4.017129
1212718758  5.277395
1212809690  4.807384
1212885842  0.000000
1212885901  0.000000
1212885961  0.000000
1212885981  4.190629
1211157940  4.810182
1211284974  4.443188
1211509121  8.376698
1212635042  15.413791
1211735199  5.147738
1211862486  7.095412
1212366045  8.060964
1212886038  11.208047
1211203537  0.000000
1211203541  8.716899
1212040243  6.371968
1212205541  8.195866
1212792307  7.565414
1211377582  9.580665
1211686770  9.256993
1211775811  13.716409
1211869104  8.144145
1212297460  3.491076
1212460928  15.327864
1212557867  5.922483
1212638243  10.219571
1211522278  6.284508
1211767626  6.002263
1212357370  6.286667
1212546623  10.327805
1211262258  12.615408
1211275276  12.260906
1211446318  8.516310
1212118845  5.984703
1212219650  11.119763
1212288110  8.036688
1212306400  0.000000
1212306563  0.000000
1212306566  3.762974
1212684957  9.412556
1211608754  4.729846
1212461491  5.650338
1212576798  4.122405
1212726988  7.906898
1211335286  5.984703
1211690370  8.193918
1212851153  7.327679
1212989804  19.602736
1211036270  7.331925
1211520312  7.062291
1211569818  7.161166
1211933815  4.511545
1212118305  7.672678
1211155860  7.095412
1211929772  8.376698
1211943868  6.733820
1212279954  8.531635
1211087441  10.553574
1211042473  6.820158
1211097497  8.798310
1212222412  8.566600
1211165022  8.964537
1211263058  7.538070
1211351807  7.812181
1211602361  7.308864
1212203248  7.211730
1212641641  7.173550
1212909653  7.095412
1212999932  12.216989
1213000897  9.616541
1211412907  7.672678
1211336638  7.833397
1211522605  6.106399
1212200665  6.535500
1212202065  0.000000
1212202105  0.000000
1212202108  0.000000
1212202158  6.000248
1211079556  4.968683
1211783135  2.932504
1211943863  8.655686
1211435934  8.300293
1211563825  0.000000
1211563837  4.317119
1212041253  7.451877
1212259320  7.161166
1212271497  7.043770
1212318902  11.344834
1212415419  7.091302
1212805718  7.451877
1212971527  13.375534
1211541250  11.617554
1212116882  9.264731
1211437679  4.312506
1212211899  8.660654
1211512194  9.939743
1212682424  6.180770
1211209121  6.251864
1211920896  8.202732
1212729493  6.757384
1212256813  6.729672
1212337705  0.000000
1212337720  12.053821
1212425130  5.587163
1212802147  3.780414
1212116743  13.749995
1212158475  11.516997
1212308678  5.608702
1212444464  11.853802
1212461914  8.337282
1212882334  8.258110
1211428825  0.000000
1211428827  3.115731
1212094320  5.985086
1212291065  14.363521
1211168195  8.516310
1211772132  13.620151
1212119788  7.331925
1212424241  4.511545
1212306692  4.729846
1212818671  9.150624
1212006352  13.094646
1211099669  6.576090
1212341991  7.095412
1211391239  14.905540
1212296109  6.610307
1212910876  3.269602
1211082398  5.224050
1211593707  7.137402
1211674389  7.331925
1212113476  7.282542
1212777966  7.998464
1212820249  8.546136
1211097288  13.166561
1211429753  11.853802
1211941829  7.329237
1212307589  7.331925
1211115461  13.859538
1211693613  9.670347
1211698695  0.000000
1211698762  0.000000
1211698896  0.000000
1211698935  4.544232
1211984234  9.617424
1212519329  9.602740
1212695552  8.599469
1212870030  4.890351
1212911603  14.629512
1211697866  4.511545
1211122293  11.264223
1211337049  8.153111
1211778873  16.707146
1212126339  5.144744
1212460333  18.278015
1212819346  4.535603
1211059958  2.445933
1211168624  2.550004
1212204255  0.000000
1212204316  0.000000
1212204375  4.807384
1212989935  8.516310
1211210519  6.434325
1211470734  11.270736
1211902777  6.025796
1212161922  6.717034
1212419947  6.902276
1212506809  4.654768
1212765161  4.729846
1211517604  16.113071
1212302806  3.956427
1212449662  5.659184
1211087441  10.553574
1211372301  7.408103
1211099660  9.367068
1212020102  11.886915
1212029587  3.954322
1212647678  7.851085
1212825652  10.482570
1213031974  7.095412
1211433192  6.562100
1211532136  8.612352
1211673675  16.499664
1212199614  9.020397
1212213363  5.644461
1212876204  7.327679
1212892548  16.007956
1211090241  8.809976
1211155509  7.956851
1211423127  7.805586
1211446069  9.937725
1211446363  7.569433
1211691460  5.686645
1211354227  11.464950
1211424846  8.542147
1211523206  9.152770
1212381541  10.410860
1211082404  7.161166
1212479016  6.971904
1212733638  3.966378
1212895964  7.161166
1211594857  10.114969
1211994501  11.160662
1212808531  2.995020
1211315042  5.331826
1211517910  4.807384
1211562238  6.514731
1211605045  0.000000
1211605047  3.809663
1212465641  6.978742
1212658968  12.950716
1212803831  12.153749
1212817001  13.888538
1212906185  6.313906
1211701337  8.456097
1212216653  5.567159
1212915750  4.890351
1212300921  9.602740
1212912371  9.002569
1211048296  5.054074
1211116092  19.042509
1211141389  5.056042
1211873574  4.865971
1212255236  7.812181
1212769885  7.233857
1212802131  7.566225
1212887537  7.472283
1212992946  10.656187
1212905451  4.424696
1211442785  17.455633
1212111531  0.000000
1212111534  0.000000
1212111553  0.000000
1212111627  6.595003
1212366004  6.380695
1212949685  6.371895
1211687758  6.109384
1212115141  13.128099
1212736378  7.431952
1212833893  2.223576
1212218422  6.930161
1212564678  12.624206
1212831092  6.215372
1211513125  7.161166
1211588935  7.331925
1211701864  7.812181
1211115970  6.100416
1211177833  9.159598
1211405153  7.857140
1211789620  3.412930
1212988485  14.107030
1211405571  6.632685
1211687301  4.511545
1212296322  4.275124
1212393512  7.930299
1212547438  7.362202
1212625143  6.378719
1212734849  8.376698
1212735564  2.992124
1212793208  9.124618
1212811110  6.565903
1212878191  8.620799
