1211337944  6.863599
1211414873  8.006060
1211425256  8.784284
1211425715  7.523819
1211483120  4.191971
1211640377  14.006086
1211932152  4.191971
1212024815  7.100275
1212034479  8.800917
1212041007  6.654760
1212093338  4.494084
1212197178  6.678415
1212466102  13.925176
1212509905  6.794259
1212537449  8.590515
1211046323  10.119086
1211090556  8.559999
1211267738  6.157368
1211299255  9.670121
1211323047  5.857170
1211447207  5.534876
1211703434  2.404664
1212131193  600.672546
1212175164  4.191971
1212213438  3.762310
1212345495  4.719587
1212516450  10.302257
1212519261  3.963526
1212683294  2.222492
1212721719  5.819045
1212878373  10.054853
1211151096  3.385081
1211213169  7.222863
1211257219  5.638492
1211262264  7.374353
1211264189  0.000000
1211264213  3.897032
1211268488  3.110892
1211305650  6.459506
1211318139  4.357972
1211343176  8.180418
1211347345  4.437208
1211507448  5.346788
1211513321  6.239635
1211516419  2.595931
1211551570  7.762477
1211555486  13.629737
1211661344  7.042031
1211938230  8.681010
1212024960  4.749518
1212028106  9.371471
1212043759  0.000000
1212043808  6.324327
1212115606  5.263037
1212118269  4.488726
1212128392  5.115567
1212956012  11.068929
1211023931  9.386462
1211067107  8.585711
1211220302  8.900051
1211250382  6.754565
1211312453  6.494678
1211507367  4.332011
1211615896  5.166143
1211683437  7.638153
1211775695  7.405148
1211912509  13.456610
1211912826  6.579528
1211919599  5.632506
1212018318  10.306869
1212027257  7.572658
1212028247  6.751081
1212031902  7.854460
1212035649  7.250417
1212090122  14.060771
1212242264  5.079348
1212282302  6.863599
1212284727  6.542918
1212290589  7.023194
1212335165  12.660681
1212335328  5.716395
1212373576  7.284860
1212509797  5.614796
1212566993  7.492098
1212610901  6.971653
1212720615  11.615662
1212804085  8.999214
1212949806  7.101450
1212950343  6.143137
1212984325  4.886335
1212985573  6.201211
1211037203  4.907836
1211044182  0.687063
1211209409  6.700209
1211210422  12.394742
1211214979  10.406213
1211232830  5.130120
1211244384  4.907836
1211300529  3.091197
1211330783  3.194237
1211380564  5.618217
1211403763  8.028481
1211490732  9.970218
1211513109  5.521589
1211565431  5.795909
1211598804  7.759684
1211599705  9.237208
1211642216  8.114902
1211644185  7.923844
1211695567  11.181246
1211734796  4.644283
1211741795  3.194237
1211839553  4.943728
1211861274  5.758282
1211933960  4.827380
1211938210  8.100687
1211940246  7.502832
1212009618  5.385814
1212076264  2.541292
1212113715  5.422233
1212247146  4.755316
1212249170  8.841121
1212254569  3.254019
1212267521  5.631116
1212348933  4.067441
1212352195  0.000000
1212352210  6.367012
1212364415  2.307494
1212371975  10.420886
1212440149  7.895434
1212465494  4.970475
1212477150  10.898434
1212536841  4.206717
1212537777  5.194268
1212547765  9.148240
1212624105  6.476826
1212626285  11.443246
1212692801  4.108409
1212698260  9.306840
1212714884  6.903069
1212794203  5.627124
1212798539  4.067441
1212807346  7.353856
1212938151  1.506293
1212939275  6.195756
1212939964  5.993320
1211103501  17.260790
1211203058  11.964779
1211311048  3.547833
1211312333  3.847590
1211505403  4.198292
1211511551  4.191971
1211959935  6.579528
1212074121  7.147171
1212120091  6.585922
1212166124  8.392015
1212169334  15.359305
1212289896  4.000762
1212478217  9.155137
1212504577  11.050987
1212595017  2.133991
1212599080  10.146231
1212625317  4.827380
1212675381  3.847590
1212717842  6.238138
1213016516  13.089733
1211128005  4.122418
1211130537  2.133991
1211223787  5.528138
1211259008  4.941466
1211311596  6.926588
1211339471  4.669153
1211380621  7.181958
1211507157  14.806110
1211645227  7.757499
1211665234  15.618952
1211748249  9.223787
1212080550  14.064392
1212085584  6.515113
1212133771  15.518006
1212204034  6.977604
1212280029  7.200046
1212428082  10.060092
1212711059  6.027575
1212778768  4.580939
1212814602  5.608417
1211036467  8.192109
1211121225  12.024448
1211122812  10.147162
1211122879  13.252953
1211146311  5.726730
1211250238  11.164543
1211388373  4.907836
1211539523  10.898434
1211594212  27.260031
1211594364  10.551381
1211673186  9.929270
1211762042  10.675382
1212023923  10.384332
1212077898  5.114631
1212642690  11.547792
1212799349  171.180878
1212809888  3.585394
1212815615  12.892523
1211021010  24.281612
1211216694  9.889025
1211418807  6.194690
1211485610  5.392113
1211854446  7.751368
1211873628  7.320236
1211966040  13.014527
1211968062  5.627124
1212007143  4.232864
1212034595  5.773924
1212102293  7.253462
1212112160  7.658240
1212180039  6.153285
1212289835  4.953425
1212450635  6.293974
1212609354  16.008272
1212647692  12.035068
1212879508  8.668445
1212889092  4.740472
1212954424  11.431845
1213073817  22.167398
1211251665  6.500336
1211298224  5.706124
1211308376  1.628819
1211381129  16.069546
1211420342  3.685658
1211425565  6.511271
1211505691  4.827380
1211557185  5.426060
1211557824  9.414068
1211642364  4.907836
1211675630  10.852174
1211683280  6.676015
1211694522  5.696983
1211725564  10.457534
1211754196  6.654558
1211915556  6.404530
1211937016  5.490518
1211946550  6.230004
1211767793  6.153527
1211929996  3.754561
1211947628  3.536905
1211954387  46.857357
1211989406  5.155583
1212102672  5.915087
1212109104  5.746886
1212111477  7.336243
1212120678  14.020660
1212271455  3.540432
1212418120  6.631081
1212537175  9.214972
1212558805  4.900360
1212591113  5.162037
1212777497  4.197371
1212793966  7.084100
1212805027  3.936233
1212813620  5.243089
1212908331  0.000000
1212908343  6.794045
1211075954  8.318831
1211270553  7.459126
1211573676  7.579866
1211910799  8.177231
1212046700  12.213107
1212064473  6.335629
1212340792  10.981723
1212346288  5.961896
1212356283  9.163257
1212485163  20.193460
1212492228  7.488101
1212523153  8.392015
1212606215  10.355656
1212720503  11.337936
1212825918  29.104250
1212832369  6.135874
1212937867  3.180945
1212944941  4.907836
1212948891  5.720736
1211067338  5.206118
1211100877  7.061660
1211266684  3.754561
1211346642  7.788702
1211351560  6.482626
1211596240  7.359740
1211612764  10.151257
1211656625  5.364418
1211761386  6.789865
1211875365  0.000000
1211875390  476.565613
1211945881  10.805854
1211984216  5.726730
1211984518  9.004845
1211985556  5.194268
1211987921  7.042031
1211993213  0.000000
1211993214  3.263636
1212008882  5.722499
1212119207  10.550858
1212223834  11.789681
1212437020  6.995619
1212451699  5.919960
1212498198  8.392015
1212499165  11.581972
1212518985  4.988732
1212545457  2.238958
1212549456  0.000000
1212549490  13.175681
1212549777  10.004003
1212559650  9.204123
1212560841  6.259991
1212585487  8.034475
1212606154  7.678011
1212618385  5.831725
1212691873  5.823520
1212778491  5.744868
1212798474  4.314250
1212866088  5.911998
1211435934  7.042031
1211495737  8.876349
1211673818  8.010188
1211868211  5.704559
1212013942  10.719770
1212095710  4.311472
1212097505  5.164686
1212128332  3.700770
1212182852  5.740748
1212184870  4.050095
1212188154  6.536510
1212195807  4.810891
1212293250  8.246476
1212337314  5.932302
1212346110  6.026758
1212435789  8.649643
1212506219  5.077072
1212576061  8.503416
1212781772  4.395077
1211118718  14.426785
1211524712  11.249389
1211579723  11.788721
1211905135  7.964174
1211912623  8.718096
1212199660  10.532419
1212433742  7.923844
1212480779  8.201443
1212557836  6.678415
1212691408  9.000934
1212964825  9.379396
1211064520  6.863599
1211119176  11.359904
1211304368  0.000000
1211304399  0.000000
1211304400  6.437387
1211314529  4.461669
1211322033  9.959426
1211423110  3.091197
1211488700  3.221995
1211611058  9.647856
1211818286  11.820401
1211895839  11.627052
1211921721  5.241492
1211998343  5.901164
1212208167  5.969832
1212498598  10.572957
1212498951  11.315530
1212756246  4.123250
1212757878  0.000000
1212757904  0.000000
1212757906  4.568986
1212876194  5.928920
1211482760  4.272211
1211572469  14.313789
1211574123  4.827380
1211655915  7.572658
1211660234  5.706029
1211711176  24.912737
1211734540  10.048089
1211783963  13.894410
1211868230  9.377517
1211999736  4.828104
1212005791  5.631116
1212068335  0.000000
1212068369  0.000000
1212068371  3.263636
1212159940  8.351567
1212435843  6.416918
1212773844  4.624913
1212987583  3.496864
1211154821  2.755394
1211338730  7.686275
1211497521  19.543951
1211570450  9.555356
1211570522  10.035415
1211691980  6.213557
1211696147  10.850472
1211782035  4.059077
1211923327  4.893085
1212025599  3.142110
1212564332  9.371471
1212732479  7.049010
1212894801  7.576110
1213075943  3.248376
1211145622  5.191862
1211205167  7.049010
1211301381  9.161655
1211387543  6.017259
1211573638  6.620146
1211578189  2.568910
1211689003  3.847590
1211692195  4.931327
1211836745  7.737081
1211902132  4.191971
1211903765  2.444742
1211945628  9.139820
1212001780  11.967527
1212009104  14.212001
1212010286  4.048178
1212010346  8.815645
1212069329  10.243512
1212092580  5.450414
1212157901  7.235812
1212178219  7.121795
1212182786  6.191685
1212528180  11.156630
1212590891  13.904265
1212612214  10.902589
1212613567  4.461669
1212639196  8.612674
1212678535  6.195756
1212689295  4.492012
1212697229  7.882426
1212704585  7.923844
1212763215  4.281517
1212764347  1.457365
1212765643  3.847590
1212765960  9.892611
1212766509  4.319213
1212769242  3.141872
1212778416  4.067441
1212801696  8.182040
1212880999  7.716886
1212961033  7.135332
1213023789  4.941466
1211019612  8.676810
1211081052  28.856928
1211209918  3.141872
1211302682  5.342681
1211309321  6.536761
1211381559  10.713505
1211393586  10.445158
1211402250  5.719160
1211467878  13.806550
1211467937  10.137976
1211496102  7.993200
1211563401  8.254440
1211673159  8.725903
1211902172  4.656150
1211909712  5.374743
1211939617  5.418631
1211940820  7.353856
1211942232  6.676015
1211948965  12.950623
1211954520  8.612042
1212029243  8.901354
1212039503  7.155109
1212075197  5.961363
1212084594  14.724815
1212084640  10.267382
1212091091  8.071006
1212161011  6.843509
1212168359  7.923844
1212195129  6.349536
1212217675  11.444809
1212259119  13.481740
1212266288  2.711627
1212285824  9.655618
1212333999  4.279593
1212374361  7.005332
1212505202  5.583327
1212549408  5.627124
1212558254  8.014773
1212564247  8.976834
1212564987  6.979931
1212591005  8.885882
1212592022  7.148950
1212596054  18.021444
1212618271  8.074821
1212682379  12.150286
1212703301  4.123250
1212835053  8.534568
1212891689  3.714985
1212895915  8.644194
1213004730  10.217281
1211143443  6.003175
1211405677  6.704306
1211460817  13.432941
1211513519  10.532419
1211553268  0.000000
1211553272  4.904327
1211610559  5.802811
1211895803  8.254440
1212182366  10.696011
1212436001  6.075940
1212453507  6.775419
1212456169  11.591356
1212475767  8.460714
1212548847  10.540788
1212558904  9.761858
1212561355  8.091809
1212613661  1.977852
1212614119  7.819388
1212643483  9.672218
1212717650  9.471958
1212759396  8.742738
1212857149  8.197080
1212892868  9.564127
1212941533  5.615259
1212975007  8.300038
1211076917  7.532438
1211079520  8.210245
1211102205  10.119736
1211162486  5.720018
1211167354  10.138867
1211290084  8.003173
1211301856  6.155216
1211359003  5.627124
1211387332  11.478662
1211473541  3.163600
1211504569  8.330355
1211516425  4.769433
1211782829  7.487562
1211865874  6.424738
1211979381  7.282926
1212055666  11.305365
1212123014  7.333397
1212134017  10.117198
1212202081  7.872466
1212220697  9.371471
1212474114  12.157296
1212521580  36.235767
1212718424  5.263037
1212719089  14.843883
1212806698  5.723711
1212823204  5.305843
1212827107  9.038757
1212908077  7.938132
1212916012  5.600775
1212920121  13.529318
1211077332  6.459474
1211339428  3.991018
1211382017  12.156541
1211389291  15.626844
1211389550  22.365799
1211498748  7.923844
1211499610  5.808522
1211505727  5.039216
1211511478  5.923288
1211528626  7.919537
1211600869  9.185380
1211608592  3.388495
1211631207  7.863009
1211645984  5.800224
1211662438  9.024551
1211952034  7.563466
1212018822  5.868742
1212045363  12.434916
1212101698  4.907836
1212116131  7.538479
1212158606  6.670577
1212168655  6.737354
1212205026  4.970475
1212219952  8.740190
1212251251  10.576936
1212262427  11.889200
1212283900  7.793945
1212284550  6.555435
1212332842  8.732229
1212360078  11.332185
1212458965  5.038393
1212530104  10.197236
1212535655  7.867514
1212543941  7.505020
1212556033  6.567905
1212577935  7.044115
1212578111  4.917986
1212709274  8.733437
1212716291  6.162292
1212719501  17.878529
1212780426  7.875097
1212786274  10.919758
1212811627  5.941084
1212812533  9.151817
1212862236  5.883085
1212869102  8.644194
1212891960  7.259425
1212996138  1.980459
1211045556  17.115047
1211073527  3.833084
1211157252  6.230004
1211167514  5.814670
1211234182  3.623577
1211335692  5.627124
1211375573  6.997228
1211601787  4.470307
1211759225  6.393537
1211766963  7.136471
1212066047  7.923844
1212150542  7.464322
1212153056  5.627124
1212291440  11.367984
1212291520  6.383187
1212369526  7.081995
1212416238  4.188287
1212455455  12.109966
1212544437  7.882426
1212652042  10.110298
1212723101  11.314919
1212784473  0.000000
1212784497  0.000000
1212784499  9.214972
1212895733  3.926269
1212957726  3.194237
1211181830  3.680161
1211181896  16.486319
1211205167  6.876007
1211234700  44.785931
1211379008  2.619366
1211472228  2.890741
1211505341  7.954948
1211680055  6.569583
1211695901  8.982080
1211703918  28.877996
1211750059  4.576525
1211850257  7.628154
1211853385  10.765809
1211896712  7.643807
1211913820  5.875072
1212026415  6.651967
1212030511  12.726557
1212034574  5.802811
1212040126  7.205454
1212121470  6.434624
1212301107  4.197371
1212415399  4.530310
1212415464  9.725232
1212442879  9.867455
1212511373  2.404664
1212544057  9.024551
1212629776  6.418126
1212677546  4.297985
1212882310  5.612830
1213020205  8.299521
1213021646  5.765584
1211075324  10.465784
1211096107  38.756840
1211218521  4.206717
1211230037  17.600651
1211299937  23.063858
1211466678  11.915318
1211472029  5.662888
1211988124  6.524113
1212412227  13.773109
1211085717  4.051109
1211223082  7.393190
1211317052  6.524113
1211318647  8.277573
1211400071  7.374353
1211530624  5.519283
1211573940  0.000000
1211573960  0.000000
1211573982  7.142627
1211909248  9.248028
1212169262  5.537864
1212172292  13.118707
1212544833  7.606876
1212816304  9.982141
1213027663  0.000000
1213027674  0.000000
1213027755  1.982223
1211088273  6.453846
1211172014  7.881707
1211209121  5.983267
1211232267  4.907836
1211266727  8.271901
1211289457  3.955704
1211318049  6.995619
1211381894  6.446018
1211445692  8.449687
1211464558  8.849224
1211472552  4.924173
1211478343  9.790222
1211493024  5.726730
1211498911  12.026836
1211510897  13.539913
1211557326  9.816168
1211579563  6.664438
1211648880  8.340888
1211833282  7.671337
1211924018  10.512677
1212078642  4.566879
1212078763  8.985240
1212084051  5.814670
1212089568  6.135782
1212094038  5.502483
1212120126  5.813283
1212129644  7.955321
1212162386  4.301459
1212164973  7.507020
1212168737  8.692377
1212178863  5.258396
1212182276  2.993562
1212182861  3.496864
1212185090  5.445604
1212368296  11.745213
1212429233  3.422396
1212460158  23.950069
1212476276  5.530855
1212478495  27.246084
1212527756  4.013131
1212554443  10.394574
1212556210  11.431845
1212559443  9.239538
1212585693  2.994597
1212607785  4.600072
1212684248  4.684623
1212688759  6.868171
1212722299  4.531333
1212757014  7.762549
1212761564  6.848755
1212808709  5.933883
1212854073  6.856311
1212892063  5.923288
1212895174  3.287159
1212895391  11.986639
1212997911  4.693201
1213018275  2.157125
1211247210  8.252442
1211304308  9.835749
1211744465  5.628242
1212365307  12.564275
1212406195  15.882413
1212420266  6.253315
1212423984  7.382256
1212555874  12.625350
1212658978  9.230021
1212719330  8.272080
1212358078  6.863599
1212389982  1.527825
1212543376  6.369706
1212604515  10.039604
1212708646  4.924173
1212721547  7.044535
1212734053  7.951453
1212995245  5.192827
1211089619  10.765809
1211234980  15.827454
1211355212  6.863599
1211466397  10.132187
1211467766  12.845460
1211467821  8.602230
1211469182  5.084301
1211485077  6.609457
1211530538  7.245068
1211558642  7.046699
1211565276  13.357726
1211615767  5.923288
1211696964  2.876167
1212062215  12.959687
1212074123  8.104361
1212095303  5.823793
1212247340  11.000359
1212300799  10.018825
1212426792  17.210337
1212506164  5.773924
1212506871  8.090080
1212594252  6.138681
1212613942  4.857677
1212795410  9.322891
1212803299  9.285564
1212815805  8.449056
1212862343  6.014455
1212867123  8.193727
1212869215  6.446018
1213030494  10.989074
1213034790  1.695302
1213040541  7.253462
1213042959  2.666991
1213045211  5.201005
1211073183  4.360713
1211090986  2.327991
1211266057  4.907836
1211274311  2.404664
1211327970  4.465662
1211417842  9.965082
1211419840  4.674492
1211489917  6.434916
1211575965  4.391834
1211596658  11.130029
1211607892  10.789664
1211693998  7.167757
1211936433  12.879272
1212032656  4.683179
1212039466  14.913735
1212198689  7.200233
1212200365  4.067441
1212250938  10.826142
1212262049  5.883085
1212358476  11.472035
1212465163  7.136471
1212465784  5.053316
1212505147  6.500524
1212510236  13.118707
1212528768  11.974582
1212768792  5.166143
1212980441  0.000000
1212980489  0.000000
1212980497  8.876349
1213034009  11.408684
1211019101  14.112185
1211026621  7.516410
1211217032  3.981140
1211408692  4.419560
1211424591  6.452003
1211425841  6.484186
1211523942  8.262389
1211684518  5.743598
1211931611  4.907836
1211932561  3.141872
1211940060  4.644283
1211948315  7.958653
1211958890  6.564507
1211962495  8.867246
1211980850  7.265730
1211985456  8.701049
1211990585  2.569483
1212024042  5.744868
1212026231  8.162790
1212097396  6.090182
1212121083  9.794613
1212381103  6.456160
1212462615  5.537781
1212476637  3.927634
1212495572  14.148511
1212536717  6.440805
1212576180  19.864080
1212590770  13.362458
1212592791  4.015319
1212693635  4.827380
1212693781  5.277153
1212784564  2.572116
1212879368  3.754971
1212961520  6.863599
1211118054  10.969579
1211120734  8.073175
1211150405  6.130045
1211258234  8.812609
1211335972  8.601714
1211557147  5.325108
1211656788  3.847590
1211685335  9.931426
1211686150  7.843110
1211817410  8.099720
1211858041  16.255789
1212068215  9.018336
1212087694  9.140416
1212102842  11.006687
1212463455  4.705219
1212519354  0.000000
1212519356  0.000000
1212519388  3.376175
1212677873  0.000000
1212677896  0.000000
1212677897  4.245992
1212677969  9.271398
1212681532  8.773098
1212689471  12.060747
1212708681  2.063404
1212907740  7.714015
1212952798  5.359166
1211084440  17.758057
1211377088  6.231848
1211409062  12.529061
1211493000  6.936021
1211493893  8.365805
1211497535  9.697660
1211561419  4.067441
1212069977  6.955091
1212076170  7.756472
1212172008  7.999316
1212283951  6.500336
1212493970  13.307895
1212510147  9.366506
1212513444  5.707683
1212540793  18.238203
1212720244  7.981870
1212751154  0.000000
1212751160  5.798657
1212777871  9.270502
1212804073  8.235699
1212887514  5.258396
1212905247  8.656216
1212905346  2.073928
1211154985  6.908705
1211175042  15.196621
1211239202  8.519688
1211241508  8.468497
1211256804  10.318936
1211261267  5.504240
1211770346  7.332614
1211824776  5.472850
1211850452  6.259991
1211852239  1.803373
1211870441  8.201443
1212008410  5.732527
1212018669  6.138681
1212025128  4.446656
1212076158  7.951453
1212081918  8.584487
1212085758  6.191685
1212090030  4.492012
1212095961  3.347750
1212103762  6.375616
1212104792  3.731812
1212114339  7.557753
1212126248  15.953455
1212128134  6.980309
1212271067  0.000000
1212271079  8.062941
1212327969  10.580641
1212706223  5.416054
1212952291  7.331987
1211147200  6.272806
1211205384  7.248322
1211216519  17.351170
1211343834  10.634996
1211386280  4.067441
1211510827  5.722499
1211548460  8.099217
1211550023  6.168826
1211558808  7.678011
1211600365  6.863599
1211603784  5.802811
1211682076  9.473033
1211682218  4.806231
1211702212  9.054436
1211786423  7.797615
1211792489  6.984977
1211867873  10.217281
1211945547  13.696895
1212027604  8.504118
1212038773  5.053316
1212042393  5.836427
1212087756  14.460667
1212115747  9.150776
1212131923  5.627124
1212178232  10.300502
1212254182  6.976889
1212416657  7.467276
1212416725  10.884896
1212467356  7.961518
1212507411  4.683784
1212584909  5.928920
1212587756  7.374353
1212709247  5.641317
1212810935  9.650761
1212812368  6.228607
1212894236  7.793320
1212937878  4.331414
1212939803  6.246462
1212950952  10.089419
1212986982  8.376013
1213027051  3.194237
1211071825  10.963839
1211093410  3.270480
1211198332  15.667973
1211211110  11.607611
1211262160  8.958252
1211304327  2.405756
1211311501  3.386139
1211325357  11.633547
1211350578  6.962107
1211378858  7.205454
1211379730  6.925819
1211474800  8.692088
1211497632  9.508613
1211526701  8.570345
1211564807  5.641317
1211689622  5.451253
1211736666  0.000000
1211736668  2.404664
1211738293  5.570133
1211741530  7.308932
1211820356  0.674746
1211821947  6.863599
1212019037  14.125609
1212027049  6.365423
1212029423  5.821163
1212031939  15.490314
1212034271  4.123250
1212037869  4.773232
1212047218  5.627100
1212065827  8.330355
1212202394  4.243796
1212347373  7.940044
1212472350  13.645500
1212525231  5.135635
1212624102  3.836011
1212709106  13.278150
1212850867  2.444742
1212852514  1.389906
1212879384  2.988008
1212879743  6.228848
1212881297  7.269054
1212898633  11.418838
1212898747  12.983041
1212982955  4.907836
1213026864  0.398507
1211282737  9.578448
1211380633  4.809488
1211475208  15.125625
1211488441  5.039216
1211565596  9.694461
1211683327  9.148935
1211689000  25.605215
1211763715  12.493305
1211898635  7.517989
1211924097  4.475853
1211987606  7.002618
1212112659  2.099008
1212375863  5.419551
1212434535  8.174712
1212438516  8.518140
1212442847  8.290191
1212453869  3.210134
1212508499  7.892576
1212973999  0.000000
1212974010  8.198693
1212989527  7.869112
1212993065  4.984003
1213027904  6.300769
1213060716  7.165842
1211038576  8.495829
1211055148  9.844085
1211121786  7.628642
1211122652  7.364695
1211223519  8.695085
1211292237  0.187348
1211319544  11.678066
1211426850  6.864581
1211813965  7.087395
1211914605  10.009508
1211951500  11.716599
1211986302  0.000000
1211986345  24.447418
1212029744  252.573135
1212070643  6.099859
1212218688  6.218997
1212289113  4.458106
1212675277  5.135511
1212780183  10.021880
1212851940  2.222492
1212890835  4.907836
1211091050  5.670877
1211146229  7.882426
1211185498  5.627124
1211185997  10.221255
1211197108  11.919564
1211537445  11.400718
1211942566  9.322169
1212282412  22.226765
1212423716  3.826973
1212533722  4.281517
1212631258  4.437208
1212760499  13.847524
1212902234  4.360117
1211018483  9.843866
1211034594  13.305919
1211115152  12.871892
1211372678  11.277759
1211375787  6.168826
1211379394  10.048089
1211391858  3.141872
1211423492  5.694301
1211499213  27.891573
1211500845  4.907836
1211508798  4.088825
1211668236  10.898434
1211694593  4.622671
1211694835  29.586565
1211714197  11.784546
1211756343  9.845425
1211855573  7.388011
1211856288  4.684623
1211857031  6.075939
1211857087  10.708150
1211861376  8.139131
1211916537  10.060044
1211948493  6.585922
1211979012  5.489254
1212028467  6.358110
1212061076  14.429456
1212421924  10.907449
1212437436  4.827380
1212437641  10.045552
1212544922  4.437208
1212594226  9.020129
1212633493  8.139015
1212634587  11.935596
1212719011  9.417939
1212725339  16.425167
1212768639  4.886335
1212862823  2.444742
1211029684  13.060982
1211204682  8.125421
1211209429  9.148240
1211340902  3.975858
1211386303  0.000000
1211386330  3.076659
1211387984  2.818444
1211397897  3.561648
1211423522  13.367747
1211469000  6.343277
1211679057  9.469816
1211769978  5.077072
1211872576  16.768465
1212075920  6.360395
1212294718  10.614461
1212310700  5.062119
1212418369  9.605806
1212646231  6.534760
1212690602  4.848841
1212709511  6.892060
1212716235  87.265671
1212717097  5.359121
1212795308  6.168826
1212799862  0.000000
1212799869  5.836427
1212803144  10.675065
1212888699  6.212847
1212955186  5.969832
1212976024  7.486282
1213033047  7.042031
1213041258  14.235225
1211038503  4.578106
1211079422  5.534876
1211165005  6.566462
1211252935  8.398269
1211302558  6.157368
1211381612  3.280577
1211400877  11.867113
1211401296  11.704537
1211483712  5.419332
1211581179  6.366093
1211596681  6.402926
1211639944  10.692940
1211850393  6.440805
1211899167  13.547088
1211966389  6.267129
1211988232  7.678011
1212036386  2.133991
1212096180  5.167348
1212183601  11.214709
1212223566  14.219858
1212300338  2.903851
1212308604  8.556288
1212459533  13.142206
1212516651  6.846977
1212600037  7.310719
1212642572  9.353731
1212684809  7.876153
1212685468  45.774624
1212768231  4.961764
1212870733  4.982049
1211290019  14.675270
1211317613  2.741667
1211335435  2.085578
1211337098  6.624300
1211698327  7.578161
1211792312  5.469680
1212007529  6.015300
1212109827  3.510574
1212133805  6.591282
1212476994  7.492098
1212504007  10.513082
1212566474  8.361344
1212765404  5.445604
1212768656  8.268018
1212787920  1.231601
1212892860  11.824556
1213020636  5.814670
1211072261  6.259991
1211223542  12.566832
1211291703  4.943728
1211502406  8.020186
1211897733  9.175146
1211898448  7.367600
1211993444  4.607826
1212182085  3.263636
1212206190  8.646282
1212303847  8.656216
1212332261  7.923844
1212333225  10.768249
1212545070  7.621766
1212725819  9.835749
1212953718  4.033838
1213025953  10.294827
1211388875  5.726730
1211515057  8.845513
1211560234  3.847590
1211824720  11.472035
1211848973  7.097188
1211851513  7.000490
1211859367  13.925176
1211947294  9.650761
1211947423  0.000000
1211947483  9.818208
1212283567  11.622375
1212304000  6.258241
1212430954  12.666847
1212552748  3.194237
1212681424  6.132293
1212774417  5.387614
1213029695  15.415601
1211238699  24.447418
1211506162  5.111861
1211508580  5.718231
1211561399  0.000000
1211561401  2.444742
1211993056  6.731819
1212096048  13.948315
1212132543  12.927882
1212228500  8.601714
1212314539  6.094187
1212609709  9.508613
1212661037  12.660853
1212685409  4.553194
1212690416  9.814333
1212789626  15.171468
1212949569  14.426785
1211060603  8.247496
1211135427  3.007195
1211216418  5.166143
1211231358  5.831725
1211335482  348.671265
1211447818  16.761049
1211567428  9.154222
1211573722  10.305352
1211615398  5.910394
1211682349  4.312003
1211691787  13.373032
1211770932  15.870165
1211772439  14.233840
1211912110  4.959525
1212025157  19.459984
1212030065  17.828552
1212073399  15.183702
1212075442  0.000000
1212075457  0.000000
1212075480  24.447418
1212095993  0.000000
1212096052  4.116791
1212096167  0.000000
1212096347  0.000000
1212096410  0.213547
1212115547  6.863599
1212118698  5.318481
1212163091  6.548255
1212194136  8.790387
1212210868  9.229977
1212217527  12.563801
1212337181  9.209944
1212375358  4.917986
1212421920  7.483716
1212529884  0.000000
1212529890  4.491398
1212763493  5.445604
1212782215  4.067441
1212782520  6.198135
1212782642  11.746982
1212811554  0.000000
1212811602  0.000000
1212811604  8.795478
1212869785  9.915885
1212903689  11.738568
1213035003  6.401525
1211241399  6.500336
1211321800  7.940044
1211413745  5.716395
1211492216  6.377587
1211502672  9.527326
1211604048  27.274231
1211768541  16.837029
1211869330  6.343277
1211992057  10.510058
1212011045  9.444480
1212247065  5.258396
1212257378  7.793945
1212680614  5.350266
1212681350  3.607116
1212683722  6.663184
1212715916  12.665262
1212859364  2.238958
1212859791  15.929455
1212875606  4.111216
1212952451  5.551163
1211065638  5.534876
1211144280  2.879679
1211223167  4.907836
1211278498  9.808654
1211326950  16.308468
1211342721  13.872132
1211346072  6.415028
1211558631  14.634885
1211562899  10.898434
1211565330  2.486178
1211565415  0.000000
1211565417  0.000000
1211565477  13.175681
1211694995  4.035790
1211695332  16.385889
1211853214  10.235720
1211854215  15.077963
1211945071  4.452021
1211997188  9.782539
1212075061  4.907836
1212103237  8.225294
1212203751  8.305238
1212275001  4.907836
1212297074  9.111302
1212530400  0.000000
1212530410  2.760797
1212543681  7.402592
1212571514  12.766648
1212768561  7.163568
1211566648  8.590515
1211687218  9.883489
1211932344  5.390690
1212109915  7.136148
1212275150  7.049495
1212421967  3.843671
1212518013  5.929410
1212522339  5.025219
1212524552  7.960532
1212625916  3.549152
1212684957  2.133991
1212860269  9.680030
1213020986  6.274539
1213045236  4.566879
1213066522  3.478883
1213069282  4.407198
1211024892  10.898434
1211212581  4.754141
1211323649  7.885765
1211416376  6.971653
1211511406  4.753322
1212084941  10.898434
1212198303  7.231413
1212203608  8.722006
1212287616  6.238138
1212287742  4.693201
1212950403  10.236364
1211227745  5.716395
1211392818  10.738763
1211474400  16.808205
1212024924  7.942770
1212558788  9.155137
1212646302  11.060582
1212673539  22.361891
1212673565  3.754561
1212687491  4.412601
1213029115  5.163130
1213031049  12.438995
1211103370  8.284742
1211148414  6.434624
1211156254  7.042031
1211209808  6.517563
1211209866  10.843325
1211212405  7.276858
1211229327  6.090182
1211418758  4.991897
1211613593  5.342681
1211892734  9.899318
1212283884  4.151708
1212529672  4.860751
1212594657  21.478390
1212636645  4.118159
1212739758  3.784515
1212755727  3.194237
1212777762  11.230720
1212882055  7.282978
1212895930  4.893151
1211165531  8.703773
1211177786  7.260071
1211249624  4.566879
1211340354  11.734195
1211444586  7.284860
1211472484  6.729412
1211531674  10.879763
1211592711  0.000000
1211592713  2.256685
1211605337  4.491997
1211705240  6.651967
1211742522  6.563762
1211766332  10.141107
1211896856  7.374353
1211899885  8.225294
1211928456  7.182199
1211989497  5.766993
1212013778  8.841497
1212112362  7.123575
1212186281  4.820997
1212278407  13.961212
1212356052  13.673222
1212385820  12.405024
1212386813  13.924773
1212388048  10.379460
1212626259  0.000000
1212626283  0.550368
1212697901  5.823793
1212736192  12.245839
1212744191  9.968623
1212897998  4.916005
1211092089  6.375724
1211186495  9.144785
1211231298  11.584278
1211254837  4.191971
1211339020  10.591720
1211350453  18.374496
1211548097  13.283933
1211552030  3.971199
1211562526  4.553465
1211807699  5.622684
1212039439  3.616117
1212072724  16.613958
1212075157  4.907836
1212403706  9.006316
1212533352  4.724357
1212546914  8.961937
1212622030  7.374353
1212686191  11.860040
1212791752  4.755316
1212844690  10.741652
1212985419  3.874607
1212994306  13.707765
1213004207  6.214353
1213004570  10.508734
1213063808  2.550939
1211092385  9.175492
1211193986  5.453151
1211213731  5.389845
1211229129  3.255498
1211553839  18.893816
1211694294  5.983073
1211911783  14.975099
1212060104  4.827380
1212109771  15.909922
1212283600  7.847389
1212524117  2.133991
1212677852  0.000000
1212677871  0.000000
1212677927  2.444742
1212731997  3.549152
1212789718  11.438696
1212802314  6.136550
1211292244  0.755612
1211068008  9.591181
1211156551  14.479835
1211213058  1.432238
1211319503  4.196087
1211327242  5.726730
1211441318  11.333445
1211594712  5.461857
1211629209  9.033064
1211691999  9.616264
1211828330  7.353856
1211949700  7.516410
1212178495  4.579820
1212199992  5.115567
1212205716  10.294827
1212262410  11.083153
1212289573  7.886419
1212297457  3.221995
1212315666  12.614475
1212638478  6.633948
1212780805  4.827380
1212979967  8.908395
1212982275  7.177837
1212995541  3.810883
1211040259  8.523260
1211084968  20.063730
1211097606  6.758669
1211103883  4.604650
1211123189  3.914468
1211182292  4.377501
1211190693  14.281287
1211226889  5.802811
1211276112  13.033585
1211276601  24.865997
1211368448  10.053476
1211446201  8.864135
1211540249  8.668445
1211704996  7.422983
1211746279  5.736880
1211746526  12.061852
1211807710  9.692043
1211858946  15.134129
1211871470  6.563762
1211917271  4.907836
1212056505  9.834349
1212117500  6.276011
1212290400  7.052513
1212400401  9.839843
1212426806  9.269553
1212434606  4.886335
1212576951  12.463865
1212578442  12.539610
1211140298  7.252338
1211220271  0.000000
1211220335  10.344494
1211239849  8.590515
1211326364  11.258549
1211420837  9.341080
1211516262  7.396897
1211523003  12.203673
1211663805  8.677735
1211771789  4.025724
1211853905  4.566879
1211867600  2.957897
1211898667  11.315530
1211982034  8.356350
1211988926  9.826090
1212033878  9.317281
1212079187  21.817930
1212084259  8.804455
1212109007  12.404250
1212198410  5.967057
1212270879  6.731407
1212287821  7.876577
1212341673  7.552143
1212426253  12.496552
1212507881  4.519379
1212634617  4.042683
1212707581  12.587874
1212708734  4.962353
1212710004  4.911818
1212720954  20.632341
1212722224  5.686139
1212758634  8.330744
1212817722  4.478398
1212822081  9.930219
1212825837  10.015147
1212865114  7.103930
1212881953  7.161387
1212896683  4.674129
1212900493  6.013663
1213000384  9.182449
1211103333  7.042031
1211228317  11.200505
1211324811  5.821163
1211485496  6.609457
1211563981  26.983156
1211594602  6.872076
1211598523  4.917349
1211811085  6.545966
1211982413  8.074821
1212135328  6.977604
1212169052  20.631189
1212275698  9.154280
1212391709  12.393202
1212402637  12.278180
1212457566  8.189244
1212525810  10.898434
1212532781  5.025219
1212546187  8.254289
1212603863  11.486622
1212676123  6.655066
1212853063  8.601714
1212870575  5.453151
1212891357  2.226172
1212901326  0.000000
1212901350  11.889777
1211084209  15.580905
1211177282  8.601714
1211219425  2.365879
1211243150  8.570345
1211249118  14.789388
1211290155  5.889403
1211376012  5.821163
1211597035  12.376284
1211657625  10.379460
1211657962  11.077593
1211735490  11.274754
1211747425  8.994743
1211780831  8.601714
1211783647  1.432238
1211980631  13.358716
1212096330  8.580471
1212167048  5.130591
1212207933  5.733548
1212218682  8.438185
1212254381  8.392859
1212421659  6.111855
1212424282  10.698484
1212432844  3.304383
1212499837  9.883366
1212519458  8.461018
1212600071  9.608971
1212612937  5.077072
1212681217  15.500802
1212708688  4.050095
1211023737  8.182964
1211034058  6.446018
1211172722  6.186115
1211180385  5.418200
1211218969  7.923844
1211240216  6.129873
1211257683  18.746582
1211262182  11.551198
1211338863  9.935515
1211341223  4.941466
1211385745  6.462982
1211419343  6.075903
1211517070  13.610104
1211548039  5.053316
1211661749  4.986076
1211695192  19.168232
1211940401  10.876505
1212019496  7.095586
1212025661  5.114904
1212202019  9.101099
1212211166  8.125421
1212266346  6.627532
1212295721  10.745637
1212297316  5.946407
1212467134  9.606295
1212697823  5.419332
1212710259  9.371471
1212979969  7.046699
1211098269  6.239124
1211205221  6.273383
1211219421  8.330744
1211226761  3.847590
1211319961  4.491997
1212804156  15.134129
1212889563  10.207712
1212923107  9.667144
1212939108  6.511271
1211066915  5.475834
1211079020  9.033064
1211098417  7.626381
1211316792  3.659754
1211419300  10.020373
1211421512  5.592656
1211594387  8.601714
1211855676  5.554638
1212019042  3.547773
1212456362  20.564003
1212464259  5.161683
1212599628  2.157524
1212756956  4.123250
1212867264  7.092736
1212873912  5.928920
1212892254  5.627124
1212896570  1.483389
1212897734  10.176333
1212999360  7.532855
1211041964  6.572371
1211302422  10.746716
1211317744  6.511271
1211332215  8.225294
1211392895  4.907836
1211478412  7.266897
1211506375  5.971180
1211817922  7.181958
1211821262  6.252360
1211826138  6.916800
1211832502  8.332372
1211832822  4.013131
1211862881  2.444742
1211896266  3.000866
1211898649  0.000000
1211898669  5.836427
1211939743  7.802649
1212019041  10.613720
1212030603  10.007429
1212180679  8.508409
1212207772  9.291536
1212461084  8.864278
1212463402  4.136381
1212549948  11.315530
1212623081  8.876608
1212645336  8.378583
1212674156  4.067441
1212765314  2.133991
1212766860  7.401461
1212828079  11.056275
1212837128  17.868395
1212905347  7.411703
1212968074  6.511271
1212971053  4.166396
1211058469  3.497809
1211064443  5.875072
1211210008  13.802751
1211211093  16.312637
1211537616  9.883366
1211588547  4.568986
1211663383  16.927988
1211943398  6.602038
1212047191  9.759791
1212126275  16.061724
1212127866  9.470832
1212503225  11.779605
1212678079  4.434429
1212792481  5.814670
1212940388  8.877022
1212949901  8.804271
1211095397  1.880571
1211338235  5.565487
1211379721  7.751368
1211383368  7.666934
1211422260  14.185015
1211423884  5.773924
1211428010  11.633967
1211526302  10.914701
1211565680  5.716395
1211769679  8.274665
1211983359  11.930791
1212427759  9.646129
1212518279  9.139820
1212615588  8.747146
1212809137  8.079177
1212813764  12.181342
1212851221  9.018336
1212867403  7.923844
1212900284  0.267519
1212934074  7.882747
1212967398  5.726730
1211084854  8.874529
1211212626  6.796332
1211223700  4.827380
1211457847  6.044448
1211977550  6.724212
1212159333  11.026225
1212493416  9.578448
1211141126  5.020285
1211337650  8.362383
1211406481  19.229864
1211504054  6.300974
1211693771  8.346655
1211838155  6.274488
1212156013  9.577838
1212433844  9.098947
1212466079  7.459126
1212479578  11.716380
1212551490  7.487562
1212553329  5.432760
1212597401  7.220896
1212756621  8.833699
1212765158  11.504097
1212766743  11.932439
1212806279  7.923844
1212809331  9.512531
1212888300  7.162242
1213024111  24.543127
1211292244  0.755612
1211309548  11.224081
1211587109  13.276923
1211677126  7.929706
1211758587  7.795085
1211872313  6.312827
1212035228  14.620834
1212104151  0.000000
1212104211  0.000000
1212104213  5.798657
1212135728  8.735865
1212247420  31.115850
1212250429  478.146118
1212270606  8.612674
1212459924  9.650761
1212512036  4.982049
1212555310  9.838133
1212560178  6.602922
1212636206  9.608225
1212653844  11.114155
1212682475  15.423064
1212743838  3.964446
1212974108  21.791954
1212976030  10.386795
1211212323  8.356095
1211217026  15.638776
1211250910  4.123250
1211312499  14.295207
1211441038  9.335743
1211604243  7.960279
1211605738  5.971533
1211649407  9.714153
1211739963  4.067441
1211825597  9.229508
1211912334  13.038306
1211923738  0.000000
1211923798  16.762636
1212090775  5.860016
1212112814  4.860458
1212113835  3.007195
1212122119  4.041059
1212132325  8.420388
1212168720  9.569608
1212185099  7.320236
1212284393  10.048089
1212334619  6.563762
1212441817  7.738426
1212510553  7.038444
1212510622  5.674600
1212526786  12.634246
1212545187  12.931982
1212556374  9.018809
1212557277  10.837670
1212558015  9.771976
1212601752  6.955091
1212616833  5.650690
1212645746  5.419332
1212709770  4.191971
1212822204  9.385509
1213024589  5.875072
1211155364  6.760096
1211171100  10.031865
1211337470  5.388135
1211685116  9.118269
1212172006  171.180878
1212172089  10.956608
1212504766  0.000000
1212504775  2.365879
1211063622  7.487562
1211079951  8.144526
1211140542  8.558722
1211146185  10.808925
1211307765  4.907836
1211378312  11.852467
1211502027  6.790827
1211527798  12.066537
1211551834  3.248376
1211553118  7.971502
1211645809  7.923844
1211678950  6.805242
1211735195  8.230035
1211747139  4.970475
1211757524  8.114902
1211861208  4.066798
1211984775  8.601714
1212004389  4.907836
1212012378  5.330330
1212028084  8.591988
1212076744  0.000000
1212076748  8.010489
1212128061  15.738311
1212135203  5.802811
1212174205  10.192234
1212229670  14.720093
1212260861  6.500925
1212266760  8.742738
1212269016  5.811108
1212275649  9.673130
1212295429  20.422094
1212361705  6.259991
1212438865  18.937405
1212448968  9.990067
1212466582  6.094187
1212471656  6.863599
1212523739  7.182407
1212547817  17.397985
1212677993  5.077072
1212695915  1.384497
1212760289  10.532419
1212973241  7.985368
1212974843  5.502334
1213019786  4.886335
1213024852  7.971502
1211024825  10.022364
1211205511  6.317122
1211817733  0.838197
1211832176  14.262842
1211986595  7.211928
1212158947  0.000000
1212158948  2.666991
1212159742  7.699692
1212167167  5.846520
1212261299  7.545033
1212375043  3.581784
1212445172  4.000762
1212500819  7.005332
1212504358  5.179878
1212528936  4.714190
1212678224  3.912804
1212792298  10.532711
1212808620  5.821163
1212911983  11.829905
1212912361  6.699597
1212974963  5.913224
1212986358  5.169876
1211090786  6.484544
1211233379  3.656127
1211246620  3.754004
1211309177  9.424495
1211336178  3.810883
1211392478  2.404664
1211506991  10.691051
1211594172  6.143137
1211642061  11.748711
1211648348  11.076025
1211659783  7.585552
1211681729  6.168826
1211688737  7.608933
1211691956  4.579071
1211754177  6.890356
1211813693  0.000000
1211813740  0.000000
1211813742  7.036383
1211818980  6.791866
1211834277  10.571259
1211837763  7.042031
1211847873  14.440337
1211850774  5.480255
1211858556  7.780009
1211859875  7.430022
1211898329  6.725171
1211917332  4.330443
1211926200  5.722499
1211941296  7.882426
1212002741  3.484622
1212039112  4.419560
1212045060  6.972755
1212048641  8.590515
1212093369  2.666991
1212169285  4.749567
1212170933  11.452196
1212372947  6.863599
1212505582  5.449567
1212519461  5.836427
1212617078  31.910885
1212641262  8.286419
1212678658  4.530310
1212777887  5.783275
1212807301  7.686391
1212876023  6.442953
1212889124  5.138966
1211475995  6.612592
1211477509  4.122418
1211482805  16.767643
1211658273  8.450437
1211836138  5.885902
1211942592  16.779814
1212014138  10.126059
1212029256  10.741652
1212039109  11.593948
1212082485  28.282701
1212086010  6.534760
1212118324  9.962781
1212177117  12.964750
1212335451  7.759363
1212422686  4.050095
1212434174  3.007195
1212456329  4.067441
1212562097  9.883366
1212608105  6.807096
1212781241  9.048204
1212801875  12.462771
1212901271  13.387956
1213034896  334.698883
1213044095  7.022472
1213068925  11.239994
1211073800  9.267399
1211094953  6.477956
1211247233  4.566879
1211344484  12.668528
1211386528  10.846736
1211435805  9.650740
1211475322  6.955091
1211494081  7.550517
1211507324  8.742738
1211545626  7.688576
1211604272  5.323076
1211666911  4.913898
1211689369  8.147349
1211738857  6.874589
1211894167  17.176689
1211911099  5.722046
1211922782  11.201925
1211937390  5.627124
1212201421  2.876167
1212252335  17.659163
1212373326  6.752549
1212429459  6.692503
1212540274  8.516438
1212581124  7.293157
1212581244  3.272245
1212581409  0.000000
1212581469  9.003617
1212626042  3.362354
1212646703  8.243467
1212849962  10.832606
1212853538  11.504097
1212856181  6.446018
1212877785  4.907836
1212877921  8.923254
1212976842  42.061359
1212980103  6.446018
1213077901  5.722499
1211227410  18.540052
1211236323  7.624297
1211330695  5.836427
1211410673  8.504118
1211526816  9.341515
1211641940  9.569608
1211696926  5.833323
1211740625  5.829982
1211994033  45.374943
1212028460  7.200233
1212168756  0.000000
1212168807  24.447418
1212221230  7.063831
1212458534  17.046535
1212613932  11.737129
1212642974  13.527161
1212716518  5.504240
1212782393  4.096736
1212784107  17.431091
1212815008  7.224841
1212890758  6.676015
1211500134  5.627124
1211585434  8.701135
1211613514  10.898434
1211675662  6.563762
1211686774  3.929973
1211899768  5.489108
1211906439  12.427114
1211906538  10.026252
1211907477  6.259991
1211935764  4.013131
1212032354  4.315102
1212075337  4.067441
1212205752  11.661282
1212214926  8.870959
1212364163  7.339727
1212373565  7.057032
1212498076  8.392015
1212512547  16.790907
1212545016  4.357972
1212595303  11.829905
1212595700  4.632624
1212686239  3.980266
1212783220  8.915544
1212977675  6.009595
1213027047  4.878989
1213027197  8.719458
1211137440  8.236319
1211159568  5.716395
1211214076  6.984977
1211306832  9.140168
1211413633  4.968872
1211425810  7.023842
1211826381  7.430022
1211904241  10.865471
1211937506  7.338949
1211941039  13.113424
1211947830  6.957339
1211999097  2.619366
1211999938  4.652569
1212031885  2.876167
1212185031  5.276673
1212260813  7.918494
1212376593  9.776783
1212382137  7.923844
1212430938  6.436829
1212436757  4.161749
1212454990  9.999678
1212508357  8.308555
1212509730  8.704379
1212510704  12.726863
1212549027  11.243226
1212623980  4.109857
1212720144  5.955542
1211219126  13.910164
1211226636  3.682280
1211310452  3.110892
1211561609  8.526340
1211574902  5.453151
1211913412  2.699355
1211924203  9.214972
1211992349  5.284702
1211996075  6.196576
1211999719  10.897717
1212004785  14.019346
1212019199  7.287978
1212034958  6.079312
1212051819  13.060489
1212099074  6.471391
1212165673  8.897532
1212179528  6.483339
1212236352  6.068480
1212244729  4.545766
1212401687  9.834349
1212402549  46.451412
1212439594  12.244503
1212517870  8.736339
1212523074  8.058146
1212603700  18.671848
1212655493  0.000000
1212655524  3.210134
1212690384  2.957897
1212695448  2.818444
1212766546  10.237349
1212779575  11.299391
1211144651  14.153635
1211342895  8.427506
1211347151  14.504585
1211349539  2.775873
1211415567  5.390396
1211587930  4.166396
1211588486  3.271891
1211915650  7.042031
1211920071  7.854460
1212115381  6.800452
1212146028  14.643061
1212161159  4.566879
1212169119  12.109005
1212204858  7.098303
1212267824  5.968347
1212280296  3.588918
1212304396  18.832188
1212430769  9.691117
1212526727  10.987984
1212527195  6.939733
1212603672  4.191971
1212626574  9.066631
1212633799  9.245228
1212759299  9.180261
1212785232  12.568692
1212955323  3.694682
1212962497  1.955793
