1211911676  34.194096
1212213216  16.763992
1211606110  12.140700
1211606542  57.542259
1211607135  50.372433
1211726478  4.441082
1212219789  17.284567
1212281937  10.944535
1211263014  18.903654
1211736641  13.635171
1212808883  21.464952
1211575647  8.341050
1212035262  14.826824
1211420228  43.749680
1211502538  10.385489
1212121670  19.015406
1212529727  13.425421
1211412914  6.544893
1212079173  11.526292
1211531478  14.386045
1211878703  13.788078
1212298849  9.706611
1212921942  19.310457
1211578108  0.000000
1211578130  0.000000
1211578134  2.218797
1211578315  43.848263
1211675800  9.724342
1211785368  22.187119
1212213269  8.985447
1211233384  2.627278
1211886820  14.727857
1212151792  14.115532
1212287285  23.153389
1212384330  13.622031
1212450989  12.688879
1213005576  5.915439
1211703547  8.874726
1211908475  11.887327
1212199479  0.367423
1212770903  14.761828
1212111479  18.115217
1211652050  11.718958
1212342334  12.403502
1212983317  93.854713
1211777510  13.883327
1212907851  13.514419
1212972209  11.255543
1211375657  11.143352
1211520491  12.323083
1211597639  7.211576
1211820066  15.574837
1212201004  10.623560
1212541247  14.769319
1212808072  7.414817
1211268933  5.830880
1211766851  9.680905
1211872535  70.555992
1212653319  13.405985
1211299074  17.018969
1211942217  6.576353
1212227202  5.806468
1212482598  2.717873
1212498161  8.803715
1212581155  10.991813
1212832018  15.541554
1212678835  1.370778
1211018795  19.896729
1212906535  7.663505
1211681828  7.175630
1212310546  2.903311
1211443612  2.048121
1211481360  2.919197
1211530940  20.841181
1211918113  16.397470
1211988555  17.397530
1211270285  52.350304
1212917388  58.531311
1211497246  10.616237
1212050443  27.587460
1211032805  11.455554
1212270697  16.660181
1212321746  13.360854
1212589690  7.347559
1211184445  6.487521
1211765119  9.638247
1211887976  13.591256
1212143796  11.573925
1212571031  16.228081
1212581181  12.656415
1212986233  28.404974
1211499106  9.374008
1212189141  5.370041
1212715859  9.817839
1212749597  78.197113
1211575111  44.491199
1211716995  2360.691650
1212368609  16.038694
1211054308  8.326637
1212128717  12.875924
1211780677  3.283745
1212884639  11.920527
1211162075  18.903021
1211272426  11.564547
1211385188  6.895170
1211438271  22.656698
1211958377  6.187220
1211959613  5.322921
1211280734  16.287382
1211429233  30.700975
1212558112  3.362366
1211776084  12.769979
1212130008  20.970959
1212839448  15.891219
1212606253  57.706833
1212988578  28.363321
1211416089  14.397202
1211995237  24.193275
1212221682  0.102103
1212432198  5.901855
1212513162  12.761944
1212570379  34.178650
1212610910  11.329350
1212826983  20.497112
1213035502  12.816371
1211934142  12.971729
1212039162  21.960077
1212381526  64.018661
1212922715  11.564547
1212130108  14.550974
1212458716  72.647202
1212739267  13.986731
1211457792  13.718699
1211207316  20.114063
1211381114  3.280891
1211385502  13.635766
1211386347  41.950596
1211466701  7.719915
1211898890  8.555558
1211984953  0.713023
1212071762  5.747629
1212394272  16.490658
1212416838  14.660308
1212503313  7.190547
1212590071  2.848871
1212676129  15.085547
1213021774  11.399508
1211173091  70.238197
1212098446  11.126374
1212485591  55.263103
1212609375  10.199176
1212750100  9.170550
1212138338  3.451737
1212247391  7.295946
1212556388  6.788208
1212902197  12.300955
1211312403  41.051746
1212133537  20.253891
1212373342  20.132320
1211251271  18.125040
1211905488  13.951220
1212363817  4.693551
1212649556  16.124334
1211032965  22.196764
1211454910  13.759570
1211902317  7.486469
1212982060  14.658041
1212462964  17.776672
1212510724  54.374771
1212725830  10.281011
1212901755  86.972473
1212341502  11.204556
1212400920  12.403502
1211475390  14.724996
1211787998  16.937319
1211845267  1.966612
1211945024  7.803850
1211977106  15.396688
1211494497  32.632053
1211623345  13.111767
1212408655  11.697553
1212512461  2.515530
1212712135  62.528248
1212971846  9.544833
1212987313  21.392010
1213004765  6.436280
1211257256  13.595086
1211322976  5.522595
1211401525  13.735480
1212601095  9.117948
1212611418  10.577285
1212864655  11.105362
1211312588  6.123731
1211516883  6.943223
1211513188  9.453191
1211201540  63.051975
1211361749  2.218797
1211466246  14.454069
1211562743  1.683933
1211642709  10.203431
1211985900  15.288773
1212078377  7.417545
1212247490  7.736824
1212296142  10.631573
1212416650  51.281433
1212504683  6.493964
1212592371  12.893723
1212602860  8.238686
1212680959  13.187925
1212690621  13.389276
1212763784  15.011068
1211076916  9.683971
1211735874  16.251869
1211770744  13.080588
1212159627  15.891965
1212160832  13.447127
1212174371  17.033892
1212066345  17.527193
1211495315  62.332912
1212274460  11.807216
1212421209  7.175630
1212516230  15.540373
1211459109  5.977026
1211891618  12.867355
1211213318  10.605371
1212281142  8.762664
1211314768  17.312349
1211681501  24.348274
1212242060  12.103988
1212862090  14.212327
1211235064  28.123926
1211428896  13.849866
1211750951  10.452361
1212079286  36.400166
1212799743  11.661289
1211429640  10.320020
1213050496  6.656702
1212052945  12.367047
1212147506  33.865913
1212292214  19.107477
1211555172  7.414817
1211819933  16.915739
1212074452  15.085547
1212387198  24.616449
1212508074  15.359830
1212508535  5.187565
1213025056  7.414817
1212005570  86.473793
