1211155467  8.984776
1211430813  6.154193
1211436594  21.764706
1211568554  4.923727
1212122073  9.239121
1212193617  7.953736
1212301061  11.636746
1212554031  2.794827
1212988954  13.142577
1211095408  5.766869
1211099740  6.960943
1211113333  13.643958
1211315394  2.356912
1211347118  3.995866
1211440894  3.626365
1211508689  8.071168
1211534683  14.244050
1211584592  6.257831
1211592436  10.062665
1211598824  11.647150
1211613551  3.864582
1211684742  3.116501
1211749902  5.065493
1211923129  1.424051
1211940452  9.443424
1211963193  7.858270
1212038912  10.562661
1212049590  7.093643
1212073245  3.871224
1212168592  10.512577
1212218681  6.145024
1212225575  10.777110
1212305503  19.934502
1212548126  5.495259
1212564140  8.511893
1212741682  8.687530
1212792021  10.671962
1213034646  7.516287
1211181999  3.396120
1211417149  7.696443
1211417955  7.047706
1211429682  6.141493
1211617896  11.543339
1211621480  9.486088
1211656512  8.332745
1211842232  5.806836
1211942589  5.462366
1212070637  7.652215
1212082704  6.725974
1212985385  4.465788
1212991006  8.758241
1211091290  3.993401
1211173992  7.953736
1211177566  1.933143
1211189139  12.892511
1211189283  8.086299
1211190035  14.888202
1211209190  4.965262
1211311092  3.033182
1211348072  10.012942
1211525595  8.933854
1211532158  23.016802
1211533951  3.753978
1211650909  3.047532
1211682599  7.580905
1211689658  4.040475
1211729126  17.989164
1211762862  3.993401
1211766800  5.352574
1212017097  4.653327
1212079579  2.086475
1212087752  6.698683
1212093964  4.172950
1212158813  7.623391
1212159100  11.793964
1212228695  14.540788
1212278535  5.822870
1212294258  11.350950
1212297011  7.496929
1212378269  9.228810
1212504508  5.309194
1212505930  14.396365
1212506759  7.096224
1212649005  10.671962
1212650411  14.190317
1212651484  3.565926
1212654600  15.658281
1212658610  11.268193
1212659156  8.644097
1212696339  2.497739
1212764631  4.653327
1212814084  8.519238
1212851976  5.048255
1212957708  7.516287
1211073447  1.177419
1211098093  3.988566
1211101484  6.466425
1211144291  6.664732
1211520134  19.450281
1211743331  3.428994
1212000805  4.653327
1212082920  9.984626
1212086019  0.000000
1212086038  3.264720
1212093056  6.984186
1212220641  5.267851
1212265293  4.278644
1212306077  3.995866
1212444575  3.372786
1212474626  8.097614
1212591717  8.172402
1212614425  4.490620
1212672780  13.347163
1212729968  6.226592
1212816164  11.970273
1212817959  11.327332
1212906179  3.820635
1211076532  6.576254
1211446064  8.515208
1211546332  6.123748
1211615419  4.628181
1211619289  5.766869
1211801142  10.513290
1211964109  10.230376
1211994012  9.811457
1212054114  14.058299
1212278753  8.086299
1212413328  13.990194
1212517269  4.157356
1212581131  10.230376
1212810121  7.981553
1212910829  6.985099
1213022975  5.237428
1211089636  21.094692
1211090727  16.011860
1211162896  4.629079
1211314830  3.565926
1211346956  14.513168
1211359177  11.662416
1211616157  7.464276
1212375471  6.815390
1212377610  19.201132
1212381547  4.551706
1212395928  13.272504
1212649556  11.039960
1212913629  33.679649
1211094723  17.756773
1211126828  10.497011
1211318140  3.930360
1211327616  5.512448
1211334302  7.701237
1211357925  4.242499
1211703309  11.164869
1211712438  4.255686
1211872446  10.180015
1211902712  7.354643
1211916543  4.242499
1211918228  6.532725
1211953973  15.551106
1211995550  4.627568
1212002498  10.135082
1212006587  6.686039
1212092036  5.048255
1212097558  11.556586
1212300796  10.230376
1212309430  10.852842
1212396706  8.016106
1212398687  14.613066
1212433288  4.840176
1212442924  8.610503
1212606712  12.741983
1212694674  7.198763
1212767671  5.594723
1212849095  9.052089
1212887451  9.862894
1211090530  16.669502
1211097930  5.943210
1211436158  9.268447
1211478102  7.479298
1211675390  2.221232
1211763879  5.743304
1211920638  12.866143
1211920815  12.635404
1212041317  8.511893
1212270098  13.505230
1212380732  12.555249
1212473656  6.208535
1212734858  6.208535
1212825300  7.825450
1213068144  6.572106
1211033236  10.497011
1211102392  10.688512
1211152630  2.844912
1211223855  4.545535
1211338400  7.173558
1211406967  3.837559
1211526669  3.450896
1211551973  5.019234
1211597158  2.361220
1211679893  9.743216
1211744054  4.473496
1211779712  8.938268
1211788710  6.257831
1211774110  8.030881
1211781828  5.432558
1211846007  6.032810
1212161334  9.984792
1212193156  7.701237
1212245955  5.616125
1212387864  15.939200
1212404705  1.188673
1212474979  3.056508
1212475399  6.015154
1212637446  9.414651
1212902164  3.622329
1212911960  6.470639
1212989415  8.270564
1212998084  4.249786
1211057220  3.428925
1211465194  5.594723
1211971385  22.644209
1212261669  3.031464
1212262388  4.399286
1212616263  9.584665
1211046421  4.338345
1211241596  10.671962
1211249421  8.365136
1211251921  6.247441
1211261006  20.664875
1211265356  10.004964
1211336051  4.242499
1211379657  11.788160
1211381247  3.033454
1211437959  7.724769
1211439439  6.375902
1211535630  10.671962
1211608239  8.086299
1211659535  9.562674
1211668101  11.316035
1211773431  11.642139
1211775932  10.383388
1211778739  2.715421
1211940196  4.073130
1211940774  4.891007
1212001730  8.086299
1212037454  10.497011
1212042143  7.664630
1212308298  10.343721
1212719768  8.204192
1212886070  4.898240
1212916752  8.942719
1212916935  10.497011
1212972269  15.699011
1213023698  9.509237
1213063519  5.079857
1213068499  7.953736
1213075002  4.871124
1213078272  5.432201
1213082178  0.000000
1213082194  9.582778
1211214486  3.066594
1211214900  5.279528
1211345988  10.709899
1211360500  15.394291
1211370575  16.104975
1211434446  7.464276
1211450151  6.537921
1211484549  4.956397
1211527411  1.425350
1211612208  10.199211
1211616157  1.797946
1211762168  4.578812
1211763301  5.502123
1211782017  7.514942
1211964908  7.796541
1212038554  12.555249
1212131195  291.738922
1212134815  9.704671
1212212885  10.327704
1212287424  10.078250
1212312312  7.338923
1212363287  9.154301
1212379629  10.329267
1212381548  7.756916
1212389191  3.837989
1212391392  4.713888
1212402645  16.066814
1212404984  6.462870
1212420773  21.635611
1212473192  3.866967
1212566861  7.235878
1212730378  11.857735
1212738573  8.853424
1212829938  12.308386
1212893756  7.691185
1211076855  9.467989
1211169066  10.327704
1211181337  12.828657
1211193758  6.725974
1211197987  8.097614
1211661797  3.812662
1211775704  6.158427
1211790439  8.804810
1211873084  5.432558
1212037652  4.328708
1212743669  7.641559
1211099563  6.825131
1211439507  4.283391
1211514950  12.732813
1211516153  4.882508
1211520395  9.219438
1211546873  7.383452
1211615783  6.615712
1211696681  3.031464
1211737331  10.961118
1211861759  5.613275
1211888244  12.317250
1211945466  1.684689
1212084972  8.511893
1212215741  12.565166
1212234653  6.937148
1212290318  9.788764
1212305397  8.027208
1212307435  7.354643
1212310996  6.146648
1212472061  8.223354
1212806784  8.821417
1212873530  3.688492
1212902820  11.327002
1212908010  13.420713
1212913790  10.671962
1211632920  7.506509
1211641315  10.869674
1211691032  5.613275
1211707331  6.261795
1211785778  10.729784
1211944498  5.279596
1211960222  12.868988
1212237261  7.922057
1212248731  4.775857
1212296436  15.921412
1212351401  5.004250
1212380419  13.688348
1212381050  5.841095
1212396380  10.852842
1212475098  3.487113
1212476889  5.521254
1212478971  6.763589
1212842262  10.198569
1212850191  4.627568
1212855144  4.551706
1213004353  8.537668
1211441888  6.406018
1211764352  6.880836
1211766192  7.516287
1212298108  8.645389
1212314520  3.291624
1212457486  8.018964
1212469761  6.767482
1212642497  3.580649
1212716731  3.514608
1212729744  4.409796
1212825503  6.360418
1211057439  7.234075
1211102541  7.031564
1211128183  10.897818
1211129692  5.806836
1211134590  8.086299
1211141680  4.172950
1211273821  15.547342
1211731788  48.482975
1211732099  11.058293
1211733558  12.308386
1211762283  3.565926
1211769705  8.086299
1211872345  16.494251
1212004643  8.481696
1212222382  7.706116
1212230974  8.478152
1212314129  5.949944
1212430395  7.349931
1212487682  8.933854
1212912428  3.995866
1211021876  13.620613
1211095931  8.097614
1211171637  3.743382
1211597531  5.319009
1211612029  12.065619
1211616207  3.626365
1211669589  4.371789
1211683956  47.421124
1211684091  3.396120
1211708632  13.822008
1211786602  6.236972
1212185524  7.953736
1212200909  8.676016
1212227627  9.459126
1212305246  9.916723
1212312903  4.242499
1212393920  12.974542
1212395988  6.247441
1212476276  14.478688
1212735155  14.463923
1212737711  5.521254
1212901015  8.889111
1211033139  12.182534
1211052516  1.914150
1211342261  7.175026
1211372965  7.905061
1211398065  3.498974
1211448724  4.172950
1211506811  6.353330
1211700609  12.106609
1211845131  8.086299
1211849995  8.086299
1212052704  22.191868
1212056837  10.688512
1212126005  7.496929
1212134009  10.540725
1212217195  5.821070
1212299077  60.832642
1212398777  5.650648
1212478005  13.296823
1212532366  19.450504
1212545676  9.833914
1212546144  12.573689
1212547224  5.878074
1212715157  4.551706
1212715405  4.133655
1212798229  8.086299
1212913364  7.740091
1212976293  4.621783
1212990541  7.641559
1212999125  11.632590
1212999245  4.242499
1211036690  9.707506
1211191918  7.506509
1211374757  7.990565
1211443188  7.249399
1211484492  7.701237
1211493060  5.969008
1211554828  4.439852
1211566864  5.477280
1211781427  6.466425
1211814804  11.982821
1211950776  5.170364
1211999836  8.633129
1212036988  8.821417
1212126060  11.156997
1212249386  4.503220
1212293804  6.561127
1212398386  16.920187
1212419208  3.535416
1212470819  11.857735
1212472545  4.206880
1212551307  7.017965
1212640630  9.339888
1212716790  13.897235
1212795680  55.409859
1212795751  10.367353
1212813595  3.550301
1212851436  3.507468
1212860612  9.154301
1211133180  2.870975
1211307251  7.021758
1211335060  5.613275
1211422314  8.525313
1211497357  6.014223
1211594812  5.910653
1211603482  4.396753
1211661253  5.737939
1211687492  3.291624
1211697365  0.815431
1211773191  2.199559
1212035710  5.613275
1212133854  10.559377
1212207663  12.607959
1212297007  7.854992
1212385599  15.739040
1212720691  6.648608
1212742629  3.188264
1212801613  3.067555
1211102701  7.825450
1211141268  13.426281
1211425458  9.931785
1211524936  13.675984
1211530104  7.953736
1211600290  6.725974
1211604020  5.708415
1211605814  6.991952
1211705537  10.671962
1211851954  4.331513
1212133329  1.284457
1212296667  10.671962
1212554792  14.552674
1212557557  10.383388
1212637392  9.593012
1212647322  17.034645
1212762478  15.391165
1211020431  6.853635
1211340939  8.086299
1211513147  8.363860
1211610947  7.053747
1211617902  10.688512
1211653147  6.941601
1211674162  4.412296
1211685183  7.516287
1211686974  4.242499
1211761335  17.353802
1211766930  7.825450
1211767779  3.565926
1211771711  19.085733
1211773522  9.900364
1211781110  7.214495
1211787587  6.615712
1211792038  15.107658
1211792911  8.821417
1211793602  14.351783
1211954725  5.746422
1212025227  8.086299
1212033500  9.513292
1212136072  5.521254
1212138327  11.793964
1212202931  11.058293
1212224111  3.927936
1212289715  7.580905
1212336146  10.057569
1212356859  5.181484
1212472507  4.171086
1212563418  12.135688
1212722275  10.062665
1212895713  7.690231
1212936513  7.206400
1211281362  3.033454
1211465957  7.948157
1211823078  25.272781
1211823254  10.671962
1211861908  10.179536
1211973403  8.993049
1212058299  8.376842
1212073154  5.262445
1212489806  5.969008
1212490875  12.054363
1212732014  11.555858
1212741414  7.304087
1211225824  1.914150
1211441024  10.497011
1211560972  0.929249
1211761410  5.432201
1211991928  11.210256
1212175425  8.086299
1212344097  8.365136
1212370900  6.462870
1212373685  6.693687
1212379572  9.142933
1212599121  10.206418
1212785594  4.040475
1211154108  8.086299
1211175514  6.815390
1211265754  6.035958
1211514789  5.497592
1211522606  4.910581
1211615027  18.742323
1211690085  10.949629
1211793561  14.347116
1212122510  10.284204
1212283357  8.240870
1212458958  2.196509
1212540594  12.806354
1212613705  5.613275
1212613886  4.653327
1212644045  2.685492
1212699889  12.925101
1212700138  2.955117
1212701841  6.302432
1212731621  7.999140
1212810349  11.283638
1212811653  7.765355
1212909093  4.410708
1212987138  1.709805
1212988653  112.856506
1211032016  18.263865
1211036221  8.984776
1211105756  6.466425
1211265776  8.086299
1211339467  10.941932
1211443786  8.086299
1211605563  8.717360
1211619499  8.984776
1211665960  13.270541
1211853853  10.671962
1212112489  4.040475
1212222580  3.753978
1212271758  3.815910
1212312979  7.846037
1212537728  21.116385
1212643955  10.448915
1212674694  16.483000
1212288945  16.850466
1212646940  10.671962
1212816255  3.841041
1212909488  4.882032
1212985249  8.771475
1213000084  9.628716
1213002390  3.805587
1211307853  11.982821
1211408323  4.807796
1211434270  3.993401
1211486651  7.464276
1211623608  7.902223
1211624963  10.318091
1211626047  6.931113
1211667245  3.081988
1211679461  8.963174
1211769075  7.594205
1211786006  12.138923
1211890299  5.800604
1212161609  4.218938
1212171374  13.270554
1212236606  7.855339
1212236963  7.354643
1212413850  10.373044
1212474016  1.750440
1212562618  2.735930
1213071684  13.437699
1213072143  3.636428
1213084391  4.985708
1211083431  11.232347
1211083553  7.354643
1211096912  7.017975
1211263002  4.940390
1211268803  3.507468
1211314859  4.920846
1211346148  5.630409
1211355331  13.052714
1211357550  4.242499
1211380151  6.964396
1211380381  10.322934
1211525128  7.549016
1211850340  7.464276
1211871235  11.751288
1211954892  3.753978
1211956268  7.647312
1211960052  14.114440
1212005965  3.993401
1212037443  7.953736
1212045255  4.120435
1212047303  3.565926
1212047603  8.086299
1212048854  7.354643
1212050277  0.588525
1212311162  8.469347
1212311897  12.308386
1212388159  6.247441
1212445446  6.583810
1212468439  7.423791
1212478628  8.502390
1212484042  14.741304
1212484148  13.171123
1212522058  4.551706
1212554142  13.171123
1212566565  14.643325
1212568597  6.145024
1212631956  3.578388
1212650638  8.328332
1212652059  12.135688
1212655358  11.793964
1212655478  12.317891
1212656106  10.439561
1212764903  5.345976
1212765314  3.856817
1212817576  10.671962
1212985638  10.688512
1211038537  18.781256
1211096024  3.013458
1211118556  11.039960
1211165245  33.568325
1211181318  8.621140
1211285209  12.828657
1211306281  4.233554
1211435818  8.777584
1211436125  4.242499
1211512881  6.566474
1211545529  10.831935
1211553607  5.645330
1211554537  3.440768
1211600500  8.086299
1211632282  7.383452
1211633330  7.234075
1211727371  7.537944
1211728438  3.176665
1211732638  10.256061
1211795102  9.497934
1211795983  10.671962
1211844710  8.515208
1211878386  13.688348
1211878652  6.115407
1211881799  5.502749
1211882737  5.521254
1211884307  13.154110
1212022179  9.902494
1212032322  10.603991
1212151455  3.805587
1212152125  12.962188
1212197732  6.742546
1212225227  13.994899
1212293629  11.035095
1212296472  4.756596
1212302800  8.872609
1212327396  14.078704
1212331604  8.537668
1212333200  10.370626
1212341042  7.953736
1212359576  7.953736
1212409288  4.172950
1212417718  3.029016
1212430091  5.495481
1212483947  10.671962
1212637324  8.955118
1212734256  9.267692
1212737836  10.852842
1212805799  10.412402
1212913943  4.896492
1212919971  11.058293
1212969082  4.407207
1213018509  5.908710
1211096447  12.308386
1211338592  3.977343
1211340684  10.559377
1211518280  4.627568
1211696865  3.565926
1211751292  6.422152
1211776824  5.499503
1211782163  10.412402
1211791170  5.220707
1211945663  4.787139
1211996700  4.157356
1212131999  3.626365
1212166022  6.462618
1212210349  10.766120
1212215568  10.852842
1212372191  4.870540
1212477068  4.388792
1211418414  6.659534
1211594748  7.165883
1212302156  9.725252
1212492538  13.990194
1212548422  11.434244
1212618586  10.522855
1212637286  5.173638
1212723593  7.870358
1211035525  12.447870
1211055268  3.425028
1211153461  10.842740
1211162975  5.853040
1211166935  8.596469
1211174167  11.792838
1211245753  20.824804
1211263550  10.671962
1211602351  3.870080
1212261260  3.820635
1212338976  8.984776
1212389364  14.364437
1212820022  4.206880
1211059715  9.302415
1211080475  8.086299
1211181347  11.300862
1211248606  8.086299
1211251837  1.946052
1211334305  10.062665
1211421548  3.565926
1211469472  2.158682
1211516715  3.565926
1211546206  5.949944
1211592812  3.507468
1211615423  3.519354
1211615963  6.363246
1211709683  8.086299
1211724630  11.434244
1211791772  7.765355
1211817482  6.938883
1211826333  11.443458
1211844682  7.163961
1211890787  12.732535
1211939861  6.537921
1211952593  6.526922
1211954315  13.107090
1211954480  7.825450
1212026100  5.262445
1212070109  9.487674
1212110333  3.692437
1212216392  9.900364
1212267283  12.764635
1212293935  4.242499
1212302264  8.515208
1212339375  9.697289
1212390595  8.086299
1212456584  6.462870
1212634680  7.134969
1212900777  10.401394
1212910069  5.512448
1212913516  10.497011
1212960760  4.985708
1211020547  20.639263
1211023702  4.627568
1211047104  4.627568
1211108686  16.990271
1211245869  3.507468
1211342919  7.878040
1211413810  3.632882
1211425956  13.209037
1211426085  10.671962
1211438420  6.791980
1211699370  4.627568
1211773801  8.660468
1211783758  15.890262
1211793024  26.605007
1211793150  13.051513
1211863102  6.353330
1212119767  4.732197
1212147858  8.543225
1212325099  10.671962
1212721388  8.801633
1212724439  5.314336
1212735320  12.555249
1212816649  3.224801
1212821173  5.766869
1212910495  3.565926
1212965961  4.242499
1212972274  12.898925
1212981265  5.408759
1213011549  12.550883
1211255653  1.946052
1211264694  5.583993
1211277627  14.836882
1211319589  11.835809
1211504301  3.250129
1211808994  8.749226
1211809354  5.856976
1211813496  8.957380
1211813975  4.768675
1211819021  11.058293
1211819981  6.247441
1211820503  11.793964
1211827271  3.626365
1211827988  5.164522
1211830759  7.506509
1211984338  4.198768
1212028386  6.665927
1212154532  12.091822
1212559439  7.208586
1213023132  8.086299
1213078474  8.902270
1213082589  4.036897
1211117823  8.042306
1211118148  14.201984
1211266798  5.495814
1211274319  6.405123
1211290037  9.198504
1211346160  5.613275
1211346412  7.953736
1211526582  6.247441
1211547491  16.354244
1211622043  11.970273
1211677633  8.834075
1211678546  6.833492
1211981965  3.565926
1212038673  3.565926
1212041054  10.671962
1212205625  6.941351
1212224069  4.617616
1212268560  1.220616
1212280981  5.440620
1212281814  9.599483
1212305893  20.667048
1212308585  5.359894
1212381251  16.081423
1212382180  5.905015
1212451824  7.464276
1212456679  9.302415
1212467362  15.168082
1212552123  6.430743
1212570948  6.353330
1212575289  8.223354
1212646592  8.117972
1212650713  8.006403
1212652852  4.281285
1212826840  7.953736
1212828413  5.121443
1212889912  6.154193
1213018023  3.565926
1211257149  3.993401
1211257661  21.272976
1211784991  5.006653
1211800757  2.713061
1211952483  4.295379
1212033235  10.662641
1212219530  11.395477
1212226248  8.216176
1212301247  9.520966
1212441350  6.460742
1212460100  6.418494
1212530711  6.145024
1212629230  5.766145
1212750930  8.097614
1211093139  5.838156
1211244133  4.627568
1211350239  9.725487
1211794834  6.928313
1211974986  3.547235
1212012537  4.627568
1212356063  4.893643
1212460707  1.946052
1212733328  8.086299
1211094702  1.640797
1211097533  8.804810
1211178923  10.853615
1211572618  10.497011
1211674245  4.300713
1211813363  14.067931
1211875828  2.622626
1211879416  10.671962
1211892190  10.497011
1211942248  8.663892
1212198742  6.385622
1212215815  9.068299
1212219706  9.330344
1212223446  6.208591
1212505212  4.342525
1212583471  8.086299
1212595469  9.053709
1212675624  6.302764
1212758103  14.190317
1212825568  8.288970
1212830956  5.416152
1212980727  6.783893
1212991979  6.788901
1212995678  4.019985
1213000712  9.099050
1213018857  17.882929
1213030276  3.995866
1211071010  3.565926
1211096981  10.670259
1211103354  6.419144
1211158613  10.362330
1211336196  65.604538
1211336929  6.432519
1211436193  9.293370
1211514481  6.360418
1211593375  3.977343
1211624426  7.434517
1211682871  8.511893
1211777732  9.701783
1211786834  9.383137
1211788343  5.444197
1212031389  4.083148
1212037643  11.314835
1212053919  7.724769
1212099576  3.743814
1212121527  10.383388
1212135374  9.497934
1212368063  10.550045
1212757107  10.870770
1212910317  14.833410
1213004139  10.671962
1211032016  18.263865
1211036221  8.984776
1211148715  5.861136
1211403665  2.842197
1211538049  14.449095
1211618489  4.359127
1211679325  4.651207
1211759382  11.952888
1211812796  6.901792
1211850084  7.953736
1211893836  11.463710
1212247111  3.995866
1212488968  9.147395
1212689438  4.551706
1212804575  12.828657
1212831669  4.242499
1212931855  8.815604
1213008151  4.242499
1211434516  4.242499
1211911643  9.701783
1212372896  2.412454
1211095278  11.844559
1211178367  3.626365
1211259314  7.953736
1211379487  8.927099
1211430187  2.842197
1211710652  9.169870
1211945740  7.751190
1212054360  9.300342
1212168904  12.028035
1212210807  8.663892
1212295876  11.189442
1212810490  5.553081
1211020073  7.234075
1211165790  8.780416
1211188935  13.994899
1211276871  13.075843
1211605558  6.462870
1211620007  1.220616
1211685299  7.234075
1211694083  3.865945
1211709330  37.809406
1211764501  15.392886
1211880823  6.430743
1212049869  15.530551
1212114501  5.502423
1212187445  6.653182
1212290363  9.513292
1212313663  7.516287
1212630405  8.051308
1212738115  7.506509
1212748624  11.058293
1212900606  8.676016
1212916470  11.254358
1212922935  3.081988
1212981918  6.749547
1212994399  7.846037
1212999353  6.698683
1213000624  8.365136
1213003774  12.317250
1213004398  1.834880
1211019112  8.086299
1211205350  7.268056
1211205834  5.766869
1211210596  7.792187
1211256679  6.014223
1211257035  4.242499
1211259651  4.242499
1211270715  5.613275
1211272101  10.671962
1211306959  8.660468
1211359648  8.086299
1211432563  8.086299
1211444337  8.511893
1211446341  12.169791
1211450897  7.641559
1211579056  6.002646
1211699320  5.435103
1211952324  9.147395
1211957462  5.845367
1211959588  6.247441
1212011085  7.277675
1212041872  8.663026
1212042485  3.927936
1212049706  11.164869
1212113236  7.464276
1212126747  8.896781
1212134576  9.497934
1212137656  4.300449
1212310919  3.507468
1212432178  4.653327
1212446066  0.729820
1212676407  7.902223
1212730283  8.776449
1212781112  6.727448
1212845762  16.949003
1212856718  8.086299
1212914048  7.953736
1212916783  11.437203
1212974818  8.652822
1213021244  11.987599
1213021832  6.145024
1211125322  29.968998
1211158304  3.753606
1211256167  9.439443
1211261278  7.641559
1211265044  17.101267
1211432832  5.759776
1211666581  3.394275
1211683046  3.966486
1211775017  2.713061
1211783120  2.134104
1211786848  2.013238
1211787134  3.031464
1211813335  6.145024
1211821392  7.241671
1211900745  5.679492
1212116853  7.506509
1212135526  5.847610
1212138243  7.641559
1212236501  12.190752
1212240923  6.425632
1212295515  11.260818
1212397222  7.050253
1212497350  8.115419
1212517065  7.505740
1212534274  8.086299
1212646836  8.160412
1212671972  5.252056
1212678804  5.875148
1212762811  5.613275
1212773949  4.222643
1212932313  10.383388
1212933211  8.893301
1212933482  8.799052
1212938632  9.851042
1212939084  11.642139
1212943985  3.225051
1212945068  9.641297
1212948704  8.500675
1212998283  10.327704
1213022937  33.594250
1213024273  11.329978
1211055469  10.135082
1211099030  9.026802
1211102154  4.230298
1211443607  4.172950
1211511427  6.092672
1211608122  7.206953
1211620559  10.877010
1211781440  10.869674
1211879033  8.086299
1211951851  6.775259
1211962312  7.853515
1211967042  12.317891
1211968281  10.167791
1212047105  11.647150
1212047448  11.233644
1212128693  4.114530
1212199661  3.116501
1212201398  3.576180
1212219832  2.009059
1212637817  6.308075
1212655842  11.640309
1212728901  0.368779
1212731676  5.777229
1212826901  5.279528
1212914806  8.804810
1211099396  4.063593
1211182885  5.502123
1211237118  7.683291
1211576220  5.444197
1211613241  5.450589
1211704079  9.210290
1211707874  10.671962
1211790987  12.718359
1211849242  6.615712
1211964023  10.497011
1212022231  5.897280
1212128845  13.203326
1212204439  16.547636
1212216393  8.179990
1212461005  13.067708
1212565746  13.390641
1212610411  4.627568
1212643593  9.264581
1212665628  14.878490
1212965648  8.365136
1212996951  6.295115
1213001047  5.164522
1213077739  3.070741
1211080069  3.169285
1211082221  5.949944
1211095863  6.742552
1211102518  6.938883
1211319497  5.806836
1211356060  8.232473
1211403774  5.576615
1212082360  7.134969
1212136005  8.984776
1212194934  5.613275
1212222844  6.258502
1212450620  5.352574
1212810380  14.333668
1212814961  1.895226
1212816911  5.613275
1212910211  6.132335
1212912524  9.513292
1211252465  5.354949
1211254087  4.862626
1211328452  7.506509
1211701561  4.040475
1211944036  10.403772
1212122936  5.766869
1212215763  4.242499
1212815704  5.267851
1211101431  3.286343
1211120329  5.682521
1211523830  5.486040
1211946297  10.062665
1212060023  4.348008
1212110452  4.814171
1212208739  4.619285
1212381919  16.007942
1212875413  5.090999
1212942855  7.641559
1211300273  4.627568
1211603115  4.627568
1211622609  7.687266
1211738562  2.579632
1211842761  3.396120
1211941070  4.551706
1212174125  3.244198
1212268524  25.275269
1212268646  7.460633
1212513373  9.102608
1212731254  5.613275
1212801817  2.538025
1211103759  3.689130
1211143465  7.919968
1211163381  10.230376
1211260318  10.383388
1211275873  9.147395
1211355616  10.671962
1211453093  8.763515
1211519034  6.825414
1211521471  5.065493
1211523473  4.682875
1211524464  7.679440
1211530666  10.018723
1211535860  7.516287
1211613294  10.671962
1211614453  10.671962
1211634668  3.930360
1211634789  14.273228
1211638748  6.608140
1211655297  3.325583
1211692943  8.105322
1211742807  12.591211
1211767249  5.533416
1211773373  4.172950
1211804020  10.513290
1211868712  7.858270
1212125837  6.611558
1212133545  5.856976
1212200279  8.984776
1212207101  8.086299
1212225462  4.154644
1212225907  5.768628
1212268948  7.064924
1212312081  6.135279
1212466959  4.642558
1212470247  1.946052
1212482939  5.211643
1212484715  6.794897
1212566900  3.817605
1212568183  10.671962
1212647745  9.851042
1212653425  12.741983
1212862401  6.815390
1211078752  6.247441
1211173625  10.653294
1212224586  6.760158
1212777837  6.416086
1211268382  15.063525
1211098680  9.342230
1211104151  7.633739
1211137460  2.501045
1211149464  10.513290
1211155714  8.167353
1211185203  12.618351
1211548103  7.242496
1211660685  4.653327
1211690623  8.981581
1211704116  5.459066
1211706989  9.571986
1211859351  18.483837
1212075282  8.328796
1212080468  10.221930
1212202764  6.081294
1212317481  14.720967
1212376390  10.383388
1212478342  9.878308
1212605388  9.123438
1212865236  5.208785
1212883220  11.210256
1212936692  5.795099
1212959665  6.308109
1213004286  8.933854
1211267686  7.149056
1211623674  11.333310
1211685271  5.984277
1212114123  8.086299
1212139911  3.565926
1212230629  13.675984
1212465666  4.738783
1212483928  7.953736
1212561760  6.247441
1212574227  8.984776
1211046561  7.701237
1211154091  5.767034
1211221891  4.567209
1211324667  10.163773
1211345757  13.174680
1211545973  7.600176
1211590709  6.833492
1211708384  4.281285
1211729539  6.693687
1211741480  4.627568
1211860961  3.396120
1212031747  3.109901
1212107541  4.754568
1212177282  6.615712
1212188388  6.247441
1212281831  7.306685
1212363414  4.172950
1212373063  7.953736
1212381252  9.497934
1212770070  9.773579
1212816998  6.045911
1212907324  5.361537
1212917413  10.919203
1211172887  6.145024
1211254124  9.317719
1211265767  5.613275
1211375480  6.489939
1211514358  6.145024
1211519397  7.214495
1211534868  3.856817
1211572610  14.741304
1211651096  7.641559
1211685866  11.660195
1211774350  3.241751
1212228923  3.565926
1212229593  7.214495
1212291175  10.213168
1212306087  5.897280
1212383036  8.197485
1212395727  3.396120
1212459545  5.357136
1212568547  10.671962
1212626911  11.660195
1212637151  8.828702
1212651343  8.086299
1212654558  6.825131
1212691394  2.384205
1212714078  6.247441
1212724089  7.847373
1212732548  9.443424
1212751635  12.106609
1212982987  7.375825
1212983352  14.784353
1213035416  9.716829
1211030254  10.446354
1211081755  2.036565
1211372854  8.097614
1211488093  9.741079
1211608224  6.686039
1211639742  9.808144
1211771858  5.211999
1211814495  6.145024
1211975747  10.688512
1211995402  3.081988
1212292488  14.270550
1212361027  4.613293
1212425352  10.383388
1212459275  6.169778
1212480353  7.953736
1212587049  16.666517
1212692348  3.954987
1212827393  4.551706
1212902100  7.064924
1212978264  5.973148
1213023147  7.002791
1211071198  6.659534
1211184058  5.262445
1211249839  6.033811
1211263216  8.796922
1211264799  2.924271
1211265519  3.930360
1211266508  15.804749
1211310010  6.914962
1211403571  5.521254
1211482681  5.094180
1211499229  7.337426
1211510410  7.351181
1211615205  20.973574
1211691689  6.360103
1211770015  7.050253
1211783541  5.558014
1212024635  3.585211
1212149380  5.990713
1212164142  7.496929
1212393763  10.671962
1212526253  5.362078
1212532023  25.696524
1212532143  9.949704
1212669909  10.688512
1212727117  12.901051
1212757392  3.844283
1212798336  2.877566
1211059715  9.302415
1211183790  3.507468
1211184502  6.145024
1212815951  10.230376
1212893501  7.146179
1212980104  10.212134
1212992246  5.919766
1211145092  4.560732
1211299102  11.030437
1211300695  6.593119
1211309880  5.521254
1211462786  5.679492
1211492606  8.486126
1211616342  4.716182
1211664590  6.693687
1211665912  5.220707
1211668761  6.378790
1211682585  2.382921
1212269280  2.622583
1212270828  5.300089
1212334150  17.973454
1212635941  10.213168
1212644593  11.439614
1212654450  4.172950
1212739744  3.995866
1212740054  11.793964
1212740330  8.164438
1212745534  3.291624
1212823138  105.581924
1212908144  11.106162
1213005967  17.038475
1211111451  8.682321
1211155538  19.373173
1211155747  7.853515
1211160969  9.968933
1211161211  5.613275
1211267941  6.247441
1211416535  7.741729
1211696521  3.343055
1211835809  10.688512
1211853571  6.247441
1212047083  7.853515
1212454618  4.434893
1212817644  3.565926
1212916106  7.432011
1212964784  18.807114
1211094601  5.972897
1211163282  8.086299
1211179439  10.513290
1211267420  11.466792
1211271385  13.040833
1211374670  7.516287
1211460868  6.967862
1211539108  3.753978
1211564968  14.831827
1211640798  7.463271
1211679961  4.242499
1211700060  4.454310
1211721019  6.466425
1211723073  9.888940
1211726410  9.584665
1211726646  11.793964
1211727249  12.979234
1211734390  4.242499
1211739100  7.641559
1211739821  2.497739
1211744687  7.354643
1211751487  10.875281
1211777974  8.365136
1212059020  8.376842
1212141565  8.784206
1212190819  3.837481
1212205573  6.036599
1212212583  2.622626
1212225134  14.598613
1212274363  8.086299
1212306604  10.430650
1212584713  6.247441
1212757954  9.861650
1212902868  10.225188
1212923433  8.993049
1212936565  11.039960
1211090845  6.116503
1211099012  7.211870
1211183534  2.162280
1211334309  9.330344
1211348639  4.665172
1211519769  10.141474
1211527058  15.128141
1211528872  5.215983
1211611570  9.904247
1211620472  3.817605
1211697742  6.535910
1211724387  14.072286
1211730189  11.371665
1211747586  10.943689
1211764775  10.230376
1211766830  8.086299
1211810954  13.166593
1211873355  6.247441
1211920650  5.489525
1211958522  7.953736
1212089936  4.438872
1212210736  1.765154
1212219181  9.983272
1212344191  9.792985
1212377678  3.966486
1212387584  12.941278
1212477556  10.671962
1212656660  11.589684
1212656900  14.343445
1212656960  11.554754
1212720902  6.226592
1212828750  12.996188
1212888513  10.403772
1212902619  5.231812
1212998109  17.486746
1211166687  3.483166
1212072393  5.759776
1211086965  337.549957
1211087421  8.223354
1211302086  3.507468
1211436429  10.671962
1211479921  4.551706
1211511045  4.310201
1211626528  7.465393
1211654342  5.081504
1211658998  8.086299
1211724219  5.800604
1211788823  6.462870
1211808844  4.823111
1212214882  9.866319
1212224662  5.464584
1212369190  7.825450
1212504612  11.317137
1212620900  4.802829
1212963195  7.825450
1213028171  5.969008
1211268382  15.063525
1211345893  12.668853
1211357164  8.208094
1211591284  3.565926
1211592115  5.777229
1211624766  9.876081
1211810343  6.941601
1212010737  6.394437
1212140436  10.188746
1212146798  9.453022
1212419122  2.620151
1212458216  6.527400
1212553047  4.503220
1212665449  5.594723
1212733074  9.395967
1212983685  4.653327
1213082154  10.157349
1211083646  5.782582
1211097418  7.506509
1211111987  10.702340
1211118560  6.360418
1211121556  10.513290
1211153011  37.840847
1211177011  12.618351
1211179182  7.964867
1211249297  24.635782
1211249883  12.257738
1211436066  5.777229
1211505106  10.671962
1211601384  5.977767
1211787024  10.688512
1212212844  4.281285
1212303319  6.646412
1212564963  8.933854
1212629878  3.930360
1212648730  10.230376
1212692296  5.945125
1212725921  5.521254
1212845776  10.688512
1212975352  10.163773
1211440516  5.561361
1211866979  16.157364
1211312242  10.383388
1211346769  6.276626
1211652085  8.990069
1211706871  7.953736
1211742498  5.613275
1211956903  8.784206
1212207581  10.066630
1212308371  10.423999
1212314448  4.805658
1212440802  3.689130
1212451520  5.613275
1212563700  8.342652
1212565762  11.642139
1212603906  4.662178
1212729302  13.817269
1212742910  23.394215
1212796284  4.627568
1212964189  4.920846
1211580992  5.086387
1211594460  5.525837
1211607696  1.668045
1211635625  11.647150
1211653974  9.513292
1211705380  8.481696
1211746057  6.931113
1211939932  5.494688
1211989866  4.840176
1211990748  6.903696
1212028643  6.662710
1212039207  15.344742
1212116393  11.434244
1212302824  17.993654
1212443500  5.695317
1212630191  5.583993
1212719731  2.103719
1212736827  9.610428
1212918648  10.768817
1212934334  10.513290
1212985607  9.302415
1211181104  8.086299
1211187702  7.999220
1211263438  4.628181
1211272087  7.580905
1211449749  2.713061
1211592244  11.551855
1211610409  7.953736
1211768861  2.568960
1211820988  5.949944
1211853511  7.031564
1212027217  4.271601
1212044073  6.680636
1212047545  10.852842
1212050810  13.514774
1212053013  7.354643
1212053788  7.214495
1212059656  6.247441
1212114026  80.862984
1212209459  9.231290
1212279266  13.752572
1212296360  4.242499
1212557301  11.456213
1212568065  3.636428
1212644897  10.447855
1212655451  4.040475
1212661397  7.211870
1212830550  6.572106
1212886701  8.895979
1211033849  12.082135
1211062215  5.521254
1211440295  13.413686
1211525609  4.281285
1211549527  5.279528
1211552017  4.434533
1211571925  7.472697
1211707079  6.257831
1211715808  11.164869
1211848899  4.474892
1211996450  8.011587
1212072722  14.607972
1212093356  18.881069
1212093477  15.657804
1212202972  2.085056
1212328945  8.466667
1212373663  13.057304
1212645930  8.086299
1212671537  5.135122
1212728942  1.853383
1212733094  10.401453
1212769089  11.391066
1212772945  4.627568
1212778601  8.086299
1212792924  3.735955
1212868636  26.411276
1212908866  8.933091
1211077064  6.469039
1211099132  10.852842
1211129023  5.734769
1211268312  4.439852
1211432571  11.642139
1211597740  7.827730
1211808470  12.522196
1211863552  5.067227
1212186835  6.537921
1212377400  7.836401
1212381140  6.247441
1212387914  11.642139
1212390647  12.110340
1212393031  8.086299
1212622377  7.506509
1212654225  6.123572
1212725254  7.320481
1212731350  4.206880
1212972711  4.478291
1213039075  9.675058
1213072892  6.788901
1211086956  7.920132
1211095159  9.590978
1211232375  8.444529
1211335181  7.351181
1211418097  12.607959
1211514206  8.192513
1211610363  9.330344
1211621317  4.507686
1211776349  21.985878
1211777110  6.610657
1211790600  9.863103
1211794891  7.031564
1211954301  10.306863
1211962791  13.584642
1212027343  4.490889
1212033066  11.857735
1212037691  4.279111
1212119411  34.611290
1212138964  7.053747
1212139159  0.000000
1212139210  14.587379
1212139325  7.099512
1212140384  5.766869
1212204184  9.274748
1212327858  13.607358
1212328678  44.451878
1212329502  8.420168
1212368098  5.613275
1212461241  5.766869
1212640917  7.570404
1212644611  13.115452
1212649554  442.549500
1212657085  8.365136
1212915064  9.461343
1212980433  7.415254
1211292285  1.204538
1211424179  5.777229
1211497810  6.247441
1211522664  107.206253
1211599319  7.953736
1211611995  6.545347
1211693566  16.750977
1211783233  4.551706
1211853877  6.934675
1211894896  10.230376
1212326445  7.775656
1212326982  2.622626
1212340868  7.998449
1212394099  7.084729
1212394717  11.793964
1212395028  10.163773
1212461094  3.211378
1212635010  4.242499
1212755228  9.731076
1212802681  10.389503
1212824874  16.868618
1212864914  6.462870
1212950382  2.857495
1211437317  6.788901
1211532197  7.884951
1211872824  4.242499
1211879929  17.264889
1212285948  6.462870
1212300824  8.469347
1212501491  11.893054
1212833607  8.018174
1212852193  3.753978
1212905780  15.282341
1212979443  3.507468
1211102690  1.042302
1211177229  7.953736
1211179453  6.247441
1211352070  5.777229
1211514120  3.081988
1211648022  11.058293
1211662454  7.839271
1211701829  14.142199
1211701953  6.934675
1211736088  11.104873
1211859104  3.372781
1212021864  6.353330
1212049504  2.738620
1212109982  6.247441
1212117566  7.110418
1212134343  3.995866
1212136449  7.506509
1212171076  2.713061
1212198968  3.977343
1212253385  9.463061
1212305670  0.000000
1212305685  1.992992
1212316247  5.897280
1212318486  3.916153
1212330508  7.524678
1212339326  12.129448
1212342956  4.551706
1212400963  10.671962
1212642936  3.081988
1212683905  7.773935
1211125774  6.760158
1211127833  4.131105
1211231466  34.655567
1211231800  30.000532
1211231921  15.195157
1211355702  7.953736
1211441727  7.953736
1211443979  10.004964
1211960856  10.230376
1212211924  7.153190
1212226575  14.886539
1212300988  8.365136
1212375969  4.627568
1212517342  13.963538
1212522377  9.300342
1212561427  8.223354
1212589396  6.247441
1212757843  6.433397
