1211430544  9.759658
1212726440  5.743962
1211101322  7.236986
1211131905  3.439823
1211439965  8.453081
1211606585  5.901290
1211989367  4.740326
1212654234  10.331462
1212655498  9.365519
1212719359  4.921160
1211914006  9.252055
1212305751  8.809660
1211275849  7.360398
1211091548  6.837584
1211615038  1.797850
1211657361  12.735534
1211690237  12.678386
1212175677  11.048917
1212219843  10.147438
1212375281  7.676414
1211211193  10.342206
1211327554  9.998189
1211491010  3.330561
1211570176  10.435082
1211834840  13.198231
1211953852  5.709621
1212778587  9.253957
1212473533  9.472219
1211784758  1.900659
1212438644  6.366993
1212642734  5.150787
1211625111  9.490434
1211205607  12.245274
1211436738  7.207996
1211685508  5.247276
1211927873  5.746458
1212207148  6.083130
1212267181  5.567966
1212722521  9.880854
1212828092  16.910305
1212906716  5.139661
1211484366  17.829878
1212215644  6.830078
1211810156  10.037494
1211888304  16.885061
1212301970  8.494802
1212395764  10.162093
1212479092  10.212235
1212314067  10.322561
1211616084  9.998189
1211713255  11.366786
1211786476  9.252055
1211957734  9.421556
1212001042  8.676680
1212037459  18.842783
1212305049  8.539791
1212315818  14.662482
1211397892  15.474446
1211416072  5.237953
1211448604  13.265714
1211688272  20.403639
1212133980  72.028969
1212990904  8.665239
1211189504  2.703465
1211946496  8.154147
1211965620  12.368707
1211334944  6.714535
1211697016  5.793343
1212207421  8.855538
1212559854  7.185092
1211091804  2.920966
1212549296  2.074342
1212973582  9.126687
1211837615  9.267105
1212033259  15.755251
1212042887  4.642566
1212220523  3.766547
1212955051  5.383461
1212490366  10.322494
1211582887  6.449757
1211748278  7.371130
1211761187  1.537745
1211767334  1.754454
1211779717  1.307511
1211998163  4.506842
1212174751  4.511063
1212214921  4.062922
1212372295  12.783520
1212909710  8.048379
1211300214  7.195058
1211522249  3.419537
1211614703  7.839690
1212988371  6.498138
1211355566  7.042465
1212480187  10.331462
1211335779  5.924943
1211682078  8.173388
1212134878  6.412811
1212386709  11.342917
1211271756  10.714477
1211871010  10.159346
1211871296  16.970890
1212480815  13.048243
1212987014  14.408817
1211554357  10.162093
1211633209  9.339460
1211726345  13.308548
1211726708  13.767464
1211783253  4.511063
1211881997  10.266775
1212151397  10.687719
1212210900  6.699162
1212642339  7.888402
1212909781  8.119123
1212967356  1.963249
1213018389  13.308548
1211790937  13.256982
1211793545  9.442559
1211418289  6.657666
1212618313  5.936119
1212625865  6.110412
1212637145  8.730813
1212819563  3.261473
1211098555  3.114015
1211104095  7.810098
1212829516  9.793820
1211794091  10.318936
1212293601  14.968899
1212788286  5.514203
1212913276  5.759964
1212960507  1.290018
1211018536  2.190724
1211259524  13.090375
1211260655  14.422114
1212814654  5.877651
1212814990  47.684387
1211263659  11.133936
1211267210  2.682520
1213022635  9.535619
1213082281  12.098680
1212086873  7.781085
1212360481  17.594978
1212646344  10.687719
1212652731  9.645672
1212032690  13.265714
1212441230  16.242800
1211974925  13.603354
1212536567  11.880369
1211950651  5.962277
1212675901  5.910070
1211158668  16.694384
1211812887  17.596457
1211834442  13.090375
1212240775  2.305348
1212329707  12.098680
1212831549  10.346988
1211677143  10.590840
1211094843  4.162950
1211629157  12.837788
1211319374  10.519438
1211525292  7.947278
1212429834  5.441867
1213000774  8.722884
1211592637  9.714557
1211690802  5.893941
1212978818  5.107582
1211394530  1.134841
1211813214  9.392238
1212335161  12.730801
1212397069  10.148900
1212405171  13.664461
1212984227  4.511063
1211321350  10.787338
1211962155  13.711499
1212220198  13.462922
1212230228  8.809660
1212299534  10.447964
1211164551  5.610219
1211849120  15.976523
1212389214  3.602360
1211592308  5.701977
1211954156  8.618844
1212810444  14.292044
1212814778  9.467510
1211254763  2.073446
1211678769  0.950873
1211947045  8.119523
1212215531  7.595652
1211706152  10.699222
1211634547  10.162093
1212228093  11.609053
1212274339  6.008571
1211353925  9.256902
1212218765  8.858961
1212220503  9.091413
1212603692  6.008571
1211136387  13.245886
1212561639  10.346988
1211400206  1.810151
1212607100  6.399727
1211362026  9.256902
1211610890  5.348245
1212649165  2.188930
1212654405  15.407719
1212914551  4.776388
1212388929  7.684643
1211237215  8.409589
1211314476  3.181806
1211564670  10.506024
1211786902  14.422114
1212526106  4.198393
1212607600  14.662482
1212914577  7.668766
1212298952  10.331462
1212822684  6.450999
1211752304  6.741712
1212817524  11.101623
1212896629  9.408878
1211506691  14.518416
1211608016  8.379495
1211747408  15.939019
1212715461  6.277530
1212897550  6.942077
1211131403  4.437111
1212488302  1.750119
1212971024  13.034429
1212149059  18.033186
1212820948  11.831558
1211424498  9.054467
1211487238  0.935025
1212991015  1.944577
1212451201  1.460054
1212367980  3.431061
1212232272  13.495792
1212653494  7.171664
1211848838  8.534439
1212296345  4.927749
1212357151  10.162093
1212727169  6.568778
1212792769  13.308548
1212810470  1.436118
1213046898  6.704931
1211905278  4.874157
1211769568  2.000694
1212330919  11.873423
1212634432  9.197029
1212678645  1.522644
1212829740  5.388354
1212935317  6.189157
1211114992  11.398704
1211355593  0.116574
1211437188  13.265714
1212285074  8.702771
1212978937  4.056282
1211058913  1.875128
1211177182  13.189100
1212400631  13.265714
1211124785  10.714477
1211441064  9.013647
1211575913  2.391423
1212301981  8.259056
1212561189  13.048243
1212757760  8.534439
