1212034951  42.181107
1212042562  25.355474
1211051310  8.192120
1211211883  63.710411
1211243558  24.927736
1211244670  58.899567
1211320150  7.363412
1211384319  40.835781
1211917945  46.981495
1211925831  31.618399
1212398073  130.315567
1212449138  6.202864
1212526884  20.629086
1212533289  7.694230
1212799661  52.684486
1212555222  20.102003
1212994365  21.050533
1213024624  4082.136963
1211457197  24.829546
1211121055  31.620888
1211122042  24.683176
1211124422  15.890412
1211188426  25.162436
1211371821  21.396864
1212312486  18.348228
1212917289  26.070044
1211131257  22.671188
1211674366  67.238754
1212634375  56.295322
1211103180  19.559738
1211261595  40.712055
1211316772  19.186449
1211864514  20.845730
1211925163  8.051487
1212925897  22.897593
1211319673  60.430584
1211552277  18.349525
1211574604  42.977470
1211939069  52.292763
1211846416  49.213661
1212198322  69.490585
1211540349  23.515638
1211855948  22.110399
1212468547  23.930307
1212752880  20.591858
1212033573  24.121712
1212295359  20.295557
1212966404  32.076878
1211337906  25.495335
1212220077  11.205533
1212403116  43.760994
1212559104  46.032131
1211352224  23.552828
1211660472  40.530243
1211909934  103.718040
1212375402  12.502751
1212089180  47.515930
1212094187  38.255939
1212164648  51.909794
1212481392  23.214668
1212559502  7.363412
1212694083  45.511658
1213004718  49.680573
1211018949  162.762527
1211078953  53.560867
1211187043  21.260223
1211623721  19.674294
1211708984  45.107208
1211955259  24.733320
1212230430  22.445524
1212316699  23.726274
1212382247  15.814632
1211122237  45.048717
1211167883  23.726274
1211385038  45.302326
1211548631  21.916805
1211702966  25.549892
1212249633  23.679371
1212604932  55.023129
1211096488  57.009369
1211172740  45.646168
1211355578  21.711506
1211612312  53.060322
1212214875  33.271996
1212228106  21.063971
1212981125  29.808342
1211695308  49.646374
1212214687  11.282588
1212551862  25.563583
1211092456  22.798145
1211262661  22.244751
1211363342  35.476467
1211818381  46.710468
1211887333  27.223644
1212060764  26.849669
1212217305  31.105284
1212901699  24.595772
1211084118  22.356039
1211708128  23.214668
1211768897  19.935345
1212050419  22.185284
1212134453  51.974922
1212136685  23.572071
1212222220  21.326172
1212312604  22.478992
1212339672  20.629086
1212402019  23.899799
1212477551  19.673870
1212832177  21.455439
1212917212  22.344563
1211259559  62.949741
1211606222  45.508320
1212217425  22.880558
1212221922  27.493256
1212617810  41.190113
1211138574  17.625204
1211300563  7.156577
1211854390  32.241650
1211854706  49.346401
1211955432  25.580334
1212155719  7.817508
1212890671  7.250878
1211291203  26.465508
1211339144  22.042076
1211887709  27.391556
1211943212  22.624769
1211956295  24.611742
1212409697  37.746151
1211529959  22.110399
1212136848  22.601200
1212567872  24.572424
1211093189  53.166092
1211101530  20.459623
1211351113  21.726603
1211616032  44.428181
1211785269  37.105572
1212574975  25.678095
1212313472  29.675972
1212884009  50.680012
1212911638  24.267437
1211143519  9.565707
1211409405  4.065490
1211680302  25.132284
1212148785  21.263870
1212359363  70.005203
1211425944  28.599771
1211498946  50.295696
1211916258  16.116898
1212308144  68.044525
1212566893  45.820721
1212916961  20.626518
1211065711  49.686047
1211187550  22.740286
1211441056  44.626934
1212793480  2.552823
1212830968  21.726603
1211043459  21.987858
1211997182  24.327856
1212437498  26.955242
1212690258  43.408169
1211241522  22.470333
1211303586  120.066711
1212771893  36.273590
1211619910  31.070112
1211074741  54.930508
1211826758  41.745560
1212080715  34.746494
1212788609  55.935726
1212788669  80.523506
1211134105  25.019148
1211136499  21.956388
1211575856  10.873820
1211793511  22.050617
1211874293  17.312681
1212165334  19.724138
1212474464  61.385307
1212580489  55.943432
1211137553  19.759367
1211503319  98.485458
1211533784  27.133316
1211619182  24.610933
1211269223  22.055088
1211639399  21.689131
1211678978  45.121136
1211679829  54.093102
1212390362  2593.935547
1212452345  34.515923
1212467799  28.886934
1212869252  34.587696
1211033663  33.165356
1211132652  50.668587
1212210127  24.824926
1212468897  26.137287
1211027184  44.831558
1211115693  99.272446
1211574636  2.879193
1211628854  26.334299
1211719649  129.817810
1212042469  42.439026
1212177559  51.785183
1212324259  24.733320
1212426481  40.011959
1212919268  35.476467
1211432023  25.184044
1211199641  30.689716
1211764341  5.307488
1212309801  19.021631
1212836021  21.355579
1211093189  53.166092
1211101530  20.459623
1212064790  24.829546
1212932289  27.889990
1211578419  49.853409
1212511148  15.784240
1211825835  24.722399
1211905139  45.932751
1212301536  44.561275
1212321026  46.211308
1212837173  26.499987
1212094879  32.948021
1212745076  46.615891
1212313288  17.568487
1212569360  0.271989
1212824526  41.817089
1212917338  23.688786
1211317913  34.829437
1211189180  11.196494
1211526406  111.454201
1211706306  24.563509
1211715689  12.629211
1211800002  20.104151
1212259592  38.591248
1212403373  24.192562
1212476373  9.328217
1211571917  3.563611
1211846568  22.443407
1212899930  31.107405
1213001422  24.121784
1212451316  7.974290
1211475738  55.914310
1212139355  21.687414
1212565942  20.756451
1212651737  44.893009
1211564020  12.578739
1212005065  54.662136
1212062076  25.577219
1212299739  26.390736
1212672420  22.367191
1211528028  68.262123
1212174506  77.757301
1212731671  56.883789
1212903897  22.252604
1212965940  1.712828
1211435089  25.282515
1211963995  24.872124
1212341102  28.619820
1212363873  58.480747
1212972620  2.957298
1212995668  49.986240
1213087346  46.431950
1211263084  24.774206
1211339004  23.944788
1211852669  23.791761
1211860346  25.546717
1211304902  32.958591
1211913793  21.717585
1211784648  54.538174
1212114632  30.747833
1211422505  25.248903
1211727623  20.370754
1211775627  47.556381
1211861442  16.608818
1212467563  19.236818
1212960755  6.922580
1211680465  45.820721
1211697604  17.043859
1212641486  49.816673
1212714549  69.919655
1212823545  30.804283
1213035918  29.944637
1211476357  48.189404
1211975989  25.356213
1212084599  22.457800
1212361452  24.525059
1212423246  42.828045
1212484293  56.138836
1212907400  41.246704
1211785313  44.502861
1212080031  23.710934
1212494939  32.516014
1212521231  36.876369
1212604992  21.809881
1211286492  25.201815
1212751805  26.624809
1212801980  35.718388
1212956498  52.798840
1213007506  171.975998
1213014735  23.696913
1211019006  24.237167
1211070124  85.827484
1211557936  55.053402
1211673052  59.635181
1211709912  24.327856
1212277995  58.050484
1212881647  59.179832
1212910343  24.118402
1211860326  35.720325
1212419998  1702.765869
1212688606  20.842890
1212740954  43.154762
1212771315  37.735580
1212853853  18.526548
1212923777  48.711113
1212993992  18.957361
1211873721  24.535612
1212915312  26.974709
1211192819  26.532501
1211386071  39.683189
1211524514  52.698177
1211586221  50.682838
1211654745  42.597141
1211822300  75.084450
1211822995  74.965919
1211888318  41.658703
1211994952  61.924461
1211997043  26.108925
1212167803  65.222649
1212304276  73.804283
1212323902  25.528399
1212409328  19.388969
1212681639  21.489244
1212685249  68.638847
1212686429  51.972839
1212772899  51.909794
1212801023  6.603399
1212839137  47.702576
1212908930  36.216324
1211346877  759.035095
1211625333  21.757780
1211134565  37.151402
1211401164  26.582647
1212536288  55.296787
1212771037  48.394444
1212223423  21.688890
1211210560  19.749029
1212165772  126.593079
1212566162  0.062685
1212746729  22.075481
1212996225  21.797014
1211442129  44.413151
1211774994  41.972404
1211788260  11.635420
1212309629  70.249809
1211420584  68.536781
1211421285  52.594292
1211576690  43.338306
1211643933  20.632179
1212633931  0.000000
1212633943  6.228928
1212806902  42.690617
1212978004  0.000000
1212978024  16.835583
1212995627  22.028158
1211105375  47.290199
1211479364  39.487392
1212557546  39.202583
1212655860  14.438546
1213048691  48.389431
1211610670  37.015968
1211795252  40.512684
1212569462  21.119762
1212952986  19.397257
1212799709  51.254784
1213020597  21.604719
1211130010  24.527494
1212468989  25.325092
1212657012  23.210918
1212903421  22.620436
1212917390  22.997442
1212967980  49.943516
1211780455  28.440649
1212560660  47.870987
1212872566  40.162437
