1211163148  18.352562
1211170647  19.464781
1211212563  15.726333
1212177225  23.393599
1212985508  3.928968
1213029387  2.010939
1213029447  2.617250
1211265752  29.060032
1211313033  21.713230
1211583654  4.349844
1211583714  1.485151
1211583778  8.077707
1211609538  17.529814
1211776164  17.171686
1211917881  16.065979
1212078331  4.267504
1212078401  35.863728
1212216033  17.306543
1212338683  18.307287
1212605864  20.418829
1212652336  18.418150
1211181503  5.150436
1211181561  2.492619
1211586283  17.247074
1211596059  17.912882
1212989934  18.237823
1211706135  7.596005
1211868527  24.062248
1211904323  5.891935
1211904388  6.945109
1211962807  23.032656
1212298716  8.914762
1212524960  22.054392
1212740193  24.311115
1211204558  13.428494
1211315775  20.874363
1211342428  20.410503
1211378749  13.814427
1211418224  17.821978
1211463734  18.759975
1211510995  19.991182
1211551186  21.865473
1211815776  17.356159
1211983707  19.466595
1212067875  19.509930
1212071420  11.947340
1212109546  11.196327
1212415803  14.354195
1212473631  22.164783
1212500460  19.450056
1212587509  16.349421
1213020674  15.515450
1211437034  18.031557
1211862197  19.756218
1211873399  26.822134
1212819862  12.241495
1212957523  2.617250
1212992027  20.477135
1211336582  4.147730
1211562511  16.969309
1212371466  23.777981
1212600482  2.160776
1212600543  0.770055
1212772112  1.476323
1212772166  2.869129
1212945523  20.317959
1213000870  25.152250
1211129585  8.235874
1211182468  20.062883
1211351162  22.793598
1212464155  15.356048
1212474034  24.062248
1211028347  25.397394
1211200370  23.122021
1211237616  4.408724
1211237679  32.979206
1211426208  29.406464
1212496969  19.832975
1212501109  23.800741
1212565347  30.320339
1212637861  19.374968
1211658966  2.396497
1211659021  0.721926
1212257853  12.958525
1212518638  22.520178
1212529458  9.640561
1212636509  12.428872
1211104715  21.904743
1211517366  24.585928
1211599884  24.062248
1211696988  20.939098
1211702544  22.646866
1212132645  24.025278
1212467256  23.375435
1212476114  20.834909
1212538996  5.531950
1212539050  23.888454
1212829721  23.338495
1211178504  18.974682
1211349852  19.749159
1211682357  20.567768
1211688296  11.193516
1211887504  25.782358
1211890684  17.453190
1211918107  15.513212
1212680717  8.235874
1212751060  11.955278
1212914976  18.080635
1213081540  3436.023438
1211378462  23.241886
1211551794  17.744076
1211794809  19.323566
1212092986  10.961943
1212115998  18.309324
1212225064  15.492842
1212576752  4.818150
1212576814  26.965633
1212908709  22.375776
1211174407  19.998098
1211182791  20.849634
1211438036  21.320396
1211566373  0.258612
1211566412  2.379318
1211603144  15.205448
1211615358  19.884836
1211644893  20.934332
1212746770  1.440146
1212746836  6.707529
1212995714  21.993420
1211053501  16.489910
1211142225  17.788012
1211155106  18.718151
1211234079  17.529814
1211350546  21.452505
1211393977  18.759975
1211530131  23.012016
1211557224  11.009722
1211906379  5.751585
1211906427  3.254871
1212023231  1.184836
1212023291  2.574344
1212119905  18.436527
1212177391  12.651522
1212563322  23.162989
1212734969  22.634769
1213031492  6.258515
1212092627  5.283124
1212092685  0.458152
1212092752  2.855182
1212394169  20.046310
1213002014  17.821978
1211235075  17.695255
1212044957  23.388178
1212777961  15.509589
1213070525  20.781694
1211221005  0.000000
1211221068  0.000000
1211221126  41.251896
1212032177  20.686838
1212199565  16.220650
1212361708  15.448238
1212812266  17.821978
1212864608  15.954738
1211158191  18.181276
1212157102  14.083282
1212416474  22.719038
1211504136  5.440315
1212383426  22.438198
1211228555  21.697939
1211877061  22.081451
1212293106  4.818150
1212293168  2.707500
1212386516  22.331392
1212892547  16.465273
1212904136  18.242378
1211061560  19.991182
1211524038  18.519585
1212606135  20.696642
1212987821  20.415068
1213007991  17.209940
1211129757  19.541059
1211140528  7.596005
1211839791  19.877703
1212251754  16.065979
1212624965  11.774538
1212734509  21.126995
1212803137  7.144629
1212806937  13.442163
1211166983  20.567768
1211220243  16.973110
1211857100  23.149517
1211862001  22.907558
1212948914  7.999220
1211187083  25.273161
1211267686  20.198843
1211608849  19.094975
1211668722  1.033089
1211677055  19.441824
1211952177  12.131372
1212046595  21.221254
1212184380  19.335058
1212263221  19.602654
1212375123  20.781694
1212384708  18.530977
1212475614  24.320366
1212529683  17.486275
1212863920  18.368654
1212916720  24.580996
1212988261  19.450056
1211078171  11.305041
1211513144  19.664797
1211582480  0.000000
1211582502  5.361001
1211680383  22.286869
1211852164  23.777981
1211947755  15.125964
1212437018  17.821978
1212799504  8.449506
1211811342  26.822134
1212669525  17.417734
1212756222  22.224636
1211084769  19.006786
1211089921  15.182478
1211318308  18.527651
1211596565  16.819595
1211622856  16.949064
1211649019  18.602671
1211691184  11.945134
1212115906  18.999195
1212121670  20.248882
1212218252  18.345921
1212301209  17.441885
1212389142  20.085611
1212572962  19.604309
1212643567  15.358211
1212687377  6.299846
1212700217  18.259443
1212915640  23.639585
1212511321  0.000000
1212511340  7.710775
1212511381  2.656875
1212528354  13.898877
1211638198  18.181276
1211841692  19.654861
1211860588  17.821978
1212068909  19.733982
1212217683  20.080936
1212379066  17.821978
1212406168  24.423498
1212554128  19.123829
1212766752  3.128853
1212928957  21.993420
1212931370  19.621374
1212943582  22.234098
1211024715  4.810657
1211024775  2.785348
1211254933  21.844822
1211498789  5.251924
1211498829  31.479366
1211839668  16.691105
1211886992  22.022310
1211892292  19.733982
1212440368  20.916374
1212443372  16.857227
1212466973  4.978755
1212467033  1.584161
1212467093  26.518995
1212545522  7.471480
1212170173  21.362822
1212196556  4.142708
1212196619  7.120380
1212492829  23.340069
1211046883  0.000000
1211046947  4.349264
1211047001  7.875392
1211202681  25.250322
1211517633  24.545658
1211546519  19.716434
1211611477  25.103712
1211809811  23.338495
1211892788  20.842798
1211975137  39.798096
1212062586  18.658438
1212131434  22.945486
1212238227  20.876396
1212411781  20.237083
1212731483  22.022579
1212806710  18.090206
1212855157  20.585291
1212986346  23.860659
1211586803  22.043501
1212367732  24.258335
1212991415  19.683897
1211214307  20.715706
1211856964  16.600565
1212475828  19.033125
1212494889  20.585426
1212966517  19.273413
1213034212  13.408367
1211656611  5.526515
1211656672  2.243357
1211862026  19.821482
1211922139  12.401571
1212003417  16.220650
1212552493  10.862324
1212776724  24.062248
1211155140  17.821978
1211263209  19.507765
1211368879  18.034782
1211438521  17.250317
1211812414  16.981300
1211843221  26.425129
1212003049  15.512024
1212103327  21.214201
1212374302  25.171986
1212513889  3.315150
1212513939  2.379318
1213017962  24.585173
1213021793  22.489563
1211168969  16.220650
1211278601  17.078777
1211399082  8.676638
1211656445  1.094210
1211656502  1.120029
1211656563  0.953771
1211656627  1.137571
1211656691  1.477727
1212239777  22.725290
1212242451  21.942499
1212736902  21.190794
1211284503  4.897136
1211284564  58.364182
1211770294  22.054392
1211890750  22.684195
1212291486  7.112507
1212291528  33.075920
1212647191  17.529814
1212664834  19.936586
1211815820  16.490826
1212524999  14.492785
1211088368  18.850157
1211245342  19.877703
1211261147  18.849546
1211267735  20.567768
1212551636  15.098261
1212594183  2.015293
1212594243  8.600161
1211310145  15.144358
1211513121  20.514872
1211801189  30.851650
1211874843  17.529814
1212393876  20.580084
1212563388  23.639585
1212723539  11.224247
1212732863  23.055439
1211200481  23.929258
1211204184  17.307005
1211312071  16.220650
1211328006  15.951793
1211482672  17.529814
1211541882  20.343102
1211545913  19.161594
1211632670  22.066660
1211636359  18.679523
1211639477  19.832975
1211780099  18.658438
1211833935  19.014349
1211849019  19.807926
1211945161  16.220650
1211972674  20.176399
1212115635  19.142151
1212150784  21.803226
1212282153  16.220650
1212408813  24.476349
1212495798  16.220650
1212581710  25.902073
1212671636  23.905060
1212728808  22.763693
1212811778  19.006868
1212831193  14.130267
1212849970  20.312639
1212884472  16.594059
1212887162  23.166260
1213013497  22.917843
1213017056  21.965534
1211180042  22.872246
1211354214  15.967996
1211442595  21.126995
1211517485  18.056553
1211558229  0.259457
1211949371  17.821978
1212084164  15.065028
1212170130  28.139963
1212565110  23.393599
1212635030  23.338495
1212970115  17.074369
1212992272  21.288084
1211065842  19.129004
1211536710  13.310652
1211803697  19.442928
1211967908  18.401255
1212231273  18.260462
1212365062  16.994438
1212376749  11.688535
1212564570  24.170803
1212566528  17.379269
1212659715  21.183905
1211347873  22.183659
1211359173  20.002172
1211788373  21.718868
1211871045  25.663574
1211954793  23.727470
1212088169  17.453190
1212443983  16.495577
1212473440  19.664797
1212960621  1.213075
1211290223  19.364344
1211738369  17.247074
1212069243  15.180287
1211303898  13.903415
1211566264  19.874527
1211615423  20.636114
1211839618  19.704344
1211865166  16.420618
1211982313  22.624994
1212383081  4.183180
1212383150  0.176945
1212383207  9.217643
1212599984  3.961399
1212600044  7.889051
1212671050  25.587543
1212796027  7.596005
1212807954  17.722343
1212825000  18.175026
1211173263  20.301840
1211567716  19.450056
1211961438  24.470083
1212046244  5.334380
1212046300  2.453672
1212157706  10.243943
1212172321  18.124044
1212405673  25.787191
1212994588  16.220650
1211766878  21.060968
1211779549  19.782993
1212558603  19.806557
1212904194  4.036828
1212904268  3.341170
1211567582  19.523739
1212014227  15.954738
1212519683  0.000000
1212519693  0.000000
1212519753  4.490934
1212519802  35.714718
1212612297  9.960809
1212985824  19.061993
1211134343  2.415923
1211580605  22.024036
1211592550  4.707621
1211592609  2.966844
1211653407  2.229255
1211653468  1.016153
1211846941  10.619951
1212041698  20.427214
1212077148  7.078758
1212077208  5.520934
1212194933  15.697404
1212543029  7.055002
1212801511  2.573235
1212801566  0.757431
1212876626  17.821978
1211086139  22.087097
1212185243  22.090689
1212463061  24.062248
1212470239  24.833118
1212795882  5.506633
1212950907  10.457304
1211331474  4.978755
1211331534  2.574344
1212381329  19.421366
1212531963  15.954738
1212594019  5.638475
1212594077  3.608416
1212594119  0.259457
1212871974  16.495577
1212945094  0.639869
1212945154  4.978755
1212945214  9.779498
1211302029  20.324774
1211640454  20.798616
1211644384  19.621004
1211952368  19.342422
1212327300  8.420083
1212327312  21.452505
1212336683  19.442156
1212340102  18.644299
1212363691  3.607472
1212363752  35.886856
1212702956  20.316833
1212739909  19.854200
1211157901  21.124474
1211178685  24.988123
1211262500  16.581444
1211341644  17.247074
1211431264  20.874363
1211461449  15.954738
1211464467  21.060968
1211534025  81.842239
1211632187  17.744076
1211777479  13.862350
1211858978  21.904743
1212058274  23.062263
1212184627  16.865261
1212264554  16.495577
1212344043  17.695255
1212541765  14.068130
1212644882  19.681143
1212693870  17.793646
1212726119  21.495945
1212740515  16.264593
1212742757  16.412910
1212777296  15.426111
1212808299  21.668810
1212958775  1.814024
1212958836  7.496004
1211285285  22.726753
1211783117  20.916374
1211888413  12.225807
1212059937  19.832893
1212236736  19.030449
1211359156  19.142151
1211862360  17.441364
1211953271  17.684994
1212063501  20.567768
1212153409  20.032749
1212238251  21.291117
1211794572  19.342422
1211810910  18.363001
1212125858  16.220650
1211430842  22.620358
1211755917  20.221556
1211973290  22.925907
1212227986  4.810657
1212228046  2.785348
1212597543  1.758285
1212597603  1.642235
1212597669  3.296493
1213003878  21.350498
1211053891  15.802603
1211160513  17.529814
1211174265  20.135527
1211510012  5.267460
1211510076  8.165290
1211768585  17.878448
1211824427  25.780979
1212487681  23.233673
1212124566  15.173223
1212350423  17.680775
1212819240  4.278535
1212819301  0.141864
1212997574  18.076817
1211195499  20.770485
1211200356  21.277000
1211349447  21.810099
1211368401  24.068047
1213016380  22.416348
1211799178  18.237511
1212470256  21.198137
1212632167  4.349844
1212632227  2.532823
1212931544  21.471508
1211075979  4.978755
1211076039  2.617250
1211184216  17.074369
1211188044  18.952009
1211250614  17.821978
1211266431  18.158176
1211533642  3.954403
1211533708  2.908056
1211579035  15.873270
1211621590  4.907344
1212003397  16.220650
1212350579  14.395404
1212442190  19.602654
1211195792  19.282927
1211492626  2.707500
1211725500  17.614342
1211851794  21.609331
1211996790  8.100860
1212211581  20.876396
1212389401  24.655642
1212718584  7.857936
1213019192  22.390516
1211562072  16.263456
1211726191  19.664797
1211784335  17.487501
1211953908  14.235183
1212352591  13.757233
1212411467  18.855446
1212772560  6.419159
1211077056  10.802703
1211096766  16.963697
1211413228  24.062248
1211788366  22.052906
1212288101  10.893868
1212362372  16.220650
1212372057  21.590172
1212483708  19.437384
1212980936  21.399059
1211122276  36.004898
1211478054  4.183180
1211478123  1.816531
1211541161  21.060968
1211547180  19.621374
1211908253  2.822702
1211908313  1.748185
1211908375  2.966844
1211285285  22.726753
1212033013  23.062263
1212667839  18.338461
1211348968  22.167641
1211593722  14.565926
1212845295  19.651083
1212920242  19.196964
1212931756  17.031042
1211083589  15.519473
1211215691  13.063972
1211355969  26.423433
1211439539  18.528973
1211478700  13.903415
1211607810  20.223406
1211840567  24.356722
1211957318  21.560841
1212196502  6.496263
1212265372  21.386372
1212442836  25.158833
1212526561  14.334692
1212683394  2.932289
1212683455  2.574344
1212812327  16.175264
1212915273  19.522745
1212087206  24.062248
1212121036  18.320808
1213017812  23.393599
1211856379  19.733982
1212097268  15.970891
1212328046  16.967901
1212699251  14.972908
1212951423  11.763535
1211755492  4.339838
1211755556  3.069149
1212380891  23.553850
1212721766  17.453190
1212739469  19.206680
1211446321  19.604309
1211721685  98.081856
1211863353  8.617033
1211871510  23.727470
1211957613  22.274712
1212180047  16.065979
1212305507  14.715628
1212410115  19.969023
1212413517  21.471508
1212538509  0.000000
1212538524  6.414209
1212538569  2.494342
1212552529  19.906076
1212560445  17.821978
1212891547  7.444402
1213083094  23.710335
1211541051  23.727470
1211687277  22.451471
1212031204  17.401218
1212208044  15.257729
1212298512  20.932854
1212555614  4.702264
1212555671  34.337715
1212963526  5.744717
1212963578  28.990389
1211539703  14.035618
1211600603  27.892904
1211714793  19.664797
1212321181  20.726435
1211388515  20.876396
1211638557  19.604309
1211719674  22.753305
1212131486  18.313885
1212134945  21.543974
1212297501  4.629160
1212297561  2.738625
1212328975  24.168468
1212393192  23.653627
1212460366  0.000000
1212460428  2.707500
1212744548  19.450056
1212989793  19.621374
1211398957  18.312315
1211781231  10.347418
1211785011  17.095375
1211853947  16.065979
1211858606  15.604689
1211879631  11.991992
1211886052  22.707642
1212118340  20.800299
1212134797  15.717216
1212255631  16.709047
1212813184  14.525955
1211839629  23.727470
1212122376  20.783014
1211257926  21.350498
1211457984  15.954738
1211616774  21.632637
1211967046  20.573935
1212154031  22.016685
1212177165  14.153551
1212426149  3.143656
1212426210  0.757431
1212494416  16.812593
1212700060  16.973310
1212837924  11.723200
1212851160  24.075165
1212912458  24.062248
1212952799  12.380057
