1211685274  4.795925
1212256430  15.678678
1212464387  13.557908
1212636652  11.394412
1211427756  7.126586
1211488566  7.732946
1211593226  14.405962
1211907457  1.891947
1212692268  11.852716
1212782254  11.394412
1212832414  2.549596
1212834647  8.277136
1211089684  4.862195
1211093829  4.003551
1211168596  9.482286
1211256028  9.666636
1211443209  18.648676
1211556357  16.201300
1212004025  2.963590
1212123221  4.670810
1211547541  8.955913
1212805905  4.017340
1212902492  6.838317
1211222653  11.895016
1211696394  9.408837
1212348009  14.814328
1212597845  18.662001
1212823098  7.392440
1212826325  16.572138
1211022694  7.617274
1211311972  4.875856
1212283710  7.731221
1212927579  9.959822
1211074467  4.997494
1211215148  6.633027
1211738080  14.916190
1212090620  8.868360
1212896269  0.337932
1212901050  3.706064
1211242701  2.683785
1211426049  9.125525
1211610835  12.326824
1211765200  8.947916
1212287682  251.332550
1212902595  8.336156
1212906245  4.204251
1211216321  6.639370
1211671133  2.781378
1211767568  5.748766
1212270825  3.989406
1212513548  12.948339
1212630337  9.126132
1212691372  11.394412
1212895433  6.422940
1213083637  4.432597
1211061764  13.040701
1211087947  6.677601
1211758535  5.417618
1211853876  2.637513
1211692771  1.830916
1212129241  4.921589
1212603641  9.291515
1212821787  6.412762
1212890771  12.330135
1211352909  12.598151
1211358271  13.986507
1211879366  13.585142
1212229590  10.039413
1212572794  4.188876
1212572854  5.463463
1212739104  6.322342
1212748292  13.585142
1211204602  7.993297
1211696345  4.795925
1211733996  2.317815
1211736178  12.389637
1212283476  1.860931
1212517284  14.287822
1211944579  3.778258
1212310674  4.500791
1212519272  4.941480
1212846398  4.188876
1212914877  4.875856
1211355745  10.930805
1211409473  2.334950
1211912207  16.201300
1212101503  2.549596
1212636071  12.598216
1211118627  12.000337
1211717925  11.667932
1211828454  11.852716
1212971657  1.891947
1211676462  7.003868
1211945026  10.670323
1212261303  2.549596
1212000454  5.044475
1212398498  2.507799
1212471949  16.672455
1212635548  13.764717
1212636934  14.538486
1212807163  17.974619
1211522807  9.596155
1211837711  13.826706
1211901227  6.645658
1211923399  16.201300
1212596067  7.263355
1212601121  12.388246
1212761358  4.958498
1211836511  7.656914
1212038749  4.008388
1212274217  7.627812
1212975533  8.513137
1211577873  16.759966
1211679667  7.993297
1211779048  14.831595
1212644902  4.864270
1211183035  2.526339
1212294937  6.787070
1212305620  4.056059
1212830275  4.875856
1212859528  7.798842
1212984099  5.940392
1211518104  7.655835
1212101197  4.249327
1212381945  3.934158
1212722398  10.351511
1211060793  7.444176
1211348248  12.185160
1211439761  2.637513
1211514828  9.949636
1212367729  4.218207
1212703500  14.287822
1211511839  0.330251
1211471656  7.183581
1211222721  11.399945
1211559582  15.935705
1211753405  5.165152
1212126822  5.901191
1211477011  10.356063
1211513090  3.615606
1211687580  4.810987
1211695215  7.223128
1211952483  8.128384
1211962890  11.373054
1212363059  6.787070
1212563301  4.499287
1212585395  15.067158
1212630316  6.121865
1212753913  12.050261
1211093510  4.540673
1211137721  0.845928
1211142319  7.705375
1211320161  10.039212
1212161762  4.218207
1212365964  7.993297
1212471541  8.517724
1212481901  8.266652
1212906127  12.551930
1212953539  12.050261
1212969690  5.186341
1212064804  6.069844
1212190231  7.824972
1212251681  2.141827
1212569233  14.511407
1212689739  9.560986
1211164909  9.291515
1211327546  2.467351
1211353978  6.955531
1211570758  2.507799
1211651099  3.777499
1211665836  8.811439
1211693085  3.951191
1212012208  15.935705
1212265454  8.701739
1212306979  5.132481
1211701293  4.945563
1211733199  0.000000
1211733201  5.418412
1211821852  16.940945
1212072588  8.530895
1212543311  4.795925
1212545678  6.003218
1211206361  8.517724
1211857648  4.274978
1211867962  10.452955
1211938840  2.507799
1211889633  8.092806
1211936419  2.751905
1211946369  9.327784
1212021238  18.195829
1212207529  4.755231
1212448831  10.522611
1212559763  18.836946
1212690771  12.388246
1212728572  10.770398
1212795277  2.637513
1211659881  11.015552
1212064240  16.376245
1212070484  3.793653
1211043272  6.677601
1211701839  3.758700
1211792132  14.433046
1211922907  12.388246
1212263010  3.482697
1212295776  105.195671
1211197244  8.165795
1211205989  7.967244
1211774278  4.499287
1212288452  4.068125
1212730625  5.940392
1212829178  12.213725
1212908026  2.390246
1212118176  5.940392
1211074251  3.821572
1212126460  16.479551
1212160594  5.314633
1212674991  12.172178
1212874270  8.501470
1212207960  4.670810
1212364139  148.992844
1212440125  9.953457
1211031518  19.368441
1211288103  8.692096
1211690220  17.578815
1212699754  16.201300
1212874709  15.822523
1212905317  4.188876
1211029302  10.512889
1211555974  4.875856
1211698613  10.092508
1212184554  4.259874
1212286299  5.614665
1211351244  22.874691
1212956015  11.893233
1211589081  13.757220
1211655932  10.073191
1211891109  5.442111
1212210859  21.960320
1212224636  9.960490
1212684045  12.577266
1212938209  8.611890
1212097215  7.860075
1212306851  8.378089
1212309836  4.795925
1212992784  11.011522
1211095765  5.426386
1211603409  8.267895
1211617612  10.430515
1212192666  6.996417
1212341050  5.594747
1212636503  2.549596
1212766915  2.977558
1212798399  1.458851
1211522732  15.062827
1211911337  20.185017
1211919398  2.549596
1212213000  9.413678
1212253196  2.987285
1212253898  2.683785
1211992290  17.987581
1212377884  4.995895
1212536113  17.817759
1212739654  6.619889
1212957134  6.873673
1212030271  15.935705
1212236925  4.795925
1211076733  6.648895
1212366370  2.467351
1211100916  13.811561
1212199054  6.454294
1213028575  5.327409
1212054960  7.320107
1212124042  3.821572
1212416386  8.517724
1212643247  0.000000
1212643266  2.407917
1212807437  16.143366
1212905075  8.783621
1212959551  7.731221
1211094022  5.224132
1211141469  2.317815
1211154040  8.378089
1211598700  4.349225
1212282739  3.655416
1212757243  16.201300
1212226512  7.758549
1212547466  3.482697
1212725362  6.010766
1212795460  8.303694
1211521824  15.681623
1211839433  10.070297
1212207782  4.875856
1212370070  23.300161
1212394494  13.520288
1212825349  7.123624
1211091786  2.353473
1211789151  7.315018
1212059391  12.185160
1211143523  8.456042
1211164961  4.289702
1212083860  32.781891
1212442600  4.203729
1212861750  0.000000
1212861809  0.000000
1212861869  0.000000
1212861935  0.000000
1212861990  0.227048
1211486823  13.585142
1211620168  3.540742
1211729342  10.672856
1211786805  9.501915
1211829941  35.006443
1212042920  9.292062
1212058817  8.588908
1212228242  4.875856
1211866061  12.598216
1212033411  4.124877
1212106054  11.827377
1212598731  7.448679
1212890324  4.087318
1211241340  4.795925
1211260211  5.940392
1211562017  2.568445
1211703633  6.900187
1211936262  6.511663
1212532042  2.731710
1212658382  6.404914
1213032299  9.018866
1211082410  8.517724
1211116627  15.083679
1211605813  4.643673
1212620132  1.860931
1212621692  8.319200
1212896784  9.959822
1211243134  277.918945
1211484282  11.852716
1212281866  1.694281
1212291762  5.316830
1212847434  12.687767
1212455804  4.850412
1212764625  16.107782
1212938965  10.171857
1211158237  1.860931
1211208577  4.522685
1211482386  6.571607
1212018608  5.132481
1212866685  6.900187
1211775927  4.795925
1212039127  13.380683
1212125224  17.054001
1212401440  8.447374
1212435829  4.993846
1211091385  8.112118
1211822686  18.001444
1211855017  25.222372
1212276431  5.519837
1212307207  9.494629
1212500685  4.993846
1212712545  13.811561
1211108622  2.781378
1211286795  12.046088
1211059070  4.795925
1211061830  4.218207
1211078321  2.549596
1212713940  2.549596
1211328374  5.624276
1212008065  4.120442
1212363077  5.186341
1212967541  5.851028
1211531062  4.958498
1211731120  2.507799
1211745494  9.645840
1212004144  8.964441
1212090320  4.585886
1211084986  9.638537
1211094536  9.748331
1211411488  6.677601
1211468094  1.292941
1211774419  3.880365
1211955474  8.212973
1211960349  8.277136
1212318979  8.448106
1212476915  4.274978
1212906609  7.860075
1211020641  8.131133
1211093186  2.507799
1211119542  7.527477
1211438544  10.647425
1211677519  6.375662
1211936650  3.450094
1212039741  4.203729
1212205558  10.225995
1213014514  6.660327
1211048850  1.746413
1211779146  3.540742
1212008111  13.040258
1212291521  4.503995
1211035301  6.965509
1213031977  10.611106
1211071504  7.183581
1211093421  7.808098
1213023642  8.148840
1212420521  0.269094
1212915630  5.503716
1211089368  4.149056
1212992675  5.101319
1211103184  7.183581
1211160414  4.289702
1211173602  7.583479
1211352931  5.873588
1212066841  8.957440
1212458312  7.649855
1212764685  6.814515
1212913425  12.388246
1212940868  8.692096
