1211585071  65.970757
1211585175  68.654648
1212046005  23.285261
1212103654  50.779869
1212448851  51.865845
1212708500  44.930496
1212712443  94.491264
1212712486  48.754597
1211425369  19.411219
1211736619  54.612106
1211739118  86.279198
1211739774  10.387332
1211841003  10.217087
1212116017  21.080523
1211088975  20.928253
1211554700  19.302536
1211868559  18.156908
1212970219  66.040146
1212970278  47.723274
1211104892  62.357033
1211104954  54.794365
1211794694  11.884840
1211923564  26.322807
1212339472  19.479759
1212353428  22.104517
1211050634  14.691731
1211095608  27.021969
1211136813  48.293285
1211221474  31.278597
1211607472  60.402832
1212285339  20.166254
1212789906  41.373005
1212832440  18.652182
1212992517  22.179686
1211596705  18.802065
1211684757  29.698679
1212293942  71.751099
1212294002  62.352211
1212556428  20.503695
1212787613  69.308395
1212787677  52.510239
1211165557  77.340034
1211193743  25.475149
1211306762  17.359638
1211490037  64.855270
1211490995  44.796787
1212079579  72.770126
1212207247  5528.256836
1212959071  21.387259
1211354133  9.903766
1211431909  19.976967
1211598284  16.138798
1211749908  22.195131
1212106408  146.104614
1212374707  15.454863
1212627764  31.803396
1212627884  46.782375
1211798199  17.946491
1211838692  23.285261
1211906951  34.889416
1212285742  88.856308
1212519709  63.874897
1212519770  61.623116
1212723943  71.305779
1212723999  49.050407
1213017941  102.261253
1213075924  58.531143
1211045170  87.260612
1211045213  62.961861
1211239822  39.291607
1211614863  254.366730
1211614880  51.516224
1211698525  15.079311
1211698604  133.246307
1212539442  31.397049
1212917195  31.851162
1211570142  22.526815
1212111165  10.161595
1212305789  42.562164
1211103570  20.768641
1211235041  27.672009
1211616801  78.044708
1211708297  38.633350
1212027649  60.596310
1212027709  62.830147
1212216967  128.025330
1212249189  21.219479
1212313175  79.772041
1212313215  172.346451
1212831264  22.510090
1212864045  8.077600
1211102927  21.990009
1211439276  43.268970
1211574886  12.318207
1212030094  38.743336
1212127500  29.326307
1212572032  88.711800
1212572092  64.814613
1212833191  44.040741
1212885353  14.195689
1212916466  41.132530
1211154794  28.134651
1212260422  30.910288
1212343918  50.960949
1212604269  21.926794
1212607035  15.260297
1211059145  37.393211
1211128351  44.774754
1211144109  53.572662
1211827972  15.180328
1212157936  89.170891
1212159712  22.295498
1212288550  42.226868
1212819338  69.710625
1212819399  52.817482
1212831931  21.144085
1211943096  66.552055
1211943156  56.666946
1211761124  20.221403
1212566886  22.195131
1212900022  70.366020
1212901786  26.849136
1211865007  21.018667
1212261462  77.706062
1212262564  19.022001
1212296574  48.400200
1211036942  571.381409
1211622109  54.460320
1211663686  52.302635
1212197556  52.868996
1212362812  21.756115
1212911218  50.233826
1211057311  17.909435
1211081314  107.105209
1211081370  70.309593
1211257171  65.970306
1211314565  63.993988
1211513048  50.855480
1211829539  54.601017
1212124362  65.254272
1212206047  12.211922
1212441023  34.897121
1212596548  25.610773
1212660124  22.826666
1212741609  59.597775
1212820954  51.001900
1212912245  44.575619
1212913853  54.631294
1212919603  52.776722
1211082734  58.283436
1211583365  21.802803
1211607762  51.435932
1212337286  23.080835
1211321382  21.717077
1211682987  28.253729
1212309291  74.727837
1212309343  58.393341
1212902371  38.786644
1212916319  41.477821
1211509515  23.250130
1211511041  41.704811
1212231507  24.046614
1212307527  33.175312
1212460827  20.706228
1211287138  149.757004
1211287505  24.020628
1211368589  54.168755
1211808869  65.573868
1211856820  55.358418
1212326916  11.587453
1212634134  23.839350
1211340603  19.649477
1212208664  34.012901
1212244761  21.926794
1212281115  11.691697
1212615281  13.160095
1211639292  59.973003
1211307110  22.826666
1211627008  66.552055
1211627068  57.611397
1212452393  87.063713
1212774597  21.564497
1211510869  23.050346
1211614917  22.841335
1212008240  45.704887
1212292805  24.782398
1212784942  18.269293
1212946266  58.817169
1212946327  67.834442
1211265113  131.938263
1211265159  64.540009
1211771316  9.858078
1212255240  92.193634
1212875083  58.150673
1211490334  16.747072
1211656540  16.461372
1212120252  26.288637
1212783216  72.691460
1212783277  47.433739
1212894876  39.312389
1211637075  40.463066
1211658568  18.521738
1211725919  33.832737
1212712336  40.110073
1212714904  32.996334
1211025466  39.853069
1211379909  51.912960
1211902893  42.771603
1212490723  110.118713
1212813148  40.096092
1212853856  43.348625
1211024310  37.029099
1211038198  50.490948
1211038395  17.806404
1212108142  54.091064
1212108208  72.405983
1212372755  34.256550
1212640708  24.935968
1211071026  48.293285
1211076278  22.819166
1211153036  34.999012
1212978818  58.174011
1212978884  66.104797
1211091820  56.800987
1211171509  90.310776
1211171635  28.370928
1211174798  97.196327
1211176266  20.139322
1211176827  51.011715
1211614073  38.969837
1211899763  49.728909
1212221350  28.435087
1212804309  29.478016
1211484995  8.994389
1213066818  17.682516
1211573653  23.080835
1212312408  64.858231
1212470726  12.748915
1212878816  21.468243
1211883260  39.960068
1212017018  64.000389
1211335753  22.682890
1211627154  39.090397
1211922605  48.751881
1211116487  38.582764
1211425293  56.307724
1211425412  83.104248
1211746201  3.224239
1211945149  22.374386
1212146966  92.137611
1212147026  64.381409
1212918934  55.358418
1212966592  64.676765
1212978908  28.951008
1211503359  24.457142
1212363106  14.954197
1212875535  23.920139
1211151531  71.940735
1211621305  24.150003
1211822017  55.556957
1212144095  29.613955
1212258158  25.372902
1211070773  16.478708
1211090259  66.828339
1211090321  67.351402
1211559908  34.060787
1211562977  17.969797
1212278974  15.738332
1212313752  19.115591
1211019632  52.817482
1211103279  64.011223
1211105869  48.786350
1211108592  63.302559
1211446700  30.192066
1211708352  64.279785
1211708418  61.391632
1211791615  23.299593
1211927076  15.425775
1212035291  15.085290
1212113943  35.479637
1212141463  81.206276
1212141528  66.740822
1212269180  25.858114
1212316139  53.427155
1212353730  29.340412
1212829163  21.834900
1212831874  53.008690
1212913522  17.016863
1211252593  22.903536
1211570407  21.926794
1212306846  65.758263
1212306906  64.805023
1212448828  22.374386
1213007535  71.973961
1213007595  49.927765
1211750729  67.077446
1211750789  84.309364
1212088687  38.210976
1212291435  35.394409
1212371535  61.184216
1212383942  51.418255
1212443069  102.839607
1212443184  40.626072
1212818519  48.015892
1212932205  54.150070
1211161167  10.593970
1211686222  15.232729
1211778278  17.939247
1212373552  21.328741
1212433231  55.192680
1212433295  71.917389
1212787955  5.619508
1211063110  62.102734
1211063183  105.713417
1211431464  16.817547
1211433782  36.078728
1211667871  19.666815
1212273086  15.180328
1212551034  22.944958
1212561220  20.428171
1211260154  60.138058
1211318073  40.889225
1211598185  31.260708
1212267224  37.582954
1212269557  24.673277
1212271645  52.776722
1212867817  12.891939
1211160232  26.276758
1211430905  16.466904
1212191274  52.357384
1212943773  53.290993
1211663456  13.520305
1212114725  26.845598
1212558052  22.620466
1211139251  78.964470
1211139371  30.902611
1212172205  14.608833
1212288146  24.525887
1212380054  20.978931
1212884512  17.771517
1211310779  11.303201
1211360377  13.575129
1211443822  64.405220
1211443884  60.010525
1211576894  54.685829
1211577013  97.260750
1211580400  90.869209
1211580521  38.915222
1211583305  103.744011
1211583366  49.087208
1211700920  25.774389
1211702741  31.261555
1211848011  36.796230
1212257409  50.630447
1212302591  36.243256
1212782481  28.073051
1211516579  39.352135
1211623056  20.852474
1211864199  7.700681
1212620992  63.874897
1212621053  57.611397
1212846948  56.515133
1213008301  19.976967
1211039732  19.143671
1211383007  33.961765
1211388675  18.384327
1211582051  11.100207
1211770613  24.712112
1212516846  43.939823
1212520181  91.229973
1212520310  46.289688
1212913515  154.285797
1212913541  63.172245
1211019321  33.138863
1211033808  118.539597
1211033859  64.011223
1211133466  76.280876
1211133512  67.941582
1211519822  21.144085
1212218955  31.260708
1212390886  29.319099
1212570282  73.946732
1212570336  62.352211
1211065827  22.826666
1211950311  58.997303
1212773979  49.777020
1212774307  30.659542
1211332661  15.410088
1211530522  19.481150
1212730339  10.711668
1212835229  65.122452
1212835289  64.011223
1212924497  23.285261
1211018712  95.822975
1211078335  40.414997
1211094791  37.306152
1211210085  103.819519
1211210143  65.774857
1211390142  31.094267
1211470197  102.208328
1211470254  57.448814
1211556174  103.787125
1211556234  55.353111
1211902193  84.708282
1211902254  59.643436
1211988704  113.467125
1211988764  51.513348
1212074976  108.377861
1212075032  61.726498
1212161515  25.214993
1212264690  74.930168
1212264742  58.216202
1212419507  55.528393
1212476319  21.652632
1212506376  105.167610
1212506438  58.641354
1212679999  101.152672
1212680059  57.611397
1212764816  47.568111
1212893741  22.452459
1212114521  55.821407
1212115560  46.620094
1212945597  13.118367
1211071026  48.293285
1211076278  22.819166
1211308378  105.636673
1211055271  19.718544
1211224995  59.391106
1211339531  63.100555
1212341004  90.926620
1212524025  22.826666
1212627327  74.177521
1212627387  49.805424
1211050706  34.872803
1211053698  44.072227
1211143659  13.130077
1211327269  47.472263
1211594466  23.676556
1211741081  71.790985
1211741141  46.362423
1211820026  22.452459
1211929001  22.298435
1212562043  73.853844
1212562105  62.352211
1212600111  36.740906
1212898187  22.826666
1211090611  47.380524
1211344248  50.319576
1211550277  49.780956
1211568061  49.826790
1211811396  59.073009
1212222822  19.470600
1212358995  60.391003
1212808032  47.257961
1212894956  33.576977
1211102245  36.740906
1211647299  20.164272
1211661189  16.184576
1211824802  35.609005
1211844755  90.657074
1211844879  45.116901
1211918083  12.037477
1212131695  28.240149
1212215106  20.310778
1212278769  77.107605
1212278821  64.519936
1213001598  149.282669
1213003039  25.307447
1211079965  56.915943
1211091706  75.503540
1212117157  13.710177
1212582579  15.180328
1212582700  94.979950
1211050431  14.888468
1211053730  13.156058
1211104308  69.710625
1211104369  60.875072
1211255372  29.773912
1211816129  123.860413
1211816178  57.611397
1211859870  110.731590
1211859925  57.611397
1211860395  116.002075
1211860506  39.545841
1212363713  70.872467
1212363773  45.311268
1212711703  46.985561
1212821562  51.435932
1212911671  101.503952
1212911731  53.290993
1211672435  37.710537
1211500906  82.170670
1211502231  65.461044
1211502292  98.230583
1211678990  20.058256
1212730089  19.448538
1212825773  19.863211
1212881077  61.067688
1212881137  127.664032
1212935506  23.999517
1211703335  60.481247
1211703397  71.293060
1212132294  63.970329
1212132354  60.383472
1211098233  50.401672
1211351627  41.531975
1211497786  17.909504
1211704683  28.934381
1211824984  88.020340
1211827825  22.903536
1212099804  20.031328
1212905901  21.820427
1211723995  51.216839
1211743050  63.852222
1211743110  45.748360
1212120723  46.534672
1212236059  33.391289
1212318191  21.926794
1212771936  92.988136
1212772419  37.011158
1212888785  19.879782
1211619750  83.423759
1211619810  63.791885
1212283910  18.187288
1212468753  92.498085
1212469968  18.181726
1211444222  19.115591
1211732151  50.809696
1212114093  21.685865
1212287413  27.350554
1212387518  53.556202
1212387753  83.515282
1212892740  87.063049
1212892799  60.229504
1212224954  13.104169
1212272061  20.986649
1212570567  37.889061
1212634005  84.290054
1212634065  65.454430
1212633580  64.939476
1212633640  60.596066
1212698583  26.337942
1212811830  52.600792
1212912241  19.973410
1212935663  44.897091
1212936153  119.003143
1212936204  63.427250
1211353625  23.695906
1211710271  51.800278
1211710332  159.616226
1211807009  30.512894
1212174704  57.030724
1212223484  36.749897
1212254523  57.732952
1212254585  51.983780
1212360275  29.804749
1212689598  44.235321
1212732003  54.441845
1211031650  22.466887
1211059644  29.491608
1211077146  53.089340
1211077210  92.955414
1211407489  27.942314
1211785913  34.545902
1211921607  17.666014
1212435843  54.046059
1212518268  62.844654
1212518330  69.410950
1212889158  35.071407
1211170140  51.039230
1211942756  29.682905
1211142062  12.060202
1211774094  28.016396
1211777064  54.962093
1212167175  16.039551
1212942154  58.220333
