1212465515  5.200129
1212537085  31.940825
1212643989  8.681026
1212881552  5.221177
1211115847  5.054476
1212986559  8.873302
1211547024  7.159212
1211694745  6.539654
1212458338  4.394906
1212546733  7.387912
1212822766  1.897588
1211065927  7.674155
1211488216  5.634902
1211679540  6.175234
1211683837  7.187671
1211768632  6.828288
1211902761  6.836575
1212008854  9.104383
1212204199  8.702037
1212545018  8.022190
1213027240  7.033153
1211521909  3.143866
1211722912  7.914846
1211896940  7.595897
1212755189  3.127102
1211324974  15.107481
1211379936  6.384733
1211490450  7.847760
1212264780  6.828288
1212624368  7.859952
1211588377  5.695240
1212214148  5.798108
1212733878  4.950433
1212812898  6.433661
1211833094  9.295554
1212877658  6.962159
1212889858  13.473712
1212895554  6.106178
1211045742  4.775013
1211059793  5.001455
1211608683  6.401857
1211938103  7.152364
1211253464  5.837223
1212070401  5.064645
1212290620  5.874912
1212490083  4.696527
1212667706  7.520930
1211085989  6.802255
1211089137  0.000000
1211089153  8.529316
1211352886  5.763965
1212283125  4.655939
1212499835  5.063931
1212865067  7.390035
1211673328  2.878196
1211170127  8.076005
1211091699  3.478541
1211465559  7.908634
1212070714  6.828288
1212515398  8.187275
1212698960  7.239346
1212941123  5.500481
1212193171  4.898354
1211766917  6.426608
1211565135  6.848025
1211866664  6.828648
1211870641  8.725801
1211236167  9.318498
1211506638  8.870426
1211702870  10.137135
1211752814  5.958406
1211836759  10.286648
1212012940  9.290684
1212035098  8.019393
1212083091  5.536742
1212115288  3.497140
1212763583  7.858100
1213025537  4.733738
1211212176  3.934743
1211377002  5.669474
1211382631  6.813169
1211463258  8.180439
1211478247  5.763965
1211487632  5.200129
1211559568  0.781884
1211562356  5.301999
1211594011  5.328330
1211680575  7.121768
1211809186  3.796827
1211830428  5.320583
1211897314  5.231558
1211898743  5.732752
1212156663  4.237871
1212513280  2.251084
1212521996  6.701477
1212887236  0.000000
1212887245  5.547069
1212940935  5.352435
1213042678  7.735732
1211747375  8.092339
1211933812  4.287090
1212158079  6.037030
1212503381  6.338775
1212541010  4.824205
1211640178  9.974963
1211769970  4.693674
1211855365  6.962159
1212063948  4.838574
1212151268  4.654292
1212154252  6.266353
1211092880  9.467477
1212273827  7.884324
1212441571  4.653312
1212651663  5.084813
1212231117  8.704746
1212599675  4.889302
1212923348  9.245114
1212924065  9.870893
1211146590  5.945476
1212363906  5.084813
1211380651  7.058104
1211444112  5.174558
1211772376  5.768766
1212120876  5.698936
1211223848  5.001455
1211521070  4.888137
1212917622  5.342858
1212940611  8.725801
1212539173  7.513202
1212888748  6.828288
1211632290  10.641013
1211894357  8.725801
1212270215  4.100695
1212452652  6.944021
1212793485  5.703351
1211088523  3.904088
1211118302  1.546164
1211418717  4.829690
1211918713  6.813169
1212127882  10.314131
1212786561  3.466549
1212803068  6.250235
1211491015  9.118486
1212507707  3.809830
1212685158  6.401520
1211028713  5.076799
1211314909  9.548036
1211474532  8.019393
1211487686  11.501511
1211508968  4.362386
1211552907  5.669474
1211893752  8.256908
1211915569  4.920787
1212063756  0.000000
1212063777  12.725878
1212067418  5.646536
1212070649  3.492551
1212087483  7.418546
1212090298  4.622557
1212100971  6.828288
1212166764  5.885081
1212201473  5.727977
1212261362  5.061476
1212272392  5.722322
1212494667  7.928920
1212503177  5.203891
1212510911  6.813169
1212515963  7.518215
1212588848  3.432679
1212591152  8.084911
1212606331  5.330454
1212611821  9.409922
1212669785  5.885081
1212671416  6.305444
1212673456  5.669474
1212692292  7.646279
1212754385  4.443463
1212757505  5.763965
1212853131  7.646279
1212875693  5.525067
1212877366  8.384225
1212889280  7.634176
1212896794  8.341395
1211023947  8.704746
1211431952  9.257036
1211611989  6.737573
1211759231  1.982317
1211152545  7.520930
1211376274  5.001455
1211810753  8.582756
1211841603  7.432547
1212084943  6.256450
1212086139  7.009762
1212585583  8.725801
1212599860  7.822594
1212762589  8.725801
1212855826  6.705081
1212893055  4.914176
1212897909  7.390035
1211064019  7.296930
1211168091  8.535359
1211197444  10.857601
1211201428  6.420089
1211323730  7.043627
1211343723  1.964916
1211375241  9.255660
1211465849  9.475334
1211638282  6.813169
1211681120  5.255270
1211737792  6.941694
1211866391  6.716703
1211980973  7.646279
1212416987  8.725801
1212502018  6.303035
1212728843  5.627383
1212835053  4.060828
1212875516  5.626590
1212883258  7.624239
1212893429  1.429030
1212983837  8.557003
1211038237  5.656466
1211273990  5.084813
1211303163  5.462630
1211508581  4.938470
1211896824  8.765501
1212035001  5.318463
1212554425  0.000000
1212554427  7.515660
1211432353  8.535810
1211181975  9.364849
1211277650  5.763965
1211868976  6.962159
1211094957  8.433853
1211150213  6.632365
1211313378  7.048105
1211376654  6.813169
1211428562  3.750302
1211486737  7.624239
1211545799  6.813169
1211890919  10.599513
1211893453  5.001455
1211917867  7.351552
1211976259  7.694355
1212066834  8.577525
1212070973  6.630627
1212737805  5.063931
1212764737  6.962159
1212828790  9.523575
1212979220  6.143081
1213024613  5.910512
1211174569  5.912358
1211868861  7.270841
1212241398  7.106501
1212813173  8.177549
1211519012  6.070346
1211697827  8.909909
1212048125  8.097188
1212809941  3.300288
1211754260  6.716703
1211816704  6.661783
1212131905  6.944387
1212739045  3.703853
1211111718  4.128509
1211303766  12.508410
1211646417  8.562046
1212421681  7.542997
1212637869  5.759044
1212653797  4.014326
1212725252  6.067331
1212738983  7.010329
1211652591  9.668467
1211996258  5.883514
1212026174  8.230964
1212159027  5.082991
1212202437  2.470565
1212212273  2.444658
1212271207  4.655896
1212788997  4.996572
1211345802  8.577525
1211600253  5.489491
1212023583  5.295082
1211087128  6.528536
1211376054  7.489504
1211436648  7.871692
1211512207  4.924621
1211518726  7.861348
1211762907  3.452680
1212275471  6.527024
1211051318  3.934743
1211603538  3.945281
1212293922  8.078058
1212333439  8.341395
1211330663  5.377355
1211560024  13.067610
1211666864  6.671152
1212209257  9.545877
1212866566  7.640544
1212872536  5.938826
1212976306  6.608369
1212977734  4.253191
1211345889  8.211781
1211489404  5.997480
1211509483  9.619094
1211601354  5.767463
1211631849  4.000322
1211732920  7.202233
1212931510  6.962159
1212306785  12.614905
1212756627  5.740645
1211664715  6.848025
1211846519  6.828288
1211897857  5.669474
1212118705  5.063931
1212301316  8.609448
1212432519  6.716703
1212546474  3.300288
1212947002  6.716703
1211343687  4.457253
1211610673  6.518019
1212117109  8.083323
1212211994  5.057991
1213051808  8.095260
1211980729  4.067850
1211580060  0.000000
1211580084  0.000000
1211580086  2.987083
1211427796  6.828288
1212355976  5.730796
1211852187  6.101776
1212159906  8.067840
1212272884  6.828288
1212890628  7.048105
1212895400  8.975095
1211939302  6.805961
1212022026  8.242829
1212205492  5.560651
1212222543  9.231512
1212726587  4.489191
1211040474  6.716349
1211227318  6.369080
1211328805  6.849611
1211336084  5.063931
1211373845  8.193217
1211462025  7.634176
1211595904  3.934743
1211614333  0.627900
1211614348  7.064118
1212011291  5.707280
1212243278  6.962159
1212300165  9.669267
1212849291  9.560363
1211084689  5.367222
1211201650  98.087135
1211591532  5.450535
1212548217  9.017492
1212910664  6.426608
1211371125  5.858776
1212915725  9.850945
1211407120  4.684373
1211678450  8.719747
1212284343  6.752860
1212756150  7.316027
1212887175  6.289078
1212888946  9.669267
1211157029  6.962159
1211201294  5.763965
1212283189  7.009762
1212457756  6.401520
1212599627  6.847414
1211114585  7.932547
1211153979  8.179474
1211473397  0.000000
1211473478  0.000000
1211473541  0.000000
1211473598  0.000000
1211473710  4.527099
1211552740  4.219943
1211582700  6.813169
1211587074  5.352435
1211774183  1.571933
1211783923  14.840193
1211930746  6.503474
1212068621  9.543375
1212874510  5.001455
1212980051  5.700887
1211081984  12.398253
1211101265  9.255660
1211862462  5.012143
1211042842  6.428097
1211284699  8.577525
1211286964  6.010561
1211372590  8.901252
1211380873  5.547069
1211456294  8.829861
1211456823  7.513202
1211979637  7.587387
1211983559  5.170996
1212003116  5.312553
1212068314  6.401857
1212154351  5.001455
1212158963  0.000000
1212158967  8.177238
1212406356  8.092339
1212495654  8.574417
1212498460  3.473988
1212591249  9.423392
1212699476  12.087848
1211686513  5.352435
1212308723  5.557802
1212359137  6.584122
1212375791  3.643194
1212530760  5.474251
1212550934  5.465238
1212877103  7.226507
1212893997  8.722907
1212983816  5.818511
1212274670  3.976160
1212275057  3.326398
1212291668  6.426608
1212297181  7.930240
1212368817  4.667413
1212671021  3.249205
1211080905  7.161355
1211098768  4.603340
1211266649  10.321360
1211317118  5.278179
1211677030  5.084813
1212271461  5.170996
1212561826  10.475039
1211158995  8.804935
1211308892  3.613712
1211823947  4.838574
1211113039  6.330701
1211459934  4.443463
1211717315  9.357300
1212071506  13.914831
1212071734  4.128509
1212164220  3.450596
1212456129  6.828648
1212502234  5.425641
1212509461  6.865012
1212584075  5.063931
1211321820  5.541105
1211680015  7.479503
1211811307  3.227977
1212127531  4.838574
1212250585  5.452739
1212328665  7.063746
1212681652  5.969553
1212812833  6.488732
1211513967  3.797948
1211856141  6.450910
1211990535  7.683747
1211246567  6.928646
1212200426  7.713021
1211179873  5.448014
1211309929  6.143081
1211401948  3.808222
1211587203  7.772278
1211601182  5.767857
1211850005  8.041430
1212211182  7.509025
1212280889  5.064645
1212295399  10.095906
1212819668  5.001455
1211072215  8.049859
1211791163  5.852818
1211948815  6.376542
1211581530  5.545636
1212270978  7.920692
1212599874  4.939316
1212602975  7.288902
1212799105  6.901191
1212914177  5.521855
1211300789  3.625831
1211303373  5.554222
1212067734  6.101345
1212714611  6.954887
1212854649  7.128685
