1211176311  19.603352
1211270545  10.888218
1211322603  14.302083
1211344194  20.337891
1211958767  10.959325
1212048117  14.496318
1212130195  16.461920
1212181474  87.386101
1212268017  18.758949
1212445882  0.000000
1212445898  17.659151
1212471926  19.120499
1212563291  6.859659
1212790533  8.412788
1211226217  24.505070
1211951829  11.289243
1211098291  15.837170
1211237032  12.104600
1211674675  74.870567
1212009684  15.948177
1212996165  12.663825
1211072480  10.964561
1211322328  10.085422
1211386109  16.541782
1211842312  26.817358
1211902677  19.541622
1211929187  24.433126
1212188710  10.253511
1212619393  61.156864
1212640789  69.789108
1212736419  21.197121
1211309714  21.195969
1212103404  13.718979
1212186982  25.670967
1211025443  12.711477
1211249769  72.936966
1211572382  67.505875
1211725397  10.121133
1211878035  15.050497
1212388441  14.286953
1212397995  13.280967
1212534911  5.305433
1213029569  83.837601
1211198011  10.288028
1212276893  8.106870
1212382222  101.800117
1212388985  20.300035
1211072348  17.440088
1212165260  19.633602
1212355820  14.179483
1212534684  28.691418
1211429441  62.157681
1211582397  3.016373
1211700293  72.668045
1211847347  10.959325
1212729004  5.271280
1212790556  15.505823
1213033535  10.917632
1213033656  103.796196
1211224581  14.881691
1211547319  10.959325
1212108378  74.411285
1212243009  14.896798
1212366725  67.713760
1212495967  15.050497
1212675118  13.111994
1211121563  10.253511
1211285522  7.557251
1211376165  8.750564
1212375374  48.879314
1212444425  13.802978
1211421349  13.562320
1211505034  15.505823
1211051324  8.256996
1211071181  10.959325
1211098848  19.905672
1211108255  15.837170
1211240069  0.021657
1211474674  0.398800
1211590176  8.664787
1211616882  17.440088
1211677046  18.546181
1211717018  15.922185
1211796350  9.885212
1211930242  0.587459
1212078154  10.369259
1212106835  4.131323
1212194494  10.340082
1212278319  11.566669
1212376685  20.412041
1212449699  15.021984
1212538853  8.703250
1212619246  15.665376
1212656086  0.209754
1212712100  5.633244
1212795833  12.906517
1212869267  15.493086
1212886294  19.318262
1212918307  10.369740
1212947708  17.440088
1212970477  7.309472
1213007180  0.355127
1211162041  18.542070
1211925984  17.154184
1212723425  26.350035
1212862639  83.271317
1212979565  17.592665
1211740165  94.429382
1211899159  11.921499
1212251343  102.266014
1212511393  85.753319
1212530095  15.770782
1212562570  81.326103
1212844501  16.187555
1211165603  15.473923
1211169217  65.255684
1211415385  8.430098
1211487236  11.157621
1211504784  9.434504
1211517898  21.467201
1211583197  12.382026
1211599047  23.683773
1211671196  8.020238
1211862163  20.840008
1211942849  76.121445
1212006844  7.008667
1212011969  75.828384
1212187077  17.440088
1213037480  14.342089
1211232441  77.023941
1211327978  8.533541
1211412694  17.440088
1211498486  15.922185
1211584868  6.907341
1211930060  7.007718
1212017199  7.252708
1212102818  9.909760
1212124884  72.228012
1212188359  14.755320
1212462931  10.462401
1212534882  14.342089
1212621164  6.785250
1212633368  65.661827
1212708794  14.723176
1212793731  10.074923
1212987965  23.552904
1211348870  10.985906
1211852071  10.253511
1212045815  11.742134
1212847034  15.480025
1211925455  14.383155
1212793105  15.480025
1212003178  67.645859
1211040070  18.113878
1211137448  14.768662
1211162684  12.182845
1212875176  62.153030
1212980625  7.132239
1211170378  10.253511
1211389256  7.447364
1211536942  8.420160
1211711113  15.981828
1212032902  72.228012
1212050475  14.803768
1212135647  10.784814
1212443097  16.670053
1212568143  10.288028
1212654768  16.024351
1212871228  15.508229
1211328502  14.238724
1211416542  9.003415
1212178226  74.489372
1212246906  17.383190
1212680719  14.044283
1211223109  44.183167
1211265915  27.986717
1211523171  69.064095
1211536148  10.288028
1211877231  10.086889
1212050408  7.431297
1212140149  11.338941
1212414287  10.603961
1212658679  17.606831
1212716631  20.976948
1212877205  91.269066
1212998624  15.154803
1213007432  17.852175
1211070151  11.627954
1211229762  1.107072
1211263322  66.361710
1211671989  10.913560
1211780466  0.024139
1212113869  14.803768
1212274658  24.275358
1212442379  15.922185
1212518786  0.627308
1212863039  16.807396
1213011106  10.599994
1213030024  0.350533
1213035186  107.175339
1211074642  23.084196
1211041503  79.979340
1211212680  89.870674
1211476288  18.489635
1211755952  10.121133
1211757763  70.450150
1211816741  11.912929
1212176680  20.797174
1212190174  7.520060
1212269927  79.095940
1212298603  69.898079
1212380868  78.904167
1212710645  18.546181
1212739761  11.745143
1212796006  11.185649
1212503099  16.745747
1211254785  16.187555
1211291012  18.542070
1211500929  19.189184
1211790344  0.025153
1211863732  54.847118
1211925773  11.322104
1212416209  13.267077
1212529648  9.377225
1211585980  129.547958
1212083312  64.225700
1212531913  66.361710
1211466138  8.533541
1211875053  26.923580
1212621009  4.262998
1212628993  10.793170
1211301465  18.695351
1211321820  10.755745
1211423623  16.679880
1211703508  3677.432861
1212548727  69.353241
1212622638  8.103696
1212644850  64.229294
1212702838  9.145456
1212788915  4.741833
1212804460  13.408437
1212900030  19.621655
1211892589  66.784599
1212022848  573.497253
1211201469  19.636946
1211214127  19.866503
1211384677  42.775898
1211457708  19.337723
1211546726  10.964561
1211803470  26.838333
1211889349  15.339556
1212580363  9.612667
1212667055  14.429800
1212753630  8.907306
1212966747  13.536844
1213015547  84.188774
1211026566  15.742398
1211350407  88.042076
1211631008  16.024351
1211909051  10.074923
1211571422  62.983494
1212936281  20.230703
1211909348  14.924238
1212096883  17.566366
1212185300  12.260647
1212377295  15.832725
1212962793  10.964561
1212428048  56.832462
1213021296  80.138123
1211124305  15.473923
1211236741  12.274876
1211750993  71.043945
1212024715  85.552483
1212517547  78.474243
1212528705  28.286482
1211628275  9.956156
1211662523  16.873495
1211667161  18.573069
1212441931  21.498125
1213062950  16.187555
1211509131  22.045006
1211549082  14.860309
1211615364  17.284504
1212016432  11.185649
1212146286  15.310537
1212583043  89.722137
1212621859  68.602364
1212624591  0.707530
1212624651  3.995870
1212665817  20.227713
1212709407  8.106870
1212719816  15.656178
1212932489  120.772606
1211074642  23.084196
1211243543  60.220646
1211393978  15.477532
1211408298  10.381464
1211488514  89.056854
1211657823  14.429800
1211774355  19.905672
1211847025  10.533422
1211914096  12.227911
1212167198  104.230209
1212292428  18.370838
1212448064  13.450747
1212514601  10.072635
1212520765  169.520950
1212529220  5.895361
1212608513  10.708980
1212828117  16.595184
1212878145  15.880656
1212969503  17.753302
1212969615  89.459412
1213035635  8.817536
1211420952  16.584673
1211872578  19.931971
1212175864  65.510849
1212631244  91.632782
1212782227  6.449742
1211299437  11.747869
1211754348  147.384048
1211773113  14.078232
1211936780  10.253511
1212125942  19.777548
1212389063  129.763046
1212874859  19.821495
1212975955  18.338297
1211115660  35.965504
1211126360  74.625801
1212211947  927.985657
1212247164  12.886585
1212460784  103.376343
1212823452  71.746651
1211996514  14.496318
1212184490  87.051552
1212375330  114.542618
1212705366  13.785172
1212793569  22.790010
1212799314  10.610866
1211298622  5.871175
1211656255  16.079748
1212160539  17.373745
1212870314  9.464780
1213027994  53.209892
1211760887  30.811432
1212095565  3.730124
1212412007  12.686792
1212453430  16.645704
1211513665  86.711937
1211536395  8.742702
1212648637  0.916561
1212990198  11.608335
1211304955  12.293892
1211836891  16.405632
1212181009  16.096796
1212595391  13.296096
1211062566  84.024132
1211178958  14.033600
1211502980  7.252708
1211622797  11.442163
1212101471  16.061647
1212478273  11.254585
1212643382  85.932053
1212902546  97.724258
1212975456  11.661132
1212998984  16.651064
1211214763  7.431297
1211220084  15.507437
1211911295  14.783849
1211211048  57.207668
1211573490  7.502801
1211593693  200.312943
1212080630  89.459412
1212264201  86.673615
1212497122  11.864465
1212708371  34.493031
1212732216  74.718636
1213023905  14.490941
1213081540  3423.271729
1211168881  81.075241
1211170201  70.569550
1211183813  15.480025
1211245926  15.163331
1211315177  81.426773
1211485729  61.138702
1211707278  11.758778
1211750576  84.126610
1212173621  94.627350
1212343159  9.909459
1212398734  11.650796
1212465318  13.732442
1212508143  65.740341
1212944541  67.462799
1213003771  9.163138
1211343506  12.143346
1211460021  21.221731
1212840553  19.181452
1211137477  22.215134
1211536520  78.921844
1212008912  10.074923
1212441193  8.546156
1212527943  9.909760
1211132074  17.801428
1211196916  13.223833
1211910467  17.559517
1212941619  24.135622
1211035825  19.317818
1211839494  14.951674
1212696509  65.255684
1212777729  72.228012
1212780419  66.867935
1211576966  0.805951
1211811857  14.316910
1211841235  16.213980
1212009858  142.291031
1212091347  88.027176
1212625135  4.606794
1212751477  19.639780
1212771101  11.469966
1212941943  61.138702
1211478893  70.226822
1211998235  65.255684
1212098130  10.301711
1212703006  17.255894
1212864772  83.214172
1212867830  165.948364
1212994106  14.076135
1211155637  8.094877
1211285612  18.933456
1211328006  7.309472
1211582159  9.909760
1212290744  20.517750
1212855617  85.669296
1211181057  75.581123
1211245774  14.927770
1211807417  69.916801
1212378334  19.996197
1212786305  72.930695
1211385523  15.218260
1211391260  14.220341
1211460048  16.461920
1211546372  10.245684
1211555900  25.582804
1211978503  10.074923
1212065119  16.042669
1212151528  9.809251
1212167138  10.497857
1212238601  13.762458
1212300571  15.657533
1212410463  11.448657
1212498832  15.444071
1212529731  14.193246
1212586327  11.264002
1212669715  9.809251
1212721849  0.497913
1212944529  92.044266
1212975675  15.922185
1213012126  8.688592
1211554532  10.253511
1212545309  9.595527
1212689356  12.721234
1213024200  81.639282
1211135041  8.591218
1211168908  14.289254
1211268653  10.964561
1211468024  80.541115
1211520028  7.986573
1211613126  10.784814
1211743088  73.452217
1211755696  18.199278
1211790898  17.039532
1212129518  18.682207
1212216274  3.017722
1212486329  18.370838
1212732898  8.106870
1212777391  16.585779
1212903936  12.293892
1212963275  61.138702
1211491711  10.288028
1211923873  16.187555
1212000915  0.091700
1212099674  8.393647
1212238364  14.672359
1212614623  17.481110
1212700403  10.784814
1212786406  10.784814
1211312933  21.525126
1211614419  94.738350
1211852680  18.772203
1212083866  15.190889
1212355218  14.429800
1212382407  94.808952
1212789703  11.168370
1211203574  7.077425
1211399222  105.862663
1211571223  64.675545
1211572782  166.822174
1211576054  9.378920
1212014210  4.950067
1212327253  13.009083
1212639467  9.398195
1211303297  12.993033
1211349941  13.934218
1211789541  87.334457
1211944778  79.517181
1212251710  13.011817
1212372340  11.732634
1212518776  6.893388
1212735577  37.330025
1212905306  12.002639
1212980786  56.506985
1212432233  6.007517
1212979912  73.680855
1213034528  8.106870
1211759028  18.858004
1211833448  49.713615
1212099566  77.530289
1212244215  72.228012
1212622222  7.252708
1212713599  4.970590
1213034385  72.228012
1211161905  19.206320
1211672502  0.231203
1211934462  9.098026
1211946614  12.498791
1211981371  12.691408
1212267038  8.106870
1212282276  12.816890
1212445484  10.784814
1212522330  10.074923
1212535180  12.382026
1212681304  11.481740
1212786258  15.976624
1212888953  10.233664
1212968380  11.146945
1212978835  16.649769
1212996882  18.685808
1211669953  17.663307
1211681544  12.971971
1211909570  67.462799
1212024188  22.909184
1212286121  11.690243
1212461289  22.719973
1212780401  79.350235
1211343199  10.780285
1212238626  66.293327
1211751463  102.401955
1211986409  10.253511
1212377953  21.827049
1212379294  12.293892
1212842503  7.309472
1211062114  6.635785
1211148173  17.154184
1211171507  12.076023
1211255532  15.922185
1211426819  12.597586
1211827597  7.962104
1212034673  18.955133
1212093452  10.041436
1212120306  12.615418
1212132812  30.649590
1212165507  16.365076
1212181316  148.385910
1212208073  0.050150
1212289952  17.489557
1212441266  65.255684
1212520051  6.400448
1212639738  15.922185
1212682486  14.512524
1212722783  20.917780
1212767621  16.873045
1212843026  13.449397
1211326441  6.387123
1212989613  10.964561
1211049173  55.704105
1211323664  9.922753
1211582490  67.718719
1211750366  10.253511
1211940134  14.982687
1212598915  19.878906
1212608941  19.437037
1212667857  16.187555
