1212307071  3.107442
1211171308  11.651279
1211512962  14.964705
1211605180  11.412416
1211461498  2.113391
1212105440  21.172352
1211874175  18.463699
1211841085  16.003214
1213001556  15.832474
1212088045  12.415298
1211236208  10.403703
1211401394  13.066618
1212045254  12.238361
1212289025  17.402485
1211526191  671.424988
1211684059  14.155502
1212225084  12.983261
1211490859  10.392892
1211527636  17.044985
1211264637  12.026248
1211702854  18.053026
1212623498  13.993659
1211416488  9.205193
1212234776  11.000599
1211147756  6.130557
1212168383  12.153661
1211677655  14.053319
1211609406  12.333057
1211372246  11.009470
1211089888  13.469717
1212611410  9.415594
1212888690  3.248904
1212147451  7.008262
1211026357  0.550032
1211067783  9.444912
1211236931  0.000000
1211238619  0.000000
1211238675  0.000000
1211238719  0.000000
1211238739  0.000000
1211238801  0.000000
1211238910  0.000000
1211238953  0.000000
1211239010  0.000000
1211239028  0.000000
1211239042  0.000000
1211239074  0.000000
1211239135  0.000000
1211239256  5.664301
1211366679  8.124696
1211367312  5.673679
1211410589  0.242101
1211448109  19.736004
1211461347  3.341931
1211540964  0.000000
1211541024  0.000000
1211541087  0.000000
1211541138  0.000000
1211555464  6.196026
1211584647  0.000000
1211584673  0.000000
1211584681  0.000000
1211584737  0.000000
1211584802  0.381947
1211585441  3.152044
1211642758  3.450905
1211674630  0.540447
1211676024  1.844180
1211731823  7.874797
1211746901  0.000000
1211765098  8.704338
1211806166  0.000000
1211806225  0.000000
1211806286  0.000000
1211806344  0.000000
1211819158  6.777559
1211844764  3.303844
1211868826  0.249489
1211927910  0.000000
1211927969  0.071229
1211970009  0.356398
1212055544  0.216431
1212097441  0.171743
1212160217  8.896452
1212233107  0.000000
1212233127  0.000000
1212250242  15.769204
1212399316  0.185708
1212485160  0.000000
1212485215  0.000000
1212485283  0.000000
1212485336  0.000000
1212485396  0.000000
1212485457  0.000000
1212485517  0.000000
1212485577  0.000000
1212485641  0.000000
1212485698  0.000000
1212485763  0.000000
1212485819  0.000000
1212485857  0.000000
1212485917  0.000000
1212485977  0.000000
1212486058  0.000000
1212486098  0.000000
1212486162  0.000000
1212486218  0.000000
1212486282  0.000000
1212486343  0.000000
1212486402  0.000000
1212486458  0.000000
1212486518  0.000000
1212486588  0.000000
1212486639  0.000000
1212486699  0.000000
1212486759  0.000000
1212486819  0.000000
1212486879  0.000000
1212486946  0.000000
1212486999  0.000000
1212487059  0.000000
1212487124  0.000000
1212487180  0.000000
1212487245  0.000000
1212487300  0.000000
1212487360  0.000000
1212487424  0.000000
1212487485  0.000000
1212487549  0.000000
1212487600  0.000000
1212487666  0.000000
1212487726  0.000000
1212487781  0.000000
1212487846  0.000000
1212487911  0.000000
1212487961  0.000000
1212488021  0.000000
1212488086  0.000000
1212488143  0.000000
1212488207  0.000000
1212488262  0.000000
1212488322  0.000000
1212488382  0.000000
1212488443  0.000000
1212488503  0.000000
1212488564  0.000000
1212488624  0.000000
1212488692  0.000000
1212488747  0.000000
1212488806  0.000000
1212488866  0.000000
1212488942  0.000000
1212488988  0.000000
1212489049  0.000000
1212489110  0.000000
1212489166  0.000000
1212489226  0.000000
1212489286  0.000000
1212489346  0.000000
1212489407  0.000000
1212489467  0.000000
1212489539  0.000000
1212489594  0.000000
1212489649  0.000000
1212489710  0.000000
1212489779  0.000000
1212489829  0.000000
1212489889  0.000000
1212489950  0.000000
1212490010  0.000000
1212490068  0.000000
1212490119  0.000000
1212490173  0.000000
1212490229  0.000000
1212490276  0.000000
1212490336  0.000000
1212490423  0.000000
1212490488  0.000000
1212490543  0.000000
1212490603  0.000000
1212490663  0.000000
1212490723  0.000000
1212490784  0.000000
1212490844  0.000000
1212490905  0.000000
1212490969  0.000000
1212491025  0.000000
1212491086  0.000000
1212491146  0.000000
1212491212  0.000000
1212491267  0.000000
1212491329  0.000000
1212491390  0.000000
1212491450  0.000000
1212491509  0.000000
1212491576  0.000000
1212491630  0.000000
1212491691  0.000000
1212491752  0.000000
1212491800  0.000000
1212491864  0.000000
1212491920  0.000000
1212491987  0.000000
1212492053  0.000000
1212492101  0.000000
1212492166  0.000000
1212492223  0.000000
1212492283  0.000000
1212492345  0.000000
1212492405  0.000000
1212492466  0.000000
1212492526  0.000000
1212492591  0.000000
1212492647  0.000000
1212492724  0.000000
1212492769  0.000000
1212492833  0.000000
1212492889  0.000000
1212492952  0.000000
1212492996  3.303844
1212493176  0.000000
1212493211  0.000000
1212505069  8.270286
1212532730  0.030384
1212612576  13.689248
1212626588  0.000000
1212626605  0.761401
1212626717  4.987787
1212673334  6.168874
1212705854  0.000000
1212705912  0.000000
1212705959  0.192299
1212761106  6.320862
1212792478  0.000000
1212792521  0.000000
1212792533  0.031097
1212814651  5.980301
1212885065  0.564760
1213002887  0.367759
1211274066  8.586284
1211537683  13.717041
1211676480  10.374924
1212291919  11.953579
1212633296  11.962397
1212980283  6.818529
1211778344  13.272305
1211859991  11.024061
1212545275  12.059866
1212622325  13.115690
1212169669  7.551792
1212942227  9.317934
1212728364  6.835405
1212047535  11.904642
1212395901  21.966763
1211627157  17.467733
1212543669  13.427715
1212807190  15.309541
1212441272  10.049888
1212496174  4.128816
1211710162  12.754073
1211600621  11.485231
1211601330  9.731985
1212292062  6.640329
1212600715  12.396921
1211182162  11.008722
1211980587  9.679267
1211177307  13.465574
1211907881  13.355912
1211861113  10.011670
1211442283  14.491259
1211506440  14.280467
1211605432  14.742488
1212829128  3.824966
1211157012  12.590765
1211425727  15.001131
1211508237  14.256199
1211257877  9.624791
1211351806  12.575736
1212310882  6.970554
1212650664  11.108235
1212124148  15.597349
1212397918  24.291945
