1211100458  9.540343
1211858249  19.412075
1212669782  5.677854
1211314730  6.988862
1211348936  5.627444
1211443963  6.872397
1211528937  13.030059
1211816271  9.170391
1211855455  5.581040
1211858257  6.275939
1212076253  4.943603
1212132977  11.655654
1212139066  5.373755
1212194374  9.215735
1212618053  7.109376
1211483522  12.689804
1211827640  6.183454
1212280395  19.804005
1212677106  4.521531
1212958736  7.880921
1212968356  12.714870
1211102340  4.658546
1211516518  5.124402
1211837018  7.646360
1212001084  4.333674
1212084474  4.395551
1212335547  6.682469
1212522536  4.784735
1212677461  2.773714
1212683084  7.358956
1212713622  2.682773
1212716571  5.151729
1212852578  5.347920
1211273945  8.280823
1211362331  7.566990
1211085339  6.872397
1212650012  8.161286
1212913739  1.362395
1211065383  4.675689
1211076053  7.258697
1211827795  5.939284
1211997215  7.827921
1212015024  5.028584
1212396165  9.149846
1212433610  4.395187
1211164538  6.559422
1211400295  5.895027
1211443904  7.109376
1211753499  5.347920
1212742352  5.971951
1211956014  4.718383
1211782161  6.131659
1212131206  7.133044
1212469099  3.868006
1213000138  4.272955
1212379107  6.554244
1212429709  5.052719
1212021092  2.911107
1212111773  5.608593
1212644943  7.120181
1212035682  7.271308
1212312540  6.884658
1212742239  9.010487
1211867714  9.371451
1211547131  7.761449
1211675957  6.342683
1211783001  7.373107
1212338801  7.212715
1212370362  4.936542
1212381377  6.211919
1211100273  8.676590
1211621208  4.567547
1211690474  6.017302
1211035148  6.872397
1211056266  7.667784
1211093234  9.266036
1211129974  0.000000
1211130037  9.380232
1211200648  3.552631
1211245455  7.017168
1211288372  6.002607
1211457208  5.124402
1211464632  1.261980
1211637574  4.324030
1211726723  4.771467
1211735389  6.759735
1211755680  5.296418
1212148485  7.314156
1212150718  7.314156
1212251397  1.241292
1212332021  5.939973
1212362073  4.813210
1212381673  2.033978
1212412595  18.401934
1212416338  4.478129
1212494567  1.261980
1212581502  5.186939
1212666453  6.793350
1212754124  4.251963
1212847843  6.392859
1213013612  3.818769
1211261814  6.984914
1211648893  6.746591
1211665922  7.936327
1212202824  9.433417
1212210686  7.127434
1212249951  5.691211
1212480411  3.279241
1212734735  9.249898
1212915842  8.923008
1212988645  5.499023
1211091780  3.596029
1211453827  7.278087
1212055533  7.634212
1212474851  11.581852
1211192099  6.506546
1211374928  6.037507
1211966311  7.997484
1212385937  4.283913
1212635143  4.967295
1212737509  8.161286
1212737569  11.202120
1211693541  6.002607
1212450775  1.787099
1212042184  8.027494
1212386116  5.457298
1212627840  4.049489
1212901984  6.984914
1212227970  6.889583
1212263711  6.295287
1211393687  5.260250
1211484539  8.858756
1211524353  6.352807
1211769545  5.260250
1212508594  2.682773
1212969192  5.126278
1212303762  6.278859
1212914905  6.761920
1212996754  7.772654
1211265957  6.566905
1211272147  9.955809
1211342707  7.253169
1211352047  9.650727
1211356138  5.151496
1212394262  7.438125
1212479322  6.132442
1212632940  8.014128
1212644669  5.757205
1212654626  8.916197
1212657484  6.759735
1212687612  5.731339
1212298850  6.609566
1212562215  5.154298
1211132513  4.251963
1211683893  5.450786
1212364002  4.002036
1212385565  6.694335
1211315232  7.880921
1211647667  5.347920
1211797470  7.212715
1212291290  8.923008
1212298926  6.360540
1212364156  8.678221
1212468699  7.653400
1212722269  5.027656
1211066750  4.927628
1211092073  6.660708
1211161465  5.260250
1211180110  2.487405
1211251920  7.529958
1211317804  5.754774
1211332619  4.251963
1211545710  6.476719
1211632406  8.761769
1211679137  10.949857
1211728739  8.107766
1211843469  7.714775
1211883100  10.495030
1212063030  4.771467
1212075767  5.578973
1212151636  7.210080
1212191336  2.499708
1212409470  7.344555
1212967009  6.619767
1213014054  7.820983
1213019072  7.686620
1212498837  7.886498
1211649774  3.704352
1212631048  3.848652
1211763574  6.872397
1212981890  9.583812
1211794522  6.566905
1211796375  7.566369
1212319146  6.916291
1211135023  6.731966
1212647358  4.251963
1211694462  2.366213
1213011014  8.186595
1211646031  4.339811
1211690847  8.955518
1211705397  6.649233
1212324813  8.678221
1211028649  7.511079
1211099094  8.245641
1211258379  8.617876
1211797731  10.744461
1211842534  12.075132
1211879582  7.983244
1211898842  7.320961
1211936246  5.999452
1212702685  3.927190
1212291160  8.010665
1212707402  6.859034
1212647191  5.093257
1211760323  6.776409
1211711006  4.658513
1211805379  6.749857
1211946030  9.271672
1211950597  5.567595
1212054915  6.236971
1212222042  6.545140
1212557848  7.256217
1212052705  8.479074
1212480400  7.739246
1212973604  0.000000
1212973621  6.533213
1211124283  5.882782
1211130801  0.000000
1211130810  16.087528
1211723059  13.566848
1211821111  9.312502
1212033706  13.084977
1212139335  4.494942
1212397463  10.196162
1212883660  5.154330
1211609915  8.126229
1211624696  1.992600
1211865353  6.872397
1211877716  6.134726
1211953188  5.546039
1211968395  7.496037
1212052538  10.137438
1212311337  5.331629
1211036306  6.236971
1211184345  11.903936
1211289631  3.961422
1211599968  7.482582
1212241019  1.261980
1212387474  11.877509
1212131419  11.179745
1212525032  5.585348
1211847157  6.511247
1212187506  10.422913
1212286074  7.333979
1211100360  5.808974
1211273066  10.169809
1212657914  6.134726
1212685496  7.139194
1212814765  6.275939
1211097922  5.933107
1211133077  4.730217
1211163159  7.955169
1211524951  11.224654
1211780044  4.876782
1211859835  5.323102
1212262628  7.859021
1211928555  15.095950
1212128529  6.141654
1212290665  6.273561
1212294315  6.872397
1212371830  6.486799
1212649978  4.554030
1211101373  12.778185
1211223634  4.693246
1211346368  3.886450
1211356053  7.635997
1211361725  6.236971
1211496354  6.767027
1212183492  5.635718
1212211221  6.782042
1212827197  6.533213
1211652922  4.063898
1212389362  6.872397
1212459526  4.251963
1212910501  8.186595
1211099531  9.532390
1211499532  5.031495
1211915966  7.871252
1212450747  3.599924
1212471607  7.212715
1212596310  10.309737
1212753279  6.652670
1212861796  5.942133
1211462906  6.159699
1212617190  10.259027
1212820811  8.847954
1212935918  6.759735
1211165162  5.584774
1211686756  5.022596
1212201589  5.834095
1212290240  5.173774
1212723054  4.936542
1211263602  8.587583
1211272990  7.143888
1211347238  9.651594
1211349285  6.343751
1211680206  8.025370
1211993120  9.330338
1212315956  6.950141
1212911695  7.511079
1211034330  5.991797
1211527244  6.274777
1211715303  9.081738
1212089576  6.276054
1212249649  5.142815
1212941131  6.545140
1211092837  5.938755
1211724863  6.002607
1212222136  5.497814
1212292007  4.964872
1212292387  7.419351
1212307891  7.653400
1212643845  6.984914
1212934950  5.999452
1212944956  5.126278
1212954377  7.130560
1211411552  7.600868
1212300683  10.107560
1212984066  6.384269
1213082355  5.693779
1211076315  7.033744
1211165840  6.682469
1211178473  6.209593
1212677862  4.133658
1211480827  8.218310
1211866592  7.999831
1212043623  5.417475
1211699671  6.322464
1211721997  5.757205
1211251775  7.594645
1211449987  5.980828
1211453165  4.324030
1212230565  9.955809
1211562496  7.461184
1211652324  4.789115
1212329062  12.047961
1211830003  5.089266
1211949249  5.393895
1212883172  0.819762
1211158497  5.677854
1211174679  7.959462
1211715287  8.027494
1211827859  4.110863
1212366302  5.801993
1212480485  7.868234
1212643980  159.028015
1211525651  8.903221
1211620273  4.880382
1211633703  9.134969
1212039660  4.544254
1212133368  8.248363
1212339766  2.517679
1211726508  10.669948
1212136081  1.611039
1211098329  3.514823
1211821424  27.975679
1212144803  8.738024
1212133013  6.803969
1212517636  4.736155
1212718655  3.401570
1212917140  3.644540
