1212002513  2.036066
1212092842  3.356034
1212118176  8.293456
1212201195  9.284661
1212217515  3.298663
1212614619  5.214214
1211653484  6.032667
1212265783  8.386492
1212636156  6.093603
1212932428  7.111398
1212945878  11.846669
1212975258  5.696537
1212979862  4.938753
1211166455  18.555458
1211676479  5.222574
1211052851  10.506131
1211100565  8.386138
1211125137  4.213664
1211228507  9.383426
1211408426  0.432536
1211640699  3.275665
1211671638  3.318735
1212114907  6.649816
1212125617  4.333233
1212453340  7.927984
1212543119  1.192903
1211762227  2.052786
1211762340  7.488414
1211860635  4.428995
1211866986  4.370448
1211902133  5.455764
1211928889  14.511537
1212889786  5.136958
1211312864  5.911401
1211334233  0.000000
1211334299  4.213664
1211399290  8.872098
1212130788  2.062380
1212444286  4.144588
1212554858  2.665979
1212594464  15.974349
1212800569  0.000000
1212800630  4.144588
1212828312  0.000000
1212828329  3.219188
1211150132  3.164625
1211165067  3.060867
1211377590  0.000000
1211377615  1.759531
1211509482  5.772082
1211080550  6.155211
1211183647  10.506131
1211325570  8.662543
1211526227  2.731990
1212036513  2.605459
1212346610  10.566505
1212359672  5.624131
1212368205  5.894072
1212373048  5.057053
1213027527  8.591776
1211158359  6.631774
1211204663  4.081413
1211669504  9.519030
1212878910  2.084368
1212987809  5.528058
1213040758  5.811604
1213073371  13.754432
1211475079  3.540838
1211832552  6.369788
1211684258  2.882636
1212030749  0.000000
1212030811  0.000000
1212030829  2.612693
1212103294  11.535050
1212270070  3.632978
1212698751  4.358963
1212707790  8.321463
1212869801  1.451131
1211402711  1.855944
1211569362  9.422094
1212246302  6.595807
1212375486  11.152957
1212669996  5.534862
1211735367  6.445263
1211985006  3.111882
1211998770  7.223605
1212120351  8.091297
1212133504  4.218772
1212198689  5.972093
1212758857  6.369788
1211303876  16.184729
1212089311  5.905965
1212345724  5.207515
1212507477  7.880297
1212823409  5.719860
1211665937  3.381942
1211852341  4.652861
1211869852  2.084368
1211943952  5.912348
1211948248  2.799278
1212804132  5.417191
1211304944  9.105083
1211590854  3.309143
1211647441  6.968084
1211653584  9.731061
1211819036  9.229599
1211819249  15.703395
1211829886  3.060867
1212157458  8.955818
1212262584  3.111882
1212517246  4.576410
1212755549  5.136958
1212807931  3.771411
1211674398  4.548843
1211677341  6.879624
1211679460  4.144588
1211733997  3.655058
1211780963  2.258065
1211344900  3.394780
1211168804  1.920626
1211660793  7.417022
1211774182  5.790717
1211781576  6.103547
1212187430  2.150538
1212377398  2.116936
1212627217  9.161453
1212632979  6.606653
1211662147  2.799278
1212432417  10.168246
1211353715  0.000000
1211353722  4.136268
1211778459  10.473996
1212441677  0.000000
1212441706  3.150788
1212646467  2.656547
1213045783  2.313817
1213062150  1.885049
1213072518  4.475475
1211303576  7.072771
1211506253  10.681233
1211847369  2.530560
1211860417  2.022148
1211899082  5.235442
1211910747  8.100969
1211985593  3.521286
1212286763  2.799278
1212359570  12.513648
1212777614  5.045081
1212779891  8.530633
1211284312  10.711850
1211287674  10.777591
1211522098  7.651914
1211691520  4.481729
1211737059  4.126272
1212147106  2.022148
1212470645  2.657342
1211096596  2.029488
1211116125  10.681233
1211403244  6.964033
1211480361  3.812708
1211667229  8.386138
1211690334  14.074085
1211779172  4.475307
1212012189  9.780722
1212095092  12.858217
1212164577  17.656067
1212302609  4.314147
1212642008  3.407498
1211071000  2.084368
1211283350  14.794626
1211602668  0.000000
1211602681  0.000000
1211602695  3.643051
1212588731  6.066465
1212600977  5.068235
1212685701  3.486363
1211671636  6.956285
1211985783  3.930251
1212124566  11.657606
1212369275  2.923312
1212212170  2.872506
1212220786  8.093554
1212421715  0.000000
1212421755  18.671291
1212889994  7.526472
1212301799  3.345607
1212302000  7.261799
1212512960  2.084368
1212600323  5.420833
1212813731  0.000000
1212813753  1.026393
1212940323  8.592712
1211873814  1.328273
1211945699  14.893750
1212117250  4.838710
1211171329  3.457646
1211496501  4.231318
1211612365  2.985668
1212454584  15.193048
1212825409  13.498817
1212979231  8.649949
1211075728  6.375924
1212014646  7.915772
1212259172  10.100247
1212630550  0.000000
1212630581  0.000000
1212630629  8.514793
1212780848  2.335929
1212894201  0.000000
1212894236  7.341739
1212941090  12.427483
1211508748  4.136268
1211576319  3.223670
1211813416  0.000000
1211813417  29.632517
1212810659  3.373110
1212895518  4.624657
1212946173  10.775472
1212029493  3.643768
1212117095  5.645162
1212284886  3.925431
1212445576  5.790813
1212863405  0.588144
1212886308  5.136958
1211169592  4.345919
1211176350  3.611712
1211432434  10.730061
1211604736  4.707694
1211731400  12.876073
1211742511  10.605260
1212081481  7.919333
1212453749  6.822872
1212613343  6.357448
1212723461  4.675203
1212810701  14.306748
1212851385  6.528497
1211376637  2.670930
1211387035  10.372939
1211461847  3.188811
1211549498  6.265365
1211556100  4.624657
1211618294  5.089597
1211676089  0.000000
1211676135  2.799278
1211684884  4.213664
1211756636  3.651232
1211897399  4.195043
1212180602  13.484785
1212352129  10.895679
1212601211  2.923076
1212676442  6.265365
1212683442  0.194381
1212759517  4.195043
1212955368  6.853418
1211081066  1.974478
1211127706  7.773674
1211168452  13.520977
1211324206  11.493836
1211525975  3.024612
1211686345  2.875157
1211694937  4.285082
1211737231  9.375432
1211772104  3.151985
1211855606  8.415229
1212242948  7.385472
1212309353  6.220514
1212340500  5.943643
1212520850  3.592453
1211094493  4.237199
1211427270  8.550631
1211480575  14.614083
1212157003  2.923076
1212159829  10.483779
1212167051  2.084368
1211119154  10.021168
1211139117  9.092395
1212251807  2.253263
1212645058  6.692394
1212894488  5.045081
1211194747  7.255387
1211906672  16.508324
1211946080  3.382188
1212303354  2.403694
1212303516  0.000000
1212303541  9.294392
1212368323  5.165871
1211107535  4.696939
1211107898  24.961380
1211307490  4.339700
1211332282  5.571330
1211372065  10.000305
1211377192  4.500137
1211711959  6.331589
1211853203  9.337041
1211894039  9.659095
1212060392  4.240273
1212060754  8.372380
1212146240  21.319336
1212151908  10.462608
1212156697  4.696939
1212164305  2.258065
1212468525  2.999227
1212883120  15.588355
1212886298  3.464290
1211135376  0.000000
1211135413  4.591148
1211143815  3.889536
1211176895  0.400800
1211177694  9.774803
1211493012  10.172604
1211617055  4.077739
1211646713  14.461748
1212304221  0.000000
1212304273  3.734258
1212947413  8.455946
1212989789  1.727895
1211113514  0.000000
1211113525  0.000000
1211113755  2.258065
1211210271  1.229845
1211375567  6.671840
1211582636  1.511936
1211641524  9.303610
1211641686  2.452193
1211644177  6.000183
1211906120  3.268865
1212087905  11.711087
1212356531  3.872347
1212457006  7.336178
1211496508  5.887586
1211791662  5.055439
1212290772  18.269386
1212888677  3.398301
1211673576  3.111882
1212331735  0.000000
1212331743  3.661727
1212706770  7.773629
1212887083  4.144588
1211089863  3.060867
1211423353  3.603629
1211832644  4.144588
1212225854  7.779705
1211512700  2.113067
1211573157  7.417022
1211925144  3.309143
1212326668  7.672781
1212331045  17.622740
1212340290  3.907131
1212609158  5.352818
1212639216  4.077739
1212722714  8.187191
1212861675  9.157771
1212986437  8.321463
1211029683  3.776893
1211040796  3.006206
1211637772  7.021298
1211686385  6.144205
1211729625  8.418165
1211861457  8.593262
1211874170  5.972459
1212252067  5.640861
1212258916  2.951176
1212419495  5.972459
1212854942  9.956858
1213036264  1.266205
1211596074  2.140527
1211644852  4.500137
1211754907  4.213664
1211841467  11.885277
1211917383  0.000000
1211917406  0.000000
1211917417  0.000000
1211917419  0.000000
1211917422  10.338513
1212028046  0.000000
1212028084  6.774194
1212118400  6.263756
1212426481  3.225807
1212965816  5.244275
1211639937  3.197107
1212086281  0.000000
1212086299  3.079179
1212808422  7.464754
1212837785  2.923076
1212955233  3.975677
1213040017  0.000000
1213040019  0.000000
1213040037  1.138520
1211166946  0.000000
1211166948  3.060867
1211567414  6.588677
1212372477  3.651232
1212779283  5.851923
1212787710  5.976517
1213021767  0.000000
1213021827  0.000000
1213021902  0.000000
1213021948  0.000000
1213021956  3.225807
1211085538  11.760474
1211423249  0.000000
1211423259  2.605459
1211976120  7.417022
1212079293  0.000000
1212079334  0.000000
1212079462  3.756755
1211074964  0.000000
1211074966  0.000000
1211075049  9.561959
1211337669  4.644886
1211590274  8.407134
1212055607  6.033914
1212699468  7.796840
1212894590  3.394780
1212986258  12.191045
1211590312  3.583748
1212668294  6.637305
1212970243  0.000000
1212970300  0.000000
1212970304  2.150538
1211240924  7.603795
1211345638  5.890604
1211577642  12.083364
1212970080  4.195043
1211081613  3.887546
1211236791  5.411015
1211385737  8.329887
1211611139  10.124621
1212036267  1.935484
1211486584  1.302730
1211878824  0.000000
1211878832  1.935484
1212302221  2.629759
1212354423  2.612284
1212463190  1.959520
1211433636  11.361241
1211582657  1.793049
1211829161  7.292294
1213000610  0.418160
1211022357  11.106982
1211023141  4.500137
1211110573  7.417022
1211306935  4.195043
1211751543  2.506816
1212027411  7.601838
1212029836  6.637305
1212138165  3.734258
1212384813  6.749802
1212387620  3.878973
1212396027  3.060867
1212576564  8.933554
1211057807  7.781607
1211463902  14.063551
1211688757  2.799278
1211745047  4.780511
1211774164  5.697353
1211981317  13.385746
1212035798  3.830604
1212093863  10.697734
1212434027  10.336234
1212550678  7.867565
1212860523  7.181266
1212860740  14.777575
1212864437  5.823720
1212864785  11.946661
1211164757  4.942621
1211169719  0.841042
1212167708  18.529943
1212276540  0.000000
1212276543  4.310944
1212469593  2.773048
1212977561  2.258065
1211242566  7.526472
1211260160  10.634378
1211412882  7.417022
1211416776  3.776893
1212306146  2.204265
1212478311  4.624657
1212870286  0.000000
1212870296  4.126272
1212871145  5.097215
1212959347  6.520176
1212964666  4.310944
1211598290  3.580844
1211682444  8.402063
1211912245  6.871109
1212376009  4.501125
1212445919  3.111882
1212465407  7.390954
1212539380  4.178059
1212539575  12.417064
1212628189  5.507595
1212714424  9.442433
1212814043  3.188811
1212814220  0.000000
1212814282  21.763933
1212958282  7.093706
1211175062  3.192719
1211331377  6.265365
1212806376  7.268241
1212587756  5.525877
1212859014  10.088374
1212896825  4.896628
1211146928  4.195043
1211431506  7.093706
1211770715  2.753388
1211813101  2.875157
1211860886  4.195043
1211894980  8.013261
1212273079  9.594150
1212282616  6.853418
1212369472  1.963535
1212551838  5.478474
1212812284  5.222574
1212969721  3.661727
1211083666  6.453010
1211435410  5.751913
1212184362  67.741943
1212278316  0.000000
1212278376  0.000000
1212278440  0.000000
1212278497  0.000000
1212278557  3.111882
1212391751  4.552541
1212938994  3.292502
1212940024  8.736483
1211040598  9.420339
1211166335  2.799278
1211224723  4.190051
1211339343  2.935416
1211444148  4.702142
1211982469  9.764091
1212384531  5.055439
1212517500  2.142541
1212612537  16.477316
1212698287  14.719994
1212710953  5.670253
1212884631  5.802860
1213021351  2.556300
1211980111  4.352145
1212074830  5.120743
1212495955  10.599938
1212902345  2.419355
1211060459  5.859411
1211752525  3.957178
1212228850  11.900338
1212384636  10.764591
1212802693  8.455946
1212808865  2.945302
1212912472  13.361447
1212988576  7.196369
1211771254  11.885277
1211772231  4.213664
1212454313  3.613889
1212557803  6.394989
1212652028  13.127491
1213045883  2.544816
1211324401  0.000000
1211324403  13.972994
1211911924  9.037741
1212213958  4.472476
1212602558  4.352825
1212623544  2.258065
1212635884  10.869713
1211679820  2.013621
1211949438  2.923076
1212071764  6.369788
1212103570  9.181276
1212125832  10.421838
1212358997  6.219670
1212547504  3544.190430
1212976103  2.799278
1211200817  18.864126
1212020657  10.482673
1212296211  12.384048
1212462841  0.000000
1212462901  13.346283
1211046337  2.872506
1211092461  2.463343
1211147928  7.170753
1211415891  4.951020
1212035187  4.919877
1212168597  8.923257
1212214696  7.995340
1212356477  2.984328
1212432327  7.765809
1212445467  5.440773
1212857206  2.765544
1211732663  0.000000
1211732669  0.000000
1211732734  9.923586
1211990956  7.129999
1212331197  0.000000
1212331253  0.000000
1212331265  10.956656
1212342534  1.396741
1212947172  2.364569
1211059437  7.044161
1211593294  5.671965
1211828597  8.799259
1212012174  5.336143
1212411074  1.050263
1212598853  4.516129
1212632963  6.401581
1211050563  3.872347
1211050743  5.941953
1211210276  9.002251
1211337270  5.534862
1211483408  9.182296
1211490529  11.106982
1211563142  5.515974
1211663363  8.510337
1211693507  0.000000
1211693534  11.197922
1212249832  5.024446
1212827332  9.858810
1211479889  9.199139
1211571622  4.195043
1211675102  7.287537
1211685654  0.000000
1211685680  0.000000
1211685685  7.807392
1211697292  3.590633
1212048990  2.629759
1212236316  5.478474
1212241692  2.923076
1212514624  1.680967
1212522860  8.521243
1212524765  5.153820
1212682053  0.000000
1212682066  8.230948
1212867947  2.258065
1211425260  2.799278
1212276376  3.773430
1212377281  5.962530
1212505005  1.770364
1212899349  4.596725
1212912276  2.415873
1211091615  2.923076
1211678297  2.963697
1211828917  3.711739
1211941702  3.111882
1212113661  10.933026
1212639845  4.624657
1212956618  7.161688
1212230384  5.459818
1212732528  22.362627
1212777831  3.641933
1212792873  4.576410
