1211247484  7.072788
1211254815  2.526309
1211260868  3.521275
1211264725  6.830401
1211340754  6.493052
1211480215  5.272901
1211662949  3.841391
1211674481  3.521275
1211696839  5.596954
1211945319  7.200618
1212218578  6.208078
1212286621  1.760805
1212297932  4.203720
1212452645  8.350618
1212636767  6.300897
1212674355  6.093479
1212992327  2.934675
1211600931  5.819947
1211656931  9.475548
1211761314  3.521275
1211936316  2.218855
1212034370  6.818165
1212726649  9.530792
1212786184  5.222294
1212815083  3.521275
1212950064  3.478496
1211168978  5.864070
1211210948  16.188524
1211264803  6.914104
1211264861  13.581667
1211332803  0.000000
1211332808  5.454725
1211334823  5.649537
1211334970  7.149314
1211426799  7.766199
1211511641  12.432619
1211517549  8.156021
1211690384  1.658837
1211701604  5.432068
1211755693  2.894199
1211756894  3.168609
1211228782  8.042674
1211331904  1.731939
1211409321  5.310808
1211477078  7.739614
1211549578  4.834764
1211695202  7.604896
1211775331  13.315773
1211919131  4.940908
1211925281  2.598357
1212256234  1.731939
1212308572  3.673138
1212356715  3.678768
1212371401  0.000000
1212371462  5.186460
1212385189  12.747752
1212621139  5.222294
1212771137  4.287372
1212771737  1.714131
1212830766  8.187518
1212903281  6.995692
1212975476  5.421408
1211072623  5.964190
1211690731  6.730308
1211762699  3.353595
1211764572  4.358828
1211866186  4.986817
1211903232  7.189896
1211947751  7.750040
1212211817  6.623062
1212281418  3.521275
1212286864  4.554580
1212515102  14.091426
1212626044  6.493052
1211074780  6.110454
1211375797  9.513441
1211542363  29.126692
1212074639  0.000000
1212074700  3.201463
1212166939  4.162435
1212527746  9.811505
1212626444  7.456752
1212630335  4.728385
1212774280  2.598357
1212897512  1.600732
1212952667  3.521275
1211225200  0.000000
1211225261  8.090122
1211259891  7.562856
1211341996  6.665950
1211344846  2.183577
1211479920  21.291996
1211510063  0.000000
1211510104  3.463550
1212124667  1.760805
1212130542  5.223430
1212457589  6.427832
1212936355  2.834571
1212974369  8.410830
1211036640  4.949250
1211046078  6.830401
1211059229  1.897206
1211086305  0.000000
1211086374  1.961518
1211157211  5.023257
1211241997  5.726707
1211434307  4.358828
1211586077  0.000000
1211586137  0.000000
1211586197  3.463550
1212036947  15.087155
1212039469  7.467566
1212214751  4.911203
1212219094  7.421321
1212287925  1.488004
1212521794  5.136683
1212603462  4.348676
1212621941  1.714131
1212800159  3.201159
1211773522  8.410830
1211927568  1.731939
1212036358  10.166122
1212297042  4.761775
1212364023  7.752418
1212913160  0.000000
1212913185  0.000000
1212913211  0.000000
1212913255  4.820579
1212954982  50.080685
1211060628  1.625358
1211076468  2.766379
1211207804  9.241482
1211255707  6.093479
1211384495  6.730308
1211692180  8.354543
1211741139  8.906138
1211866902  6.686162
1211957526  8.505922
1211758470  5.482563
1212019948  16.709444
1212031201  4.485678
1212106670  11.323459
1212204199  11.051217
1212878094  4.830197
1212905609  4.132306
1212987861  5.059765
1211252193  5.180992
1211353199  3.476638
1211411451  4.986817
1211538725  5.864070
1212372378  7.478119
1212575446  6.493052
1211039353  4.157046
1211168338  0.000000
1211168350  3.407686
1211216679  12.077041
1211225311  1.731939
1211412457  3.318538
1211431141  6.623062
1211492783  6.601269
1211926644  3.420521
1212114568  8.937661
1212264001  8.035766
1212283655  1.650754
1212696588  7.909351
1212768438  7.534885
1212798865  13.541543
1213028715  4.155014
1213036387  8.213722
1213038381  5.960504
1211095129  4.493806
1211216685  0.000000
1211216708  11.427541
1212126219  6.290949
1212196593  5.311963
1211337929  2.834571
1211342050  5.964190
1211496115  10.770521
1211908089  9.379782
1211927111  2.941536
1212804732  6.493052
1212805822  0.000000
1212805824  9.427410
1211062697  6.713155
1211226926  5.136683
1211305806  3.463550
1211573809  3.463550
1211599607  0.000000
1211599623  3.521275
1211647882  8.655408
1211654011  5.272901
1212072252  1.760805
1212700081  4.358828
1211557132  6.010283
1211643121  8.567218
1211656983  8.013992
1211781341  4.287372
1212679069  3.407686
1211333033  0.000000
1211333054  6.735317
1211345677  5.287639
1211782532  8.790738
1212560055  8.733410
1212964345  10.396872
1211302965  5.137800
1211845919  0.000000
1211846044  0.000000
1211846095  238.918701
1212277412  7.539550
1212461668  5.244756
1211087307  7.865414
1211146760  53.779648
1211152781  0.000000
1211152826  0.000000
1211152828  1.790649
1211169590  2.227163
1211251539  5.069931
1211382235  6.457562
1211392963  5.291830
1211474380  2.598357
1211557860  7.378849
1211753894  3.463550
1211782433  2.569128
1211986253  2.335992
1211997433  3.407686
1212071696  6.796955
1212164455  0.000000
1212164468  1.714131
1212299728  9.728727
1212329670  8.136843
1212334913  10.912179
1212439907  5.612092
1212443707  5.320957
1212460832  6.050104
1212525295  5.305096
1212638190  8.129683
1212715503  12.947343
1212899081  3.521275
1212999955  6.844380
1213032058  5.102808
1211047560  6.051481
1211061645  2.598357
1211070971  5.069931
1211246749  1.743184
1211289404  5.186460
1211411579  9.684962
1211412360  1.897206
1211422819  0.000000
1211422821  3.521275
1211423981  3.821191
1211467064  6.623062
1211659238  4.757703
1211672178  6.409817
1211732872  6.601269
1212035388  4.520580
1212074846  0.000000
1212074878  1.760805
1212592747  3.521275
1212811689  10.674450
1212856210  5.136683
1212891528  7.149601
1212977130  6.166489
1212988397  10.654722
1211075855  0.000000
1211075867  2.641207
1211506725  7.292175
1211507580  7.595202
1211778694  6.110454
1211919810  7.080273
1211995833  5.272901
1212109566  13.148461
1212373077  5.013622
1212466905  2.273736
1212552902  11.002115
1212562995  5.336769
1212592519  2.225569
1212600038  9.698277
1212600163  5.357130
1212719828  5.069931
1212812743  0.000000
1212812959  109.656746
1212897980  6.995294
1211074885  6.049875
1211249236  5.865273
1211259465  7.201385
1211346217  5.272901
1211593235  4.986817
1211734901  7.455156
1211905546  8.257966
1212005598  6.704256
1212168125  7.189913
1212345446  1.714131
1212542427  2.890581
1212552353  8.567218
1212771158  3.153381
1212799448  3.521275
1212866273  6.770024
1212883578  7.072788
1212895369  4.107848
1211062538  9.131938
1211078515  4.358828
1211261850  5.136683
1211435980  0.000000
1211435982  2.347740
1211508438  5.186460
1211513994  3.463550
1211515116  5.822152
1211764313  3.201159
1211937698  0.000000
1211937700  0.000000
1211937760  6.601269
1211978448  3.213996
1211995353  9.083762
1212064459  6.948704
1212067303  8.490778
1212218841  3.161659
1212265818  4.510033
1212268849  5.272901
1212405085  6.623062
1212845501  5.186460
1212972175  6.010283
1211063883  6.623062
1211234105  5.186460
1211593007  13.035420
1211649810  5.109621
1211658519  1.760805
1211678487  6.686162
1211688817  4.269119
1211690563  1.928826
1211738984  51.423935
1211763787  3.580958
1211775390  5.237952
1211779507  6.683634
1211813219  6.730308
1211904514  7.342154
1211911226  4.612332
1211938564  9.911616
1211952948  8.976377
1212158298  24.648075
1212256014  0.000000
1212256074  7.170639
1212334470  10.163397
1212428130  4.162435
1212689460  5.141438
1212888112  3.521275
1211077979  3.521275
1211253720  5.096057
1212126703  3.521275
1212608889  5.222294
1211141187  12.281446
1211141294  41.500538
1211589064  0.000000
1211589119  2.515860
1211600207  1.886577
1211611465  6.243512
1211755007  0.000000
1211755066  1.886577
1211771355  6.169508
1212079521  3.018523
1212164384  2.598357
1212367644  6.513201
1212973107  3.772795
1212987435  11.683030
1211291542  9.044185
1211336594  3.521275
1211379004  8.961596
1211379060  13.191235
1211382696  0.000000
1211382755  5.402373
1211408673  7.460408
1211444500  5.069931
1211523135  20.937366
1211834179  5.281913
1211902447  9.918429
1211909603  9.083762
1211952698  6.713155
1211990822  12.333808
1211998911  5.102808
1212073497  4.585131
1212157064  5.479917
1212162738  14.630028
1212162826  20.750269
1212198734  6.493052
1212506649  6.877697
1212672180  10.623377
1212672778  4.284531
1212729427  11.147335
1212760113  14.033780
1212767659  8.782012
1212851285  5.362272
1212854760  8.449235
1212864405  6.093479
1212868245  9.044185
1213023977  9.944737
1211056592  6.468440
1211076090  1.760805
1211204573  9.113110
1212425229  3.521275
1212482654  8.406308
1212776811  3.521275
1212855959  9.470295
1212877560  8.275073
1212305777  6.730308
1212369595  4.358828
1212529435  3.521275
1212592604  0.000000
1212592668  5.649537
1212623718  2.598357
1212631758  4.757703
1212803759  4.358828
1212859097  5.866417
1212953789  0.000000
1212953794  1.760805
1213025469  13.934415
1211075098  3.521275
1211318538  2.598357
1211321786  8.126020
1211430618  5.530833
1211488990  2.247836
1211617981  4.554580
1211780331  6.665950
1211915886  17.554594
1211933886  0.000000
1211933888  6.623062
1211947568  4.023533
1212023825  5.498347
1212104438  1.928826
1212117580  4.203720
1212188429  2.398484
1212190406  10.276178
1212296501  4.214293
1212456013  20.261967
1212805263  3.934930
1212880336  5.186460
1213039731  1.509261
1211415859  4.284531
1211611241  5.584829
1211671947  3.425322
1211689004  6.332940
1211843773  0.000000
1211843833  6.493052
1211890744  427.226013
1211997093  9.561855
1212022739  6.493052
1212421041  5.454725
1212594079  3.463550
1212644669  7.715817
1212692939  6.692299
1212851140  2.030343
1212891247  6.730308
1212895614  2.514539
1212951699  31.906176
1212958970  16.384287
1212972006  1.704005
1212979936  5.910744
1211060726  3.521275
1211078815  4.285328
1211079140  4.068116
1211102228  11.745508
1211428802  10.940468
1211429086  6.587534
1211496406  5.457005
1211614606  1.731939
1211683106  2.735113
1211694138  10.171301
1211822671  8.094262
1211823579  8.136843
1211831689  3.420521
1211994470  1.773239
1212396610  6.619975
1212463198  9.671660
1212480361  11.216706
1212597617  3.521275
1212640721  7.316874
1212828711  4.348090
1212892879  4.214293
1211060505  7.911961
1211112683  8.652576
1211222485  4.471646
1211251325  17.555178
1211336579  5.789722
1211473620  2.735113
1211507375  18.988005
1211681485  6.169508
1211916589  4.203720
1211931437  5.637352
1212199950  6.683634
1212870980  2.783655
1212879826  4.918021
1212946474  8.164040
1212966932  6.932618
1211040919  4.214293
1211047684  5.222294
1211092039  3.580958
1211224387  11.870131
1211315745  7.455156
1211315805  13.581667
1211385340  4.358828
1211467518  9.262300
1211476975  3.521275
1211641510  3.521275
1211683800  4.604228
1211686015  1.650754
1211890939  7.665209
1211899227  8.559002
1211921421  5.222294
1212064161  5.960504
1212101734  6.619975
1212273004  3.463550
1212333361  3.463550
1212449114  1.714131
1212585744  9.159783
1212641157  11.407556
1212667051  6.995692
1212676720  9.764096
1212707941  6.493052
1212726372  8.074289
1212729752  11.241619
1212731049  8.405265
1212754017  8.005243
1212766667  1.790649
1212768052  6.197603
1212784591  4.986817
1211157365  5.382061
1211252015  4.426438
1211427267  4.918021
1211599416  14.813334
1211693563  0.000000
1211693706  292.349854
1211695443  2.934396
1211698311  4.583855
1211731635  7.451347
1211742694  6.844380
1211843016  10.964592
1211864590  3.580958
1211931583  2.938511
1211940000  9.537900
1212105914  6.601269
1212297248  5.136683
1212355034  8.410830
1212361315  5.023257
1212462390  4.459752
1212464260  1.900289
1212537250  5.752255
1212707413  7.219749
1212724267  3.580958
1211202816  7.438822
1211217392  5.272901
1211343593  6.601269
1211413820  2.551684
1211415455  4.203720
1211479961  8.350618
1211557103  6.493052
1211613707  3.301196
1211676496  3.463550
1211685881  4.706399
1212118457  8.139417
1212119784  14.115586
1212181884  4.629245
1212210678  4.861217
1212339920  2.391811
1212469445  7.170639
1212680007  5.640419
1212682308  12.426976
1212849452  6.409415
1212905368  5.147412
1212947247  4.016748
1211062238  9.967737
1211157782  6.830401
1211168625  9.989151
1211330786  11.669832
1211341737  5.180992
1211467016  3.841391
1211473522  3.837274
1211512458  2.514539
1211522070  4.318067
1211523902  3.463550
1211525412  3.521275
1211556001  3.463550
1211587991  0.000000
1211588019  1.760805
1211764024  6.683634
1211868211  6.619975
1211872854  8.272948
1212029853  11.028436
1212038592  3.463550
1212517228  3.578774
1212625583  9.739902
1212625688  5.801867
1212628664  1.625358
1212722771  3.463550
1212755453  4.218220
1212862937  7.349076
1212896257  1.920878
1212908735  6.881009
1212978929  6.995692
1212991835  13.009608
1211134025  3.521275
1211140569  5.023257
1211140629  26.626410
1211299688  10.538255
1211555520  7.211044
1211587371  0.000000
1211587431  0.000000
1211587496  0.000000
1211587508  4.674903
1211844981  5.222294
1212121407  5.822152
1212215598  38.455433
1212216551  4.023533
1212439898  15.717958
1212554887  6.619975
1213044071  5.634340
1211057577  3.841391
1211082381  7.491863
1211089546  4.753060
1211335298  12.130914
1211392219  7.082576
1211433136  5.402373
1211505099  7.281429
1211523995  3.521275
1211681458  6.276823
1211812925  5.137800
1211895755  3.301196
1212212926  4.655416
1212285635  7.884568
1212286405  5.096057
1212301549  11.074928
1212527794  5.456071
1212693673  5.648141
1212715001  1.391827
1212723813  0.578404
1212760416  1.743184
1212891640  1.760805
1212910307  4.300393
1211165794  10.288595
1211179089  14.994626
1211774103  3.407686
1212027795  9.909559
1212154052  10.538255
1212183122  3.521275
1212303717  6.830401
1212418478  6.718427
1212426732  16.820065
1212544499  3.772795
1211145926  3.407686
1211319277  4.157046
1211505104  0.801969
1211590917  0.000000
1211590977  3.463550
1211685224  3.353595
1211691724  3.463550
1211755074  1.731939
1211953854  0.000000
1211953859  1.804349
1211953916  11.652257
1212191268  1.760805
1212213436  5.023257
1212361641  4.157046
1212424731  6.587534
1212641771  4.003543
1212755149  6.632523
1212809980  2.687956
1212881285  6.601269
1212972701  0.000000
1212972717  12.540368
1211137958  260.685883
1211215940  17.110132
1211678582  3.521275
1211698737  8.265177
1211737373  3.521275
1211902153  6.612953
1212118699  3.024937
1212158912  9.464364
1212280363  0.000000
1212280398  0.000000
1212280452  6.845079
1212283181  2.485606
1212288663  6.830401
1212719183  5.892444
1211069642  5.272901
1211166208  11.926578
1211387300  6.493052
1211584154  5.272901
1211688144  5.479917
1212046573  4.088898
1212195830  0.000000
1212195837  5.272901
1212289350  5.453067
1212444432  6.601269
1212982112  6.652671
1213022094  4.623117
1211121423  8.283507
1211152402  7.161036
1211152458  12.651717
1211598254  0.000000
1211598442  806.136719
1211781944  0.000000
1211781950  3.107008
1212538904  4.679708
1212541813  2.938511
1212772442  13.950583
1212801389  6.163078
1212803161  5.501058
1212813321  6.619975
1211490390  4.225531
1211689314  5.069931
1212221274  6.718427
1212307004  3.479568
1212636964  6.713155
1212707624  4.151265
1212814713  1.760805
1212883568  9.894865
1212887884  3.521275
1211047610  13.249116
1211059161  3.109565
1211163446  8.567218
1211579154  5.272901
1211916645  6.110454
1212528749  3.521275
1212797553  6.617696
1211149960  1.731939
1211530950  8.348937
1211531602  5.864070
1211585381  1.853479
1212189474  4.801739
1212274046  3.551418
1212475364  9.434197
1212659109  5.180992
1212724811  6.588467
1212787502  3.061979
1212925731  9.731986
1212987015  7.746020
1211334480  5.945903
1211465541  8.749549
1211466800  12.115713
1211510887  0.000000
1211510905  0.000000
1211510975  17.407646
1211577174  3.521275
1211673903  2.526309
1211861759  3.301196
1211863351  8.066829
1212114854  9.409513
1212297748  3.301196
1212343370  1.821522
1212353336  3.706606
1212726351  6.390134
1212951472  13.612657
1211067775  181.753677
1211153426  5.766787
1211522071  19.394325
1211596395  6.191826
1211602838  2.188252
1211775889  1.760805
1211920044  4.287372
1211937960  0.000000
1211938020  5.272901
1212237256  6.683634
1212272362  3.109565
1212283108  3.364447
1212728618  3.364447
1212888068  7.846593
1212898353  7.342154
1212954409  1.390109
1212994381  9.044185
1211052548  3.153381
1211090877  1.490079
1211345098  2.412509
1211600737  9.461508
1211615547  4.674034
1212307907  4.358828
1212378120  3.580958
1212388771  6.730308
1212553667  6.683634
1212640377  5.096057
1212644870  3.521275
1212745768  7.589334
1212815777  6.601269
1212817370  17.063208
1212900900  5.222294
1212937380  8.094262
1212955924  1.928826
1213071173  9.127394
1211080216  6.601269
1211257665  7.715817
1211562118  5.454725
1211668568  3.521275
1211789793  5.272901
1212194469  5.640419
1212195359  9.283895
1212221921  7.494004
1212787909  0.126439
1212865656  16.693562
1212099069  14.877855
1212099158  25.268127
1212656788  7.671214
1212888809  0.000000
1212888854  5.186460
1211066354  6.081662
1211749810  6.286923
1211929821  1.714131
1212116147  2.506701
1212293749  5.272901
1212294218  6.605351
1212416667  5.137800
1211094653  1.653280
1211123242  7.864635
1212507556  12.956673
1212557376  2.071535
1212586565  0.000000
1212586590  5.469809
1212601651  5.053833
1212631604  6.351438
1212758580  0.000000
1212758616  1.743184
1212759428  5.223430
1212974673  6.881009
1213018515  0.000000
1213018571  0.000000
1213018635  7.096138
1211160883  6.713155
1211767403  4.986817
1212274005  2.598357
1212291357  3.301196
1212550035  1.714131
1212806214  3.521275
1212810116  3.580958
1212909936  6.818968
1212951847  10.773788
1211095740  372.444031
1211474143  6.712970
1211604640  1.686031
1211771455  4.300073
1211912307  7.478119
1212068475  4.063010
1212196916  3.107302
1212217013  4.287372
1212298762  4.753060
1212308942  5.268805
1212416093  15.176741
1212450755  4.585876
1212848116  6.059846
1212864319  8.272457
1212867411  9.942308
1212904095  4.861217
1212904157  14.169923
1211075459  5.889743
1211468076  3.364447
1212284772  3.407686
1212346371  8.135137
1212799207  1.760805
1212821345  0.566702
1212895687  0.000000
1212895745  0.000000
1212895752  3.407686
1211337978  5.069931
1211404852  7.438822
1211585963  0.000000
1211585965  0.000000
1211586025  1.318562
1211598151  6.730308
1211667388  6.844380
1211682302  5.136683
1211778954  0.000000
1211779015  0.000000
1211779071  0.000000
1211779133  0.000000
1211779192  5.223430
1211794230  4.940908
1212442897  14.052082
1212866319  6.995692
1212879124  3.916721
1212958417  2.687956
1212987584  2.598357
1212990474  3.463550
1212993580  5.714129
1211100673  7.466260
1211340432  6.493052
1211341803  4.358828
1211555333  1.704005
1212036867  3.521275
1212051291  5.910744
1212375489  19.324848
1212396674  7.988961
1211059153  6.120169
1211067364  5.272901
1211071021  3.841391
1211240506  4.793546
1211522190  11.118546
1211666721  2.834571
1211689222  3.580958
1211694049  14.748115
1211745853  3.986349
1211759865  10.079080
1212036276  2.555761
1212101561  3.153381
1212114836  3.521275
1212162635  7.332941
1212262785  4.157046
1212709692  17.377317
1212811052  8.081244
1212899946  4.803206
1211045881  4.358828
1211061598  4.358828
1211123153  1.928826
1211170924  5.222294
1211250392  7.495384
1211343123  6.001153
1211606769  5.069931
1211608985  5.069931
1211641951  11.354703
1211707064  5.400823
1211775071  5.725586
1211783822  4.861217
1212036861  4.358828
1212276851  6.591126
1212360401  1.928826
1212551906  0.000000
1212551967  5.222294
1212585225  2.285508
1212863888  8.221509
1212908624  5.223430
1211116793  5.542621
1211322010  4.284531
1211341118  8.203554
1211410023  26.784731
1211583045  6.932618
1212206316  8.555463
1212268828  7.173651
1212286521  3.580958
1212288936  11.674473
1212533153  2.766379
1211033823  11.839272
1211069345  5.990651
1211134924  4.986817
1211300253  0.000000
1211300292  5.222294
1211301120  1.760805
1211301979  17.120386
1211562326  5.728550
1211562897  6.412668
1211603007  11.495117
1211649902  8.029290
1211651970  4.986817
1211825069  8.160314
1212008772  2.835204
1212200345  3.841391
1212384061  6.820838
1212524890  3.772795
1212606476  6.587534
1212649958  5.069931
1212721839  6.683634
1212721899  10.107251
1212894988  8.364157
1212898851  4.782454
1212976036  10.107716
1212991464  4.419219
1211088234  0.000000
1211088287  1.686031
1211123019  9.385627
1211126183  8.934849
1211334958  8.269317
1211384268  5.595315
1212891947  6.919157
1212967574  4.203720
1211063355  3.301196
1211099011  4.708571
1211414496  3.277148
1211485754  5.081875
1211487867  5.062308
1211674605  4.481475
1211698534  4.613373
1211778398  0.000000
1211778399  4.943345
1211911539  9.613554
1212275817  1.836977
1212279937  5.354874
1212294832  5.442258
1212461877  190.488647
1212589849  9.011604
1212649084  4.955552
1212718927  5.069931
1212721419  1.760805
1212785729  5.043367
1212886445  1.686031
1212887775  2.594932
1212890144  4.306251
1212899441  1.731939
1211055471  2.456937
1211200659  6.619975
1211394275  11.020236
1212354350  4.371741
1212446823  4.203720
1212527289  5.222294
1212636707  7.334743
1212805289  4.828505
1212963756  1.760805
1211084174  0.000000
1211084367  36.607151
1211211928  7.715817
1211214336  2.551684
1211303935  5.272901
1211583336  3.463550
1211672726  4.679708
1211927949  2.721028
1212060398  9.009623
1212193830  5.681106
1212372309  6.658259
1212401667  7.671214
1212547308  12.525927
1212794452  5.021811
1212889395  1.760805
1212980668  2.598357
1211040833  3.463550
1211049094  1.731939
1211061848  5.102808
1211158565  11.800452
1211226745  7.281429
1211475940  8.961596
1211521407  6.730308
1211599889  4.358828
1211849492  5.453675
1211852374  3.588543
1211863887  7.589334
1211895027  9.024524
1211996485  8.057948
1212500865  7.046544
1212555439  5.819947
1212556581  5.810380
1212561376  13.136353
1212885107  4.175793
1212975311  3.521275
1213021758  4.358828
1211141374  1.821522
1211167725  9.612202
1211989579  9.044185
1211031792  3.642699
1211043774  7.378849
1211068484  1.928826
1211382901  3.521275
1211387733  8.220591
1211755947  2.142664
1211769026  3.153381
1211783702  2.975726
1212162330  6.713155
1212190872  9.110459
1212208691  10.910048
1212216375  7.053087
1212255696  4.432273
1212333121  9.911616
1212357886  3.706606
1212358346  4.586358
1212361098  3.642699
1212364982  7.211044
1212371480  6.830401
1212537410  377.541443
1212877641  2.555761
1212890811  7.349076
1212894666  6.830401
1212898702  4.753060
1212978091  8.531420
1211679873  5.186460
1211835362  8.712425
1211914957  5.595315
1211944497  8.260985
1211950917  7.135603
1212125561  0.000000
1212125597  5.310808
1212275673  5.133997
1212362029  0.000000
1212362030  5.137800
1212760494  4.106631
1212975402  2.677140
1212976896  5.136683
1212981828  1.928826
1211324978  6.010283
1211386636  7.397553
1211423959  4.624928
1211503741  4.088898
1211519660  2.551684
1211606264  249.003220
1211741755  7.419411
1212080856  8.567218
1212468596  77.752007
1212508466  5.941514
1212595599  5.222294
1212624160  4.607906
1212684078  5.180992
1212790659  2.509853
1211858096  7.318287
1212364075  3.521275
1211156940  18.656994
1211471694  1.658837
1211517817  0.534096
1212012082  31.597389
1212305672  0.000000
1212305676  10.564829
1212739446  10.326491
1212758339  9.944737
1212868104  6.730308
1211119916  10.684240
1211160171  16.178360
1211216187  4.986817
1211253723  5.651991
1211470853  6.995692
1211486649  3.521275
1211668435  0.000000
1211668448  0.000000
1211668461  6.623062
1211706305  5.910744
1211866759  38.133801
1211908643  11.603778
1211936951  4.867293
1211980315  8.682837
1211988566  4.706399
1212018219  2.555761
1212109823  7.501830
1212195735  1.821522
1212257247  1.904590
1212289570  3.463550
1212333963  5.186460
1212344958  16.429125
1212474003  3.348473
1212505774  3.588543
1212923942  5.960504
1212976068  2.598357
1213013757  4.218220
1211079435  4.986817
1211415153  5.419759
1211674860  7.509987
1211677956  4.670173
1211846326  5.272901
1211848826  7.065932
1211864836  4.940908
1212028132  13.556567
1212215084  3.242938
1212250980  4.940908
1212363109  5.069931
1212502324  9.490643
1212531303  6.601269
1212650311  9.283895
1212673896  12.428072
1212809513  5.096057
1212892033  11.229463
1211055822  12.027166
1211158153  5.522338
1211497684  3.463550
1211669195  12.996381
1211826549  8.749549
1211854687  3.841391
1212193224  4.753060
1212343182  1.760805
1212716194  4.284531
1212716856  4.034056
1212858665  15.200912
1211144715  0.000000
1211144716  5.223430
1211147310  6.110454
1211244204  3.420521
1211255902  5.069931
1211383003  1.582275
1211477297  5.229332
1211498039  0.000000
1211498041  0.000000
1211498080  0.000000
1211498151  0.000000
1211498196  0.000000
1211498256  0.000000
1211498321  0.000000
1211498377  0.000000
1211498509  0.000000
1211498537  0.000000
1211498607  0.000000
1211498657  0.000000
1211498717  3.201159
1211508517  5.186460
1211580542  1.920878
1211593980  1.661072
1211665522  4.722001
1211839766  2.834571
1211892275  7.130623
1212012698  3.521275
1212147365  9.749130
1212274703  3.521275
1212368750  4.629245
1212873770  6.366115
1212967700  0.000000
1212967760  4.476252
1213056890  0.000000
1213056904  5.272901
1213057914  3.521275
1213060761  8.112155
1213063696  4.604228
1211072520  3.731477
1211159945  3.882870
1211689089  7.974170
1212025792  0.000000
1212025866  4.695034
1212109296  4.237857
1212215998  5.102808
1212281852  18.717066
1212285422  20.874620
1212291923  19.940193
1212335591  8.643548
1212428797  3.538470
1212624844  0.000000
1212624884  6.601269
1213024016  6.479542
1211337757  6.010283
1211501402  11.098342
1211587890  1.731939
1211647464  8.391561
1211698168  6.730308
1211726171  5.386755
1211762666  8.364157
1211863366  10.602256
1211926137  6.201743
1211952801  7.290524
1212278411  3.521275
1212280057  7.765739
1212458531  4.706399
1212627846  3.463550
1212630950  8.791474
1212633437  6.718427
1212637569  4.432706
1212669028  5.272901
1212707482  5.272901
1212718055  4.162435
1212723130  6.574066
1212794874  2.555761
1212797717  4.157046
1212799226  1.790649
1212820166  5.822152
1212821302  6.610065
1212832284  7.545457
1212898042  5.136683
1212959329  4.036055
1211039135  0.000000
1211039137  2.016625
1211150583  3.521275
1211429596  9.177482
1211496990  3.521275
1212184392  0.000000
1212184457  4.459752
1212302024  4.018720
1212342810  10.538083
1212725659  2.165298
1212875981  3.841391
1212974895  5.272901
1211099742  7.332544
1211156041  4.670173
1211160511  6.566452
1211388819  5.136683
1211389982  6.973896
1211508404  8.610351
1211582003  5.069931
1211649723  3.772795
1211652857  10.020741
1211907013  17.337925
1211923357  4.146320
1212114371  6.465240
1212290143  7.242758
1212349482  1.760805
1212376060  2.474626
1212394166  5.069931
1212455884  5.069931
1212597256  1.714131
1212734740  3.521275
1212769413  5.990651
1212792296  1.961518
1212816801  0.000000
1212816905  163.353287
1211050289  16.613726
1211348664  7.564870
1211517628  8.272948
1211591053  0.000000
1211591113  1.760805
1211606576  5.704934
1211611223  5.536940
1212067431  8.934849
1212170835  4.679708
1212221962  8.998240
1212277571  5.021811
1212306729  11.292375
1212784993  8.719263
1212857483  1.986772
1212880795  1.509261
1212915006  5.559908
1212963771  7.170639
