1211076447  13.715495
1211080926  8.246210
1211240073  6.743957
1211330514  0.000000
1211330525  4.698113
1211335420  9.542325
1211671492  5.648226
1211860513  3.789436
1211917528  7.611741
1211940865  2.962299
1211941961  5.486468
1211947219  9.577545
1211952609  8.382224
1212026904  5.546437
1212030869  3.121605
1212039723  6.261040
1212109538  2.411268
1212166566  4.532606
1212288315  5.426443
1212366446  3.074984
1212369364  5.718339
1212456534  5.006900
1212540040  3.792914
1212555682  6.112763
1212611968  5.462733
1212642245  9.353921
1212646388  12.567655
1212646647  8.803391
1211244019  8.756252
1211421858  4.129132
1211519933  6.112763
1212027304  7.954288
1212196960  4.203254
1212819340  7.400502
1212946730  2.622677
1211218916  4.950862
1211345664  4.908024
1211567623  10.364904
1211678262  5.350295
1211682830  0.000000
1211682953  0.392096
1211682988  0.000000
1211683037  10.528214
1211938473  5.163897
1211139679  0.000000
1211139764  0.000000
1211139822  0.000000
1211139926  2.928556
1211644516  4.321287
1211676454  0.000000
1211676513  1.408081
1211677144  0.000000
1211677204  0.000000
1211677236  4.776415
1211718188  5.813645
1211780211  52.680042
1211937476  0.000000
1211937537  6.898062
1212255334  3.429667
1211232941  8.080214
1211940405  11.158163
1212009797  8.478209
1212195087  11.581547
1212199509  3.676319
1212641706  10.707413
1212694258  10.406834
1212818818  6.859334
1212410921  5.621073
1212721189  8.998094
1212834623  7.150294
1211209682  5.864033
1211230643  9.830391
1211300251  5.102874
1211310575  5.952454
1211310768  6.785707
1211592261  5.039322
1211599807  4.258582
1211641071  2.438320
1211665344  14.297699
1212289552  5.091763
1212328833  8.635134
1212463529  3.152978
1212544307  10.489870
1212866202  0.000000
1212866215  11.810255
1211341017  2.565626
1212271152  63.538029
1212285314  3.622255
1212339463  0.000000
1212339522  0.000000
1212339582  6.674466
1212385382  14.436413
1212806579  6.673803
1212897540  9.562558
1211857855  17.458715
1212018036  0.000000
1212018105  0.210161
1212178199  4.647422
1212444833  5.668380
1212452869  0.000000
1212452929  4.606919
1212472337  17.317930
1212596280  2.925984
1212792617  0.000000
1212792628  0.526810
1212976044  4.954611
1211063117  7.146721
1211233022  18.650700
1211425710  6.655725
1211764696  0.000000
1211764768  2.799728
1211765146  5.365650
1211768682  7.664732
1212088004  1.465795
1212162548  4.249318
1212537296  0.000000
1212537365  4.525542
1212537419  3.361729
1212543923  7.319114
1212547706  9.766594
1212550845  3.745623
1212555148  0.000000
1212555209  7.315203
1212589164  1.760102
1212591533  19.712955
1212681934  8.092748
1211037862  3.878438
1211038234  7.009257
1212223942  3.503863
1212339685  17.325386
1212342736  22.977062
1212344904  2.087618
1212345251  10.542081
1212939823  14.349034
1211038144  0.000000
1211038210  0.000000
1211038327  0.000000
1211038389  0.000000
1211038423  7.236646
1211131546  1.425204
1211151480  5.888169
1211233428  2.795440
1211567139  5.998316
1212223905  19.835464
1212520449  3.249588
1212684552  3.074984
1212905846  7.501061
1213066418  6.047187
1213066576  7.957471
1211311107  8.765620
1211576005  6.842218
1212289892  0.704824
1212438982  6.588383
1212717662  4.263747
1212887001  3.121605
1211128039  11.964936
1211135569  6.897756
1211385032  1.387894
1211764832  4.522750
1212006119  5.446106
1211057152  4.855238
1211156881  10.223403
1211160922  7.399411
1211468533  8.157537
1211591900  0.000000
1211591943  6.521397
1211732331  3.316684
1212196558  7.467312
1212704439  5.583312
1212762527  4.948352
1212811410  5.496181
1212083370  4.864481
1212564021  8.951646
1212470758  11.712776
1212633957  19.072868
1211036191  3.024575
1211903887  1.594054
1212453397  7.972344
1212806285  7.914457
1212806313  17.065016
1211257385  4.105223
1211343902  5.813645
1211838979  4.342196
1212012245  6.782793
1212256375  9.576601
1212260069  3.674165
1212618443  6.414489
1212723206  5.262585
1211038306  67.247078
1211041890  98.635178
1211042415  86.467850
1211072515  4.458301
1211301223  10.416297
1211321714  67.563225
1211325472  150.121658
1211584964  4.855238
1211646156  91.700562
1211695531  149.830566
1211743604  56.559513
1211751126  29.117125
1211752918  279.591492
1212111551  5.648935
1212198466  7.096117
1212209299  274.301544
1212220213  17.263517
1212341888  134.295029
1212350602  101.381523
1212378839  7.409395
1212383636  278.027893
1212543510  8.145246
1212691505  4.444869
1212893966  8.533391
1211167596  5.432607
1211333757  5.339042
1211573156  4.997649
1211857630  4.398453
1212111858  7.057400
1212372545  7.555248
1212426006  4.392835
1212550124  5.068160
1212683640  0.000000
1212683710  3.689981
1212717894  6.416558
1212768291  4.335633
1212994096  8.395084
1213063842  2.449762
1211500682  6.750306
1211736113  1.864839
1211926082  8.837789
1212029337  5.961073
1212531492  5.867500
1212893552  3.748016
1211072377  3.074984
1211349443  1.378821
1211951665  6.223155
1212286645  10.169991
1212313162  15.722860
1212591175  4.622337
1212697511  0.000000
1212697566  9.975174
1212795487  2.283375
1212795737  0.000000
1212795795  4.193161
1212882989  10.393793
1212967679  6.537715
1212979125  6.098288
1211117079  3.316684
1211179783  15.501784
1211338643  0.000000
1211338645  6.521397
1211423580  7.365963
1211999516  8.307044
1212165436  3.722988
1212287512  5.469054
1212435782  0.000000
1212435966  0.877925
1211467760  10.287495
1211985739  12.674755
1212008087  11.414547
1212603334  6.785707
1212605026  3.617629
1212526940  1.808707
1212602146  2.479647
1212602205  30.670776
1212768306  16.013357
1211214135  10.224914
1211318143  9.158532
1211562953  2.589776
1211580349  5.923347
1211673220  9.793869
1212180644  12.382524
1212180765  24.033102
1212560687  3.746574
1212712854  3.689981
1212717079  7.395420
1212765020  2.865073
1211693924  5.759761
1212430546  2.612486
1212611817  9.322456
1212723639  6.799206
1212636080  6.573570
1212694770  17.671770
1212912918  7.574236
1211068400  3.074984
1211762096  0.000000
1211762135  7.041236
1211923526  6.367604
1212116132  6.175856
1212160338  4.718902
1212168639  2.398347
1212461171  8.400151
1212799135  0.000000
1212799219  0.000000
1212799243  0.000000
1212799279  4.606919
1212862575  9.137160
1212884125  5.324375
1212962265  6.572566
1212963575  6.201649
1213023476  5.538665
1211022952  18.380367
1211074734  7.908857
1211662243  7.461709
1211857681  7.541708
1212096079  3.074984
1212100590  4.446573
1212180979  2.926485
1212242650  3.249548
1212353188  2.365288
1212510385  8.386726
1212702462  3.431140
1211063070  5.683991
1211075445  8.740484
1211678190  3.024575
1212087885  7.440698
1212157944  7.744660
1212379781  2.398347
1212460711  3.703600
1212721518  12.978375
1212955653  16.402710
1213033728  3.181018
1211036447  4.725103
1211984954  5.063271
1212031179  3.021262
1212080422  3.689981
1212990943  6.360548
1211222461  15.513425
1211321081  52.234547
1211324543  2.427619
1211325785  4.086134
1212021775  11.109180
1212030962  3.074984
1212710969  4.222727
1212714143  3.440943
1212730488  5.120282
1212730678  4.679806
1212897453  7.922982
1211246534  7.607470
1211600614  8.099059
1211605668  6.941002
1211607017  4.565720
1211657451  4.105223
1211850693  10.192368
1212071916  2.467367
1212082360  15.029958
1212089495  4.783407
1212283736  19.382643
1212708894  1.985659
1211122368  9.564402
1212112740  4.084436
1212812898  7.648662
1212893773  4.105223
1212912405  2.438320
1211072003  4.731297
1211337226  5.032023
1211378981  3.318468
1211851882  2.151459
1211933579  7.662332
1212019784  9.500538
1212196246  3.851462
1212461879  2.693969
1211091855  5.534389
1211565851  9.324820
1212113199  4.408998
1212118556  11.500651
1212458106  9.462594
1212557058  17.641008
1213033694  8.691021
1211319665  0.000000
1211319666  0.000000
1211319726  5.603366
1211427082  11.988141
1211427330  4.290676
1211487759  2.062589
1211503498  2.567641
1211857570  5.133694
1212109293  5.937005
1212345553  7.737438
1212347177  6.673803
1212353957  7.900241
1211082561  6.801351
1211482585  6.862280
1211483435  6.764702
1212356988  3.222954
1212374455  7.236303
1212633154  13.440721
1212691378  3.354528
1211082979  9.721934
1212266048  5.034142
1212693461  5.046845
1212791976  8.246926
1212851287  5.944426
1211334415  18.690729
1211809349  6.512982
1211864300  3.670786
1212204473  3.915556
1212604495  5.063271
1212628900  4.785848
1211075894  4.105223
1211400939  6.685984
1211483470  2.540494
1211899915  9.843313
1211900026  5.730844
1211952682  10.275440
1212598742  0.000000
1212598815  7.985384
1212685040  3.468741
1212894322  3.689981
1211292220  4.447716
1211399097  5.436271
1211550339  10.710773
1211572528  1.974970
1212477937  5.006900
1212756170  3.270384
1211464410  14.967558
1211921701  6.782793
1211994688  9.074076
1212285935  4.607809
1212556975  0.000000
1212557014  2.078586
1212717713  16.070784
1211174536  3.880339
1211176327  3.015167
1211320422  7.022919
1211383087  3.074984
1212085012  12.482367
1212086019  2.540494
1212117101  13.624120
1212863526  0.380563
1212978095  10.666978
1213031371  83.571381
1211576687  6.406211
1212159666  4.340519
1212276191  9.154964
1212653162  8.395084
1212785433  24.588516
1211124465  3.396369
1211136893  0.000000
1211136943  0.000000
1211137014  4.817496
1211137130  6.375024
1211137844  5.519163
1211679303  3.632865
1211766364  4.647422
1211772559  9.307874
1212206681  9.405864
1212288435  2.831749
1212296903  3.074984
1211058478  6.750306
1211084042  8.114105
1211167399  2.975791
1211319289  17.833248
1211329205  10.384897
1211506548  7.150198
1211644116  6.239226
1211645293  8.594987
1211750004  3.582170
1211750955  6.368843
1211825451  10.142076
1211850090  3.074984
1211850695  0.000000
1211850750  0.000000
1211850818  0.000000
1211850870  0.000000
1211850932  0.000000
1211851004  0.000000
1211851013  8.025258
1211925534  4.556285
1212026672  6.154133
1212281288  7.089690
1212701001  4.477889
1212978240  4.829674
1211117553  6.211310
1211274557  8.664647
1211274678  8.876835
1211274920  15.371878
1211309694  5.394251
1211640633  8.484224
1211694332  10.543141
1212071083  4.776415
1212074040  4.980267
1212139107  5.080988
1212203965  26.046169
1212552101  8.525931
1212562150  3.919620
1212860421  7.267056
1212899149  0.171488
1213069307  91.573944
1211201030  3.470280
1211242096  10.142809
1211250900  3.848646
1211260676  6.367604
1211261185  50.439049
1211680411  6.103844
1212116752  6.530739
1212526623  8.009434
1212888584  6.168824
1212645161  11.145948
1212803056  2.753717
1211334204  3.074984
1211399388  5.194897
1211939062  4.909961
1212355422  4.783407
1212534086  4.688902
1212548696  9.871997
1212591308  7.789447
1212629504  3.682688
1211079892  0.000000
1211079893  2.365288
1211081157  0.000000
1211081220  0.000000
1211081279  0.000000
1211081342  0.000000
1211081397  2.788983
1211677388  2.212239
1211678108  0.000000
1211678166  0.000000
1211678225  0.000000
1211678294  0.000000
1211678359  0.000000
1211678405  0.000000
1211678424  6.824761
1211895473  8.253204
1211938053  11.470269
1212284126  6.383398
1212286207  24.492352
1212601127  5.083404
1212760647  4.634740
1212802542  6.511035
1211243173  3.294626
1211679945  5.035165
1212037113  1.964765
1212259655  2.470622
1212698315  12.317662
1212721759  7.032090
1211120937  4.310373
1211141911  1440.461304
1211222242  6.280900
1211865634  4.991793
1212113871  7.975080
1212214128  11.798796
1212514139  6.523908
1212541738  2.861086
1212759348  5.462733
1213074763  6.572566
1211114921  6.967985
1211553288  13.459677
1212029002  4.029382
1212072483  7.365476
1212674746  2.047563
1212833051  270.886566
1212884822  50.700630
1211603350  7.664732
1212980088  4.948352
1211061649  5.282642
1211315702  4.580070
1211477174  15.011117
1211566618  16.400444
1211891623  0.000000
1211891663  0.000000
1211891667  3.074984
1212182636  5.270385
1212506261  4.818123
1212034069  3.864658
1212100703  6.244340
1212192314  5.115891
1212383198  2.338292
1212505256  15.384934
1212717698  6.280495
1212782697  6.414489
1212929314  7.960691
1211148070  1.711231
1211156077  6.782793
1211424783  7.534716
1211554670  19.824549
1211555766  4.754089
1211641169  2.838447
1211909404  2.211233
1212022893  5.813645
1212035524  4.980267
1212122731  6.702404
1212422995  3.262312
1212811454  7.388936
1211557407  6.782793
1211613664  4.105223
1211990830  7.250215
1212029955  13.575850
1212101790  2.049808
1212300681  9.847047
1212522232  8.662845
1212929310  7.051891
1212931201  4.398453
1211067469  9.588276
1211091032  7.892972
1211344160  15.762631
1211596845  4.305276
1211648698  5.633628
1211677566  3.049576
1211786034  4.120551
1211940042  8.126032
1212025984  0.000000
1212026004  0.000000
1212026010  0.000000
1212026044  0.000000
1212026060  0.000000
1212026087  0.000000
1212026112  99.569252
1212066995  5.006900
1212255347  3.605044
1211141959  3.995331
1211148525  8.366220
1211224115  2.522400
1211224414  5.806654
1212960112  4.754089
1212996244  10.111799
1211209358  21.316706
1211311963  1.522851
1212024251  7.240963
1212473826  7.267278
1211120656  7.559703
1211332396  0.000000
1211332423  0.000000
1211332425  8.486352
1211589629  6.496943
1211822864  0.224973
1211822925  1.408081
1211823407  12.810442
1212094596  7.224598
1212140650  18.561699
1212370317  12.793806
1212549341  9.855155
1212552533  5.350295
1212552844  8.167337
1212558012  12.194159
1212633597  4.196785
1212642584  7.279866
1212807019  28.019625
1211115894  5.282642
1211305966  12.116788
1211553711  3.354528
1211569482  5.994254
1211663444  4.855054
1211690738  8.326651
1211764336  9.473613
1211943579  12.439333
1212050092  6.649734
1212110226  9.257014
1212130481  20.701271
1212257462  8.259314
1212806001  5.994254
1213033926  4.856363
1211222395  2.292562
1211498011  4.561359
1211987275  4.704990
1212339275  8.627173
1212370138  8.131051
1212698795  24.435617
1212701328  5.563222
1212864323  5.923245
1211121269  6.018695
1211121505  14.005583
1212176657  6.684704
1212414453  4.783407
1213034129  4.676583
1211125389  5.424933
1211392419  22.956030
1211634311  6.477055
1211687548  4.010849
1211761125  13.844747
1212195135  4.622983
1212385074  9.562525
1212806400  6.962821
1212982337  2.635701
1211310503  6.342158
1211689700  5.574899
1211898629  6.329422
1211938258  1.408081
1212077654  7.455780
1212430781  0.000000
1212430841  3.074984
1212431205  5.521166
1212431468  9.882177
1212452045  4.220653
1212736172  23.974392
1212978396  6.647661
1211064317  10.223403
1211082238  4.698113
1211339241  5.076400
1211406896  3.262312
1211467967  3.722988
1211655264  0.000000
1211655324  2.455847
1211655384  1.968634
1211658793  1.271761
1211664741  6.510360
1211762001  7.990708
1211775721  3.024575
1211855347  6.782793
1211925959  15.631681
1212105216  6.672901
1212173471  3.249548
1212175320  4.105223
1212190831  7.479463
1212445178  6.052637
1211097188  3.695622
1211329304  3.416649
1212175570  8.787307
1211139872  11.398047
1211154537  3.468450
1211157362  7.251781
1211157904  3.402883
1211645929  0.000000
1211645942  5.645178
1211829314  3.074984
1211847954  17.447872
1212354096  10.339452
1212547878  7.870391
1212547997  12.493036
1211201369  2.280112
1211567562  14.080814
1211651450  2.978698
1212108350  2.585625
1212284329  14.113437
1212560519  4.105223
1212623102  6.564396
1212801180  3.868863
1211330395  12.171143
1211739414  8.115902
1211835448  2.406784
1211847227  5.994254
1211858043  3.229902
1211927017  5.791574
1212036188  5.206249
1212152799  4.704990
1212252444  9.289908
1212475225  7.021297
1212540342  2.074094
1212540464  0.000000
1212540493  0.000000
1212540494  0.000000
1212540547  6.034635
1212855790  10.837772
1211594337  4.663344
1211603349  5.802106
1211819214  6.751598
1211853171  8.240190
1211999504  3.039662
1212086773  12.724497
1212344850  3.354528
1212543271  16.135410
1212783865  9.940159
1212875735  0.000000
1212875747  3.689981
1211250332  3.074984
1211485918  12.569566
1212226327  4.037924
1212624857  0.000000
1212624923  0.000000
1212624978  0.000000
1212625016  3.663077
1212684506  25.431608
1212721965  5.961767
1213074285  8.687017
1211141896  12.112029
1211406637  3.852364
1211482356  6.098288
1211564603  11.545580
1211654425  5.912181
1211655195  0.000000
1211655255  4.453006
1211655455  0.000000
1211655461  8.207880
1211854895  12.361651
1211899703  3.531355
1211998673  12.513354
1211999498  0.000000
1211999545  0.000000
1211999604  9.384634
1212247247  10.193638
1212718281  9.028042
1211311485  3.074984
1211484941  7.569039
1211644645  6.456236
1211951740  3.361729
1212202449  12.107562
1212309101  19.932659
1212374252  0.000000
1212374317  5.241951
1212562274  10.257160
1212601294  4.199435
1212782862  4.651682
1211094453  3.074984
1211168116  18.657692
1211231415  9.468991
1211245274  3.821038
1211262951  2.717095
1212346248  4.266731
1212549279  3.972952
1212976102  11.581955
1211173060  3.913990
1211308038  7.578544
1211869277  10.611938
1212004861  10.496557
1212023004  2.635701
1212244468  2.548838
1212692099  3.024575
1211334743  9.883904
1211902806  6.461676
1211913807  0.000000
1211913864  0.000000
1211913957  0.000000
1211914020  0.000000
1211914078  0.000000
1211914131  0.000000
1211914196  0.000000
1211914251  0.000000
1211914314  1.242425
1211997205  12.940622
1212051507  6.685984
1212281398  3.085542
1212377944  10.632358
1212778501  7.516810
1212858829  4.936539
1212859714  0.000000
1212859779  0.000000
1212859841  12.998199
1212859913  4.098523
1212932154  10.613286
