1211053535  9.789849
1211608269  9.067448
1211639170  12.758267
1211984949  537.694092
1212534565  6.355507
1212597602  5.983340
1212735155  3.076769
1211033728  10.792047
1211075255  1.362118
1211076945  8.386752
1211112731  5.458573
1211204666  12.627569
1211233697  8.213212
1211240290  11.464111
1211301560  6.844504
1211378310  14.531972
1211465648  8.274359
1211552825  12.600893
1211647115  8.886488
1211708636  21.705610
1211709562  13.404799
1211726283  0.480672
1211727167  12.190300
1211757520  7.134347
1211815210  17.196167
1211898467  10.902698
1211985016  7.988752
1212019115  7.215743
1212071508  8.761000
1212158359  1.180450
1212160909  12.570669
1212248039  17.487627
1212282535  4.679859
1212303593  13.974682
1212543178  9.796589
1212588990  6.286039
1212675208  4.881332
1212712477  9.325700
1212735808  16.376257
1212797803  11.977503
1212826019  8.770311
1212927108  8.936533
1212964223  18.572924
1213020083  11.425484
1211045769  5.339131
1211205772  15.108885
1211372071  9.089656
1211416306  6.588411
1211465561  6.178802
1211617080  13.611742
1211647359  9.522535
1211813153  11.434534
1211841185  5.353453
1211897466  13.823709
1211984611  9.359520
1212048934  15.404193
1212070034  6.422192
1212994705  7.019775
1211117923  6.480405
1211159581  10.976276
1211194428  26.002960
1211208062  12.217750
1211264086  18.424465
1211467543  19.896811
1211470527  19.896811
1211485805  9.734829
1211577618  17.892895
1211697611  12.518026
1211723881  8.082273
1211784417  8.503323
1211819477  7.028064
1211862856  8.343013
1211875888  6.083817
1211898898  5.204996
1211986307  11.109205
1212016358  5.117526
1212041002  11.489763
1212072246  9.025094
1212157999  12.949683
1212221061  7.893281
1212245366  9.034781
1212277687  4.681857
1212327358  4.782968
1212364749  6.055550
1212416694  7.898048
1212474760  6.478234
1212503165  10.455067
1212535276  8.866271
1212591454  7.939318
1212676087  7.842412
1212717333  5.466521
1212746971  0.100727
1212847244  12.044987
1212941844  17.818039
1212963511  15.605069
1212972310  11.285584
1213023303  10.403898
1211019577  5.389918
1211079179  4.344946
1211252561  15.919648
1211675057  8.786814
1212425684  3.034487
1212775267  3.487609
1212827499  13.482231
1211100314  5.290276
1211195780  10.868332
1211201107  11.428648
1211206542  14.087567
1211228117  11.732475
1211283087  9.298468
1211315004  26.196337
1211361314  8.831831
1211371335  8.736950
1211420353  9.762539
1211454385  6.083817
1211474944  12.626418
1211531788  7.198038
1211800121  8.109696
1211894034  7.228773
1211913181  13.801532
1211918959  9.473841
1212069484  10.761493
1212163039  9.737373
1212222022  7.439861
1212385157  10.598197
1212408891  4.862684
1212415242  8.424585
1212502193  12.687349
1212515566  9.363827
1212577732  10.588070
1212579800  6.273558
1212587315  7.821555
1212654662  19.896811
1212668790  10.588070
1212687327  6.852803
1212739839  7.324442
1213002148  6.708734
1213008897  14.224861
1213021299  13.927911
1211119809  5.722529
1211289937  9.508557
1211369951  6.884647
1211456362  10.899941
1211542449  7.687856
1211567295  9.712629
1211638337  10.137386
1211674519  12.612634
1211731528  18.759455
1211751489  5.462767
1211974427  19.896811
1212060747  15.828654
1212147178  10.250475
1212188431  4.625377
1212242627  11.435020
1212305616  14.760538
1212368704  20.230785
1212404629  1.581456
1212408735  15.252283
1212464294  5.258803
1212468247  10.134809
1212494812  12.299227
1212498479  14.121649
1212499900  23.449318
1212515869  10.414495
1212530449  5.790977
1212567412  16.469654
1212578660  4.395016
1212608791  11.467052
1212665587  10.218695
1212680178  1.473459
1212680208  8.958856
1212751801  16.387873
1212856378  7.939318
1212858783  9.795340
1212889503  7.530676
1213003661  14.955964
1213013815  6.049574
1213017250  7.818159
1211064668  16.641453
1211095863  8.495247
1211119437  13.901879
1211126147  11.571508
1211148816  10.869516
1211185158  0.134897
1211360570  0.139742
1211412650  6.535633
1211440656  0.104013
1211529581  12.247429
1211544342  0.370770
1211575826  7.687856
1211583122  4.707840
1211637777  16.399734
1211647533  11.368788
1211810657  8.028937
1211830761  12.481337
1211843652  13.624927
1211874191  0.124584
1211906350  24.590277
1211930161  12.838029
1211950821  4.359511
1211957924  10.579778
1212007593  14.247763
1212014288  12.553037
1212044937  0.110614
1212101647  6.281736
1212155617  15.046773
1212187306  4.032487
1212211845  7.154107
1212279369  10.219268
1212326483  7.913093
1212356429  8.981523
1212400614  0.165498
1212428423  7.687856
1212429464  5.984082
1212447698  9.257844
1212481090  0.131205
1212515889  8.097793
1212551682  0.841759
1212559830  0.096922
1212596772  10.899941
1212677616  10.772278
1212679128  10.721253
1212684652  9.932847
1212690981  9.656129
1212711336  20.398788
1212718774  11.240932
1212744482  0.085377
1212782724  10.541476
1212793081  6.078354
1212847785  7.662795
1212861167  3.894835
1212883645  5.127872
1212919864  0.031889
1211269232  0.103600
1211307396  18.105059
1211420721  17.423731
1211428807  2.308559
1211456794  7.687856
1211469901  8.754245
1211524617  13.151530
1211589355  5.846183
1211667673  6.288427
1211750945  18.268448
1211760793  4.296059
1211770569  6.268722
1211771359  6.233397
1211785385  10.508573
1211844522  15.120091
1211848573  14.368949
1211895604  10.767218
1211979725  8.508339
1211995699  8.766282
1211999817  6.422398
1212061412  5.687276
1212086178  5.030362
1212158931  13.839097
1212216970  9.985201
1212268850  9.078772
1212299256  6.522607
1212313419  12.291463
1212319015  12.694549
1212406218  6.887340
1212422034  8.841686
1212448430  10.133162
1212556686  10.942414
1212558746  11.305079
1212686206  20.635401
1212807398  6.940965
1212905314  9.558661
1212922367  7.776540
1212943119  7.140927
1213015611  12.484056
1213021176  9.787401
1213051526  6.083817
1211030864  6.600529
1211037341  10.128795
1211154816  1.149310
1211178122  13.110298
1211205112  6.584929
1211213142  9.837414
1211217197  5.950513
1211235341  6.946691
1211291513  10.799387
1211346297  12.037363
1211377952  8.811040
1211465487  10.899941
1211483214  8.424585
1211494093  2.570019
1211534552  14.098085
1211551038  18.424465
1211578483  3.704238
1211633590  8.839358
1211724127  174.583588
1211762478  2.457389
1211763165  13.012874
1211774199  8.994227
1211820540  10.899941
1211831076  11.635656
1211842523  20.749895
1211896626  19.570633
1211675687  19.684311
1211676684  5.554755
1211702715  10.307071
1211706573  12.111046
1211755455  3.424461
1211773400  7.073349
1212245439  12.510465
1212380722  15.632879
1212404131  12.263525
1212454957  12.932915
1212498725  10.415697
1212521267  6.186933
1212545507  8.958743
1212889307  7.440596
1212938249  10.129469
1212968333  15.926069
1211254311  33.240387
1211435509  0.439418
1211526246  14.267526
1211563049  4.743629
1211608013  9.644642
1211618500  16.698225
1211701616  6.471189
1211888156  4.324129
1212015622  8.759052
1212144259  10.899941
1212286522  7.137108
1212297719  8.693303
1212307807  10.180421
1212362066  6.879600
1212394723  6.083817
1212536382  3.829921
1212827323  9.035467
1212905032  0.660960
1211034540  17.196167
1211071122  3.170553
1211202323  18.887718
1211238025  19.580359
1211239966  1.075684
1211239988  7.687856
1211321660  3.535312
1211370976  11.523239
1211434634  10.655927
1211464913  18.101229
1211541415  12.111046
1211635386  11.952439
1211638092  9.298566
1211646612  19.106852
1211678842  11.212363
1211701902  20.383722
1211725987  8.783549
1211847736  1.070589
1211982046  6.176636
1212061505  6.083817
1212084998  5.341955
1212122115  7.058648
1212211750  13.346482
1212316753  17.404959
1212621827  9.813146
1212636406  6.382280
1212640324  12.896744
1212719094  12.292991
1212739516  11.764522
1212761633  8.279841
1212765061  9.515512
1212844123  7.187358
1212884503  8.082273
1212948385  6.083817
1213012415  7.988752
1213022089  4.243036
1211213257  12.144532
1211231710  9.147097
1211236323  7.776540
1211292287  0.978490
1211402120  11.573113
1211476643  5.753360
1211477183  5.480326
1211525406  14.126406
1212067390  0.774065
1212071595  2.681376
1212113950  21.394142
1212212108  8.855141
1212372888  6.879708
1212385869  7.381639
1212396352  11.357952
1212454674  11.833340
1212467911  4.590245
1212500850  13.233582
1212516682  12.782834
1212821801  12.306743
1212852075  0.062683
1212880484  8.720979
1212900578  8.859653
1211117465  7.069990
1211164879  21.279242
1211346840  9.492397
1211515907  11.740600
1211635000  19.896811
1211644118  10.525249
1211715766  17.196167
1211719982  10.042430
1211746744  7.067165
1211747655  9.519353
1211843679  0.000000
1211843681  0.000000
1211843692  0.392549
1211861805  5.047991
1211896581  12.317011
1211956068  5.109720
1212582069  7.917424
1212841828  4.797992
1212843157  10.347340
1212845956  9.342807
1212931148  7.561826
1211046872  6.055545
1211077168  10.380559
1211111051  7.439861
1211113081  10.899941
1211266756  2.190635
1211283465  5.703578
1211289539  11.055975
1211291698  11.165504
1211455914  10.317395
1211545074  4.026015
1211545089  10.721253
1211638961  6.083817
1211642247  5.127872
1211714640  5.984082
1211720944  14.397141
1211809354  10.899941
1211812396  17.135305
1211886894  6.795040
1211892260  2.616995
1212061513  12.126669
1212147085  0.000000
1212147092  7.687856
1212152712  13.113966
1212233927  14.098949
1212237387  5.889304
1212403973  9.515512
1212408923  7.561826
1212411818  6.156471
1212491696  10.625204
1212648355  10.457597
1212654744  8.638919
1212664933  11.428648
1212669620  13.167139
1212673367  14.667178
1212753319  7.687856
1212850439  6.186933
1212924669  15.739331
1212932269  8.694360
1212935858  6.083817
1213010042  9.604266
1213013186  6.293604
1213017382  13.071716
1211632142  10.986293
1211690336  6.274678
1211717572  17.432692
1211723998  17.973797
1211727611  0.000000
1211727634  9.747472
1211747664  10.767529
1211776852  19.905582
1211856300  9.789849
1211877484  9.800525
1212234745  5.474770
1212240147  10.600750
1212247454  12.008646
1212337952  9.720360
1212378914  12.735188
1212837785  0.602839
1211307911  5.872026
1211493127  3.955373
1211569256  11.011033
1211603481  5.020035
1211716073  7.096482
1212102270  9.815808
1212386084  12.975698
1212519606  9.932130
1212593628  12.721074
1212627021  9.720736
1212651311  10.979377
1212680476  8.589356
1212711113  6.293604
1212735767  1342.416382
1212771686  14.405887
1212797311  6.923295
1212909951  4.813154
1213022384  10.343588
1213057969  4.290603
1213082754  9.795794
1211032198  4.093560
1211034231  7.315032
1211073362  9.832537
1211119078  1.310596
1211121258  14.207241
1211126214  9.590254
1211159174  18.268448
1211197447  11.513062
1211199891  68.280022
1211208999  8.839358
1211243759  12.949683
1211283434  5.288110
1211286914  13.642920
1211299072  12.411537
1211370513  6.375882
1211373366  4.889886
1211375036  7.531546
1211379341  9.515512
1211456601  4.468266
1211468098  6.271820
1211489322  9.068733
1211543075  6.664865
1211546056  3.968766
1211636784  3.829921
1211673955  8.718542
1211725239  10.899941
1211759664  9.723625
1211777282  8.715088
1211802495  5.213336
1211806843  11.445905
1211819611  12.008646
1211820509  10.084171
1211889252  8.486857
1211891504  6.404018
1211975407  5.127872
1212061740  6.478234
1212064162  2.606028
1212077459  10.540086
1212147905  6.083817
1212155395  11.619125
1212156517  8.619657
1212168597  16.506714
1212170429  7.687856
1212219683  21.271885
1212235399  9.453542
1212242266  12.421378
1212250126  17.196167
1212283763  13.694222
1212328209  7.671727
1212331074  10.574391
1212407507  9.359520
1212410061  5.911980
1212415310  7.264760
1212432542  13.697762
1212493864  6.182989
1212540058  10.016329
1212580005  8.386752
1212665810  10.251651
1212674191  14.133577
1212753404  7.561826
1212826445  7.467871
1212847075  10.960281
1212889273  8.694771
1212908499  7.400200
1212933381  0.000000
1212933410  9.814284
1212939848  8.386752
1212946824  8.831831
1213011765  5.402982
1213019930  7.596084
1211033386  5.288110
1211119639  9.637099
1211190624  6.083817
1211206754  81.354851
1211246394  10.699637
1211378943  79.894180
1211542432  6.372034
1211766016  19.570633
1211767316  11.177365
1211787270  105.634140
1211818513  81.354851
1211831698  4.168015
1211862024  5.526783
1211898459  8.424585
1212003868  7.949777
1212087795  5.018697
1212131664  7.802771
1212156922  65.468842
1212368719  10.882839
1212455872  5.801404
1212484632  3.364531
1212541489  12.581964
1212548195  7.899749
1212659220  8.868333
1212675002  81.354851
1212714052  3.514402
1212974776  9.994165
1211032148  7.687856
1211048742  7.258530
1211069373  7.662795
1211102449  26.693087
1211151525  8.906540
1211159228  4.517319
1211180191  3.341379
1211181571  5.757736
1211199451  11.213591
1211372440  10.899941
1211458294  6.372034
1211484014  10.510533
1211494748  6.269259
1211544913  7.090321
1211570925  7.285233
1211574367  5.213336
1211670274  11.890205
1211729265  18.268448
1211758129  18.075918
1211760271  6.193429
1211804367  12.044987
1211890885  18.332876
1212062894  8.718542
1212149787  17.196167
1212381479  8.884230
1212381939  141.076660
1212408084  6.083817
1212496458  9.590254
1212531694  5.984082
1212581339  17.196167
1212587203  14.994780
1212668059  13.075135
1212824883  9.429813
1212884885  12.377131
1212889638  8.174660
1212979878  10.213801
1211035668  9.287983
1211072868  13.020539
1211095476  11.227765
1211199698  13.881495
1211299944  10.137371
1211300669  19.896811
1211501798  10.471550
1211552797  13.196171
1211599538  23.887938
1211814153  12.370766
1211838422  0.000000
1211838435  10.982652
1211909474  16.884476
1211999067  11.702444
1212073096  2.945897
1212086504  5.585718
1212108054  7.366396
1212163557  7.898821
1212199801  9.730681
1212208742  7.460560
1212223007  20.516771
1212248794  6.989068
1212418037  8.712019
1212433536  12.050224
1212481279  9.201875
1212484466  7.472897
1212581155  10.991813
1212677145  8.068997
1212711368  14.738378
1212712637  5.504925
1212721981  19.211239
1212765468  5.940209
1212798767  4.879683
1212850891  7.803829
1212917625  6.974086
1212924542  7.067165
1212931891  77.274704
1213059807  7.049480
1213082065  6.966177
1211152389  9.515512
1211353155  8.998106
1211642064  77.524002
1211660321  2.583414
1211668840  9.582522
1211744141  17.387808
1211795743  13.871864
1211936772  13.815674
1211942151  10.730231
1211966773  7.472897
1211969123  6.636891
1212258730  10.703910
1212391978  12.062484
1212395783  23.876171
1212623035  9.647214
1212634112  7.894867
1212979194  1.589216
1212979232  2.391797
1212979336  21.780121
1212991529  14.667178
1211422657  5.218462
1211586043  7.049480
1211594367  8.447850
1211729475  9.462229
1211848162  8.373960
1212221038  5.368074
1212529684  9.522512
1212607747  8.189743
1212727822  11.369655
1212819574  18.123817
1212881215  6.236783
1212886250  3.170553
1212907522  9.808001
1211041905  12.215614
1211071989  10.197386
1211113188  8.387139
1211133051  9.116934
1211184817  3.140563
1211383663  3.741637
1211399082  4.655248
1211421356  8.551828
1211428156  7.610639
1211550271  147.304901
1211583788  9.187697
1211672237  6.664865
1211726286  12.998052
1211757477  5.530743
1211758305  6.141237
1212007137  10.741032
1212206921  5.530173
1212242425  20.261370
1212278488  10.820402
1212326579  9.776082
1212363439  6.204327
1212414798  71.415588
1212450520  8.478351
1212935736  9.842671
1211208175  11.635656
1211359601  10.349524
1211361536  16.914263
1211398209  10.955378
1211464538  5.687276
1211521271  11.967113
1211618067  6.957409
1211693508  0.139543
1211774421  14.015306
1211942061  4.606588
1211948577  9.068069
1212071613  5.639119
1212301109  5.819146
1212553325  0.000000
1212553387  13.299198
1212702527  5.536777
1212740845  9.913921
1212745382  9.359520
1212911912  9.915858
1211415005  8.182901
1211420957  10.333540
1211509133  8.447850
1211522494  6.083817
1211739276  3.374391
1211742494  7.687856
1211765370  8.302072
1211940762  5.744035
1212182589  0.602052
1212182650  4.614504
1212227042  18.572924
1212462327  7.561826
1211367491  4.216828
1211571030  9.676145
1211574474  7.729439
1211795209  9.515512
1211956317  10.268997
1211993869  13.902681
1212209420  32.533627
1212229755  5.615831
1212295945  4.665979
1212610916  11.784994
1212652991  10.717343
1212924725  0.248736
1211030535  9.720736
1211035302  21.705610
1211123109  7.050813
1211241509  11.825531
1211271331  10.721253
1211323673  17.144236
1211339062  13.080730
1211357946  18.572924
1211412146  14.905654
1211442583  10.095745
1211642769  3.426069
1211661542  11.164308
1211701565  9.004632
1211731176  12.167634
1211848113  10.590706
1212132184  11.779339
1212251734  8.360244
1212270824  15.557800
1212362474  2.500315
1212392061  18.572924
1212447937  6.083817
1212478766  11.097491
1212537046  8.489047
1212625032  8.033122
1212673150  10.055933
1212964017  9.040682
1212329066  5.578425
1212362420  9.702641
1212427036  14.330139
1212710596  2.022660
1212737174  3.808495
1212763769  8.949284
1212929529  19.042473
1211140831  11.344360
1211284167  8.627502
1211373593  10.390115
1211379181  7.471453
1211461798  7.081594
1211518603  10.609635
1211528357  12.298279
1211531325  8.385516
1211542010  10.721253
1211613397  21.456970
1211662238  17.387808
1211665618  9.747472
1211677604  9.844754
1211750590  7.333850
1211751495  4.600003
1211889531  17.196167
1211982249  18.268448
1212079857  6.042626
1212245195  18.572924
1212277114  1.248609
1212378390  11.970237
1212442429  10.002212
1212445312  2.191428
1212447233  5.304746
1212476873  12.583416
1212496813  12.642321
1212627642  4.672777
1212678205  6.083817
1212705169  14.475246
1212764620  9.826091
1212812381  16.318287
1212817835  10.660432
1212851870  7.439861
1212935290  13.329731
1213052793  13.819968
1213055280  6.165900
1211032033  6.453775
1211034639  14.911936
1211116435  3.328727
1211273007  6.176636
1211282737  15.795501
1211378897  10.756532
1211467775  6.555605
1211553313  7.934894
1211587914  7.859132
1211644918  7.406858
1211677540  11.217468
1211686563  12.288966
1211768972  10.189439
1211814078  11.103397
1211911705  6.664865
1211935018  8.619657
1211986108  9.257844
1212070247  8.986681
1212157954  7.988752
1212215801  14.770682
1212273547  4.270542
1212309435  14.580819
1212321665  214.634369
1212331241  9.779527
1212349566  6.815598
1212363024  10.799387
1212417479  7.439861
1212525139  12.251898
1212537483  6.083817
1212589510  0.000000
1212589573  1.956343
1212590664  10.588070
1212675515  21.271885
1212716107  8.424585
1212744232  17.373869
1212744666  10.144315
1212761228  7.949777
1213021421  8.831831
1211122448  6.478234
1211123109  6.478234
1211191705  7.787630
1211200215  22.887434
1211209479  17.196167
1211210603  10.721253
1211303868  12.617743
1211324240  3.328727
1211344085  7.108657
1211544700  9.359520
1211575218  6.169747
1211652215  10.998858
1211696143  8.187184
1211764339  6.380975
1211811126  4.443264
1211842776  10.728520
1211887856  10.034819
1211895386  10.612748
1211956363  7.090321
1211963968  5.841205
1212030418  17.466621
1212043002  0.088077
1212112996  8.718542
1212144403  12.799547
1212150497  10.977022
1212186047  7.621750
1212233385  6.974086
1212265336  4.921628
1212315977  16.102093
1212322898  16.802662
1212326317  7.221429
1212408402  10.721253
1212429410  9.359520
1212534177  7.200955
1212584542  7.216280
1212678270  5.566432
1212690620  11.092033
1212974004  11.637679
1212998738  14.349097
1213013407  22.512232
1211028610  78.562614
1211111109  8.831831
1211146205  7.633791
1211224918  6.545333
1211250302  5.796239
1211287613  13.801532
1211291694  9.419950
1211389393  13.727470
1211427213  7.110269
1211459013  162.543335
1211496794  6.940965
1211563945  8.513527
1211644209  9.953013
1211699838  17.837357
1211720543  17.102760
1211721379  17.196167
1211801438  11.084685
1211850039  9.909038
1211995184  6.058969
1212169778  3.382130
1212223017  9.627738
1212223259  6.603849
1212374943  12.912762
1212456237  10.626010
1212494263  13.351406
1212540265  4.151400
1212581131  4.733478
1211499622  15.274271
1211499692  23.442747
1211665788  7.319303
1211697005  8.706058
1211952485  2.637931
1211954118  6.701622
1212130088  12.227759
1212203419  6.083817
1212220591  0.058701
1212307870  11.157089
1212498028  10.472576
1212547376  7.489455
1212553672  7.096482
1212683886  8.219748
1212824171  11.996198
1211041010  8.082273
1211054353  6.478234
1211069681  7.216280
1211115727  6.152184
1211152912  5.213336
1211642920  10.960986
1211743545  12.786066
1211751492  9.717352
1211755764  8.082273
1211818347  14.665941
1211914192  6.800684
1212046869  9.210321
1212063086  0.986043
1212063110  9.865649
1212192298  14.546721
1212204825  12.836652
1212239680  8.076786
1212242731  14.782074
1212321665  5.968536
1212325528  16.467138
1212332504  67.600632
1212337576  6.083817
1212364112  9.623512
1212386009  122.003487
1212550297  10.753165
1212740438  9.926036
1212741358  10.216232
1212819204  15.342687
1212946361  5.092805
1212946940  17.196167
1212974359  6.478234
1211032380  9.515512
1211067101  2.314110
1211199031  13.768054
1211284867  7.215269
1211287421  14.325953
1211373366  25.088789
1211373427  35.653694
1211459012  4.626566
1211468606  6.083817
1211545467  13.020085
1211567441  7.472806
1211665246  10.254952
1211697182  20.636581
1211714594  11.097491
1211719317  5.598621
1211807751  7.315032
1211815369  13.443780
1211890012  11.683819
1211893254  0.000000
1211893261  0.978607
1211983486  7.988752
1212069033  11.643582
1212089333  3.213410
1212151993  13.152186
1212157494  11.194674
1212244835  10.002891
1212321393  0.278023
1212373400  10.813501
1212409569  17.144236
1212414346  8.928002
1212582484  7.988752
1212650054  0.087978
1212719896  119.829742
1212755399  8.572872
1212890189  10.539234
1213013180  10.183722
1211075483  11.983036
1211196349  10.899941
1211282565  11.751355
1211353161  7.347521
1211368857  17.196167
1211401977  7.325726
1211442582  6.152184
1211455493  4.919634
1211541846  16.884476
1211543884  10.899941
1211546271  12.739152
1211617981  8.488821
1211632450  5.984082
1211760048  8.274359
1211780145  10.216232
1211801201  12.583416
1211875119  0.195634
1211890178  6.388589
1211923472  2.287836
1211956589  4.168015
1211973942  10.731724
1212048885  12.907640
1212060541  5.828174
1212072457  8.251904
1212147438  8.066099
1212223082  8.082273
1212406195  12.530173
1212474611  19.490747
1212474980  0.089873
1212564293  9.397630
1212578648  7.687856
1212652783  8.715002
1212654259  0.160285
1212751503  0.000000
1212751532  9.515512
1212843089  7.008942
1212865139  6.945358
1212873444  11.475984
1212937738  4.782968
1212942726  6.129917
1213010588  8.069196
1213013289  8.166477
1211023512  9.815451
1211096893  70.980667
1211129548  1.269771
1211136092  5.141254
1211170939  11.186422
1211209686  8.039478
1211288150  14.396076
1211292104  5.213336
1211308839  4.107748
1211308844  7.474886
1211317742  0.000000
1211317782  15.614987
1211385893  6.176636
1211405819  10.195191
1211437568  14.832926
1211455376  7.949777
1211473928  78.562614
1211501865  8.009222
1211529691  13.033054
1211584885  15.721169
1211750757  4.782968
1211808150  19.570633
1211837200  20.781382
1211837260  8.440382
1211868763  3.695232
1211890967  8.789960
1211895146  9.742814
1211960577  10.891316
1211980096  9.341295
1212155444  5.159395
1212179720  0.810055
1212192786  5.841205
1212211291  56.478470
1212566301  16.946571
1212971716  6.295889
1213077038  7.804728
1211070100  9.948405
1211077370  12.473313
1211105215  11.359477
1211202775  18.572924
1211236488  0.082550
1211281206  6.083817
1211289479  11.709297
1211345415  10.396705
1211375242  12.978642
1211459364  9.637099
1211528728  13.558753
1211546906  12.563198
1211675443  8.047885
1211720031  6.832747
1211811262  17.447552
1211893550  14.466762
1211981406  19.570633
1212002249  8.244859
1212066189  11.275801
1212152393  5.212291
1212226615  16.464748
1212260133  9.775051
1212279870  6.917315
1212314875  17.301575
1212357627  4.823171
1212412503  8.170430
1212448806  9.234519
1212499140  16.884476
1212583533  0.000000
1212583539  4.977357
1212672040  10.899941
1212756298  16.632467
1212844900  7.818159
1212869968  8.830668
1212885916  10.598307
1212918930  19.128838
1213017444  6.345732
1211253792  10.590706
1211493910  8.051617
1211515753  17.267622
1211776839  9.479114
1211855645  0.745064
1211954996  8.773149
1212150925  11.974921
1212157985  5.119668
1212203820  9.661359
1212274377  11.465888
1212294660  5.717242
1212410350  14.232169
1212469972  10.241352
1212521274  0.184697
1212618857  4.099695
1212718886  5.692292
1212723880  11.008574
1211026424  7.597445
1211030759  13.311017
1211040913  10.079153
1211442087  7.215269
1211494296  7.341787
1211635972  6.518375
1211637975  17.215704
1211904430  13.881930
1212000702  10.213801
1212096398  6.083817
1212240169  8.082273
1212251537  7.408078
1212530632  13.570281
1212701886  8.694360
1212860809  10.324211
1211085091  8.936955
1211162861  5.768847
1211197827  23.688505
1211200811  22.744637
1211285724  8.286477
1211372636  20.923166
1211377664  21.549141
1211545897  8.903147
1211548704  12.101098
1211552950  12.008646
1211568530  8.069471
1211577489  8.718542
1211614342  8.986681
1211641625  6.170713
1211784407  11.398213
1211800424  12.240504
1211807194  14.013067
1211880432  15.791890
1211888838  18.572924
1211890914  10.020402
1211905508  8.945031
1211909883  9.147627
1211976932  11.444908
1211982478  4.446690
1212042631  10.666880
1212059802  15.640010
1212063399  12.995881
1212067516  5.794111
1212080876  3.590551
1212151009  8.206830
1212162110  9.318244
1212233885  11.443717
1212272769  6.866021
1212412773  12.834076
1212480805  17.196167
1212485932  0.191621
1212501221  10.414495
1212503598  9.698556
1212516557  15.706027
1212527059  8.548049
1212564228  6.480405
1212581687  18.101229
1212596629  8.850832
1212663572  0.404280
1212710555  9.686717
1212754292  20.806759
1212757392  74.716492
1212828108  17.144236
1212836665  8.690516
1212881979  8.639896
1212909924  7.914407
1213011837  6.478234
1213017370  21.594782
1213029125  10.020402
1211268582  11.428648
1211274890  5.138931
1211333399  10.310791
1211361684  10.018476
1211614881  5.429402
1211637172  6.073345
1211784362  5.144647
1211801080  162.543335
1212120744  4.398588
1212190688  20.912098
1212324762  9.040791
1212485173  10.700820
1212572731  9.359520
1212665013  17.187160
1212671743  5.074815
1212717709  11.557240
1212739155  7.356000
1212745167  11.294358
1212930493  6.829797
1211030535  9.720736
1211035302  21.705610
1211109996  15.479622
1211228264  13.254867
1211377537  9.521095
1211456960  10.721253
1211557599  9.808922
1211671301  5.530173
1211678672  5.894457
1211749065  6.083817
1211797654  10.361755
1211799433  9.838143
1211897351  8.047774
1212013747  6.478234
1212062127  18.949699
1212100087  6.988960
1212124732  6.200497
1212186284  12.941711
1212235261  19.896811
1212242714  18.635679
1212379007  10.349524
1212459334  8.694360
1212478939  0.186246
1212605338  9.363827
1212759231  13.332532
1212793040  8.085840
1212902880  15.320898
1212966554  7.401138
1213007634  13.570281
1211133698  15.973220
1211320338  3.158608
1211577514  5.888005
1212011467  1.568392
1212392184  17.952925
1212473037  0.345286
1212616221  1.932522
1212986850  10.588070
1213044507  66.077438
1211159185  9.061768
1211173170  12.725233
1211261267  16.721298
1211531802  12.912762
1211933477  6.304075
1212048925  10.967661
1212118831  8.418276
1212169847  8.798281
1212529940  8.046002
1212530700  9.556190
1212696322  8.666340
1212734360  11.494637
1211120872  11.801189
1211125662  21.316387
1211126202  9.515512
1211157815  12.138721
1211192395  12.288651
1211210427  2.360900
1211298625  1.006504
1211298685  1.833289
1211334677  10.117963
1211385543  17.196167
1211557982  0.000000
1211558005  13.106389
1211712095  9.287199
1211865375  8.844324
1211908215  14.877450
1211988275  12.421378
1212023800  0.000000
1212023820  9.480343
1212075577  24.565952
1212197488  12.218489
1212250891  11.142953
1212297707  22.589415
1212322714  18.572924
1212354376  20.179413
1212366819  17.196167
1212420639  19.570633
1212508703  30.118254
1212563186  14.027071
1212631424  1.971631
1212680683  20.895130
1212714215  3.906820
1212747934  14.103402
1212768759  10.812962
1212795935  0.217200
1212893922  18.572924
1212937523  17.818039
1213025076  17.196167
1211027298  11.097491
1211044696  15.290178
1211051355  8.974638
1211052817  11.147096
1211116842  14.177404
1211128062  7.646541
1211203448  19.896811
1211209668  12.849702
1211246103  8.424585
1211246501  7.320044
1211331306  4.936230
1211376340  11.636670
1211380298  6.655324
1211418995  7.572888
1211457611  6.477679
1211463861  13.071091
1211507388  11.972221
1211591692  2.284267
1211635188  10.191891
1211702781  8.069471
1211718034  10.267598
1211810084  13.849280
1211980519  13.785949
1212067497  21.271885
1212081270  9.046867
1212178912  8.082273
1212239061  14.118573
1212248428  12.180652
1212283323  13.883236
1212369498  78.562614
1212399461  7.578385
1212414026  8.343013
1212499613  9.964597
1212535056  12.421378
1212631459  9.981288
1212780209  9.787401
1212801210  9.851501
1212823985  18.572924
1212843300  10.462251
1212849636  10.195191
1212852039  13.285548
1212858808  18.636908
1212891983  4.468266
1212929717  17.144236
1213020638  16.914263
1211065276  12.648076
1211116665  8.797137
1211119961  13.020539
1211150641  5.979908
1211156344  10.195387
1211203819  6.245995
1211288536  17.412115
1211326558  9.515512
1211373950  8.264227
1211460783  10.218695
1211547721  12.823460
1211722238  0.000000
1211722252  7.687469
1211752822  5.615831
1211893564  5.438927
1211980243  14.223693
1212018210  8.783979
1212065560  18.572924
1212152269  12.838029
1212156054  12.583416
1212190340  6.034345
1212235994  7.988752
1212411628  0.000000
1212411630  0.000000
1212411643  9.690536
1212412060  11.780957
1212448150  9.061768
1212494916  11.932754
1212512523  5.979908
1212563161  7.216280
1212575613  19.899561
1212584725  14.217877
1212667938  18.096542
1212757277  6.700079
1212769457  8.609677
1212931706  6.847502
1212935020  10.695513
1213015597  12.907551
1213019114  4.168015
1211080476  7.988752
1211170686  8.885182
1211172641  87.410637
1211193222  19.896811
1211218525  16.387638
1211333099  5.127872
1211445853  14.564343
1211623755  9.676792
1211628629  12.263525
1211630207  7.687856
1211690686  4.510084
1211722458  18.572924
1211772439  6.449870
1211776948  4.711302
1211791745  11.995343
1211864734  11.134720
1212145712  19.899561
1212258686  4.862684
1212286597  1.769305
1212327598  10.777430
1212374326  15.919648
1212565213  12.262033
1212727644  9.619933
1212750400  10.149234
1212849498  12.828049
1212894888  7.997839
1212914134  13.348310
1212931898  9.298370
1212932318  18.268448
1213023363  7.426743
1211035281  5.745448
1211042320  10.149037
1211093991  25.232765
1211105847  12.872689
1211108136  0.038070
1211196468  5.703578
1211235703  6.478234
1211650364  8.789960
1211672803  18.572924
1211750463  5.766790
1211841089  6.293604
1211872481  7.668869
1211905654  21.271885
1211929253  17.144236
1212018145  10.523472
1212125581  6.154604
1212139421  3.552366
1212139438  5.984082
1212260629  4.882094
1212585230  8.360244
1212592264  11.051295
1212622018  5.012069
1212664622  10.137386
1212688000  3.199729
1212886301  4.265142
1212960548  1.748815
1212982590  7.348275
1211522884  19.049484
1211613938  11.836441
1211861933  10.979377
1211921522  11.103235
1211960666  12.106355
1212215644  11.443717
1212216972  18.759455
1212343952  16.629038
1212376734  7.908636
1212529193  5.607624
1212778225  12.782834
1211047778  10.798649
1211686113  4.017191
1211828653  11.051295
1211890830  12.212182
1212109487  7.458148
1212431219  22.928223
1212467874  8.486857
1212753028  15.409000
1212874745  7.561826
1213011316  8.844324
1213013907  6.156471
1211299234  10.981138
1211492922  112.869370
1211493228  3.439697
1211916254  8.082273
1212279011  5.119668
1212649959  6.807513
1211027145  17.196167
1211033401  7.275015
1211162746  11.338132
1211193081  11.230331
1211257876  3.286859
1211422244  7.940887
1211454774  8.789960
1211629764  21.231659
1211662192  6.078396
1211801362  11.064851
1211832271  9.658098
1211898585  9.550586
1212182359  7.067165
1212195206  10.946070
1212206443  12.868868
1212232907  12.120150
1212318539  0.752935
1212357298  9.209793
1212472252  22.074806
1212842197  17.196167
1212907735  10.799387
1211172911  8.069471
1211337280  8.531026
1211358910  13.332532
1211436916  14.526505
1211704663  15.271161
1211758739  6.478234
1211919544  9.628523
1212270156  6.928260
1212393153  6.478234
1212473922  23.623665
1213001011  6.480405
1211267412  10.810252
1211273915  3.657318
1211115814  7.711072
1211154951  14.543911
1211170522  9.225459
1211195591  10.899941
1211198239  4.816527
1211298585  12.563198
1211373133  7.341787
1211480084  4.816527
1211504484  16.914263
1211523958  7.013026
1211547331  10.884844
1211611974  8.296114
1211712316  140.007797
1211820280  12.583416
1211903715  12.934967
1212023038  8.127223
1212191573  1.236050
1212208454  11.653194
1212234547  8.082273
1212361603  19.317976
1212369305  11.417504
1212374713  11.593144
1212421992  8.769575
1212422602  7.110269
1212438661  5.474770
1212454880  2.937456
1212540128  5.829374
1212550298  7.316587
1212681375  12.838029
1212766948  11.438896
1212873826  7.744169
1212907752  20.261370
1212935671  13.120432
1212973876  5.119668
1212976261  4.031496
1211114213  9.515512
1211187396  23.015497
1211580069  5.350410
1211723009  5.127872
1211826838  7.348358
1211890877  79.894180
1212063414  174.583588
1212260750  9.890121
1212364358  0.250396
1212524400  7.837892
1211054938  15.913323
1211060625  14.460734
1211234252  15.873384
1211319938  6.380742
1211406368  5.293216
1211553303  8.424585
1211580219  7.857789
1211643394  6.083817
1211684471  8.047885
1211703685  5.474770
1211758201  6.862204
1211765869  4.452267
1211787909  12.428520
1211788309  14.525004
1211788468  11.688544
1211845063  6.930180
1211847771  11.836441
1211926917  8.177936
1212014423  7.440596
1212096853  5.978758
1212097534  7.561826
1212184465  6.819194
1212364389  7.210496
1212443150  11.112715
1212530651  11.357977
1212617614  9.176510
1212702037  12.523044
1212788852  8.599874
1212877317  9.225428
1212910808  13.851778
1212970551  1.010772
1211071107  3.858588
1211090333  16.930849
1211106178  36.768028
1211126360  8.424585
1211207695  8.067443
1211239527  17.196167
1211272114  2.660001
1211282510  9.359520
1211365247  10.630906
1211374182  8.161060
1211494683  0.000000
1211494696  7.435708
1211571258  8.513527
1211637083  81.354851
1211679499  7.517410
1211714571  20.238958
1211787626  13.006902
1211985294  4.487827
1211997796  8.538846
1212043463  10.721253
1212115369  6.759797
1212152029  10.028211
1212182312  17.196167
1212198828  6.372034
1212208003  7.347521
1212224073  17.118755
1212272591  12.679329
1212308070  8.958856
1212320169  16.914263
1212320350  7.178368
1212408516  2.040288
1212408534  2.191187
1212443779  1.061442
1212506069  10.252241
1212512351  2.386739
1212583527  15.479622
1212618404  6.820547
1212645368  18.268448
1212668728  13.358700
1212724730  3.527393
1212751065  6.083817
1212822844  8.350706
1212845940  20.234043
1212868595  1.830007
1212868628  6.471189
1212875728  8.567374
1212876494  8.047774
1212897273  8.608155
1212917569  17.474478
1212988045  19.106852
1213011050  12.932915
1211029100  5.881461
1211035133  8.227899
1211038070  6.169747
1211113657  7.335524
1211149954  3.546721
1211198596  9.951097
1211229965  10.288926
1211249837  10.609025
1211323366  4.880775
1211371721  9.522535
1211378073  12.042706
1211456858  6.083817
1211545813  22.887434
1211576358  7.949777
1211639044  6.935170
1211802241  6.083817
1211832657  11.294358
1211888634  20.989246
1211924264  20.461653
1211974670  21.271885
1211994313  7.090321
1212024054  6.169747
1212060040  14.133836
1212093578  9.969413
1212146735  10.899941
1212215426  5.192934
1212279488  10.042430
1212345515  10.961473
1212407791  12.607691
1212440192  1.582723
1212458373  10.127087
1212493982  10.899941
1212500768  9.808001
1212525146  1.805799
1212581694  17.493910
1212665679  16.989235
1212697189  6.575766
1212721603  7.577131
1212956162  69.656776
1212971360  11.325385
1212995053  13.020085
1211034588  17.467896
1211059759  11.097491
1211197312  18.572924
1211205754  9.515512
1211208632  11.353652
1211283803  15.191586
1211287882  13.783345
1211298245  9.844754
1211309263  8.672348
1211370028  10.252241
1211374642  15.621564
1211379023  9.026341
1211402517  3.616271
1211454601  18.268448
1211457221  16.259991
1211461408  9.627078
1211543206  18.572924
1211615813  13.742782
1211628172  6.988960
1211629160  13.139491
1211634398  2.639163
1211802554  8.650466
1211813661  10.249987
1211816110  10.721253
1211888649  7.561826
1211892842  5.214700
1211895999  5.745448
1211974828  7.561826
1211977576  6.672714
1211982144  10.090328
1211984464  19.151365
1212061618  19.018993
1212065827  78.784637
1212090013  9.462229
1212148104  8.940639
1212155599  17.807079
1212178576  0.786967
1212178636  9.352062
1212275236  5.377739
1212307236  9.161991
1212405076  15.569168
1212410463  14.936105
1212415003  57.701427
1212441401  18.572924
1212493389  16.769556
1212531198  6.863967
1212579200  9.816947
1212585609  8.053661
1212600965  2.496309
1212603288  5.881461
1212613122  19.841732
1212666064  15.919648
1212668842  23.364666
1212752662  10.042430
1212756233  6.083817
1212759111  9.476061
1212860971  9.255984
1212967530  30.304962
1212967574  7.078956
1213011628  7.914327
1213015637  11.139327
1213019036  12.918808
1213022820  11.703285
1211032380  9.515512
1211067101  2.314110
1211152837  1.888720
1211211585  12.377029
1211229000  23.355402
1211235112  7.055737
1211323047  6.495759
1211327515  17.487627
1211378810  15.993180
1212191092  20.582907
1212751292  19.896811
1212796117  12.512008
1212846769  9.491613
1212912970  11.727666
1212972892  18.572924
1213012009  10.548330
1211025045  7.015648
1211032037  8.268928
1211034189  12.975762
1211324179  8.961961
1211361951  8.974396
1211373176  9.342551
1211405186  8.486740
1211491668  8.445335
1211515543  8.340327
1211523929  25.790075
1211545506  1.215282
1211663698  7.002624
1211686888  8.575616
1211714020  2.438787
1211773228  7.893281
1211842470  0.386599
1212017463  7.780420
1212268540  4.051810
1212322803  17.487627
1212451418  7.058713
1212492261  9.637099
1212549854  13.611302
1212582713  10.218695
1212592903  7.460560
1212620882  4.891245
1212819821  12.872689
1212878889  7.373003
1212926271  17.973797
1211555216  9.247823
1211656856  9.515512
1211778426  13.020085
1211783862  14.260229
1211855835  4.739397
1211924971  3.825689
1212008029  8.203962
1212088357  14.997436
1212184897  8.373960
1212205107  9.321335
1212451114  9.381721
1211099583  6.238183
1211101011  9.062392
1211103173  14.609066
1211151608  12.046019
1211227947  4.765000
1211266621  9.837414
1211318150  19.045862
1211341122  10.907933
1211364301  12.518026
1211429888  10.251651
1211512177  9.359520
1211685020  5.141254
1211720290  15.450514
1211759215  9.298566
1211781599  18.572924
1211819230  11.514142
1211946032  13.858562
1212204208  8.076786
1212232800  11.389477
1212297821  6.777830
1212327953  6.555605
1212638054  5.000696
1212734357  17.273397
1212810732  7.315032
1212872999  4.102288
1212931839  9.909929
1212966543  5.273661
1213007195  18.268448
1211033485  15.632879
1211076347  10.032005
1211108753  11.191463
1211361250  9.909929
1211473948  10.799387
1211553950  12.823460
1211641174  12.050916
1211701593  5.979908
1211723042  9.135028
1211812910  8.635750
1211841717  6.917226
1212062143  18.111597
1212064752  12.421378
1212067213  16.914263
1212160698  4.369449
1212162246  9.909929
1212175137  9.318531
1212243990  14.310924
1212274019  10.636805
1212292465  5.892853
1212331256  6.182989
1212343690  9.909929
1212570634  15.404193
1212739173  15.209220
1211180137  9.147784
1211493548  9.146688
1211598900  11.524297
1212066679  10.222092
1212201986  12.449063
1212213664  6.920972
1212352670  6.083817
1212593968  0.783371
1212618642  10.218695
1212644908  6.083078
1212870406  9.147097
1211025781  15.198230
1211064373  8.425014
1211099178  8.687047
1211129711  6.476812
1211134664  6.478234
1211159984  6.232497
1211195393  7.944380
1211307154  9.513298
1211368119  16.641453
1211437349  13.071731
1211454755  19.254978
1211647363  12.583416
1211702470  7.437016
1211723487  7.067165
1211792478  13.151781
1211800152  18.572924
1211871320  10.096782
1211886586  7.944380
1211973085  15.605069
1212059285  10.218695
1212145598  8.219261
1212221534  7.080239
1212298823  10.032671
1212320348  15.019695
1212348338  15.226175
1212356228  9.511137
1212405188  12.897125
1212412818  14.391941
1212474381  6.820547
1212491311  9.720736
1212599834  3.831671
1212664042  7.315032
1212750557  12.151647
1212934347  21.271885
1212938433  10.061484
1212953160  6.392698
1213009897  8.082273
1211267412  10.810252
1211273915  3.657318
1211314097  6.894689
1211326296  6.365104
1211342267  25.952360
1211347662  14.253376
1211410876  17.772346
1211458673  0.273872
1211460069  14.336760
1211664019  18.572924
1211764601  26.912003
1211809570  6.039091
1211890613  13.174539
1211892446  12.648881
1211976711  8.783549
1212014002  10.759130
1212121163  9.411965
1212267921  9.634414
1212286614  9.909929
1212385096  13.370226
1212414024  2.555282
1212594708  5.458628
1212664860  8.127890
1212751345  5.213336
1212795465  7.821555
1212906935  7.319316
1213021900  7.097980
1211028034  9.837414
1211042088  7.341787
1211061020  11.645042
1211111041  11.325385
1211120075  10.930024
1211125745  11.037173
1211213986  4.532666
1211292141  11.294358
1211302094  11.210454
1211380878  16.181150
1211399350  8.258429
1211466602  11.097491
1211497629  10.264218
1211513564  6.588035
1211514224  5.794111
1211586927  7.090321
1211674082  9.800440
1211723358  18.572924
1211836158  0.343923
1211847750  6.820547
1211898560  11.890844
1211934318  8.203962
1211950470  12.578516
1211984321  12.732511
1211995268  6.143045
1212070953  9.735557
1212124722  5.398409
1212145649  10.799387
1212152922  11.028677
1212154083  9.148589
1212177978  9.539563
1212201397  2.552887
1212211385  10.570978
1212280529  6.701622
1212415609  10.899941
1212416579  8.360972
1212590024  16.377302
1212620552  6.081611
1212647500  18.572924
1212666316  21.327681
1213022450  12.421378
1213023282  17.196167
1211086924  11.327148
1211270614  7.512391
1211424828  8.559378
1211780256  5.474770
1212172803  0.000000
1212172818  3.120681
1212471990  7.472893
1212986411  8.825428
1211099873  16.151457
1211482098  11.353792
1211781776  11.273165
1211783309  16.670971
1212176859  6.478234
1212288474  80.216782
1212555530  6.083817
1212916279  13.794186
1212963536  8.203962
1211148183  8.561248
1211300304  4.893059
1211563437  6.742983
1212242356  9.168233
1212285821  21.391003
1212552331  7.067165
1212826964  13.332532
1212914752  5.757736
1211063113  5.002587
1211155369  18.572924
1211240050  15.953914
1211427789  7.131418
1211634710  10.899941
1211636733  8.494226
1211708735  11.244896
1211751004  11.368608
1212062126  9.062392
1212229775  7.315032
1212733665  11.537687
1212751488  37.544769
1212757222  12.839522
1212843981  5.768847
1212851829  11.194720
1211163439  15.452621
1211445079  18.511221
1211465108  8.917930
1211548356  6.861601
1211634763  7.090321
1211805824  10.380120
1211815016  4.874472
1212071813  13.849497
1212075560  1.882131
1212079584  4.896802
1212148777  16.377302
1212156996  19.896811
1212158784  5.288110
1212328464  10.899941
1212503376  19.213367
1212507863  20.331173
1212509006  11.654756
1212527541  4.787428
1212556109  9.513298
1212600219  4.443264
1212671023  18.572924
1212761061  5.790977
1212770497  6.544911
1212788564  5.213336
1212844931  10.278000
1212905545  20.928505
1212982545  8.373960
1213014706  18.887718
1213048990  12.216793
1211121834  11.657942
1211286788  10.061484
1211291541  9.827784
1211323855  8.528801
1211326182  6.700079
1211331100  4.202248
1211346800  38.754303
1211374204  18.572924
1211431661  4.143179
1211466663  12.466794
1211643758  7.722390
1211657121  5.984082
1211668404  15.275423
1211748264  8.386752
1211858111  7.085950
1211872559  7.909409
1212100465  5.834175
1212185310  4.861813
1212189655  4.283644
1212355962  9.651500
1212374011  4.255765
1212439078  0.000000
1212439139  0.000000
1212439194  0.000000
1212439281  0.000000
1212439346  0.000000
1212439406  5.030600
1212538294  4.395016
1212546260  11.602846
1212573053  9.695236
1212671725  6.083817
1212677219  6.087282
1212689152  5.802720
1212696272  8.876391
1212701999  12.627569
1212764013  10.891316
1212847919  20.261370
1212960944  8.659578
1213050377  10.155214
1213050764  11.273165
1213083932  12.374458
1211028412  10.899941
1211047410  1.908375
1211056830  3.934040
1211121710  2.366504
1211121720  11.678508
1211206821  8.793012
1211208181  10.979377
1211378958  4.661190
1211392381  11.164157
1211465693  5.127872
1211509356  12.828013
1211541863  17.119364
1211543082  0.193314
1211607459  14.262530
1211703540  2.793639
1211731498  13.570281
1211842018  7.561826
1211897487  9.149743
1211951221  60.416172
1211953101  19.370293
1211984334  7.715280
1212070891  7.478041
1212115513  9.781365
1212148186  5.782738
1212157022  7.687856
1212271674  15.037065
1212274937  9.234519
1212416214  16.641453
1212449677  0.737537
1212479939  12.902450
1212502584  13.266374
1212588194  5.050125
1212675139  6.133569
1212761533  7.917424
1212853990  6.227939
1213021552  3.437128
1211288030  4.255468
1211288920  18.887718
1211291359  10.042430
1211372736  9.877800
1211458388  5.213336
1211524380  9.515512
1211546775  17.789139
1211718170  6.083817
1211782173  12.156633
1211800905  6.542349
1211834065  8.025562
1211838944  8.413897
1211931700  5.448724
1211992097  8.718542
1212038533  9.720736
1212106937  18.862204
1212118813  10.375486
1212152656  10.777430
1212271244  0.345391
1212355800  6.360898
1212376106  6.358387
1212408307  6.936149
1212493653  17.487627
1212588043  10.795727
1212624198  3.288511
1212666674  10.160735
1212753628  8.082273
1212757085  9.438028
1212874350  8.554273
1212905126  11.325385
1212972353  6.542349
1213018238  9.359520
1211027477  10.983288
1211028966  5.155692
1211113303  9.864389
1211227072  12.381059
1211477526  5.662264
1211552502  10.581355
1211722228  9.515512
1211725997  12.823460
1211760581  19.149714
1211883895  6.542349
1211993704  8.025804
1212072339  2.599339
1212158785  0.952144
1212158802  3.328727
1212292452  10.203614
1212417771  8.024731
1212500475  20.534245
1212676817  8.063178
1212814766  0.844668
1212844667  13.332532
1212846706  9.796972
1213022675  5.572196
1211032273  6.869075
1211070977  6.372224
1211074845  6.783402
1211078501  14.180313
1211153941  7.932532
1211322905  11.417504
1211385950  12.311000
1211500317  20.261370
1211586844  4.762519
1211646682  9.210321
1211692463  13.134828
1211759627  6.655324
1211851589  10.002212
1211856786  11.294358
1212104793  6.300042
1212120328  6.399474
1212131724  2.986414
1212133475  14.754646
1212192786  5.141254
1212235004  8.286477
1212304752  7.687856
1212329931  6.083817
1212371793  10.215083
1212450894  4.302208
1212536022  5.213336
1212621738  10.435869
1212794535  16.884476
1212824777  10.777430
1212971654  6.820547
1212974209  8.817025
1211044146  6.478234
1211059607  6.478234
1211121863  10.721253
1211154114  7.135498
1211173379  9.452381
1211205886  8.422332
1211290922  4.755072
1211319536  1.336953
1211320088  1.833289
1211413140  8.654889
1211446883  13.171536
1211469381  5.841205
1211495887  3.767136
1211554450  17.789139
1211566443  62.806995
1211569993  8.173634
1212009548  7.572888
1212020647  8.859526
1212102916  15.755903
1212135983  10.799387
1212150333  13.647954
1212216918  11.671392
1212392814  10.324211
1212409057  12.819398
1212588599  8.817025
1212870394  12.138471
1212882414  11.681570
1212930493  12.897125
