1211911556  28.760311
1211911616  22.510473
1211911676  34.194096
1212213216  16.763992
1211606542  57.542259
1211607135  50.372433
1212219733  20.642721
1212281882  20.744141
1211262949  13.820340
1211736641  13.635171
1212808883  21.464952
1211575597  21.682001
1212035196  14.939425
1211363172  14.829233
1212387581  14.487777
1212121670  19.015406
1212079113  14.068070
1211106157  15.074067
1211878703  13.788078
1212298804  21.911158
1212921874  14.500031
1211037040  20.496428
1211578048  10.026507
1211785368  22.187119
1212213208  18.238876
1211233324  13.741956
1211545939  13.441829
1211546233  74.882294
1212151758  8.702600
1212361524  20.547533
1212384330  13.622031
1212450928  7.263067
1212450989  12.688879
1212494701  73.939392
1212604553  40.540527
1211702281  11.592065
1211703547  8.874726
1212199479  0.367423
1212770903  14.761828
1211198345  34.346371
1212111479  18.115217
1212730149  4.547949
1212342334  12.403502
1212983317  93.854713
1211777450  13.429628
1212907851  13.514419
1212972209  11.255543
1211220943  94.825630
1211520431  16.944304
1211597639  7.211576
1212064309  11.971454
1212201004  10.623560
1212474215  20.616896
1212808008  17.203518
1211158130  78.540321
1211766851  9.680905
1212719212  82.663864
1211872535  70.555992
1211234454  8.223355
1211299074  17.018969
1212227137  19.322321
1212498110  21.510735
1212709661  9.788292
1212831971  27.175997
1211473319  87.387581
1211660173  28.557795
1212678835  1.370778
1212681953  82.186813
1211018795  19.896729
1211681778  20.897104
1212117933  89.451248
1212310484  17.212322
1211481299  18.436670
1211499023  85.052010
1211688871  9.034121
1211530940  20.841181
1211988555  17.397530
1211270285  52.350304
1212418530  76.351166
1212050443  27.587460
1211168445  23.437094
1211765055  16.952845
1211422730  18.041626
1211499106  9.374008
1211679036  13.441829
1212189092  17.739004
1212715859  9.817839
1212749597  78.197113
1211716995  2360.691650
1211743477  18.614965
1212368609  16.038694
1212775428  85.809135
1211054308  8.326637
1211655771  51.372272
1212128647  9.676398
1212470850  61.889973
1212884639  11.920527
1211162010  14.725449
1211272426  11.564547
1211385130  12.813711
1211438271  22.656698
1211958317  16.011723
1211959541  17.228470
1211429233  30.700975
1211656322  66.465302
1212557999  21.096222
1212927923  11.937424
1212594095  80.217171
1212839448  15.891219
1211784257  30.510328
1212574120  10.748437
1212920971  30.782598
1212988578  28.363321
1212999968  8.701535
1211995237  24.193275
1212221682  0.102103
1212432138  18.743948
1212513162  12.761944
1212570379  34.178650
1212610850  17.118786
1212826911  16.839067
1213035441  17.128775
1211065781  80.040298
1212922715  11.564547
1211192684  7.945001
1212458716  72.647202
1212594336  58.990864
1212739267  13.986731
1212068948  12.642423
1212752315  18.355385
1212836088  12.642423
1211207316  20.114063
1211381089  20.412302
1211466641  14.258045
1211898835  13.201526
1211984893  11.835372
1212071726  15.304296
1212394212  17.022390
1212416838  14.660308
1212503253  12.526464
1212590010  14.024307
1212676129  15.085547
1213002403  8.245892
1213021774  11.399508
1212477857  8.697471
1212477979  19.102154
1212485591  55.263103
1212609315  16.944304
1212659685  27.111694
1212750100  9.170550
1212556328  17.786066
1212558543  83.643242
1212902146  18.583981
1211312403  41.051746
1211390690  87.787659
1212594396  15.245923
1212373282  18.537615
1212573830  10.308805
1212795824  85.706512
1211251271  18.125040
1211905431  16.627771
1212363798  16.121130
1211032965  22.196764
1211902247  14.118467
1212341964  13.540212
1211534025  81.842239
1212462964  17.776672
1212510724  54.374771
1212725830  10.281011
1212901755  86.972473
1211801624  42.711235
1212341502  11.204556
1212400920  12.403502
1211475390  14.724996
1211944964  15.333302
1211977106  15.396688
1212071627  195.729904
1211494497  32.632053
1211550243  9.478819
1211623308  25.398245
1212597362  69.128929
1212712135  62.528248
1212839035  9.204591
1212971799  14.594264
1213004705  15.333302
1211257188  16.577991
1211322916  17.118786
1212913142  14.883482
1211984464  19.151365
1212611418  10.577285
1212668842  23.364666
1211513128  19.556280
1211361689  14.486854
1211466246  14.454069
1211562694  13.423490
1211642651  15.651141
1211985900  15.288773
1212078317  15.129436
1212247428  13.175311
1212296142  10.631573
1212416650  51.281433
1212504623  15.123216
1212592371  12.893723
1212602793  10.171425
1212680901  10.394220
1212690621  13.389276
1212763724  18.542856
1211076916  9.683971
1211368986  16.561567
1211735874  16.251869
1211770744  13.080588
1212097344  9.839641
1212159627  15.891965
1212174371  17.033892
1211282790  13.769323
1211495315  62.332912
1212298026  15.220037
1212516230  15.540373
1211459049  16.561705
1211213250  12.255399
1213031976  15.253404
1211314707  13.209471
1212165967  18.788918
1212782741  85.676758
1211678379  10.568216
1211681501  24.348274
1212242005  23.850771
1212862090  14.212327
1211234997  15.136483
1211721685  98.081856
1211750951  10.452361
1212079206  11.317720
1212079286  36.400166
1212799743  11.661289
1211429640  10.320020
1211874787  35.288952
1211341502  14.490373
1212147436  10.567238
1212147506  33.865913
1212292093  19.100199
1211555111  11.025409
1211789719  0.066702
1211819933  16.915739
1212074452  15.085547
1212387198  24.616449
1212508074  15.359830
1213024996  11.032394
1212005570  86.473793
