1211420834  7.963027
1211700710  6.634668
1212453991  3.194851
1211346517  5.934294
1211353420  2.774546
1211597197  9.751950
1211765673  4.945369
1212073062  147.605667
1212202521  4.552284
1212304504  11.015704
1212306888  6.689568
1211428310  8.455760
1211522184  1.400459
1211844456  6.593826
1211680352  5.525487
1212138953  10.364503
1212479816  10.118577
1212851525  9.936366
1211443533  5.840098
1211525332  8.417045
1212715981  5.674990
1212823824  3.288351
1211077219  2.910999
1211129009  3.243103
1211392684  8.830391
1211686063  6.343555
1211702264  9.347778
1212286595  7.156040
1212075671  11.691433
1212545911  4.172927
1211048348  10.194593
1211692951  9.879056
1211709469  4.103455
1211735042  9.105762
1212115247  10.266692
1212208352  13.904629
1212294808  7.723871
1212381319  2.959516
1212529033  9.123307
1211067812  7.147855
1211436438  7.926873
1211763373  7.651849
1211764228  4.909326
1211990897  10.364503
1211127948  5.563540
1211184944  6.035027
1211385905  10.941727
1211533476  6.236037
1211792437  3.778105
1212463737  4.398872
1212627172  7.529133
1212628240  8.587714
1212897504  18.348495
1212982211  11.733399
1211575620  13.636116
1211654417  3.042376
1212304260  3.556327
1212771753  3.714324
1212917181  4.662136
1211907538  14.241437
1212311473  7.963027
1212395221  10.379475
1212555687  2.017338
1212555726  2.388186
1212743753  9.567233
1212849515  5.086666
1211186331  6.358332
1211742679  7.832485
1211856341  5.015022
1211866611  8.900494
1212103788  8.900494
1211645204  6.598020
1212298640  7.963027
1211664575  7.255149
1211790543  12.262280
1211869486  8.091357
1212121827  3.266044
1212370833  5.934443
1212800832  8.776690
1211099900  5.583911
1211347273  6.449317
1211618007  4.636585
1212131195  1160.895752
1212308042  7.632232
1211274244  4.172927
1212004097  2.910999
1212307592  7.326381
1212316771  6.031577
1212891908  5.814958
1211232680  3.157176
1211322267  13.659304
1212184166  12.917275
1212287027  7.797659
1212396411  10.194593
1211146462  7.344293
1212354433  5.182942
1212550151  3.105419
1211165575  9.275362
1211767380  13.818890
1212165454  5.563540
1212795930  4.038316
1212117312  7.344198
1212179357  8.034783
1212301771  2.745370
1212958978  8.613380
1211089332  4.724068
1212284780  3.105419
1212531113  8.078910
1212823753  3.576794
1211357091  6.589505
1211708067  8.203465
1212201420  4.238305
1212308644  9.870955
1212627278  4.945369
1212635000  3.382688
1211974725  4.445409
1212711937  5.439152
1211098632  3.851933
1212889372  9.275362
1212988350  5.934294
1211153617  6.031577
1211514253  7.163695
1211611863  7.094097
1212314746  5.934443
1212473476  4.038316
1212644302  6.063114
1211084028  4.698347
1212700711  7.658416
1212646495  9.562428
1212821884  5.047324
1211627786  7.470629
1211678079  5.837157
1213068535  11.180835
1211104626  3.912119
1211492446  7.030677
1211499339  6.994343
1211525510  9.091519
1212224228  6.436117
1212323876  10.194593
1212445807  7.409015
1212631551  8.234955
1211068303  7.147855
1211117547  13.133871
1211154774  10.359297
1211162878  5.565217
1211669493  7.951156
1211813462  5.721168
1212293750  6.998192
1212331164  2.959516
1212457132  4.172927
1212488252  14.893065
1212539584  4.316821
1211394560  0.785592
1211645782  10.477437
1211734646  5.327141
1212373070  9.806953
1211240739  7.797659
1211420140  7.599746
1212174545  6.334150
1212289657  3.851933
1212723002  7.831367
1212723924  4.093714
1212755744  8.900494
1211104212  9.555632
1211179255  8.577426
1211346830  4.534526
1211518135  6.847435
1211635427  6.438853
1211747991  8.741116
1211818763  7.832485
1212823080  8.904820
1212983896  2.959516
1212266468  3.980963
1212271187  10.113905
1212338936  9.676650
1212644511  9.098154
1211668039  9.025930
1212864448  14.068843
1212910750  6.544953
1211256150  6.807481
1211865352  3.288351
1211903986  5.563540
1213073082  9.067278
1211095635  2.573492
1211696251  7.436565
1212205908  7.550615
1212633538  7.465482
1211257872  5.911873
1211279970  6.047934
1211521274  4.172927
1212231201  7.107291
1212628507  7.403428
1211100263  2.650313
1211954802  6.132103
1212918250  9.184327
1211658148  3.228563
1211774791  3.574161
1211812069  12.064816
1211980740  9.275362
1212087071  1.785230
1212087434  13.945337
1212152008  3.198318
1212159878  4.747830
1212160979  9.337118
1212859809  6.839121
1211603673  7.030677
1211084028  4.698347
1211258350  4.172927
1211400970  10.861547
1211618038  7.972694
1212426894  12.911367
1212688481  6.401064
1212742011  7.573913
1212036223  8.632810
1211425293  7.286421
1211530974  9.937888
1211599910  9.508222
1212180368  11.669248
1212258824  6.932414
1212305764  9.937888
1212809285  9.737432
1212834439  2.959516
1212906593  8.215840
1212961497  10.764396
1211492585  4.799215
1212222406  8.900494
1212899032  9.973751
1213011072  4.172927
1212124904  10.189472
1212914462  10.364503
1211439040  9.521573
1212405352  10.194593
1212915159  8.763542
1213023407  5.841932
1211787848  4.104518
1211866044  2.910999
1212120202  0.000000
1212120224  0.000000
1212120342  0.000000
1212120377  13.957335
1212129056  10.222231
1212226157  4.172927
1212328929  10.305676
1212428349  10.194593
1212022640  7.832485
1212148216  4.470993
1212216663  10.951140
1211577264  3.009677
1211954295  2.650313
1211427559  4.104518
1211945762  0.000000
1211945780  14.806433
1212206094  10.030164
1212217425  10.008655
1212470761  11.726912
1212788309  6.511977
1212912791  3.251631
1212951869  2.870160
1211089366  5.837157
1211437391  4.172927
1211438639  7.963027
1211476861  10.364503
1211520452  4.104518
1212219352  9.123307
1211078254  6.602260
1211940881  5.869603
1211134170  6.132103
1211248289  10.251806
1211407585  8.099077
1211528941  9.806953
1211950696  8.237614
1211988474  1.633869
1212126764  8.613380
1212184886  0.000000
1212184942  0.000000
1212184978  4.302009
1212312431  6.955145
1212743408  7.963027
1212883403  3.009677
1211611015  9.034826
1211684702  4.030823
1211781028  14.286727
1211781241  10.305676
1211865030  7.963027
1212113538  4.434857
1211430023  3.323343
1211432429  6.807481
1211951785  12.662959
1212362766  7.832485
1211345275  10.946843
1211585494  5.457114
1211595461  5.394948
1211684482  9.716722
1211711732  6.132103
1212300423  10.305613
1212638954  10.473248
1212775122  6.037978
1212814938  6.193196
1212820316  8.738472
1211488417  7.269005
1212164693  5.919032
1212229017  5.814958
1212346963  6.950164
1212687400  7.273353
1212899801  5.934443
1212910906  10.534878
1211377251  5.073456
1211424565  12.051197
1211459527  2.914316
1211510110  6.039988
1211814345  9.477569
1212024055  7.963027
1212552078  15.103195
1212192703  5.934443
1212814066  9.347778
1211706024  11.105396
1212408002  8.925447
1212496282  4.470993
1212913814  8.983791
1211111730  13.231834
1211169811  2.959516
1212203456  7.465337
1212976985  2.864048
1211135280  8.522659
1211516241  10.030164
1211518425  6.593826
1211689497  8.065533
1212663033  11.149120
1212899927  6.358332
1212903023  4.392555
1211234160  5.377138
1211693976  11.922179
1211819334  9.275362
1211957720  3.157176
1212720443  5.721168
1211154231  8.900494
1212510946  10.279821
1211290313  5.394948
1211757181  8.695652
1212316465  3.157176
1212951370  2.910999
1211931749  1.661448
1211934331  6.358332
1212126833  10.364503
1212561155  5.040085
1211615967  5.489161
1212227737  5.934443
1212305302  4.636585
1212311181  3.105419
1212918629  9.276314
1211504368  4.973115
1212903737  6.015004
1211160047  8.632810
1211355086  2.910999
1211587337  0.733491
1212525437  7.963027
1212893234  7.832485
1211250654  5.229893
1211272365  6.358332
1212309328  7.389842
1212375670  12.437404
1212472868  7.963027
1212506810  4.243654
1212381810  10.096573
1212382667  6.689568
1212383431  13.231834
1211157418  7.918889
1211433704  8.312414
1211712941  5.945549
1211713567  8.097993
1211718130  6.137375
1212379727  5.934443
1212461570  5.230196
1212915248  7.965704
1211466536  9.595202
1211549258  9.797804
1212409148  5.911873
1211753515  6.378632
1212458872  7.603082
1211497889  4.972939
1211517856  18.383617
1211857582  2.959516
1211937396  7.889942
1212425571  7.063441
1212785423  7.055391
1211358051  9.275362
1212258861  0.000000
1212258869  3.980963
1212469973  9.275362
