1211420774  6.886821
1211434229  6.571113
1212453824  8.518655
1211174709  5.412680
1211181933  11.682414
1211346403  7.161470
1212201595  3.583035
1212202399  4.223281
1212206197  9.255650
1212209781  6.713215
1212306756  6.825102
1212675737  7.627975
1211428130  8.096929
1211700835  2.529400
1212378155  10.475986
1212479690  6.144796
1212549767  10.168323
1212646928  16.079388
1211443422  7.161470
1212549059  20.906675
1212702736  10.359424
1212715845  5.683707
1212823695  10.444898
1211624545  8.917173
1211685940  8.286099
1212286473  6.294801
1213013161  6.777854
1211340858  7.757069
1211401642  6.782264
1212075537  5.660401
1212082053  7.877642
1212545731  7.636485
1212594213  9.921771
1212859534  14.671351
1211048227  6.773923
1211513510  8.005295
1211709352  3.519052
1212115050  7.999806
1212300938  10.804851
1212855493  6.641663
1212892825  5.731088
1211067572  5.932496
1211097073  5.009648
1211764092  9.732261
1211766977  8.836108
1212120209  10.283033
1211080495  5.681652
1211127830  6.620395
1211184818  8.505611
1211520812  6.204638
1211792301  10.538741
1211918974  11.682414
1211931114  7.784207
1212627051  7.451667
1211081381  4.209681
1211172994  0.000000
1211173011  11.360100
1212283354  6.313561
1211575486  6.394170
1212219948  5.907429
1212771633  14.783351
1212917117  9.877068
1211907487  4.872540
1212287299  5.783619
1212311413  8.138717
1212768524  6.353421
1211742558  5.870058
1211866490  7.217629
1212103667  7.099308
1212806432  7.098480
1212311175  8.765666
1211869365  5.967892
1212121679  10.811745
1211099775  8.084328
1211347152  11.538744
1211680336  8.338333
1212131195  1160.895752
1212307717  0.000000
1212307778  1.179235
1211124049  5.579357
1211130608  1.999233
1211141192  7.993314
1211730344  0.000000
1211730404  0.000000
1211730465  0.000000
1211730525  0.000000
1211730586  0.000000
1211730618  0.000000
1211730678  0.000000
1211730774  0.000000
1211730822  0.000000
1211730882  0.000000
1211730942  0.000000
1211731002  0.000000
1211731063  0.000000
1211731123  0.000000
1211731182  2.738149
1211754849  4.182700
1212307470  7.962830
1212316649  8.638512
1212334680  0.000000
1212334705  9.652323
1211105514  6.782264
1211232560  9.833537
1211434119  8.321990
1212286902  8.030943
1212730965  11.792671
1212810908  1.144822
1211077312  7.099308
1211215506  159.028000
1211453333  3.209295
1211597944  5.287224
1211611643  7.352466
1211752357  8.497032
1212127482  9.001549
1212354247  7.647938
1212391067  9.128753
1212550032  7.757515
1211045962  4.374332
1211102678  8.594387
1211180242  7.726870
1211767304  7.274536
1211795457  9.350956
1211965741  7.870414
1212028842  5.711708
1212107127  6.277033
1212116955  8.204541
1212301641  10.365714
1211594935  4.518173
1212133518  11.965712
1212252054  13.642004
1212762259  7.051972
1212823651  6.074873
1211606221  5.975090
1212174662  0.000000
1212174664  1.999233
1212201299  7.156618
1212308521  8.255650
1212634875  10.018211
1212475795  9.190251
1212490125  10.507266
1212703675  10.609020
1212977560  6.667814
1211098511  7.937340
1211136543  0.000000
1211136574  0.000000
1211136596  4.715997
1211219099  0.000000
1211219109  4.082710
1212988228  8.917173
1211258588  9.508531
1211514133  7.375998
1211611786  8.871614
1212314699  15.179146
1212473295  7.356102
1212644250  7.384286
1212736890  6.761905
1211083906  4.715997
1211096790  5.775379
1212222074  8.169407
1212646364  6.984803
1212816583  4.100867
1212821818  6.817210
1212161311  0.000000
1212161312  3.493331
1211019315  13.085229
1211104509  8.453625
1211499339  6.994343
1211956026  9.338428
1212046893  9.157415
1212631425  8.808050
1211068182  3.570608
1211162754  7.514494
1211164883  7.514494
1211272830  8.001588
1211284731  6.217607
1211285857  7.217629
1211337838  1.277505
1211669370  9.214413
1212340622  4.409074
1211394560  0.785592
1211734483  9.575289
1211853008  6.394238
1212023472  7.466513
1211074276  4.964207
1211240611  8.775631
1211419948  6.720892
1212174485  8.937974
1212175290  8.065026
1212289527  12.117500
1212722877  7.553217
1212723808  8.454443
1212755623  5.967892
1211346108  2.453884
1212294152  12.857265
1212390363  29.285675
1212822959  8.791450
1211516117  9.063356
1212271067  5.043289
1212341571  6.281991
1212957656  7.470057
1212043405  8.001588
1212734929  6.557651
1212910690  6.886821
1211256058  6.276199
1211826749  12.974939
1211831004  6.333669
1211865225  7.942465
1211903859  7.742715
1213073017  9.855619
1211678067  5.002837
1211720549  7.352466
1212216792  8.710944
1212633416  9.418761
1212825447  5.967892
1212915480  5.799014
1211521153  10.714387
1211801583  21.008028
1211875285  14.136382
1212220252  17.211613
1212226090  12.725487
1212628445  6.984803
1211256036  5.775379
1211954682  9.214413
1212198687  6.420570
1212638722  9.065590
1212732905  8.030943
1212908295  11.020033
1211191997  10.958581
1211774608  8.374194
1212086748  4.625890
1212086928  4.563868
1212160861  9.255693
1212274305  8.259442
1212895035  8.332146
1212901398  10.502960
1212991738  7.058079
1211603618  13.390347
1212367530  7.231934
1212524936  4.727131
1212563690  7.092047
1213003836  3.035280
1211083906  4.715997
1211617916  7.195702
1211750317  4.831051
1211800011  10.056901
1212064260  7.391306
1211313108  4.398387
1211425293  7.286421
1212809104  7.476204
1212906478  6.856813
1211492395  5.564969
1211691228  8.232757
1212222286  7.217629
1212743481  12.410851
1212010844  3.630118
1212041581  5.270237
1212046987  8.620556
1212676069  10.464150
1212997714  8.001588
1211787727  7.156618
1211865924  9.310040
1212032157  3.984026
1212199906  3.960129
1212226037  9.214413
1212642211  7.253206
1212895693  9.348387
1213001601  10.797382
1211307908  7.635941
1212022468  2.974210
1212148094  4.563868
1212460444  3.149854
1212886178  5.161460
1211595175  6.862341
1211596488  10.214793
1211427435  9.549621
1211945642  6.689682
1212045450  9.214413
1212205980  7.876177
1212217177  7.068191
1212470534  13.928827
1212557792  7.944623
1212951749  5.870058
1211089184  5.967892
1211437273  6.423903
1211476738  8.791450
1212263959  7.081034
1212634119  5.683707
1211520337  8.030943
1211613450  10.714387
1212219231  6.219970
1212233872  0.000000
1212233935  0.000000
1212233958  7.946332
1212647504  3.649388
1211078200  7.583447
1211940827  6.630991
1212988707  5.121100
1211133995  7.800102
1211248171  7.773615
1211950636  8.138717
1212043294  9.093315
1212184705  10.714387
1212312364  8.004156
1212375965  6.113277
1212743348  9.685319
1211610899  9.414299
1211684657  11.917298
1212113417  10.006487
1211215770  8.030013
1211338409  4.986279
1211429896  8.917173
1211432308  5.967892
1211857242  8.051244
1211951626  4.516786
1212362705  10.950044
1212770269  7.873778
1211363653  12.887979
1211595346  5.870058
1211684323  7.600200
1211711630  8.733500
1212774581  6.825102
1212820261  6.508074
1211488333  7.626372
1212164572  8.005295
1212228957  10.535539
1212687279  8.917173
1212899680  9.712087
1212910785  10.464150
1212987424  12.001533
1211668508  5.475022
1211779611  6.629571
1211937537  5.341318
1211169689  10.714387
1211657544  3.386610
1211696272  8.856378
1211752484  4.598081
1212203396  6.886821
1212797539  7.498931
1212976802  4.115237
1211245987  6.094966
1211272356  9.202944
1211518322  6.430905
1211689387  7.630047
1211722168  11.788720
1212719064  6.413913
1212899800  5.683707
1211819213  8.138717
1212196844  5.870058
1212720383  8.937974
1212998287  7.920639
1211153995  4.211856
1211290187  6.186540
1211658673  6.028586
1211757066  4.556155
1212286470  5.841255
1212458474  10.610690
1211934150  11.360506
1212209396  3.929997
1212561049  7.161470
1212606183  8.079702
1212728337  2.224545
1212311083  13.988108
1212809728  5.870058
1212903737  6.015004
1211354966  8.593883
1211524014  7.213214
1211785900  10.528055
1212893174  8.138717
1211036369  8.447813
1211272244  9.310040
1212974005  8.939579
1212375545  8.138717
1212784714  6.069043
1211076551  7.495318
1211331700  5.641738
1211157418  7.918889
1211610025  8.635213
1211712821  4.983677
1212388088  13.319331
1212461510  7.217629
1211466352  4.311456
1212113522  5.775920
1212394462  11.830173
1212850954  5.037107
1211739253  9.853346
1211937276  7.587668
1212021471  5.089163
1212198369  11.441381
1212299988  5.912272
1212315935  9.214413
1212785359  9.537433
1212469851  6.886821
1212734195  10.726295
1212889687  5.813868
