1211420714  10.848988
1211434229  6.571113
1212453824  8.518655
1211164870  13.148171
1211174709  5.412680
1211275018  11.696824
1211346403  7.161470
1211472255  6.585200
1211836969  5.583982
1212201595  3.583035
1212202346  8.607693
1212206197  9.255650
1212209781  6.713215
1212306756  6.825102
1211428130  8.096929
1211700835  2.529400
1212302143  10.217255
1211443422  7.161470
1212715845  5.683707
1212823695  10.444898
1211614352  0.000000
1211614356  0.000000
1211614422  1.522326
1211624545  8.917173
1211685940  8.286099
1211707207  9.691682
1213013161  6.777854
1211401642  6.782264
1212545731  7.636485
1211048167  8.330566
1211513510  8.005295
1211535121  8.331300
1211607237  7.957146
1211709352  3.519052
1212040202  22.026058
1212115050  7.999806
1212300938  10.804851
1212855493  6.641663
1211764092  9.732261
1213084207  15.052758
1211184818  8.505611
1211520812  6.204638
1211525899  283.086151
1211529897  11.153844
1211792301  10.538741
1211931114  7.784207
1212395705  9.990318
1212627051  7.451667
1212920210  9.897801
1211081381  4.209681
1211172956  1.976676
1212135781  5.516061
1212602018  85.483780
1211439098  8.331300
1211575486  6.394170
1212111124  8.685011
1212771633  14.783351
1212904541  6.077950
1213084098  8.625289
1211578144  8.150548
1211907487  4.872540
1211967055  10.645421
1212287180  6.167664
1212311413  8.138717
1212768524  6.353421
1211742558  5.870058
1211866490  7.217629
1212032226  7.609878
1212103667  7.099308
1211612023  8.244035
1211869365  5.967892
1212121679  10.811745
1212372753  11.079453
1211099775  8.084328
1211347152  11.538744
1212131195  1160.895752
1212307657  2.109105
1211141192  7.993314
1211252458  7.728782
1211754849  4.182700
1211778799  11.079453
1211875610  8.244035
1212307470  7.962830
1212316649  8.638512
1212334619  7.892800
1211105514  6.782264
1211232560  9.833537
1211434119  8.321990
1212286902  8.030943
1212730965  11.792671
1212810776  3.877467
1212916804  7.334202
1212988779  6.575450
1211077312  7.099308
1211453273  8.140707
1211597944  5.287224
1212354247  7.647938
1212391067  9.128753
1212550032  7.757515
1211045902  8.140707
1211107301  8.244035
1211180242  7.726870
1211371370  1.447458
1211767304  7.274536
1211795457  9.350956
1212028842  5.711708
1212398802  8.108886
1212572675  7.728782
1212116955  8.204541
1212301641  10.365714
1211594935  4.518173
1212557684  9.160038
1212762259  7.051972
1212823651  6.074873
1211606221  5.975090
1212174622  8.997584
1212201299  7.156618
1212308521  8.255650
1212634875  10.018211
1212475795  9.190251
1211098511  7.937340
1211134877  5.921978
1211136483  5.117539
1211219038  5.033645
1212988228  8.917173
1211258527  8.007254
1211514133  7.375998
1211611786  8.871614
1212473295  7.356102
1211096790  5.775379
1211443907  10.822845
1211795929  14.296212
1212393547  10.645421
1212395623  9.164430
1212481468  9.440600
1212485738  9.825731
1212569205  10.926125
1212653991  11.822371
1212646364  6.984803
1212821818  6.817210
1211638554  7.494576
1212161285  6.948169
1212821887  7.226288
1211040048  6.430854
1211104509  8.453625
1211285917  7.851461
1211499339  6.994343
1212046893  9.157415
1212631425  8.808050
1211285857  7.217629
1211633512  11.040553
1211669370  9.214413
1212734399  8.829761
1211394560  0.785592
1211734483  9.575289
1211852949  7.732334
1212023472  7.466513
1211074207  5.215991
1211240611  8.775631
1211419948  6.720892
1212174421  8.600482
1212289527  12.117500
1212304678  7.166053
1212722831  10.618314
1212723808  8.454443
1212755623  5.967892
1211346108  2.453884
1212294152  12.857265
1212822899  5.998390
1211516117  9.063356
1212271067  5.043289
1212341571  6.281991
1212957656  7.470057
1211265297  9.897801
1212552829  6.584446
1212976010  14.962887
1211256058  6.276199
1211831004  6.333669
1211865225  7.942465
1211903859  7.742715
1213040986  9.897801
1211678067  5.002837
1212216718  7.044951
1212633416  9.418761
1212825447  5.967892
1211521153  10.714387
1212628445  6.984803
1212727231  8.530396
1211256036  5.775379
1211954682  9.214413
1212732905  8.030943
1212908295  11.020033
1211191997  10.958581
1211774608  8.374194
1212086748  4.625890
1212274305  8.259442
1212479929  12.665899
1212895035  8.332146
1212901398  10.502960
1212524936  4.727131
1212563690  7.092047
1213003836  3.035280
1211617916  7.195702
1211800011  10.056901
1211313108  4.398387
1211425293  7.286421
1211781501  6.397821
1212809104  7.476204
1212906478  6.856813
1211691228  8.232757
1212222286  7.217629
1212698596  4.734816
1212923088  10.822845
1212999683  351.627838
1212472829  8.206952
1212676069  10.464150
1212913014  8.089766
1212914169  10.822845
1212136535  10.793275
1211787727  7.156618
1211865924  9.310040
1212226037  9.214413
1212895693  9.348387
1212985024  9.426477
1212201885  0.000000
1212201888  3.352305
1211427435  9.549621
1211945596  10.618314
1212045450  9.214413
1212205980  7.876177
1212557792  7.944623
1212951749  5.870058
1211089184  5.967892
1211437273  6.423903
1211476684  9.045231
1212634119  5.683707
1211520337  8.030943
1211523082  1.273113
1211613450  10.714387
1211777297  8.864316
1212219231  6.219970
1212233809  1.192281
1212483885  8.383763
1212647504  3.649388
1213084480  10.628925
1211078200  7.583447
1211095511  4.606832
1211940827  6.630991
1212988707  5.121100
1211133995  7.800102
1211950636  8.138717
1212184705  10.714387
1212312302  8.255252
1212375965  6.113277
1212915353  10.065561
1211610899  9.414299
1211684596  8.007254
1212113417  10.006487
1211215770  8.030013
1211429896  8.917173
1211432308  5.967892
1212362693  6.259474
1212770269  7.873778
1212917477  10.273530
1211101433  7.576499
1211595346  5.870058
1211684323  7.600200
1211711630  8.733500
1212774581  6.825102
1212820196  7.514499
1211488273  9.213453
1212164572  8.005295
1212687279  8.917173
1212899680  9.712087
1212905520  7.653941
1212910785  10.464150
1211374335  6.584352
1211668462  8.058435
1211937537  5.341318
1212956824  17.403250
1211169689  10.714387
1211657544  3.386610
1211938795  8.108886
1212203335  8.007254
1212797539  7.498931
1212976802  4.115237
1211267544  16.005228
1211268562  6.660516
1211272356  9.202944
1211518267  8.880772
1211689387  7.630047
1212657701  10.865306
1212719064  6.413913
1212899800  5.683707
1211819213  8.138717
1212196844  5.870058
1211153995  4.211856
1211290187  6.186540
1211658673  6.028586
1211757066  4.556155
1212286470  5.841255
1212458474  10.610690
1211925258  4.530095
1211934150  11.360506
1212209335  8.390584
1212561049  7.161470
1212606115  7.182977
1212311083  13.988108
1212565144  10.660409
1212809728  5.870058
1212903737  6.015004
1211354966  8.593883
1211524014  7.213214
1212738354  8.108886
1212893174  8.138717
1212917427  4.740824
1211181224  8.244035
1211272244  9.310040
1211355836  10.239105
1212656307  13.682854
1212974005  8.939579
1212375545  8.138717
1212784714  6.069043
1211858814  6.966790
1211157418  7.918889
1211621469  6.327520
1212388088  13.319331
1212461510  7.217629
1211634468  9.897801
1212113522  5.775920
1212135789  10.146417
1212394462  11.830173
1212850954  5.037107
1211739253  9.853346
1211862118  5.296373
1211937276  7.587668
1212021471  5.089163
1212130320  9.990318
1212140811  12.476612
1212145139  10.811952
1212299988  5.912272
1212315935  9.214413
1212785359  9.537433
1211179913  8.108886
1211972578  8.244035
1212469791  9.544239
1212718414  10.599046
