1211498434  7.567014
1211911616  22.510473
1211911676  34.194096
1212873459  11.712924
1211606542  57.542259
1211607135  50.372433
1211885273  10.454622
1212108215  5.996581
1212263693  14.597017
1212504063  10.273866
1212224403  14.495731
1212438575  6.962166
1211063080  8.634855
1212272246  12.143327
1212354535  12.672031
1212708180  9.871858
1212877192  7.323250
1211714533  14.044799
1212271847  123.585075
1211178528  6.759923
1211502987  8.823474
1212122121  11.027051
1212278317  10.200919
1212412854  8.690525
1212726694  25.805698
1211830373  9.480417
1212690666  14.312256
1211998223  10.810019
1212044424  11.116400
1212088241  4.023952
1212172177  7.203197
1211409375  11.258044
1211425589  5.990654
1211907324  9.011151
1212157254  63.354534
1212450989  12.688879
1212604053  8.087736
1212680416  49.702328
1212397418  15.180841
1212876038  5.885319
1211565972  10.033691
1212338645  12.804563
1212888101  7.203197
1211275925  9.579292
1212167436  8.998148
1211658396  6.381986
1212719128  98.814011
1211872535  70.555992
1211447824  10.613891
1212917425  19.845810
1213039802  10.346223
1211410589  18.734652
1211473021  31.108360
1211660173  28.557795
1211691984  12.441634
1211983457  10.881332
1211120980  11.598133
1211386728  10.958529
1211484211  9.698711
1211829209  11.048482
1211842165  12.552516
1212100181  7.989000
1212117846  105.249985
1212311036  12.359357
1212590768  8.174330
1211481986  13.334661
1211498119  49.305397
1212369925  14.005420
1212871573  8.464139
1211085845  19.408592
1211356527  12.556231
1212377939  40.487358
1211326873  10.373816
1212872057  43.728893
1212392194  13.729971
1211033204  11.640594
1211477856  9.871858
1212590289  11.530816
1211383835  75.876534
1211668014  9.062639
1212126679  8.264303
1212127399  18.625788
1212368973  8.784356
1212976689  12.826688
1212773678  12.509842
1211471520  39.920345
1211575231  4.541734
1212254502  6.944659
1212775308  81.612114
1211655771  51.372272
1212358966  15.332117
1211411054  10.200919
1211958098  10.389615
1211958959  10.881332
1212972657  10.173944
1211415658  6.127227
1211430330  8.009781
1212349819  22.094755
1211898116  8.861539
1212995847  18.456921
1212527020  21.901804
1211465222  5.912241
1211784257  30.510328
1212468104  6.726527
1212544528  10.038795
1212584814  7.087016
1212759739  12.343892
1212932792  7.762280
1213015210  6.962166
1211475560  7.272430
1212343016  11.722996
1211662835  9.715184
1211995658  57.867676
1212570379  34.178650
1212612311  10.881332
1211065301  43.131653
1211935560  9.414668
1212874541  46.205856
1212919513  12.225025
1212347682  10.702950
1212458716  72.647202
1211724084  10.346991
1212501794  19.743715
1212713715  6.550211
1211729858  15.473238
1212477917  9.888302
1212481901  8.430436
1212786951  7.873547
1211203148  14.703555
1212050546  12.556231
1212668638  10.346991
1212674453  15.475323
1212681438  8.537647
1213024579  15.731125
1211312403  41.051746
1211063602  49.973820
1211345179  12.866333
1211745852  10.801098
1212138513  5.005278
1212556156  9.667912
1212825985  5.524522
1211268902  18.320446
1211416483  52.246014
1211563037  8.588786
1212029699  12.157444
1212373831  3.728157
1212795681  89.443283
1211559142  10.657269
1211301661  52.425060
1211561675  38.615604
1211533953  105.475967
1211902879  14.815656
1212878104  56.577602
1211428888  10.255125
1211470548  57.473614
1212127481  20.700914
1212134454  13.403356
1212460730  6.837842
1212479311  4.513885
1212726634  8.884540
1212902673  7.206679
1211140225  14.497495
1211740181  18.320446
1213031458  15.710829
1211210413  10.686236
1211222831  7.949764
1211494497  32.632053
1211900507  7.305052
1212712135  62.528248
1212712257  11.454128
1211668262  7.760164
1212374803  10.200919
1211747044  10.624030
1211984404  27.907648
1212470752  8.727238
1212668772  32.310436
1212791444  7.215729
1212879663  10.864340
1212036998  18.112484
1211145217  12.072419
1212416650  51.281433
1211245341  40.528473
1212092236  17.150507
1211842684  119.629425
1211149661  8.998148
1211495315  62.332912
1211495485  8.055912
1212021423  8.803013
1212696596  10.200919
1211360985  9.471734
1212265770  9.062639
1212786876  13.834074
1211124988  12.638042
1213032482  16.796885
1211680469  12.471128
1212079286  36.400166
1211874787  35.288952
1213022351  9.187486
1211306176  10.200919
1212147506  33.865913
1211951326  11.048482
