1211654458  4.137065
1212988414  8.972853
1211354251  5.955968
1211511448  7.338952
1212134444  6.273408
1212590233  5.730793
1212730439  0.000000
1212730470  17.682423
1212735463  0.000000
1212735470  9.894634
1211247906  4.518949
1211673056  7.587217
1211690110  2.599395
1211832633  0.000000
1211832691  2.447764
1212514636  6.461893
1212829977  0.000000
1212830034  10.122305
1212968294  9.365409
1213031930  6.572196
1211754271  4.194699
1212335603  10.676798
1212724899  7.338952
1212519571  10.769821
1211543111  10.489583
1211666116  4.815273
1212131853  9.777783
1212500547  11.684250
1212649831  7.338952
1212861522  9.832872
1213001052  12.167975
1211667730  8.308302
1212289466  5.202524
1212464390  10.102819
1211478493  5.923401
1211757535  4.891042
1211984276  4.253080
1211038908  7.960924
1211180427  5.916830
1211379887  7.334310
1211704028  7.598985
1211784513  3.732765
1211924128  7.097719
1211697407  8.165053
1211102529  4.499971
1212964295  5.754167
1211363869  8.149233
1211378842  5.838623
1211530808  7.197882
1211552131  6.445165
1212398761  9.590102
1212716667  1.748264
1211508557  5.786929
1211733548  6.490929
1211913692  6.119410
1212655345  8.229712
1211699089  5.467755
1212297350  2.407445
1212666712  8.400528
1212900289  7.531765
1211687369  2.447569
1212559012  9.727747
1211077943  0.000000
1211077990  5.084617
1211103145  6.989524
1211254532  4.320482
1211619790  4.319492
1211621442  2.447569
1211773901  2.368615
1212230050  4.810861
1211258511  8.962369
1211371352  11.030050
1212309091  6.822961
1212581335  11.421038
1211158809  0.000000
1211158811  5.826296
1211249050  7.328366
1211275632  2.447569
1212219655  6.385471
1212734852  0.000000
1212734872  4.206411
1212864527  6.290530
1212871706  5.019320
1212996245  3.124557
1211697196  7.338952
1211827044  7.334310
1211873041  5.052308
1212210239  0.000000
1212210298  4.895528
1212383651  23.851213
1212479480  7.528090
1211100122  7.608581
1211271236  3.584003
1211819697  5.786929
1211877303  2.799186
1212868665  3.496527
1212927116  10.111384
1211682611  4.559881
1212067010  6.507751
1212135801  5.347192
1212504479  16.936043
1212737326  0.000000
1212737330  2.531968
1211608947  10.766087
1211526832  7.626725
1212956766  4.039485
1211090797  3.105346
1211281736  9.094304
1211222211  3.581809
1211476656  7.334310
1211774193  3.496527
1212229207  7.376906
1212297405  0.000000
1212297435  0.000000
1212297446  0.000000
1212297459  4.246281
1212618443  5.340576
1212786458  8.159213
1211527586  5.404427
1212213614  0.000000
1212213664  5.984252
1212303599  8.756284
1212609151  5.055818
1212612586  6.863118
1212728542  1.858913
1212728710  5.698061
1211762268  18.358229
1211793046  0.000000
1211793049  10.596333
1212562257  12.352331
1212960940  3.317762
1212890468  0.000000
1212890501  6.111925
1211133135  0.000000
1211133201  7.734681
1211134127  6.405467
1211374206  8.542339
1211425511  0.000000
1211425515  0.000000
1211425526  11.296474
1211764778  3.227820
1212284683  0.000000
1212284717  9.707103
1212387343  0.000000
1212387391  8.490155
1211165725  0.000000
1211165780  8.336978
1211169973  8.424397
1211945507  5.176203
1212311446  8.084875
1211261499  4.920597
1211333542  4.891042
1211584949  6.599112
1211678915  0.000000
1211678920  0.000000
1211678930  3.158405
1211880913  9.435423
1211956949  6.725915
1212089625  3.561009
1212233992  9.495929
1212331785  9.742646
1212807529  5.826296
1211677474  5.362703
1211860443  9.727747
1212480651  7.863163
1211083142  2.937083
1211468590  0.000000
1211468679  0.000000
1211468739  0.000000
1211468754  4.175509
1211580122  5.106047
1211612675  2.576389
1211689835  2.824343
1212306735  4.079607
1212514460  4.810861
1212557814  5.759444
1211074336  0.000000
1211074391  6.461893
1212379455  4.319492
1212815840  5.372272
1212830700  7.334310
1211422191  9.626469
1211754230  6.880313
1211845099  7.334310
1212074543  7.218689
1212380082  2.191853
1212814661  6.671774
1211659894  7.338952
1211697681  4.891042
1211868980  8.311758
1212131687  4.079282
1212347882  7.543150
1212807066  10.143352
1212957598  5.869250
1211605674  9.332444
1211095252  8.758876
1211526191  8.384644
1211526226  71.687073
1211701684  6.495588
1212325331  2.407445
1212731875  6.736932
1211174328  4.192322
1211529376  7.334310
1211862809  9.193324
1212151621  6.993611
1212158713  11.296474
1212901104  7.336563
1211251648  4.895528
1211514174  6.384964
1211527928  6.989524
1211919242  7.334310
1212214462  11.332723
1212904771  7.338952
1211180377  6.339762
1211558247  6.705420
1211942545  7.444738
1212213544  0.000000
1212213575  6.675189
1212214793  0.000000
1212214836  0.000000
1212214900  0.000000
1212214955  0.000000
1212215016  2.937083
1212594824  6.985057
1212891469  6.755396
1212900923  7.720326
1211223298  5.211419
1212368732  4.446402
1212457869  2.824118
1212458052  7.088141
1211368819  7.339000
1211813122  8.888894
1211824517  8.336004
1212238129  7.342708
1212625323  5.377789
1211949651  0.000000
1211949711  0.000000
1211949772  5.923401
1211026357  0.550032
1211157675  4.693492
1211418179  6.521389
1211537520  6.951634
1211688084  5.923401
1211715299  6.471450
1211949285  2.937083
1212133612  3.040973
1212206554  2.615097
1212564696  9.415436
1212917969  5.950369
1211314266  3.059462
1211386657  14.685415
1211791186  14.119310
1212228981  9.727747
1212998975  7.102211
1213004651  4.810861
1211376983  4.895528
1211378170  2.407445
1211597506  4.888892
1211967055  5.537029
1212137206  6.487406
1212209005  0.000000
1212209039  7.342708
1212746578  12.531816
1212916390  6.074553
1211075343  5.654273
1211125709  7.528090
1211172650  4.133275
1211174739  5.153187
1211228454  2.068368
1211334867  5.957055
1211689593  5.245208
1212647079  7.339000
1212961487  2.891073
1212997155  7.463341
1211712314  9.786910
1211882003  6.875916
1211946340  8.999942
1211949984  6.175442
1212400015  5.593639
1211159053  0.000000
1211159114  0.000000
1211159188  0.000000
1211159245  0.000000
1211159262  13.350378
1211767336  4.450126
1211962764  0.000000
1211962766  0.000000
1211962774  0.000000
1211962834  0.000000
1211962872  6.498606
1212240935  12.238819
1212586606  7.214075
1212593216  6.181971
1212605199  6.671774
1212919451  7.214075
1212966345  17.724541
1211950705  8.226255
1212789531  6.527370
1211697761  2.447569
1212026552  3.667155
1212187459  10.690143
1212957845  12.585338
1212044336  5.619229
1212041666  0.000000
1212041680  2.331018
1212264207  7.214075
1211523819  8.129543
1211693826  12.554883
1211870743  7.218641
1212595841  0.000000
1212595868  6.608837
1211656956  0.000000
1211656978  7.972565
1212891715  6.401795
1211288906  13.528561
1211034469  5.874633
1211133456  7.463357
1211346834  9.471203
1211357232  7.458620
1211359716  6.475589
1211440211  6.949006
1211833822  7.747058
1211894496  0.000000
1211894558  4.040815
1211945655  6.384964
1211951325  6.875916
1211963660  8.262815
1212042234  9.568275
1212632727  7.002448
1212048140  5.711888
1211160735  0.000000
1211160769  7.334310
1211430817  6.875272
1211877064  0.000000
1211877088  0.000000
1211877089  0.000000
1211877151  5.064339
1212650107  0.000000
1212650137  11.866570
1211947402  0.000000
1211947446  0.000000
1211947507  13.261817
1212465027  0.000000
1212465047  5.693834
1212637694  8.704228
1211653029  0.000000
1211653091  7.341392
1211856684  6.989478
1211950145  8.158565
1212270673  7.637287
1212355409  5.666111
1211060519  4.150552
1211438671  0.000000
1211438685  13.044411
1211601773  7.506942
1211617052  8.006129
1212277570  0.000000
1212277574  5.923401
1212968210  4.978503
1211212838  7.592070
1211681768  7.698282
1211694709  6.574868
1211822044  8.628600
1211826612  7.360821
1211826809  5.055818
1211837187  3.582093
1212323351  6.379620
1212907724  0.000000
1212907739  4.206411
1212908829  0.000000
1212908874  0.000000
1212908880  2.331018
1212998457  8.371193
1212999890  9.749937
1213003050  9.749937
1211755115  3.312370
1211176601  24.211452
1211261587  7.666307
1211269075  6.175212
1211270783  6.854556
1211374913  7.334310
1211389440  4.319240
1211461108  7.218641
1211641158  4.895528
1211651761  4.658135
1211686491  6.774417
1211750264  6.111377
1212121083  7.725212
1212589824  7.339000
1212657558  8.929301
1212667346  9.777783
1212758162  7.218641
1212798090  0.000000
1212798141  14.685415
1212852728  6.875916
1212901862  4.733266
1212922589  9.727747
1212116726  8.544721
1212477882  0.000000
1212477921  0.000000
1212477923  0.000000
1212477989  2.770833
1212895646  6.457216
1212908248  4.815273
1212944129  6.382559
1212160354  9.368875
1211088991  3.258068
1211380508  8.468092
1211589419  9.179477
1211841432  3.925436
1211995336  5.340576
1212071432  5.064339
1212315868  11.172688
1212383028  6.243884
1212503883  5.340576
1212594663  4.074616
1212676400  6.028200
1212680003  6.306247
1212687877  5.243237
1212935889  6.192957
1211288906  13.528561
1211487574  2.447569
1212523180  7.334310
1211233839  3.976675
1211349342  7.336563
1211439926  4.891042
1211724407  4.891042
1212604257  5.148465
1212205787  7.362215
1212457793  1.444895
1211360853  5.965013
1211767608  5728.210938
1212738660  7.858189
1212992437  8.363360
1211999795  10.184549
1211019137  4.737607
1211258753  6.731168
1211261705  6.454236
1211393900  1.892783
1212032271  4.972936
1211440896  9.034071
1212442509  0.000000
1212442533  6.058022
1212870858  4.848487
1212907284  11.513158
1211748892  7.334310
1211858699  8.490155
1212253830  0.000000
1212253837  4.555101
1213082988  0.000000
1213083013  10.620123
1211688176  3.548967
1212724272  7.856965
1212729734  2.649853
1212808993  3.652735
1212998742  9.937109
1211389811  7.066638
1211506521  0.000000
1211506549  6.326482
1211618258  5.084617
1211648600  6.381740
1211996153  4.450480
1212473625  7.339000
1211728057  9.915190
1211859173  4.810861
1212379080  2.128321
1211047373  10.484286
1211063177  6.581462
1212145935  5.001262
1212397372  6.667554
1212792778  9.786910
1211162484  3.496527
1211466055  7.102259
1211471924  7.164187
1212495573  8.979459
1212500118  9.892624
1212507878  9.352692
1212649554  1335.133301
1212831474  8.392333
