1211038477  0.000000
1211038537  13.596558
1211068560  5.620816
1211600676  10.124463
1212301724  35.551861
1212346922  12.005930
1212549143  0.000000
1212549164  0.000000
1212549175  4.581233
1212560249  7.219822
1212612569  12.371522
1212632885  13.607343
1212783602  13.033625
1211091129  0.000000
1211091188  10.536837
1211232313  16.295731
1211321492  22.885784
1211416523  9.127486
1211421191  19.264887
1211569479  4.216902
1211661283  9.124217
1211681881  0.000000
1211681925  8.554320
1211699944  7.133710
1211935894  5.901823
1212037527  2.018326
1212137367  7.512753
1212264847  11.650917
1212696627  12.577714
1212725762  5.750321
1212730932  7.440481
1212835013  10.578584
1212846771  8.437618
1212878019  1.756139
1212971937  10.589838
1212978799  19.145464
1211300171  3.490060
1211438082  14.609965
1211499970  0.000000
1211500017  1.646381
1211577011  10.732895
1211686695  8.662277
1211785617  10.605964
1212098013  0.000000
1212098014  11.266421
1211018566  13.705940
1211022097  4.753127
1211036214  4.974566
1211037910  2.171055
1211059475  8.176384
1211059646  3.278265
1211078957  13.380584
1211079157  2.055435
1211124651  2.580816
1211149559  1.816696
1211225953  10.948705
1211242703  0.000000
1211242723  0.000000
1211242735  0.000000
1211242793  0.000000
1211242853  2.841411
1211266098  10.958326
1211503305  14.106339
1211614363  18.837456
1211623164  11.176688
1211640093  1.782854
1211647582  6.778525
1211656631  1.838522
1211661147  2.674282
1211668406  1.549535
1211727950  9.180087
1211735451  0.000000
1211735517  0.000000
1211735577  0.000000
1211735643  3.847573
1211740958  1.756139
1211743845  0.000000
1211743905  0.000000
1211743960  0.000000
1211744005  0.000000
1211744126  4.924628
1211753681  0.000000
1211753741  0.000000
1211753801  0.000000
1211753861  1.782854
1211778140  0.000000
1211778197  0.000000
1211778257  0.000000
1211778315  0.000000
1211778352  4.938079
1211782642  0.000000
1211782652  1.697957
1212019795  4.119967
1212384446  5.563793
1212551358  3.621301
1212606009  9.077594
1212822365  2.431165
1211071888  0.000000
1211071900  5.248399
1211143252  8.930098
1211218010  8.462435
1211524480  18.200300
1211609378  12.978412
1211700495  13.133761
1211748964  1.631772
1211759336  13.161230
1211759522  2.144943
1211761401  4.209473
1211782004  12.565317
1211860269  4.656462
1211866595  13.285006
1211950634  1.930449
1211998168  5.745057
1212033676  3.874493
1212120317  6.421086
1212173651  4.197368
1212218719  3.874493
1212260308  16.884132
1212280604  6.241997
1212309195  18.676535
1212365641  1.881578
1212524397  16.982019
1212539860  6.031551
1212627666  4.843896
1212722209  7.858145
1212726692  3.500591
1212787948  5.241101
1212797063  4.418282
1212862785  12.962974
1212886183  2.936125
1212965672  9.578942
1211263794  1.727350
1211535817  14.119846
1211689078  0.000000
1211689143  1.550308
1212046810  12.393603
1212203768  17.041092
1212288465  17.045116
1212632055  5.267816
1212641533  0.000000
1212641592  14.463518
1212720030  6.166001
1212729524  0.000000
1212729553  0.000000
1212729568  4.197368
1212758658  4.052629
1212770366  3.455671
1212771109  14.808107
1212806152  3.621301
1212931709  0.792234
1211050669  8.663242
1211150995  10.111706
1211227402  9.646770
1211227469  0.866044
1211228132  4.197368
1211229573  548.157898
1211229995  0.000000
1211230017  0.000000
1211230249  9.608840
1211308805  13.254873
1211318525  5.417907
1211323017  11.177739
1211344985  45.352425
1211353509  14.166145
1211355242  3.508555
1211483148  6.170158
1211509225  0.000000
1211509226  0.000000
1211509227  8.364031
1211521781  18.019051
1211587391  10.087361
1211602224  4.585728
1211685564  2.694856
1211989305  3.548228
1212205828  45.854870
1212256813  4.342104
1212346577  3.083719
1212422658  2.710269
1212537242  6.529754
1212544829  6.988134
1212627042  12.030247
1212700193  2.345061
1212710066  95.940598
1212755466  12.517991
1212793812  9.413940
1212801917  20.228289
1212866755  11.950454
1212907549  12.505484
1212980314  9.790147
1211059548  2.066046
1211249691  12.732834
1211328640  8.780697
1211424944  4.734070
1211684426  28.409939
1211759089  0.000000
1211759106  0.000000
1211759163  54.254299
1211773826  5.945963
1212215075  7.919420
1212245771  5.214190
1212251078  5.574341
1212253037  3.443204
1212254373  13.398334
1212330988  6.174587
1212384707  10.322385
1212384766  10.753342
1212559042  7.300343
1212721164  0.000000
1212721225  5.257432
1212884959  46.979733
1212894946  8.740118
1211021265  13.631687
1211169103  16.319500
1211201430  7.085213
1211203130  8.311500
1211214420  0.000000
1211214481  0.000000
1211214555  0.000000
1211214601  0.000000
1211214661  0.000000
1211214722  0.000000
1211214792  0.000000
1211214813  5.246709
1211267158  16.056999
1211617029  22.347216
1211774730  7.219822
1211788377  9.192051
1212098660  2.044887
1212283789  9.949096
1212364838  4.086913
1212379192  12.312778
1212381506  11.835840
1212520582  1.512535
1212531764  11.265491
1212588563  7.671206
1212630737  13.661587
1212690194  14.168848
1212728952  2.871254
1212736527  7.861651
1212740878  0.000000
1212740991  8.940658
1212745282  7.605354
1212808834  0.000000
1212808925  0.000000
1212808962  0.000000
1212808985  58.871094
1212823339  45.918903
1212894790  2.373622
1212949887  5.460096
1212954734  10.440316
1213071552  1.903733
1211512564  1.753627
1211677351  1.527078
1211694780  11.694454
1211745272  2.580816
1211748159  4.197368
1211933896  6.916027
1211694180  11.644262
1211737914  16.872456
1211865010  4.717447
1212269577  6.223671
1212456931  2.633908
1212862994  1.910201
1212878606  14.277768
1212985998  6.808196
1211046786  6.693609
1211172314  0.000000
1211172332  11.716664
1211356664  7.529632
1212137119  15.154466
1212139406  15.476668
1212229394  0.000000
1212229408  11.521387
1212254412  0.000000
1212254472  3.847573
1212272998  0.000000
1212273058  4.844676
1212439273  0.000000
1212439334  12.641491
1212439397  17.690006
1212611695  10.099239
1212613373  12.739264
1212740272  22.150089
1212826202  17.020489
1212933228  0.000000
1212933289  0.000000
1212933309  2.821553
1211039198  7.350441
1211152082  0.000000
1211152114  0.000000
1211152149  12.240116
1211181772  10.729707
1211210870  17.833248
1211211949  10.532806
1211303984  4.147772
1211306739  2.440005
1211503530  2.811245
1211641555  6.031551
1211774959  9.089669
1211789249  19.925175
1211789429  7.896924
1211927118  3.803815
1211941810  4.432249
1212043588  47.727436
1212115041  5.963565
1212118467  7.605354
1212125563  14.119846
1212128718  7.403356
1212129060  13.392865
1212134304  5.396887
1212134858  12.588489
1212198164  0.000000
1212198207  0.000000
1212198212  2.508770
1212213488  11.865691
1212252509  6.387800
1212252930  6.843456
1212255011  0.000000
1212255073  0.000000
1212255133  0.000000
1212255152  12.845387
1212257282  10.272056
1212282762  4.197368
1212285718  0.000000
1212285765  0.000000
1212285788  15.740145
1212285908  1.848568
1212422735  10.772227
1212422795  7.384620
1212451441  13.613082
1212451501  3.514085
1212720606  11.076548
1212783848  4.216902
1212787343  11.829742
1212853979  0.000000
1212853980  1.727350
1211304959  4.821205
1211308845  1.692793
1211348039  14.068534
1211348336  10.993464
1211350928  10.644465
1211353782  21.501886
1211357408  11.832358
1211438306  2.903036
1211443517  12.331811
1211444921  9.526807
1211446935  0.000000
1211446939  4.342104
1211447019  12.555019
1211510012  5.774679
1211599133  0.000000
1211599168  6.208813
1211680330  0.000000
1211680387  2.621829
1211851136  0.000000
1211851197  2.841411
1211869900  0.000000
1211869948  0.000000
1211869997  12.429239
1211870625  0.000000
1211870674  0.000000
1211870732  0.000000
1211870798  0.000000
1211870853  0.000000
1211870914  0.000000
1211870983  0.000000
1211871036  0.000000
1211871095  0.000000
1211871155  3.547071
1211962020  13.412314
1211962205  3.788708
1212080332  14.336340
1212254535  3.417758
1212255335  5.953748
1212261264  0.000000
1212261526  1.182625
1212282377  12.346208
1212310347  0.000000
1212310359  0.000000
1212310380  6.109080
1212349713  3.881194
1212374025  1.844332
1212460093  9.370629
1212567396  7.751067
1212740082  10.929888
1212753030  1.753627
1212773659  1.725343
1212784832  14.043706
1212785441  8.158875
1212894419  13.523381
1211078140  0.215122
1211106084  4.982024
1211416955  168.134506
1211422241  10.913296
1211524894  12.945686
1211595119  3.810824
1211646640  5.945963
1211646700  10.334849
1211664384  6.834153
1211665319  6.753411
1211686745  1.782854
1211865305  0.000000
1211865318  0.000000
1211865382  6.524722
1212099141  4.197368
1212210250  10.176958
1212462380  9.785995
1212597396  18.380999
1212611293  8.563562
1212988142  1.550308
1212988212  14.951534
1211082456  0.000000
1211082517  4.998475
1211092897  12.603664
1211224686  15.095860
1211306557  6.190263
1211402371  0.000000
1211402416  1.578574
1211654622  11.164972
1211699829  17.198973
1211705494  11.873127
1211897281  3.416927
1212078190  1.756139
1212085621  15.957590
1212354839  6.650830
1212766433  0.000000
1212766493  8.554320
1212812681  0.000000
1212812711  7.100056
1213024698  3.847573
1211406728  3.909279
1211646840  8.364031
1211658579  0.000000
1211658631  0.000000
1211658694  13.098055
1211721461  0.000000
1211721474  0.000000
1211721515  0.000000
1211721516  0.000000
1211721577  7.203300
1211851995  12.753557
1211868698  1.881578
1211949240  5.754158
1211949302  11.770779
1211951475  3.500591
1212388094  10.993464
1212451730  8.059028
1212986318  3.887703
1211085263  0.000000
1211085312  1.596586
1211183831  4.629400
1211329401  15.786551
1211413973  12.400098
1211480719  15.262835
1211483192  7.927965
1211786736  7.816351
1212304398  5.942848
1212398163  10.672138
1212555259  7.008558
1212621937  3.593665
1212634492  8.701410
1212636584  4.843116
1212650367  1.782854
1212824250  5.779891
1211036433  17.323135
1211074581  0.000000
1211074596  6.806542
1211186894  14.894211
1211319804  10.416234
1211393939  13.084507
1211562715  0.000000
1211562778  7.640805
1211573208  24.295942
1211577211  10.002363
1211577331  6.618170
1211660520  16.765034
1211665259  9.949096
1211773319  1.782854
1211776386  7.406195
1211835469  14.043706
1211867825  16.474478
1212065134  6.553850
1212159786  9.078933
1212177359  11.461514
1212259355  1.802927
1212345451  11.716664
1212370139  11.982613
1212458234  11.042459
1212468842  12.360342
1212475250  9.684136
1212770843  12.400098
1212906522  5.726855
1212909694  15.506800
1212942843  18.567116
1211148772  14.485399
1211150543  0.000000
1211150546  0.000000
1211150566  0.000000
1211150606  1.782854
1211234772  9.512328
1211266089  10.618578
1211308216  11.410541
1211390787  1.930449
1211405759  7.354469
1211430652  0.000000
1211430660  3.450686
1211430894  12.702044
1211558605  14.277768
1211659540  3.323915
1211662476  17.658106
1211686635  0.000000
1211686668  4.197368
1211691195  8.286945
1211700806  4.580709
1211730115  0.000000
1211730173  6.931939
1211746879  14.442476
1211824949  11.045444
1211911120  4.268509
1211926495  18.052608
1211997804  10.861863
1212010797  11.432168
1212072056  3.306508
1212085437  15.026574
1212124255  0.000000
1212124280  1.944932
1212186948  3.758837
1212285514  0.000000
1212285560  2.994849
1212351558  3.090658
1212609455  13.964973
1212610048  5.674352
1212612782  7.941804
1212802978  118.523598
1213001150  12.517991
1213002490  7.682329
1211139203  12.400098
1211140466  1.782854
1211213742  4.989545
1211228195  11.814984
1211243032  5.033357
1211256097  0.000000
1211257446  237.265091
1211314856  0.000000
1211314857  4.197368
1211437536  13.875088
1211522592  13.816061
1211546351  8.374491
1211604467  13.846189
1211623187  1.782854
1211623247  20.112026
1211626982  11.600881
1211685936  6.567683
1211692536  11.479726
1212071986  7.000414
1212109358  10.850860
1212114421  10.861354
1212132528  8.930098
1212207928  6.770979
1212217741  11.176688
1212285474  13.130855
1212293594  2.580816
1212378131  4.871802
1212501981  18.074064
1212514898  3.674536
1212643959  8.388774
1212731717  11.562092
1212816646  15.132586
1212816823  4.016097
1212905021  4.753127
1212952228  15.094731
1211177307  14.023182
1211179634  15.203949
1211357265  7.332774
1211510010  15.624690
1211510598  12.326506
1211516798  14.452941
1211599625  1.036702
1211920084  22.163321
1211968181  7.385390
1211981499  4.197368
1212041679  13.087302
1212182395  7.688170
1212196619  9.739977
1212201409  5.156231
1212204092  4.615726
1212280846  2.601421
1212281692  0.000000
1212281714  0.000000
1212281755  3.827998
1212301630  3.564353
1212395358  7.605354
1212650525  9.089669
1212806520  0.000000
1212806569  13.224307
1212815137  17.700220
1212897891  52.077297
1212903048  23.313570
1212949850  0.000000
1212949911  0.000000
1212949972  3.997493
1213033077  16.065428
1211345760  9.252957
1211462002  7.657345
1211501771  6.031551
1211527558  20.374763
1211760350  11.042197
1211847309  0.000000
1211847369  2.530560
1211861176  0.000000
1211861253  0.000000
1211861276  0.000000
1211861336  0.000000
1211861397  0.000000
1211861456  9.345658
1211924871  2.936125
1211933143  4.872550
1212020516  4.577569
1212024574  0.000000
1212024627  5.528301
1212040516  11.705334
1212115107  9.954521
1212165163  15.553940
1212205925  2.293847
1212239309  11.372147
1212448909  3.595255
1212526525  14.229012
1212542865  12.709951
1212558606  1.697957
1212620067  9.409465
1212727715  12.432961
1212813172  4.197368
1211055104  0.000000
1211055164  0.000000
1211055224  0.000000
1211055241  8.940658
1211071869  16.081980
1211072781  15.634688
1211224202  8.406726
1211225750  9.390615
1211326937  14.302041
1211327349  6.618170
1211401858  0.000000
1211401860  4.197368
1211615718  6.837996
1211616501  0.000000
1211616563  0.000000
1211616581  0.000000
1211616583  0.000000
1211616590  4.114280
1211773372  12.303173
1211849987  8.934379
1211939412  5.717564
1211956187  5.436162
1212149337  3.800254
1212364742  2.524810
1212459373  3.548228
1212638162  5.396887
1212710526  1.673011
1212710968  11.529987
1212786171  24.818584
1212846835  6.658130
1212863671  5.414307
1212901566  16.728294
1212970209  5.347045
1211025883  0.000000
1211025943  0.000000
1211026003  0.000000
1211026063  0.000000
1211026106  0.000000
1211026166  0.000000
1211026226  0.000000
1211026261  0.000000
1211026316  0.000000
1211026376  0.000000
1211026438  0.000000
1211026628  0.000000
1211026671  6.730342
1211095843  0.000000
1211095903  3.586721
1211405727  1.838522
1211406121  9.701239
1211487730  4.016097
1211495223  9.220659
1211533291  7.605354
1211592798  18.330687
1211635268  7.015195
1211650173  0.000000
1211650208  3.526942
1211658699  8.268910
1211658820  10.296527
1211664308  1.527078
1211666668  0.000000
1211666728  0.000000
1211666754  3.608367
1211685884  0.000000
1211685891  0.000000
1211685893  9.089669
1211736525  9.089669
1211743681  0.000000
1211743730  6.109800
1211824875  1.813072
1211835619  0.000000
1211835679  12.551485
1211998017  16.081980
1212014344  0.000000
1212014398  0.000000
1212014446  0.000000
1212014480  0.000000
1212014543  5.260802
1212048958  0.000000
1212048979  9.532757
1212081630  6.931939
1212096381  10.001581
1212101576  6.825995
1212102001  0.000000
1212102016  0.000000
1212102061  1.621052
1212452024  0.704670
1212453134  2.623829
1212462124  10.944680
1212462485  11.922892
1212546590  21.416653
1212630208  11.122494
1212689695  7.838919
1212690182  0.000000
1212690243  0.000000
1212690320  0.000000
1212690369  0.000000
1212690430  0.000000
1212690490  13.043467
1212690835  12.871750
1212690874  1.238778
1211103562  12.986161
1211419072  5.439402
1211503918  12.081329
1211547621  0.000000
1211547623  1.782854
1211690991  11.076929
1211823857  0.000000
1211823886  0.000000
1211823887  0.000000
1211823947  13.506365
1211824681  0.914251
1211839085  0.000000
1211839145  9.876966
1212978561  9.409465
1211205202  13.788091
1211205363  11.681577
1211345262  4.128558
1211437403  3.891010
1211603551  14.021317
1212238665  12.916690
1212239125  12.704941
1212300667  6.553850
1212306343  10.346582
1212527538  14.174084
1212566827  0.000000
1212566853  0.000000
1212566860  8.390464
1212962053  0.000000
1212962073  0.000000
1212962119  0.000000
1212962132  3.497806
1211162838  9.568072
1211163111  6.636366
1211163914  6.292428
1211170878  5.181458
1211210207  5.011830
1211262118  28.683584
1211303470  5.243658
1211354869  14.242321
1211414786  2.623829
1211417481  4.868205
1211427491  11.332512
1211446611  0.000000
1211446671  0.000000
1211446780  12.239165
1211446930  2.816710
1211563524  1.753627
1211589603  13.133616
1211606378  7.947237
1211609026  13.130855
1211609163  20.572617
1211696180  5.259946
1211823018  4.337943
1211898569  14.093676
1211923653  10.824794
1211990250  5.717564
1212128145  7.317096
1212288665  1.645712
1212291429  14.742051
1212293424  9.068523
1212295142  6.296052
1212301057  14.235169
1212365184  4.197368
1212427615  53.310192
1212451395  8.414085
1212520578  3.457232
1212630896  8.656827
1212717388  17.285906
1212721239  12.490746
1212729319  5.801004
1212815970  21.909916
1212887586  0.000000
1212887612  0.000000
1212887655  4.197368
1212888452  12.976243
1212892306  11.694900
1212905820  11.196087
1211145523  29.474743
1211417919  0.000000
1211417922  0.000000
1211417978  0.000000
1211417984  12.399462
1211520120  28.496727
1211715096  12.190430
1212145982  1.753627
1212263768  21.513233
1212286195  0.000000
1212286230  0.000000
1212286289  10.088071
1212345281  10.772227
1212345341  11.429517
1212402516  4.197368
1212474307  6.037179
1212721780  12.722394
1212729122  19.520708
1212729387  6.258909
1212729444  10.503336
1212732010  10.288281
1212811246  3.306508
1213030905  0.000000
1213030966  13.964208
1212301162  26.785183
1212337797  5.848489
1212340134  12.443151
1212387431  13.672881
1212387612  7.687072
1212389192  8.131375
1212437351  2.026315
1212601394  16.056999
1212715431  8.554320
1212721125  14.880931
1212864218  19.946413
1212905266  9.798986
1212912195  8.335907
1211074099  12.499274
1211075488  0.000000
1211075546  1.782854
1211077178  14.611974
1211091209  15.926882
1211234374  0.000000
1211234390  7.090646
1211384093  5.679993
1211478144  1.753627
1211685080  13.698524
1211696756  4.581233
1211698582  5.248399
1211893722  3.820402
1211893858  30.126524
1211951802  5.241101
1212024678  2.446771
1212036372  3.565709
1212039746  24.461208
1212116380  19.029268
1212177626  13.563156
1212567586  12.312778
1212569640  7.235991
1212598411  10.476888
1212656855  0.000000
1212656898  0.000000
1212656900  7.691728
1212688300  0.000000
1212688356  10.606889
1212948915  1.756139
1213020657  17.850693
1213081541  17.952007
1211046545  12.896041
1211055513  13.961463
1211056303  2.936875
1211405834  5.605468
1211415979  10.840459
1211443107  14.680958
1211532954  13.749083
1211666527  10.168274
1211818834  7.660585
1211999790  0.000000
1211999840  1.782854
1212039254  11.093964
1212123558  14.128644
1212282578  1.944932
1212385469  1.671426
1212386571  14.684805
1212652823  4.243617
1212701667  0.000000
1212701718  0.000000
1212701733  2.107367
1212844474  1.727350
1212851318  5.396887
1212935608  11.494099
1211141064  7.202183
1211528191  14.155697
1211556116  12.376147
1211566456  12.948952
1211723996  8.940658
1211829618  8.629515
1212135694  1.876689
1212137003  9.430924
1212176994  13.731471
1212282722  9.876966
1212334234  6.210171
1212347733  12.443151
1212395421  8.590190
1212459841  5.248399
1212467644  6.582403
1212490028  6.421086
1212537732  13.419174
1212608442  17.255728
1212706066  10.834923
1212726174  9.905375
1212745820  4.197368
1212854705  6.701954
1212931049  6.663081
1212933228  8.930098
1211037419  8.406726
1211262495  12.972790
1211349385  16.461439
1211919784  14.161251
1211949197  14.311723
1211982187  5.241101
1212033959  5.071083
1212082205  0.000000
1212082271  6.204535
1212402053  11.993559
1212481540  14.994082
1212484864  15.328153
1212532703  14.119846
1212601122  8.024722
1212796383  0.000000
1212796435  3.306508
1212799228  7.922770
1212843453  10.709576
1212880847  3.778866
1212905604  2.587683
1212910791  6.810173
1212940524  4.860889
1212941791  4.139315
1212949287  0.000000
1212949350  0.000000
1212949412  13.331948
1212971871  14.531953
1211034654  2.580816
1211225316  0.000000
1211225318  4.197368
1211239796  6.008989
1211335113  5.623616
1211416365  0.000000
1211416390  3.548228
1211676632  4.168651
1212032108  7.179099
1212102047  4.653862
1212260933  17.793972
1212710103  12.123338
1212730102  14.067581
1212778703  9.039262
1212783661  7.567100
1212817174  13.278861
1211080699  6.995613
1211237693  16.821735
1211332822  0.000000
1211332867  2.066046
1211339810  7.288868
1211598800  2.076800
1211607783  0.000000
1211607838  1.463449
1211781969  10.168274
1211941142  28.211933
1211941621  7.647337
1211946681  7.283185
1212003277  6.076183
1212082891  8.229479
1212096852  4.415917
1212105395  0.000000
1212105440  0.000000
1212105460  10.340617
1212132578  5.851071
1212194299  1.572662
1212278039  4.980538
1212313598  6.649200
1212455055  9.232813
1212464589  8.011986
1212681378  4.907343
1212700902  10.758329
1212815042  8.268911
1212832396  0.000000
1212832456  0.000000
1212832506  0.000000
1212832508  0.000000
1212832532  5.945963
1212832957  9.317475
1211046245  3.893572
1211056636  1.757292
1211085789  14.938363
1211097033  34.266644
1211135919  15.365733
1211261517  10.816151
1211261700  1.596586
1211346828  4.061969
1211402760  4.197368
1211432997  4.106726
1211488491  7.734258
1211781695  38.520210
1211784789  10.293950
1211822781  4.653862
1211830357  1.756139
1211845825  25.487934
1211859143  12.894344
1211866821  15.669047
1211944876  5.241101
1212073232  17.198914
1212117877  8.740118
1212259438  18.732571
1212259963  4.748491
1212314772  0.000000
1212314822  0.000000
1212314968  11.732624
1212317505  8.511499
1212382097  0.000000
1212382157  0.000000
1212382179  0.000000
1212382180  0.000000
1212382204  8.327662
1212386503  6.663081
1212402518  0.000000
1212402559  52.684181
1212432892  5.688882
1212433027  4.243617
1212472409  4.243617
1212473009  10.478146
1212633232  5.311253
1212640772  4.216902
1212854608  15.325723
1212947934  17.869684
1212953561  6.196838
1212954034  7.059030
1212954947  4.197368
1212998492  70.370674
1211071266  7.510468
1211105613  4.243617
1211105673  10.172100
1211309195  5.495182
1211330370  0.000000
1211330430  6.618170
1211374744  11.562092
1211382208  1.574973
1211427182  13.472193
1211460091  8.617967
1211606704  0.000000
1211606764  0.000000
1211606786  0.000000
1211606843  1.620777
1211684615  8.135541
1211746743  2.609055
1211898644  8.308478
1211980010  3.145848
1211992176  4.128558
1212039632  1.311260
1212124626  6.509676
1212299196  2.059615
1212440149  1.541710
1212446957  8.191143
1212505615  0.000000
1212505675  0.000000
1212505677  0.789258
1212625964  2.710269
1212634950  3.857834
1212824300  11.764935
1212905349  6.868828
1212909354  11.023282
1212990299  4.246636
1211080862  39.742039
1211147145  4.887666
1211179164  6.978385
1211312753  3.953346
1211433449  6.658130
1211590324  0.000000
1211590350  0.000000
1211590377  0.000000
1211590397  3.688664
1211668682  10.416234
1212063122  8.284174
1212064476  0.000000
1212064538  0.000000
1212064599  0.000000
1212064659  0.000000
1212064719  0.000000
1212064763  0.000000
1212064823  0.000000
1212064884  0.000000
1212064947  0.000000
1212065005  0.000000
1212065126  0.000000
1212065186  0.000000
1212065248  0.000000
1212065307  0.000000
1212065368  0.000000
1212065429  0.000000
1212065456  0.000000
1212065516  0.000000
1212065576  0.000000
1212065636  0.000000
1212065696  0.000000
1212065756  0.000000
1212065816  0.000000
1212065876  0.000000
1212065942  0.000000
1212065996  0.000000
1212066056  0.000000
1212066117  0.000000
1212066177  0.000000
1212066237  0.000000
1212066297  0.000000
1212066358  0.000000
1212066419  0.000000
1212066481  0.000000
1212066540  0.000000
1212066600  0.000000
1212066661  0.000000
1212066696  0.000000
1212066753  1.048738
1212069476  0.000000
1212069536  0.000000
1212069597  0.000000
1212069662  0.000000
1212069719  0.000000
1212069788  0.000000
1212069825  0.000000
1212069884  0.000000
1212069950  0.000000
1212070011  0.000000
1212070071  0.000000
1212070126  0.000000
1212070186  0.000000
1212070246  0.000000
1212070366  0.000000
1212070426  0.000000
1212070486  0.000000
1212070546  0.000000
1212070621  0.000000
1212070664  0.000000
1212070725  0.000000
1212070787  0.000000
1212070889  14.931782
1212075165  1.756139
1212083852  0.000000
1212083932  5.774556
1212089964  4.128558
1212115075  3.902532
1212156440  6.582403
1212300988  0.000000
1212301004  0.000000
1212301049  5.244827
1212430664  0.000000
1212430665  0.000000
1212430725  11.829742
1212434871  15.508291
1212448011  12.291138
1212448762  3.815789
1212982725  8.062786
1211055717  0.000000
1211055781  0.000000
1211055796  5.294536
1211333657  5.891081
1211408319  6.995667
1211443486  13.631687
1211830883  1.505262
1211905068  0.000000
1211905125  1.756139
1212023716  0.000000
1212023761  10.726304
1212030087  30.528349
1212365039  3.251233
1212370161  5.097886
1212510282  0.000000
1212510325  1.699490
1212772559  5.483228
1212849958  16.832521
1212858794  5.162360
1212907058  3.506730
1211085284  8.885032
1211179354  4.653862
1211491185  14.800329
1211793747  8.821373
1211846701  2.752617
1211849541  0.000000
1211849564  0.000000
1211849624  1.756139
1211860252  0.000000
1211860312  9.370629
1211885365  0.000000
1211885366  5.870799
1211925972  7.516386
1211947862  2.862359
1212181436  8.689490
1212371207  53.604366
1212469276  13.621429
1212634339  7.091381
1212696773  3.874493
1212923604  16.602682
1211075973  8.668977
1211168372  14.277768
1211173748  0.000000
1211173759  0.000000
1211173824  19.611500
1211267428  9.216866
1211320918  13.062539
1211338089  0.000000
1211338135  6.618170
1211507608  2.815033
1211571689  15.120667
1211595862  13.479645
1211611578  4.197368
1211656790  9.430924
1211656850  4.243617
1211687347  12.684617
1211695418  0.000000
1211695466  1.528161
1211953690  4.197368
1212032710  5.516948
1212138935  0.332065
1212283143  2.623829
1212465511  6.019768
1212471564  23.685751
1212561036  2.969921
1212716228  11.863255
1212730275  21.523499
1212732248  2.607093
1212766191  0.000000
1212766253  3.490060
1212812245  0.000000
1212812282  0.000000
1212812287  4.296768
1212820760  13.652721
1212885542  8.845044
1212887363  1.699490
1212976415  5.162360
1211174058  6.106337
1211394534  1.587043
1211522367  17.095329
1211524216  9.986490
1211536836  8.070989
1211542546  9.927973
1211854849  7.457607
1211859451  9.609203
1212044348  9.882625
1212137503  2.984244
1212146114  0.000000
1212146174  0.000000
1212146240  1.844332
1212435285  14.038650
1212478256  6.618170
1212659145  4.128558
1212727584  13.212755
1212786043  8.934700
1212812226  5.933443
1212812462  9.608489
1212892883  14.878458
1212892938  10.172100
1212989210  16.498100
1211139624  10.241702
1211351937  11.330041
1211487320  8.885032
1211607798  11.338106
1211696744  13.346018
1211702775  0.000000
1211702836  12.345723
1211768711  16.319500
1212791213  2.607093
1212791645  3.633392
1212860507  20.806049
1212861891  3.608367
1212984013  4.608063
1212991270  15.346658
1211135143  1.442385
1211137822  33.626904
1211521079  4.687050
1211794081  18.491570
1211836160  5.753249
1212014808  13.133616
1212199218  2.278679
1212207236  7.272937
1212213478  6.906897
1212238768  15.059973
1212299473  8.005978
1212301300  7.813339
1212372990  0.000000
1212373120  0.000000
1212373181  14.311723
1212561613  7.455737
1212590966  7.374771
1212627821  6.765764
1212802400  1.842323
1212826491  10.993464
1212987258  6.056611
1211094673  44.023098
1211215003  0.000000
1211215065  0.000000
1211215125  0.000000
1211215174  0.000000
1211215203  3.090658
1211311159  4.837939
1211478510  0.000000
1211478512  11.521387
1211500039  4.197368
1211565109  14.351164
1211746309  0.000000
1211746369  0.519056
1211812490  7.581431
1211909347  12.653442
1211910379  9.267550
1212173300  33.935867
1212220066  0.000000
1212220119  0.000000
1212220121  1.782854
1212608805  6.274693
1212806665  9.262119
1212817107  9.979091
1212882371  12.027887
1212883811  20.530369
1212905534  2.795957
1211062511  13.793561
1211169964  6.672227
1211227697  0.000000
1211227801  2.998502
1211255284  8.525563
1211263163  14.533257
1211301013  0.000000
1211301067  0.000000
1211301068  0.000000
1211301098  0.000000
1211301111  0.000000
1211301178  0.000000
1211301238  6.198139
1211305196  7.406195
1211392240  11.205879
1211514821  12.266382
1211516895  0.000000
1211516957  4.938079
1211594968  4.033504
1211673274  14.770104
1211773869  0.000000
1211773935  0.000000
1211774000  0.000000
1211774046  0.000000
1211774107  0.000000
1211774169  0.000000
1211774229  0.000000
1211774290  0.000000
1211774368  0.000000
1211774426  0.000000
1211774477  0.000000
1211774538  0.000000
1211774598  0.000000
1211774653  0.000000
1211774713  5.945963
1211778930  9.810577
1211789205  5.449844
1211792245  7.605354
1211828625  19.543608
1211832099  11.614279
1211848522  5.268418
1211925689  0.000000
1211925697  2.796309
1212083027  9.345658
1212213266  12.573627
1212304512  252.201782
1212463205  12.831199
1212713558  0.000000
1212713582  0.000000
1212713595  20.336548
1212770450  26.013042
1212780052  11.598754
1212811569  16.615255
1212892385  14.056860
1212905878  13.618399
1212921911  11.176688
1213030076  5.024758
1211143508  10.040884
1211220543  5.596490
1211611645  16.167175
1211651177  1.782854
1211656706  5.155181
1211766716  7.047471
1212034582  2.650544
1212051985  105.368362
1212188344  8.636070
1212191257  0.000000
1212191280  10.085422
1212214195  10.120328
1212218283  0.000000
1212218413  17.910614
1212295914  0.000000
1212295973  6.509676
1212296648  14.464872
1212394837  3.748245
1212655130  0.000000
1212655190  0.000000
1212655250  0.000000
1212655398  4.197368
1212657251  5.308414
1212772323  10.770271
1212786099  6.882749
1212788019  1.572662
1212851010  6.642364
1212852362  7.870064
1212857701  6.618170
1212859035  5.248399
1212860509  33.739540
1212866805  0.000000
1212866863  16.459124
1211229155  10.232648
1211263778  9.109250
1211268566  8.066226
1211339455  7.839734
1211345163  10.633320
1211345227  6.325252
1211350343  8.921123
1211352932  5.241101
1211422743  0.000000
1211422757  6.174874
1211428254  5.886538
1211442427  6.474494
1211691638  19.523514
1211699979  0.000000
1211700040  0.000000
1211700100  0.000000
1211700132  12.025388
1211728878  14.900921
1211729000  6.773197
1211751911  5.945963
1211828155  3.243253
1211832605  13.910360
1211873699  14.207340
1211954520  0.000000
1211954543  9.993194
1211960395  4.216902
1211984317  16.728003
1212002023  11.913531
1212165590  6.770619
1212348150  8.534751
1212348210  18.200882
1212370106  17.150116
1212402964  0.000000
1212403025  0.000000
1212403085  0.000000
1212403145  0.000000
1212403205  0.000000
1212403265  0.000000
1212403325  0.000000
1212403385  0.000000
1212403446  0.000000
1212403506  0.000000
1212403567  0.000000
1212403627  0.000000
1212403688  0.000000
1212403709  0.000000
1212403769  0.000000
1212403830  0.000000
1212403890  0.000000
1212403950  0.000000
1212404010  0.000000
1212404070  0.000000
1212404130  0.000000
1212404190  0.000000
1212404251  0.000000
1212404311  0.000000
1212404372  0.000000
1212404432  3.241554
1212527734  0.000000
1212527795  0.000000
1212527837  0.000000
1212527898  0.000000
1212527958  0.000000
1212528017  0.000000
1212528078  0.000000
1212528138  0.000000
1212528198  0.000000
1212528258  0.000000
1212528319  0.000000
1212528380  0.000000
1212528453  16.198442
1212649045  7.615790
1212652343  15.283768
1212727154  6.220164
1212735889  17.266687
1212740329  11.296435
1212771109  16.356131
1212825127  13.006521
1212895084  2.394736
1212901829  1.782854
1212936498  7.434512
1212942481  0.000000
1212942544  6.109080
1212954420  21.169346
1211163160  0.619814
1211263901  5.818135
1211352172  14.586652
1211352353  15.360369
1211431565  10.316943
1211556542  13.853958
1211594889  0.000000
1211594931  0.000000
1211594932  4.390348
1211740465  9.707067
1211844870  8.477194
1211905332  0.000000
1211905355  2.634209
1211989097  11.646890
1212029625  4.197368
1212381341  0.000000
1212381402  7.640805
1212381728  1.753627
1212385972  3.334919
1212595313  17.045116
1212856040  14.708866
1212857600  5.733833
1212889229  1.102841
1212973397  14.836935
1211018520  8.268910
1211050017  288.841736
1211082053  0.000000
1211082113  0.000000
1211082173  0.000000
1211082233  0.000000
1211082274  0.000000
1211082277  0.000000
1211082308  1.988082
1211265461  11.208459
1211342407  5.136869
1211698266  0.000000
1211698296  0.000000
1211698334  0.000000
1211698335  1.463449
1211851869  0.000000
1211851870  14.971013
1211858623  6.658130
1211944888  46.858967
1212243817  11.090820
1212357399  0.000000
1212357459  0.000000
1212357518  0.000000
1212357584  0.000000
1212357585  4.128558
1212399366  14.276596
1212744550  9.815276
1212762466  4.924628
1212808002  11.598754
1212831814  6.305044
1212918650  0.000000
1212918708  0.000000
1212918810  0.000000
1212918889  5.754158
1213003458  7.701705
1213084383  0.000000
1213084461  1.951266
1211172819  3.815789
1211663179  9.876966
1211665136  3.135436
1211858666  13.792469
1211917083  11.044868
1212102192  4.843896
1212186971  4.734070
1212192172  3.760566
1212368306  5.162360
1212385478  10.807580
1212495561  1.450329
1212517852  8.765862
1212528191  26.643724
1212614553  32.038567
1212623875  4.147772
1212656059  11.176688
1212727945  15.240939
1212784609  0.857898
1212785645  25.912733
1212858965  4.075919
1212973887  4.497180
1212983810  0.000000
1212983813  0.000000
1212983820  3.847573
1211086530  0.000000
1211086533  0.000000
1211086595  8.778707
1211407758  0.000000
1211407818  1.782854
1211573589  14.043706
1211662061  9.807433
1211952107  0.000000
1211952108  17.310284
1211952137  1.858167
1212174476  13.632081
1212206482  0.000000
1212206542  11.521387
1211380858  5.996240
1211520299  17.907133
1211602483  0.000000
1211602563  0.000000
1211602610  0.000000
1211602676  4.300377
1211605549  1.782854
1211693927  11.272816
1211707714  4.773851
1211748782  12.764222
1212044626  11.366124
1212126787  11.176688
1212312957  13.087972
1212442362  9.532757
1212442533  438.893372
1212532595  7.832246
1212534447  0.000000
1212534507  11.157809
1212699045  0.000000
1212699106  0.000000
1212699123  5.856792
1212816986  17.496550
1212894055  4.308580
1211135119  4.862599
1211159207  13.754287
1211164910  0.000000
1211164974  13.098055
1211607714  4.344745
1211610667  14.084825
1211610784  13.479645
1211839308  11.789209
1212455665  4.924628
1212601833  0.000000
1212601895  6.020880
1212697427  4.950245
1212773100  9.026043
1212782326  7.688170
1212782441  9.952375
1212840509  6.776014
1212849911  5.396887
1212853039  5.010488
1212857047  4.577569
1212877350  1.782854
1212994337  19.576244
1213025034  7.647337
1213030336  2.701753
1211068760  12.352260
1211142616  10.937495
1211342958  18.627815
1211357471  6.748847
1211415798  5.162360
1211434602  5.483885
1211592420  0.000000
1211592443  0.000000
1211592444  0.000000
1211592483  4.753127
1211676203  11.841916
1211765470  0.000000
1211765489  8.554320
1211771519  2.623829
1212006237  6.093557
1212266951  0.000000
1212266953  0.000000
1212267013  0.000000
1212267047  4.197368
1212385279  11.070076
1212545341  0.000000
1212545355  5.248399
1212625647  72.070465
1212789032  3.741457
1212944294  9.243731
1211080314  23.119829
1211087182  2.612085
1211093455  1.868176
1211177890  0.000000
1211177954  0.000000
1211178010  1.756139
1211223831  8.191143
1211227811  7.209947
1211266169  11.176688
1211314215  20.806049
1211314771  0.000000
1211314893  0.000000
1211314948  0.000000
1211314988  0.000000
1211315074  10.665559
1211316280  8.675476
1211350089  0.000000
1211350150  5.246439
1211350272  0.000000
1211350332  16.453945
1211352547  16.765034
1211353552  0.000000
1211353608  0.000000
1211353668  0.000000
1211353729  0.000000
1211353789  0.000000
1211353850  0.000000
1211353869  0.000000
1211353930  0.000000
1211353978  1.813072
1211357394  0.000000
1211357397  1.782854
1211449280  10.652256
1211490699  6.194230
1211604946  3.536421
1211704522  0.000000
1211704532  1.445558
1211712713  9.890265
1211726598  7.529632
1211726718  7.535224
1211727123  9.470221
1211765816  16.680275
1211775516  0.000000
1211775576  2.936125
1211805569  7.682329
1211813350  10.095513
1211813766  3.635234
1211912677  15.029229
1211923596  5.567585
1211968079  11.299026
1212032171  8.432149
1212301378  5.984972
1212309249  12.114185
1212374242  12.553461
1212448742  10.016178
1212778236  5.265964
1212811337  3.969480
1212843523  7.008558
1212852367  5.633428
1212863962  1.881578
1212866035  9.243731
1212869550  4.161658
1213018680  23.035542
1211038323  8.397511
1211580128  6.194177
1211663673  12.058496
1211684516  6.204535
1211838682  14.762414
1212084400  11.421957
1212248551  0.000000
1212248594  0.000000
1212248596  21.930590
1212277560  4.216902
1212306168  17.649809
1212368829  13.892210
1212370409  14.704799
1212677312  11.680688
1212715079  5.299687
1212799641  15.223733
1212822780  17.944014
1212822986  5.396887
1212884993  2.936125
1211271127  6.580543
1211081308  0.000000
1211081321  0.000000
1211081339  0.000000
1211081365  14.814239
1211123195  17.407967
1211262520  11.694966
1211319915  15.341644
1211320133  14.485399
1211436921  19.262661
1211566230  9.267550
1211624786  9.628057
1211642030  5.154783
1211830536  12.522176
1211858075  0.000000
1211858135  0.000000
1211858195  0.000000
1211858249  0.000000
1211858304  0.000000
1211858351  9.089669
1212242544  1.753627
1212381968  0.000000
1212382017  0.000000
1212382020  0.000000
1212382079  0.000000
1212382099  10.277748
1212614477  8.342365
1212791780  5.267816
1212879260  34.198906
1212903672  7.172266
1212911194  9.913676
1212953844  10.449742
1211021731  8.583414
1211080854  3.443204
1211087036  4.197368
1211104741  9.430924
1211105047  5.717564
1211107656  7.414443
1211180382  2.998350
1211184974  11.562092
1211185941  12.741350
1211205794  11.975023
1211252385  1.727350
1211268769  12.873415
1211273712  13.788091
1211277803  10.463817
1211280404  15.846558
1211280565  23.423317
1211339616  0.000000
1211339625  6.618170
1211342148  4.389017
1211348219  5.267816
1211360296  24.083519
1211426812  6.751101
1211534932  7.263414
1211537184  10.688260
1211542742  7.242090
1211566734  22.639383
1211599668  7.659456
1211616566  5.241101
1211630158  11.169372
1211796327  8.758624
1211856194  20.172621
1211880382  8.921123
1211942538  3.379264
1211960978  5.915104
1211965061  7.682329
1212038675  7.133710
1212051687  4.415917
1212052910  4.415917
1212089869  225.888947
1212134873  4.216902
1212216083  11.841916
1212216225  13.708114
1212223241  14.354140
1212310087  12.517991
1212379834  4.147772
1212395027  6.892842
1212399953  29.658136
1212449940  5.192528
1212453149  4.843896
1212462788  5.241101
1212463608  9.837059
1212478064  13.714527
1212478116  5.582987
1212481669  12.357580
1212486535  10.993464
1212486657  7.762388
1212578169  7.033188
1211027719  0.000000
1211027755  13.825725
1211030573  3.182713
1211035214  11.665455
1211035998  11.668776
1211036423  0.477550
1211041034  0.000000
1211041186  0.000000
1211041248  0.000000
1211041307  0.000000
1211041372  19.819878
1211041505  0.000000
1211041509  1.782854
1211057107  0.000000
1211057167  3.526942
1211101224  7.816351
1211218639  4.197368
1211219183  9.001980
1211251081  9.089669
1211286637  9.077594
1211287748  7.203300
1211304872  0.000000
1211304932  0.000000
1211304992  11.092663
1211309902  11.614279
1211314228  3.874493
1211372530  12.299107
1211377749  0.000000
1211377852  1.756139
1211393485  5.260802
1211394136  0.000000
1211394205  0.000000
1211394251  0.000000
1211394316  11.311956
1211398129  5.945963
1211398258  5.368923
1211411237  36.238449
1211476194  12.180964
1211478499  5.945963
1211546462  8.277901
1211549942  0.000000
1211549998  0.000000
1211550058  0.000000
1211550118  0.000000
1211550179  0.000000
1211550239  0.000000
1211550329  1.426284
1211555119  0.000000
1211555241  0.000000
1211555301  0.000000
1211555370  0.000000
1211555422  1.621052
1211556816  7.357946
1211570770  3.892525
1211591829  4.277160
1211602207  14.123747
1211694351  15.205013
1211698531  9.390615
1211710470  4.243617
1211711098  0.000000
1211711158  0.000000
1211711179  5.945963
1211712879  4.216902
1211782043  7.682329
1211830218  14.011210
1211835021  13.216543
1211893240  4.128558
1211896934  3.548228
1211900452  0.000000
1211900744  0.000000
1211900805  0.000000
1211901181  0.000000
1211901248  0.000000
1211901260  3.548228
1211909282  3.833547
1211930669  14.824294
1211932435  6.133781
1211978232  3.231315
1211983544  2.026315
1211987793  5.600263
1211987909  0.000000
1211987953  0.000000
1211988013  0.000000
1211988031  2.462314
1211989766  19.938358
1212001013  9.855317
1212022989  0.000000
1212022997  11.542231
1212062172  0.000000
1212062205  4.578947
1212065461  9.089669
1212066859  0.000000
1212066915  0.000000
1212066977  0.000000
1212067036  1.813072
1212077326  1.386426
1212149934  16.430296
1212153867  0.000000
1212153927  0.000000
1212153991  0.000000
1212154047  0.000000
1212154107  0.000000
1212154167  0.000000
1212154227  0.000000
1212154288  0.000000
1212154348  0.000000
1212154415  0.000000
1212154475  0.000000
1212154535  0.000000
1212154595  0.000000
1212154655  0.000000
1212154715  0.000000
1212154783  0.000000
1212154885  0.000000
1212155020  0.000000
1212155071  0.000000
1212155130  0.000000
1212155194  0.000000
1212155209  0.000000
1212155260  0.000000
1212155320  0.000000
1212155438  0.000000
1212155512  0.000000
1212155546  0.000000
1212155593  0.000000
1212155649  0.000000
1212155712  0.000000
1212155774  0.000000
1212155829  0.000000
1212155889  0.000000
1212155949  0.000000
1212156009  0.000000
1212156074  0.000000
1212156130  0.000000
1212156194  0.000000
1212156304  0.000000
1212156441  0.000000
1212156496  0.000000
1212156563  0.000000
1212156617  0.000000
1212156686  0.000000
1212156752  0.000000
1212156803  0.000000
1212156858  0.000000
1212156919  1.782854
1212165814  0.000000
1212165833  12.443151
1212172885  7.836843
1212246876  4.268509
1212292462  0.000000
1212292507  0.000000
1212292571  1.782854
1212295092  1.753627
1212408667  13.775359
1212416899  4.883328
1212424812  3.303984
1212431924  6.040180
1212432631  4.941966
1212434812  16.037182
1212509766  13.371408
1212515767  7.876254
1212516455  4.777700
1212537936  6.272495
1212581234  8.050361
1212586475  0.000000
1212586509  0.266098
1212587949  0.000000
1212588014  4.418282
1212591070  6.813653
1212593495  16.223097
1212678155  4.419508
1212679420  7.671051
1212696021  5.824460
1212753667  10.200097
1212757846  11.863255
1212772608  9.590771
1212773167  0.000000
1212773215  0.000000
1212773275  0.000000
1212773339  0.000000
1212773397  0.000000
1212773474  0.000000
1212773538  0.000000
1212773562  4.197368
1212791733  18.613329
1212844901  6.658130
1212847602  0.000000
1212847649  1.773180
1212850719  4.982024
1212853161  0.000000
1212853209  0.000000
1212853221  0.000000
1212853269  0.000000
1212853335  4.821052
1212853515  2.139425
1212859987  0.000000
1212860052  4.174386
1212955216  7.556389
1212985357  4.625903
1211102797  8.110032
1211176931  10.993371
1211285587  9.089669
1211315142  4.197368
1211384529  0.000000
1211384530  1.756139
1211387550  7.672569
1211480313  10.145006
1211597778  0.000000
1211597818  0.000000
1211597890  4.666491
1211607817  14.490550
1211607960  8.549212
1211641595  6.548980
1211660422  0.000000
1211660483  9.715049
1211695365  8.885032
1211861123  8.499082
1211888309  10.888068
1211942088  4.216902
1211945887  9.664062
1212020463  1.915788
1212028358  6.451323
1212031319  10.499244
1212033976  0.000000
1212034038  0.000000
1212034039  7.047471
1212037192  10.837166
1212038982  1.727350
1212379027  3.803815
1212387947  6.574396
1212396374  8.921123
1212419248  22.909431
1212420842  1.572662
1212545073  0.000000
1212545093  6.128236
1212552197  6.204174
1212555926  12.351308
1212556102  5.068870
1212621929  0.000000
1212621954  0.000000
1212621956  6.031551
1212665125  10.103662
1212727458  11.863255
1212727714  8.481592
1212733676  4.216902
1212857310  6.636366
1212865628  0.000000
1212865699  1.620777
1212925170  0.000000
1212925230  102.651840
1213023807  6.213954
1211245116  13.380584
1211245181  12.151952
1211262556  18.629866
1211416352  4.998475
1211641178  2.139425
1211642699  14.963661
1211643364  14.007349
1211656571  4.342104
1211659045  30.877930
1211676540  14.575792
1212026726  6.198139
1212099863  0.000000
1212099900  6.618170
1212288647  5.477601
1212290410  0.000000
1212290412  9.642345
1212297867  0.000000
1212297930  5.945963
1212299434  5.322341
1212433705  4.147772
1212608726  6.730342
1212930536  7.596211
1212930718  5.383279
1211078827  22.681177
1211104242  13.302582
1211171369  30.947620
1211326340  6.606626
1211326510  13.133616
1211583989  14.684923
1211585022  1.756139
1211589550  12.371522
1211599513  4.985773
1211699780  0.000000
1211699817  5.996240
1211748433  12.102506
1211822360  16.514324
1211842917  6.658130
1212095298  17.648401
1212171558  13.934373
1212213803  8.210275
1212264813  8.565463
1212290538  11.332512
1212330526  0.000000
1212330592  0.000000
1212330646  0.000000
1212330717  0.000000
1212330756  7.167295
1212356797  12.443151
1212357240  9.331985
1212361896  3.010525
1212364324  13.312857
1212373469  13.566363
1212375592  14.087722
1212384562  9.231721
1212546601  2.580816
1212619961  13.665665
1212650958  2.695469
1212708781  12.674724
1212876512  4.295872
1211046245  3.893572
1211056636  1.757292
1211085789  14.938363
1211214694  7.212582
1211315395  0.000000
1211315449  4.418282
1211318806  11.119568
1211332912  4.013549
1212757398  1.868176
1212812001  11.993810
1212816827  5.421828
1212941828  10.590193
1213000984  7.209947
1211192242  13.680746
1211209878  15.207915
1211389468  4.203363
1211398818  8.388561
1211409296  4.662983
1211518142  25.024641
1211673789  2.385299
1212277823  5.705722
1212280227  0.000000
1212280276  0.000000
1212280278  0.000000
1212280319  4.268509
1212347903  0.000000
1212347963  1.506638
1212348164  7.765946
1212350120  3.670156
1212463498  3.473285
1212480114  15.980414
1212704468  2.228568
1212749328  10.168274
1212786378  15.248982
1212873431  11.779984
1212885396  5.853798
1212909802  2.325462
1212910795  3.614487
1212953138  0.000000
1212953199  10.557395
1212954655  4.349169
1212997559  8.359089
1212997985  10.816151
1213002589  17.087408
1213031414  16.239681
1211096527  4.573644
1211137494  0.000000
1211137496  0.000000
1211137548  4.197368
1211494727  10.044373
1211599465  0.000000
1211599489  14.575792
1211606409  11.830709
1211646836  2.580816
1211667530  4.147772
1211680838  4.197368
1211701747  3.526942
1211801812  4.985773
1211811166  7.203300
1212194448  12.918311
1212208110  19.032776
1212227157  16.572571
1212700750  34.602089
1212805959  7.340312
1212857531  4.174049
1212867239  14.311723
1212901026  19.869602
1212904957  8.968712
1213033870  7.903264
1211138533  6.899240
1211180105  4.896481
1211218870  1.671426
1211317412  13.621429
1211422712  4.128558
1211538189  12.114185
1211635255  0.000000
1211635318  3.037371
1211763611  14.311723
1211994594  14.559652
1211994762  7.263414
1212340974  4.216902
1212397305  23.478271
1212544409  23.777784
1212639841  1.782854
1212642747  5.848489
1212652078  8.536025
1212659366  13.599583
1212661570  11.600881
1212708594  8.874313
1212826940  5.785816
1212863271  4.342104
1212877210  3.703560
1212883141  3.526942
1211095943  12.418543
1211160263  1.782854
1211255278  5.299100
1211335420  2.887992
1211350132  11.615359
1211380112  63.050446
1211419875  0.000000
1211419929  4.734070
1211504809  4.700058
1211514870  19.938358
1211521717  5.932673
1211608715  11.644895
1211743352  3.532755
1211746582  9.550471
1211861796  4.699856
1211871481  10.478146
1211932125  0.000000
1211932185  6.031551
1211964893  12.184526
1212019424  4.638750
1212083918  8.975241
1212087222  29.611740
1212116018  21.750937
1212207107  4.418282
1212208657  5.324743
1212208724  4.961061
1212220809  6.917890
1212369072  25.220179
1212452122  5.759892
1212503171  4.216902
1212511822  12.837411
1212512202  251.029709
1212554066  8.751528
1212556314  6.719059
1212610342  4.415917
1212632182  10.443634
1212637445  11.132360
1212685145  24.546429
1212784559  2.459840
1211142094  10.670872
1211518777  8.428931
1211743997  5.139634
1211929933  11.320571
1212017394  20.380064
1212032054  8.230805
1212180492  0.000000
1212180510  0.000000
1212180516  11.254578
1212180621  16.102077
1212567812  0.000000
1212567842  0.000000
1212567843  5.945963
1212567903  3.917185
1212601625  28.884174
1212691673  49.384830
1211057141  0.000000
1211057148  1.722029
1211113016  10.993464
1211115013  5.268522
1211243370  4.197368
1211558951  7.492268
1211571925  5.436162
1211612109  2.668301
1211675098  4.271592
1211743577  2.650544
1212075423  13.888506
1212184371  0.000000
1212184431  3.526942
1212208434  6.296052
1212210695  16.967960
1212210755  10.278037
1212234733  14.128644
1212293799  3.712614
1212324372  9.360829
1212332036  10.772227
1212332096  8.930098
1212334373  4.147772
1212335750  2.146398
1212345254  1.782854
1212357444  0.000000
1212357504  12.344343
1212469884  6.959482
1212484251  14.097091
1212727955  5.632735
1212808388  4.881664
1212902653  7.641509
1212904153  0.000000
1212904213  0.000000
1212904241  5.096540
1212978827  3.499558
1212984847  288.841736
1211271127  6.580543
1211819133  4.268509
1211819714  5.945963
1211819834  0.426289
1211823136  0.000000
1211823198  3.997493
1211823889  8.549212
1211830158  4.166030
1211835482  7.757232
1211935820  4.982024
1211956037  0.000000
1211956097  0.000000
1211956158  0.000000
1211956201  0.000000
1211956502  0.000000
1211956562  0.000000
1211956622  0.000000
1211956682  0.000000
1211956734  0.000000
1211956796  0.000000
1211956861  3.192981
1212170728  13.436818
1212215755  0.000000
1212215776  1.944932
1212248865  5.637227
1212257097  9.782352
1212271156  0.000000
1212271229  3.421728
1212296348  12.616883
1212603745  14.249059
1212650269  12.517991
1212687880  8.651374
1212735795  4.616839
1213041353  24.312813
1213069415  6.055845
1213073261  10.771445
1211059130  84.067253
1211084414  0.000000
1211084468  0.000000
1211084522  0.000000
1211084582  0.000000
1211084642  0.000000
1211084707  1.785904
1211090972  14.375649
1211170279  16.724344
1211258042  11.176688
1211312309  6.031551
1211385149  1.876689
1211386396  3.500591
1211650566  0.000000
1211650628  1.785904
1211694694  9.769851
1211700855  15.875853
1211743144  15.174588
1211771417  0.000000
1211771418  0.000000
1211771471  10.602150
1211860725  6.658130
1211996617  14.041253
1212024915  9.753941
1212083836  4.782271
1212109385  14.142200
1212110843  4.305842
1212172234  8.414085
1212194646  9.555284
1212244690  10.815785
1212356996  11.727331
1212542783  0.000000
1212542831  2.742853
1212555833  5.479282
1212598565  9.949096
1212706332  3.803815
1212793318  0.000000
1212793384  3.734977
1212807020  4.788923
1212816587  4.128558
1212876743  4.296768
1212972441  13.054608
1212987749  12.610269
1212992756  12.190463
1213025078  4.041540
1211320155  5.436162
1211320701  4.827735
1211498187  0.000000
1211498247  3.597744
1211834804  71.019241
1212027266  4.920374
1212189491  16.165569
1212705751  14.023182
1211140297  13.380584
1211145409  9.430924
1211197493  5.357100
1211254887  3.270676
1211264092  9.430924
1211329019  6.421086
1211422687  4.656462
1211574712  7.537506
1211580362  14.319644
1211655773  0.000000
1211655829  5.248399
1211733291  8.701914
1211748405  6.031551
1211790356  9.467903
1211823343  2.936125
1211841904  2.607093
1211862273  4.653862
1211935178  6.273982
1211988808  9.422047
1212033068  20.644884
1212132783  12.071012
1212133023  5.093870
1212256337  20.201801
1212367089  0.000000
1212367111  0.000000
1212367133  0.000000
1212367193  3.526942
1212384298  10.832803
1212472649  16.153814
1212512210  0.000000
1212512270  3.942475
1212512607  15.563673
1212562475  7.235991
1212613282  0.000000
1212613284  9.840036
1212621274  2.936125
1212645917  10.993464
1212677445  0.000000
1212677505  0.397616
1212740833  8.972563
1212741285  12.032907
1212801789  504.403534
1212954254  14.708866
1212954314  29.670795
1212955094  6.472665
1212990201  8.554320
1213031201  15.627082
1211230236  11.338106
1211436382  10.038921
1211705936  7.073450
1211829563  2.936125
1211839773  6.730342
1211888048  3.500591
1211906552  13.167600
1212044196  7.172069
1212187564  20.179394
1212216366  1.337141
1212249758  3.597744
1212469158  10.099239
1212837539  9.099345
1212875231  8.940658
1212995160  0.076993
1211029459  0.000000
1211029520  0.000000
1211029614  0.000000
1211029676  12.675203
1211033822  0.000000
1211033872  0.000000
1211033948  0.000000
1211033965  9.876966
1211052946  23.673079
1211091270  2.108451
1211185040  0.000000
1211185042  1.782854
1211220542  6.084467
1211264711  14.727048
1211268065  0.000000
1211268101  0.000000
1211268102  3.758837
1211268222  6.548980
1211440201  3.803815
1211494896  12.522176
1211525476  4.781905
1211605028  3.306715
1211675162  0.000000
1211675229  0.000000
1211675243  0.000000
1211675303  9.876966
1211785552  2.421996
1211823441  9.406649
1211847633  12.707596
1211941056  3.203045
1212011724  13.356220
1212034456  0.000000
1212034499  11.491194
1212034778  4.306205
1212292440  9.391999
1212343624  3.045460
1212345320  0.000000
1212345363  0.000000
1212345364  9.406634
1212352629  11.584048
1212382852  8.690975
1212663574  5.818135
1212863343  0.000000
1212863347  3.815789
1212903584  9.468037
1211036491  1.782854
1211038252  0.187013
1211485514  10.508401
1211497928  13.574347
1211854909  14.814406
1211857178  2.693649
1212023570  6.241997
1212039753  10.406206
1212175146  0.000000
1212175147  0.000000
1212175207  0.000000
1212175277  5.036841
1212256037  1.816696
1212274448  160.947784
1212343444  6.239536
1212518754  9.044632
1212623433  14.109952
1212627917  7.896296
1212846810  17.477695
1212861633  1.782854
1213066010  27.597980
1211097175  7.662984
1211143382  0.000000
1211143460  6.515723
1211245025  4.787785
1211269209  1.302036
1211269856  0.000000
1211269930  0.000000
1211269985  9.332364
1211311692  6.513517
1211420088  3.798809
1211493639  10.672976
1211592931  4.581358
1211652908  13.791460
1211653513  13.688137
1211661047  0.771329
1211739158  16.675392
1211801991  7.998785
1211838859  1.756139
1211901117  1.727350
1212001528  16.455021
1212013911  2.623829
1212093941  0.000000
1212093947  0.000000
1212093952  0.000000
1212094011  6.016518
1212095769  14.430727
1212110954  6.649200
1212175044  12.512805
1212212009  9.231452
1212380137  5.096540
1212391170  14.570982
1212391923  12.821877
1212393863  3.874493
1212394280  11.928308
1212408676  4.844676
1212613391  4.319759
1212631563  0.000000
1212631631  11.521387
1212632661  10.939229
1212703401  4.780167
1212720535  0.000000
1212720554  2.674282
1212720736  1.596490
1212784366  10.646501
1212851124  6.197430
1212870231  8.885032
1211111912  9.804854
1211139286  21.520981
1211350972  13.642135
1211354965  14.145390
1211355540  9.290414
1211531593  8.380722
1211531887  12.312778
1211743518  0.000000
1211743526  3.801672
1211792537  10.885210
1211942834  18.209490
1211957161  10.503336
1211990491  15.988264
1212187874  6.082676
1212249015  0.000000
1212249065  0.000000
1212249111  0.000000
1212249113  0.000000
1212249173  3.597744
1212249432  7.195849
1212252764  5.789678
1212294123  0.000000
1212294251  0.000000
1212294321  0.000000
1212294349  54.659439
1212325197  11.735617
1212364386  17.317448
1212378306  5.390790
1212465447  6.879735
1212542709  6.653004
1212560983  7.013769
1212714719  4.771458
1212806368  20.045162
1212819447  7.636350
1212879237  6.618170
1212904474  0.000000
1212904494  1.317105
1212985084  4.386349
1211329312  15.074481
1211342943  4.512341
1211412051  6.246638
1211412115  10.063154
1211639130  3.500591
1211642423  1.782854
1211746405  18.095564
1211756527  6.074741
1211811002  5.945963
1211811183  2.680179
1211812273  0.000000
1211812330  0.000000
1211812391  0.000000
1211812455  0.000000
1211812512  0.000000
1211812532  19.938358
1211848755  11.240670
1211856843  12.633433
1212023370  158.847565
1212025742  5.987704
1212054942  12.517991
1212080929  141.419601
1212168276  0.000000
1212168341  0.000000
1212168384  1.646381
1212170473  17.240587
1212205530  0.000000
1212205543  4.390348
1212217829  7.023754
1212301567  6.618170
1212520459  8.859388
1212523564  0.000000
1212523624  0.000000
1212523685  0.000000
1212523746  0.000000
1212523808  0.000000
1212523871  0.000000
1212523928  1.699490
1212525967  2.459840
1212638924  4.656462
1212640721  13.994546
1212823900  17.286137
1213026667  0.000000
1213026669  0.000000
1213026673  10.850860
1211029794  9.251157
1211177474  12.568786
1211213775  23.236469
1211249514  1.288810
1211250789  5.933321
1211348180  10.993464
1211355110  11.092836
1211469310  3.661157
1211744659  2.625319
1211823014  15.327465
1211823539  2.661707
1211834912  8.973342
1211915394  12.176235
1212299294  12.621902
1212307670  11.366124
1212338294  6.593858
1212338356  3.928504
1212624384  17.081228
1212808271  17.793972
1212870716  10.772227
1212875106  1.816696
1212903958  399.487793
1211050056  8.559259
1211150925  0.000000
1211151051  0.000000
1211151057  0.000000
1211151088  61.009644
1211393654  3.647798
1211526736  9.325967
1211648876  8.599730
1211933038  5.654579
1211949117  13.932475
1212009200  9.078933
1212243597  3.879646
1212347860  0.000000
1212347909  4.197368
1212444478  0.000000
1212444504  0.000000
1212444564  4.197368
1212456175  73.322746
1212462550  2.623829
1212469954  3.469123
1212478233  13.830085
1212566473  12.196817
1212686551  12.661903
1212804271  5.016967
1212998121  7.303336
1211161756  0.000000
1211161779  12.450948
1211226469  3.390474
1211251229  5.104252
1211492112  10.589838
1211608894  0.000000
1211608926  9.249973
1212048258  15.074481
1212090051  13.582197
1212112380  2.248996
1212162087  0.000000
1212162127  304.232025
1212162314  11.108826
1212205022  33.634510
1212376738  16.728386
1212412983  0.000000
1212413016  0.000000
1212413023  8.554320
1212727471  6.748847
1212729713  6.150695
1212879261  4.309686
1212886959  11.644891
1212972903  1358.163452
