1211416413  8.151270
1212194282  3.801784
1212200195  3.064759
1212303322  5.816440
1212467255  4.155493
1212546112  7.673500
1211206469  7.053654
1211466964  4.113406
1211758552  3.596296
1211777789  8.561048
1211919471  4.252843
1212342899  6.447155
1212563034  7.095129
1211137386  6.755412
1211614214  9.268950
1211817884  4.047060
1212039864  6.274078
1211136985  7.020960
1211184571  15.339058
1211839247  8.652336
1211962980  10.448047
1212094832  9.799670
1212132445  11.005976
1212176423  6.630546
1212251811  3.740681
1212592782  2.057415
1212653810  7.236546
1212706866  4.997728
1212826623  29.900225
1211205185  8.030879
1211316311  8.766582
1211729626  7.087747
1211834166  8.715885
1211835945  36.775219
1211899252  5.210909
1212439326  8.817492
1212675146  9.436727
1212684673  5.629961
1212945394  5.436316
1212954825  26.160299
1211225792  3.406142
1211477651  5.642246
1212226336  2.057415
1212826326  9.215144
1211402909  17.435232
1211548480  4.113406
1212171421  3.352135
1212734682  6.644164
1212805123  7.005223
1212810049  7.006544
1212820948  6.390592
1211133785  4.926216
1211298357  8.308200
1211304367  8.991254
1211312552  5.619441
1211477401  5.712907
1211481946  4.721166
1211521213  10.595433
1211571736  5.438901
1211831690  4.252843
1211903314  3.101114
1211909210  6.694937
1211996034  4.181962
1211999930  5.665399
1212077359  3.847679
1212082113  7.234819
1212098109  4.734297
1212179281  2.451591
1212181010  6.985002
1212364911  4.268728
1212379055  3.870934
1212514381  9.081228
1212527060  4.985261
1212602206  8.003014
1212608172  10.448047
1212686727  8.561048
1211200803  4.181962
1211432931  4.641013
1211695537  14.222719
1211753901  4.895011
1211829946  6.190556
1212625097  9.436727
1212808422  5.108146
1211858210  7.560841
1211842653  9.151679
1212073313  6.263951
1212200746  5.518502
1212815309  9.805371
1212985297  13.178628
1212089216  9.442464
1212153706  6.433788
1213010911  20.060883
1211747407  9.825579
1211098552  5.656637
1211307864  3.351204
1211510989  7.743313
1211769868  8.106716
1212093400  6.630159
1212138953  10.780750
1212309965  12.074952
1212731036  7.225390
1211126396  5.272859
1211726682  5.561354
1212204387  161.191574
1211055383  2.371722
1211055448  0.944441
1211103207  6.497101
1212292121  7.459364
1212991716  4.002474
1211091930  10.226562
1211439593  8.079747
1211613772  5.123671
1212303251  5.244655
1212731804  10.584428
1211094310  14.688416
1211772097  6.962073
1211337714  4.814765
1211738323  6.491731
1211752085  8.706706
1212175245  4.865746
1212650124  32.639542
1211161906  7.056785
1211170840  6.558688
1211175522  5.083238
1211330603  6.857227
1211432950  9.132317
1212051759  6.526944
1211059023  2.502887
1211106462  6.589774
1211186129  12.172967
1211503113  2.884225
1211523721  17.503635
1211575741  5.698935
1211858962  9.983650
1211871143  62.007679
1211878067  17.755512
1211885203  9.879338
1212733896  7.557978
1212806128  15.196968
1211778518  7.577264
1212376603  11.175056
1213035269  4.476778
1211246158  12.009446
1212157085  1.815366
1211221400  4.926216
1211497314  3.801784
1212132635  6.497101
1212266537  9.950521
1212898562  9.001652
1212963654  7.263062
1211470897  6.954827
1211831496  15.674565
1211952666  3.777721
1211384704  2.451591
1212162052  3.196533
1212437445  5.564231
1212517632  25.445454
1212684210  3.126328
1212771152  7.692411
1211696761  7.567295
1211808511  6.961180
1211820762  8.159910
1211824707  11.206139
1212104137  3.462911
1212207840  8.509424
1212357318  6.818857
1211349684  5.254631
1211350406  9.722836
1211362240  8.372640
1211413302  2.274446
1212264598  4.075811
1212389728  16.906919
1212471075  22.776196
1212783672  7.276202
1212789477  3.951046
1212825270  11.829487
1211302950  7.893375
1211374833  7.676071
1211640290  10.866834
1211765447  55.873585
1211773762  16.333986
1212421016  3.104741
1212948478  5.108146
1213059572  4.120934
1211049295  3.968679
1211307792  7.036398
1212722672  10.714130
1212974878  7.036398
1211077690  5.763705
1211083704  10.502432
1211274010  10.663472
1211311018  6.411481
1211670936  7.221902
1211741125  7.771818
1211847635  3.521604
1212084419  2.451591
1212266621  6.300246
1212418665  2.536129
1212937002  7.847927
1211079053  5.964479
1212221487  5.630902
1212478815  6.737744
1211049484  20.652447
1211468995  8.640024
1211559149  3.351204
1211580864  7.004546
1212082989  3.462911
1212184805  5.589892
1212508490  7.196300
1212856289  2.451591
1211228064  2.837015
1211692184  3.462911
1212368093  3.190090
1212834874  2.451591
1211087787  8.561048
1212117148  14.413630
1212124374  10.087845
1212246507  11.736943
1212275796  5.950754
1212303162  6.003983
1212458805  8.335798
1212615067  4.776937
1212732605  5.298083
1212826329  22.359058
1211248847  3.860273
1211606292  10.766682
1212123852  10.276768
1212245438  10.914704
1212738979  4.328639
1212831848  8.247928
1211693156  9.921366
1212374648  2.589193
1213023888  9.494980
1212087896  4.114830
1212102599  8.030879
1211193154  8.561048
1211477968  10.725824
1212442998  2.735537
1212222810  3.849134
1212870820  7.894115
1211474749  4.627287
1211930951  6.747830
1211934558  5.853200
1212678014  3.645169
1211793053  4.229812
1212827549  21.804075
1211532038  10.986097
1211588631  13.032809
1212090233  23.945822
1212176119  22.192446
1212624525  2.596641
1212850271  12.239766
1211025391  7.009671
1211160363  6.988717
1212429179  6.673625
1211399006  2685.534912
1212525575  6.559847
1211381327  14.542478
1212592899  5.168489
1212892838  5.758837
1211023132  8.531994
1211304500  7.542569
1211982791  10.094131
1212124867  10.046141
1212444911  7.485863
1212532712  4.745015
1212723143  8.827732
1212774587  6.985002
1212971544  5.727734
1211553027  2.057415
1211568198  7.050960
1212172742  6.181761
1212306281  10.653534
1212719641  6.750544
1212940646  4.744663
1211158127  9.222998
1211290036  5.874014
1211693396  5.538592
1211850212  9.332481
1212552080  10.111013
1212105094  3.462911
1212737510  6.044656
1212820560  15.601608
1211352631  6.440160
1211354679  8.033485
1212118373  0.779260
1212286850  2.683584
1212543655  4.480674
1211201145  11.968252
1212606691  3.462911
1212610046  4.465457
1213023805  5.367978
1211157840  3.011227
1211394254  10.593283
1211619078  23.848549
1211448734  6.712527
1211806563  10.183701
1212439042  7.450047
1211341950  12.590540
1212058574  6.584865
1212185117  2.674463
1212265041  2.057415
1212366073  4.598363
1212375003  3.462911
1212632323  4.015818
1212667935  15.594709
1212959563  6.684348
1212236968  11.608941
1212475585  17.159399
1212615219  5.936419
1211183860  8.067689
1211361267  7.842292
1211857939  3.521604
1212267525  8.118248
1211100938  5.649653
1211286224  8.108132
1211570034  5.454733
1211947241  9.972603
1212511544  4.347446
1212511763  3.853848
1212650260  8.676604
1212975940  5.067674
1212977374  8.205152
1211088485  8.587436
1212097018  4.849290
1212105116  3.678337
1212190859  4.210769
1212400330  6.497101
1212439563  7.056785
1212465284  3.148101
1212473400  4.518472
1212598910  5.447980
1212655424  5.076578
1211256450  12.678617
1211289673  2.451591
1211472918  10.648415
1211561785  12.291780
1211824751  7.056785
1211869464  10.323394
1211997412  7.406735
1212163652  4.181962
1212312968  8.236665
1212347721  5.227435
1212347843  4.954939
1212352858  3.847679
1212356268  4.113406
1212593157  3.406142
1212883875  2.741595
1212909782  2.807765
1211384930  4.876464
1211497388  186.913467
1211609610  11.966181
1211659059  7.538998
1211914936  5.762635
1211921483  10.673340
1211935431  6.084808
1212006501  3.406142
1212174494  10.625133
1212277906  6.504315
1212528104  3.521604
1212777943  6.251861
1211311306  5.254631
1212954217  14.852104
1211104309  18.118547
1211322784  3.195641
1212826634  10.559630
1211127133  8.965786
1211876971  4.638122
1212202097  5.936419
1212777222  24.803072
1211074082  22.381723
1211935141  3.837525
1212418367  6.051614
1212773647  5.457747
1212798441  6.755412
1211162050  13.285644
1211563493  10.451143
1212165496  5.198657
1212176159  2.451591
1212740718  8.703732
1211127531  6.554453
1211026492  3.261518
1211030026  7.338910
1211137594  10.392343
1212942734  5.250423
1213023468  5.642246
1211609115  10.448047
1212095231  7.050960
1212211659  9.151679
1212628532  4.181962
1212774158  5.980545
1211735809  4.181962
1212146322  10.275403
1212267701  4.181962
1212362113  3.351204
1212536737  3.462911
1211133169  4.646625
1212220962  5.077490
1211251896  6.497101
1211513731  5.705113
1211828745  2.451591
1212035541  2.057415
1212227502  8.551157
1212655964  7.692596
1212793363  3.462911
1211137246  9.580439
1211558970  10.294611
1211636808  2.057415
1211815906  5.992249
1212951976  4.155493
1211082978  7.269816
1212656908  5.168489
1211159830  3.196533
1211641824  16.528042
1211852026  9.975039
1211872021  1430.164429
1212019507  3.001948
1212093927  7.100688
1212357920  7.560609
1212672026  12.500114
1211558633  6.526944
1211951109  9.939436
1211070846  19.533140
1211418591  5.340013
1211434389  7.353294
1211685271  2.373498
1211686113  1.239928
1211688534  5.727734
1212720812  5.837409
1212880280  20.660053
1211468869  3.860273
1211660853  10.734862
1212251447  5.372361
1212361950  8.715885
1212497551  6.938020
1212813057  3.462911
1212958363  9.467255
1211212042  7.126498
1211248101  2.164319
1211349404  6.685968
1211400340  6.888822
1211845922  9.493736
1212161347  4.480674
1212172781  8.531994
1212359563  10.284273
1211155947  5.721718
1211232676  0.930545
1212178989  4.700886
1212426752  6.300508
1212722312  5.537077
1212779786  15.339058
1212781159  13.336867
1212899778  40.181137
1213025505  7.000887
