1211266156  18.940147
1211342837  3.813482
1211689383  12.537262
1212039198  19.756386
1212363315  12.065354
1212460811  8.148631
1212470069  17.385620
1212500258  8.444131
1212784114  8.364058
1211080657  8.039316
1211141680  10.490812
1211162179  11.694676
1211170383  16.519812
1211856978  8.280787
1211941285  10.686758
1212135567  2.447251
1212552573  6.618263
1211179203  11.800983
1211588826  6.652345
1212089460  2.362863
1212126599  14.152105
1211124236  7.827236
1211138541  17.683165
1211184632  17.658268
1211255888  16.730122
1211474971  0.000000
1211474995  0.000000
1211475082  0.000000
1211475142  34.261513
1211514059  17.307022
1211619865  7.492405
1211711512  12.235899
1212030554  14.733577
1212196258  3.960108
1212541477  16.381868
1212558939  12.098736
1212657418  13.780070
1212800867  7.280327
1212827896  11.137250
1212887070  14.982734
1211056466  14.276985
1211082373  11.146488
1211419186  33.433884
1211473779  8.803968
1211699586  14.663784
1211779715  5.787609
1211816379  16.437546
1211906876  8.828854
1211999430  13.554167
1212001830  13.390857
1212086647  6.967990
1212119877  6.829822
1212226810  10.539062
1212369640  13.140053
1212768942  7.261093
1211569765  11.810301
1211611443  10.563612
1211696055  12.974343
1211937380  11.513698
1212138490  12.235899
1212217375  13.422772
1212295974  4.661890
1212592995  3.433416
1212634302  9.637469
1212640158  11.889587
1212758478  13.364304
1211044709  8.728759
1211086328  62.864880
1211127492  10.706241
1211258557  15.265218
1211344132  11.424038
1211362046  11.889587
1211408428  0.148454
1211605930  17.399397
1212104263  10.293018
1212197114  14.488017
1212210911  9.981766
1212212352  8.085849
1212215279  11.236758
1212286104  10.688725
1212290904  6.408151
1212298404  11.694676
1212310162  13.076666
1212346017  7.527118
1212430861  10.975004
1212518321  16.355591
1212669718  10.963808
1212786994  1.262050
1212826972  16.760706
1212914177  13.321107
1212939893  10.382284
1212948864  8.494481
1212960378  11.146488
1211101058  11.391602
1211154287  11.141625
1211221382  12.332355
1211319821  2.231241
1211521333  11.513698
1211558857  6.962931
1211650901  17.657707
1211755255  10.720641
1211827299  8.155209
1211935341  12.206326
1211940665  9.742960
1212121722  11.323417
1212520155  11.889587
1212542358  14.733577
1212736477  16.716942
1212818372  9.778757
1212823299  8.618353
1211022897  5.957289
1211056445  11.889587
1211059442  5.884167
1211086237  14.488017
1211149941  17.013681
1211165252  1.734315
1211172691  6.036712
1211313332  10.808716
1211401866  9.286646
1211510692  18.135010
1211688174  13.040676
1211692083  20.825083
1211695603  35.049824
1211754381  8.534306
1211762264  10.207547
1211904218  6.527748
1211909192  14.470901
1211946734  7.876749
1211972769  16.190439
1212039425  14.488017
1212113495  9.800817
1212218415  5.693589
1212222154  11.760396
1212233975  11.889587
1212275420  15.508158
1212298229  10.708300
1212383010  18.315348
1212507681  9.976007
1211097643  8.433298
1211309929  7.982486
1211617419  15.562775
1211669174  11.897488
1211685929  11.440276
1211756875  13.950088
1211841615  12.363256
1211737202  11.506052
1211942525  3.121287
1212071037  12.738844
1212206247  18.495340
1212273006  3.045468
1212479439  14.488017
1212541775  7.432818
1212586834  7.183707
1212605255  4.994854
1212622280  10.325860
1212646382  11.889587
1212693071  6.361454
1212802759  13.270897
1212972575  12.445939
1212985368  21.034374
1211909528  11.450722
1212060232  17.657707
1212220139  17.610653
1212253936  9.115721
1211217623  9.677049
1211229911  0.000000
1211229933  34.261513
1211474780  14.861984
1211502760  16.401529
1211513111  10.484397
1211533498  14.889062
1211553203  12.663815
1211648498  6.990600
1211653482  57.251320
1211694811  7.080946
1211791142  7.920217
1211877754  16.652166
1211933451  13.186908
1212047846  7.170953
1212202545  9.088803
1212205850  14.390321
1212513781  3.114683
1212647024  11.817970
1212814751  6.537692
1211430805  3.690466
1211443144  16.201569
1211481292  5.391655
1211679544  10.822571
1211768656  8.767201
1211776375  4.601269
1212026506  13.370152
1212033057  13.011663
1212194241  15.805109
1212217305  16.002499
1212218643  4.693563
1212225919  6.904463
1212297222  5.210377
1212313021  9.960452
1212350818  11.488209
1212399103  12.515355
1212478862  15.197603
1212568784  12.637657
1212642047  15.933449
1212846267  14.407910
1211507121  9.945000
1211901969  2.210420
1212247109  14.313272
1212268282  14.488017
1212535640  8.550981
1212560903  12.969555
1212587484  10.497014
1212650890  9.726401
1212916372  19.328550
1212977602  11.889587
1211103267  11.246952
1211129531  13.373554
1211131433  11.889587
1211598279  2.284101
1211604097  9.760959
1211704422  5.859629
1212130084  18.034794
1212217573  13.359054
1212498232  19.404654
1212640761  8.863949
1211491371  11.496263
1211636494  9.685826
1212034344  825.828430
1212180573  7.203032
1212357238  14.821691
1213020545  12.299573
1211591357  7.092215
1211704990  10.849778
1212629772  9.708967
1212882542  18.164656
1211060166  2.210420
1211084098  8.593519
1211086618  11.923494
1211097288  10.022732
1211161076  8.707842
1211318050  0.000000
1211318099  5.231283
1211392234  8.508895
1211485687  6.366783
1211656740  5.531728
1211668558  7.613622
1211741734  7.647681
1211781697  7.280327
1211894395  14.614459
1212175384  7.401666
1212243760  11.563525
1212247518  12.235899
1212263156  11.141625
1212276079  7.041681
1212305252  8.092957
1212349835  14.488017
1212356947  9.637469
1212473727  16.730122
1212497257  11.889587
1212513055  4.770943
1212520951  8.896126
1212523796  4.381683
1212526169  10.338772
1212675855  8.280787
1212757441  14.488017
1212870398  11.323417
1212894690  6.625827
1212955279  10.939500
1213027146  5.566950
1211047465  18.309147
1211127496  14.658683
1211133792  13.732696
1211177827  10.191075
1211259278  7.080946
1211565855  11.271173
1211566088  8.067882
1211621618  4.638426
1211623503  7.640862
1211715770  12.689106
1211865335  9.640206
1211944431  8.272532
1211950346  13.765929
1212252204  6.962931
1212270260  8.492951
1212293845  13.718755
1212306586  7.432818
1212312182  14.805925
1212351023  12.695555
1212373401  12.547590
1212458676  14.573513
1212635959  17.521343
1212643092  9.517990
1212740867  12.778923
1212750698  7.921193
1212815948  16.862837
1212898076  15.943047
1211126224  4.171210
1211140020  7.613622
1211339437  11.642919
1211455302  6.625827
1211499090  11.694676
1211614060  9.618314
1211628411  8.410801
1211690580  8.265709
1211750266  8.755888
1212027515  10.103993
1212288092  11.197926
1212417820  11.999566
1212985258  9.637469
1212997097  13.359054
1211106720  8.941093
1211131129  8.630569
1211182822  20.343445
1211267242  7.920217
1211346830  44.176361
1211523820  11.171514
1211788703  11.294676
1211797761  14.258279
1211856383  18.251041
1211864873  17.657707
1212076791  8.761336
1212173482  6.252976
1212182019  6.909855
1212215402  6.975794
1212299377  5.323898
1212308779  8.907087
1212444646  0.000000
1212444658  5.425034
1212447406  16.716942
1212604619  12.598275
1212787840  113.443138
1212926785  17.596540
1213065670  10.647391
1211340648  14.327906
1211588274  10.311133
1211703458  8.280787
1211729028  11.402339
1211760922  7.349838
1211948694  8.932334
1212213370  10.012870
1212274356  6.462692
1212457054  19.911154
1212472231  4.039834
1212548868  11.335171
1212606835  5.841971
1212881560  15.265218
1212988435  3.813482
1211043606  9.976007
1211068153  11.146488
1211343584  14.488017
1211555184  8.295073
1211694659  9.207995
1211955428  13.554167
1212211606  16.097795
1212358381  7.930767
1212735444  8.411695
1212740257  7.401666
1212772385  10.004508
1212903869  7.401666
1211095118  9.511670
1211176550  11.323417
1211360007  13.631267
1211394573  1.735587
1211448813  4.713782
1211535325  16.455856
1211777520  13.373554
1212177301  4.921506
1212189043  15.265218
1212211511  21.702253
1212330709  11.889587
1212628921  5.483496
1212686435  7.527118
1212910401  17.280266
1212937337  11.694676
1212957339  5.477847
1212960167  13.650451
1211459135  7.401666
1211490015  10.679615
1211547226  4.669569
1211814611  14.495916
1212193900  15.698909
1212304418  5.659732
1212682554  6.331853
1212979363  20.032848
1211170784  14.635649
1211299593  6.460548
1211405274  16.716942
1211629159  12.940501
1211681771  5.326397
1212216730  11.723325
1212376048  17.229321
1212517693  11.857112
1212979039  11.123545
1211019210  13.578318
1211150725  6.498861
1211228239  11.889587
1211246687  5.797301
1211260236  13.373554
1211330864  10.961922
1211367045  12.108377
1211372613  14.495916
1211390713  15.562775
1211644554  10.808716
1211694229  13.499055
1211697031  7.499007
1211717295  11.167541
1211836157  9.654346
1211898070  6.792472
1212086972  11.077031
1212131258  18.198322
1212224391  13.440044
1212539586  8.888483
1212582427  10.722130
1212769649  6.600994
1212814701  10.340197
1212871332  5.633955
1212881475  14.488017
1212912020  15.861782
1211033991  24.385796
1211145023  10.822649
1211274630  12.838613
1211345450  11.948760
1211348362  7.767523
1211436888  6.418637
1211628305  15.307647
1211681511  7.700228
1211684713  16.051912
1211697392  6.158036
1211709625  1.584592
1211775675  10.608191
1212202804  7.534692
1212264720  8.310339
1212283869  11.590413
1212574694  11.694676
1212579248  18.620604
1212645310  7.527118
1212658204  16.730122
1212678200  8.852771
1212893659  10.011178
1212286912  25.051825
1212561362  10.708300
1212825328  10.733156
1212887589  12.443287
1212947908  11.504606
1212991814  12.331434
1211083718  8.092851
1211148003  9.599989
1211222819  13.339521
1211334969  6.901903
1211352656  11.889587
1211440332  16.685316
1211463897  11.506052
1211689611  9.460636
1211893422  17.032240
1212045289  4.472768
1212122329  7.408774
1212125748  14.250508
1212134355  16.455856
1212371022  4.991155
1212545300  12.106014
1212554818  7.548956
1212585759  17.613712
1212592953  8.731684
1213021402  12.509151
1213048590  9.893365
1211522250  10.484385
1211561423  14.340103
1211572039  68.523026
1211599256  16.455856
1211606289  9.035128
1211800327  17.693041
1211913931  6.158036
1211953205  6.261172
1212137496  12.299573
1212186656  11.889587
1212288905  6.768194
1212306735  9.404617
1212397135  8.052220
1212462318  12.731050
1212470005  5.295794
1212475987  11.889587
1212615164  8.852308
1212615316  3.664256
1212640887  16.462580
1212706882  16.590122
1212800905  6.158036
1211084995  11.192136
1211093736  7.307230
1211268702  10.361049
1211428380  11.889587
1211432928  6.486715
1211738534  13.359054
1211818500  8.735956
1211936619  8.734306
1211946257  12.509151
1212076954  4.508601
1212131195  1708.947510
1212214993  9.854142
1212219334  6.767700
1212541809  7.848148
1212682504  16.730122
1212818244  5.050894
1212830667  10.298095
1212846642  13.459344
1212916126  7.576381
1212923356  13.849627
1212992731  9.443082
1211342608  7.506233
1211421653  8.834086
1211597132  10.973608
1211639006  21.166115
1211699346  12.757206
1211821182  2.246657
1212110580  15.846534
1212471109  12.235899
1212803283  16.716942
1212809564  11.327319
1212991815  10.639912
1211049544  15.613561
1211063213  5.919477
1211300187  12.738844
1211332251  13.514253
1211398229  10.975004
1211557257  6.848784
1211948186  8.039316
1212179463  7.050225
1212277522  7.891873
1212456935  12.136414
1212461884  3.666318
1212601496  10.070899
1212608975  7.982486
1212688096  15.433032
1212777028  13.140053
1212909504  13.373554
1211039520  11.889587
1211079533  10.923453
1211089743  16.730122
1211146269  8.658995
1211339057  7.401666
1211677482  14.861984
1211863376  7.280327
1212203207  16.674402
1212207794  7.142059
1212213758  21.525761
1212246345  6.357016
1212292255  16.996983
1212327601  11.554762
1212722806  17.368237
1212731292  12.484268
1212742740  9.710913
1212806561  11.950529
1211153859  9.964827
1211471143  3.614122
1211475150  3.433416
1211515354  12.593323
1211809487  14.488017
1211822421  7.706069
1212381782  12.445939
1212766327  7.779788
1212995746  12.957137
1213022238  15.684488
1211098391  8.755888
1211173116  26.357115
1211180075  11.694676
1211374213  15.187854
1211428873  8.177297
1211463847  6.702548
1211519863  10.244315
1211674505  8.887173
1211932103  13.064078
1212036848  7.808006
1212075831  13.274103
1212135907  16.506422
1212163123  10.975004
1212733068  11.056407
1212793750  6.007983
1212814465  15.675135
1212892473  12.515355
1211086513  15.338910
1211168306  17.925129
1211174934  15.209201
1211177703  5.040281
1211401047  8.829050
1211432463  13.580384
1211459577  14.250508
1211562464  10.325860
1211605429  16.811058
1212081575  13.987750
1212093251  12.065354
1212174740  5.384057
1212471511  12.806424
1212530617  7.943052
1213032308  0.000000
1213032310  3.342587
1211038018  3.782710
1211092352  4.318534
1211126548  14.861984
1211146775  7.471648
1211148283  8.224073
1211347328  4.775268
1211512005  18.740644
1211663700  6.529410
1211685061  5.159222
1211691139  9.708213
1212020903  13.815922
1212035096  10.158776
1212164132  10.146498
1212179857  8.315752
1212432064  14.191137
1212655254  19.656153
1212801126  6.411343
1212913701  272.554413
1211478666  8.503122
1211525365  13.509185
1211530134  8.844355
1211863123  15.014969
1211878052  16.070980
1211885020  13.504468
1211900262  6.366783
1212216529  4.120099
1212363474  8.170856
1212430056  10.808716
1212558567  8.729494
1212649555  250.475006
1211048556  6.285275
1211095823  13.554167
1211110980  9.799800
1211169475  7.643256
1211182349  5.241159
1211250814  9.363861
1211408821  14.987603
1211414199  10.644013
1211587587  6.058713
1211599052  9.985592
1211797101  14.495916
1211950495  6.306799
1212128799  11.525434
1212247433  14.488017
1212257394  10.616401
1212473377  29.395565
1212474154  17.932453
1212820068  13.938713
1212907117  13.459910
1212962656  14.028307
1213004021  7.409985
1211123523  13.616647
1211132883  11.834768
1211134603  10.338562
1211187015  15.508003
1211421701  10.980024
1211532577  13.961416
1211596228  12.807994
1211622048  16.730122
1211733157  16.355591
1211808644  17.361803
1211900535  6.471633
1212073818  10.491612
1212084720  6.568442
1212197486  7.906925
1212218289  13.109892
1212256083  14.250508
1212261302  12.091105
1212417385  10.211591
1212927347  17.740429
1212960991  3.961633
1211339098  9.210081
1211342532  14.558679
1211523294  10.129485
1211600660  8.321158
1211861798  12.763342
1211948059  9.631019
1211954095  11.338200
1211956374  8.963626
1212078209  8.946911
1212733601  12.287525
1212773195  10.513603
1212827604  9.348233
1211033991  24.385796
1211312971  9.057245
1211703501  12.035311
1211763974  6.962931
1212176180  14.519460
1212216711  10.821175
1212298313  8.396554
1212733254  9.715129
1212790383  68.523026
1211201767  19.356937
1211310317  10.539062
1211477868  8.305702
1211563677  17.657707
1211893267  11.889587
1212105529  9.360625
1212212215  13.359054
1212458053  11.193676
1212531108  14.505337
1212610430  7.775142
1212816563  12.738844
1211049623  9.637469
1211444382  20.076145
1211586948  15.508158
1212036948  11.889587
1212307925  9.051919
1212456216  13.987750
1212548579  2.491746
1212571608  24.942680
1212595445  14.624784
1212627888  8.691849
1212713198  7.921193
1212741333  13.925749
1212901609  6.217573
1212968593  14.488017
1211019094  15.695885
1211139940  7.238214
1211262965  13.718755
1211361981  15.265218
1211363482  16.455856
1211486281  12.521340
1211523945  11.900620
1211566660  7.941825
1211756785  9.283908
1211853701  9.966646
1211912494  14.345963
1211969038  17.657707
1212000401  14.861984
1212051530  9.201535
1212055078  16.730122
1212094335  4.770943
1212195951  16.775036
1212262444  13.084473
1212286214  14.250508
1212481601  12.366733
1212599109  15.137213
1212721590  11.889587
1212726078  15.109684
1212793408  10.339900
1212889475  14.267505
1212914628  10.477370
1212939831  17.657707
1212952564  9.326583
1212978311  14.267505
1211234704  6.707860
1211299742  11.889587
1211441924  14.859125
1211442081  6.149048
1211513507  11.358261
1211776502  5.744615
1211915122  15.606055
1211949261  13.069983
1211965914  15.522875
1212034951  14.090971
1212537740  9.637469
1212601670  13.798111
1212606391  10.808716
1212729104  8.958349
1212777506  16.490883
1212900639  10.052160
1212961646  10.975004
1211024178  5.599291
1211066452  2.284101
1211217271  10.325860
1211349696  10.539003
1211558483  8.705881
1211574718  3.666318
1211679946  11.009422
1211693231  12.302075
1211780642  16.999453
1211998647  8.559480
1212041598  3.853462
1212374614  16.227949
1212450895  11.237304
1212464268  8.149977
1212540835  13.373554
1212617081  8.270587
1212631011  9.035667
1212694726  13.987750
1212884453  1.328315
1212957085  4.775501
1211234425  6.832307
1211440566  5.566950
1211524677  6.556745
1212131364  23.999334
1212173695  9.252930
1212179045  9.690855
1212361135  11.973486
1212548717  16.231314
1212632072  1.028680
1212995283  10.537728
1213063460  12.497805
1213073182  7.775142
1211178412  9.690759
1211202304  14.488017
1211320777  3.913672
1212377191  17.088102
1212530515  13.605847
1212540596  8.220105
1212617937  10.815898
1212972847  13.728332
1211115583  13.798111
1211569072  7.614218
1211868736  7.668781
1212593221  6.210268
1212615683  12.418300
1212986824  9.473200
1211762315  11.323417
1212302953  7.636559
1212312380  7.295408
1212335499  9.635866
1211131330  14.488017
1211830735  9.112670
1211907394  11.267186
1211926045  11.694676
1212634043  9.643881
1211075605  11.889587
1211079590  11.694676
1211087902  13.359054
1211095420  16.455856
1211247370  15.354344
1211434135  13.359054
1211510174  7.401666
1211704009  13.043837
1211771046  13.329409
1212005025  13.359054
1212102192  3.667884
1212303930  10.013884
1212723673  6.391444
1211052064  10.052160
1211086614  0.000000
1211086656  0.000000
1211086681  0.000000
1211086716  0.000000
1211086747  88.826164
1211148222  14.687924
1211171156  6.758643
1211356671  9.495004
1211433160  25.750185
1211434730  9.968827
1211444816  10.093181
1211492488  6.625827
1211753670  7.508285
1211963303  8.310339
1212486792  14.488017
1212511143  2.246657
1212855945  5.349890
1211122017  5.070440
1211199622  7.773619
1211323048  13.348253
1211441783  7.779788
1211620099  8.052220
1211649421  7.261093
1211692319  9.136370
1211701115  3.853462
1211788971  10.361049
1212065551  5.659732
1212307316  10.947350
1212372284  13.987750
1212376837  9.654346
1212406982  8.113258
1212475214  15.802470
1212667995  15.279706
1212682871  11.889587
1212714115  14.026420
1212826810  8.905631
1212844134  15.933449
1212916690  12.235899
1212929300  11.350768
1212930512  9.662664
1211124770  2.447251
1211211808  14.020661
1211265172  11.889587
1211310437  5.225981
1211315086  2.108401
1211351439  17.085594
1211353086  11.889587
1211357594  8.481554
1211362384  13.373554
1211556646  10.973608
1211584598  7.887118
1211646381  11.694676
1211781915  14.321748
1211784682  16.730122
1211789730  15.933449
1211823637  5.625216
1211951695  11.471155
1212068497  16.730122
1212176954  12.235899
1212246799  9.742775
1212300439  9.494941
1212517751  12.099140
1212531181  11.490813
1212599199  24.546833
1212630492  6.730071
1212639887  20.345842
1212796210  6.444459
1212845676  7.245636
1212869337  7.401666
1212898397  12.299573
1212998966  10.782272
1211112463  16.231314
1211143312  10.636119
1211280079  12.731050
1211447776  7.920217
1211524812  12.646771
1211787596  21.236595
1212228007  11.934000
1212383448  14.488017
1211341539  7.872971
1211410891  15.659186
1211437378  6.939062
1211525517  7.245636
1211621572  13.819711
1211709819  15.265218
1211754890  3.433416
1211829832  14.250508
1212172164  6.962931
1212304643  15.008478
1212370696  14.551538
1212472087  5.856413
1212513899  15.443189
1212547301  4.543756
1212605875  8.433410
1212620056  9.543288
1212622387  8.549982
1212627612  10.636119
1212719112  20.703989
1212791397  11.146488
1212815063  15.636439
1212898906  7.014563
1212918942  10.545265
1212937324  16.730122
1213020686  16.406073
1211062717  3.433416
1211131368  8.018570
1211133308  8.026230
1211224727  10.412271
1211234248  15.137213
1211476312  2.108401
1211509354  15.666699
1211762985  4.496428
1211772461  11.941920
1211860664  7.409985
1211867837  11.889587
1212097811  1.930226
1212191905  12.286760
1212195025  2.284101
1212221535  8.039316
1212281230  11.333402
1212295449  13.170052
1212332464  0.516973
1212348884  2.696484
1212432736  5.672157
1212434647  11.810301
1212519393  6.738130
1212544569  8.034875
1212648702  37.467373
1212669751  8.790475
1212720191  5.416152
1212937033  4.174583
1212991757  19.262953
1211138649  15.393776
1211317430  13.582516
1211568991  4.882531
1211733965  15.250544
1212068914  7.049205
1212304543  11.923494
1212312470  20.382151
1212470670  10.077403
1212507260  10.539003
1212775527  6.116048
1212777560  12.822169
1211066106  7.665502
1211178635  6.625827
1211263892  6.625827
1211422880  13.894015
1211497481  8.550981
1211564307  0.000000
1211564309  2.076455
1211741244  11.889587
1211847956  7.401666
1212592096  11.038345
1212970933  9.479478
1211196789  14.250508
1211355804  17.013681
1211385194  5.784319
1211398223  0.009513
1212948967  12.046837
1212954280  14.632242
1211125025  14.505337
1211204588  15.443189
1211402065  8.695347
1211701748  1.907328
1211825686  6.344086
1212312345  15.256148
1212315837  6.094244
1212479183  17.077183
1212731175  17.775106
1212747174  10.513603
1211079422  11.889587
1211198884  12.036200
1211477067  5.957289
1211602774  13.359054
1211782340  4.770943
1212011291  10.260328
1212300096  10.968241
1212304844  16.673536
1212310219  17.314093
1212913190  21.744656
1212989613  5.837270
1211046683  10.973608
1211086159  11.889587
1211177465  6.411912
1211263940  9.379684
1211349781  17.378269
1211383730  7.401666
1211580932  6.260670
1211688352  11.159602
1211736041  12.738844
1211844049  9.194501
1211920537  3.303157
1212092070  12.091105
1212122137  2.015383
1212157413  22.683180
1212177301  5.050894
1212217411  21.085691
1212345231  12.299573
1212371448  11.694676
1212390637  14.250508
1212414793  5.915609
1212645153  8.991776
1212743585  14.495916
1212763180  9.004057
1212893609  10.623734
1212919619  6.962931
1212986676  3.426151
1212996490  20.085735
1211054680  0.000000
1211054682  2.246657
1211441685  10.451056
1211663675  12.481401
1211825680  14.488017
1211869817  12.729667
1212220342  9.722211
1212246393  17.077183
1212303506  16.212053
1212375377  9.389246
1212424225  11.112444
1212972846  5.606570
1211052976  5.675496
1211108382  13.179503
1211119343  14.498502
1211122794  19.756386
1211145874  10.857347
1211298567  11.889587
1211476012  13.718755
1212079140  0.000000
1212079201  9.088310
1212161710  8.283752
1212175183  14.250508
1212641154  2.761055
1213037386  2.284101
1211026962  12.011877
1211090948  11.889587
1211177257  18.120516
1211249917  14.484838
1211340631  12.974343
1211425588  17.480715
1211597047  18.675329
1211610551  14.143908
1211631186  18.897413
1211681893  11.755512
1211802796  11.506052
1211990250  6.559942
1212160691  14.861984
1212366190  13.848867
1212485520  12.840517
1212544450  10.322473
1212863927  14.365638
1212936486  10.099506
1212941738  13.450382
1212973631  14.104343
1211422221  2.782132
1211464963  10.975004
1211600792  15.405588
1211611321  17.013681
1211697786  7.057128
1211757634  15.707361
1211817956  13.359054
1212030188  12.091633
1212033789  6.832307
1212096307  16.535049
1212133317  11.617665
1212214699  12.235899
1212417308  7.228176
1212617782  14.861984
1212659261  11.506052
1212677838  17.054111
1212787366  10.269535
1211080341  4.692731
1211595168  17.241209
1211699381  9.291023
1211732707  15.826550
1211759264  8.879682
1211941780  7.595924
1212116888  8.430144
1212127597  11.129768
1212216587  7.240617
1212294790  11.694676
1212299030  17.361803
1212428574  11.194537
1212432348  3.177476
1212521341  8.465334
1212554069  15.250544
1212733427  18.375072
1212805672  11.327319
1212882733  10.113430
1212908237  3.045468
1213028063  12.509151
1211472484  11.551167
1211497704  9.057951
1211507549  10.808716
1212685351  12.208142
1211320562  14.648916
1211323244  10.961678
1211332864  11.713723
1211343533  11.793360
1211495101  7.920217
1211596071  9.399506
1211642308  10.701965
1211643129  7.724987
1211768144  14.488017
1211774153  12.144594
1212113669  11.889587
1212131195  978.258667
1212170813  13.565614
1212188889  3.157391
1212297264  14.547931
1212304784  11.694676
1212344641  8.604110
1212676357  11.889587
1212728168  8.013024
1212947905  1.883224
1211126182  10.973608
1211129895  13.718755
1211207167  7.401666
1211234303  11.649760
1211624059  16.455856
1211628181  9.161765
1211735077  8.280787
1211858139  14.663784
1212005943  6.920599
1212013081  13.210652
1212025102  3.814906
1212070157  8.895775
1212132023  7.930356
1212158344  16.190439
1212237223  6.211713
1212265455  5.290707
1212498936  17.097303
1212699998  5.908424
1212776723  13.987750
1212812967  14.488017
1212857987  12.091105
1211093910  16.797350
1211158348  7.696828
1211174673  6.112690
1211694006  13.170924
1211897778  17.610653
1212025413  15.562775
1212046225  17.020634
1212231418  4.174583
1212285039  15.522875
1212302713  7.269654
1212703884  2.821631
1212803774  31.806288
1212986334  9.478231
1211495463  769.385193
1211666816  11.694676
1211708850  14.138130
1211813632  17.812071
1211849785  9.599752
1211852431  14.488017
1211863913  21.573984
1211984668  7.982486
1212021991  4.802489
1212105614  14.034412
1212314723  16.643345
1212454546  5.921333
1212561359  7.183707
1212680095  8.275143
1212690806  6.962931
1212826545  10.197846
1212899439  16.901215
1211066660  3.751552
1211072116  3.775773
1211082284  8.212191
1211141532  13.582516
1211145375  16.996983
1211550927  11.146488
1211574987  8.708167
1211706926  17.925129
1211808969  14.109602
1212263491  9.806971
1212361902  14.614459
1212436270  13.317077
1212632253  7.920217
1211041707  14.733577
1211101188  13.373554
1211182656  16.405939
1211442647  13.064078
1211711451  9.022458
1211784264  10.424293
1211846810  17.286417
1211903921  6.848784
1211940121  6.179655
1211945687  22.738543
1211958395  11.516188
1212101869  7.799984
1212208488  9.189541
1212313113  13.459910
1212365774  11.889587
1212542334  10.573809
1212559368  2.926420
1212902526  10.202592
1212916265  3.795076
1212990559  21.259350
1212993785  8.461436
1211506913  5.837270
1211530151  17.088102
1211596431  13.301060
1211745945  17.560596
1212040237  10.650100
1212217347  16.730122
1212550854  11.519308
1212581044  14.551538
1212609064  7.369373
1212691484  8.224073
1212819226  6.761400
1212876861  11.146488
1211060419  12.331434
1211424076  17.932453
1211519720  15.933449
1211731833  25.628391
1212258271  11.254983
1212268152  6.664408
1212364397  18.331593
1212385781  11.171514
1212553312  20.634367
1212849608  13.493263
1212977662  11.338200
1211087321  11.454703
1211093207  19.262953
1211096240  9.035128
1211108777  13.373554
1211658216  14.020661
1211846304  10.975004
1212126227  6.168055
1212174507  10.507113
1212189196  14.250508
1212207898  10.975004
1212357674  12.885096
1212381489  15.209201
1212386716  17.706888
1212479367  9.404617
1212548820  8.224073
1212784134  7.361973
1212796726  5.308578
1212962152  8.052220
1213000200  21.312832
1211052342  2.284101
1211219778  17.380077
1211234276  15.869497
1211427036  10.338772
1211576660  48.114510
1211614637  14.764360
1211946547  11.889587
1211986283  15.689097
1211998585  7.722740
1212117512  17.399397
1212212942  8.761336
1212286729  8.397836
1212475714  3.377130
1212546134  19.328550
1212558472  11.694676
1212619847  11.694676
1212740867  8.220583
1212761435  10.435107
1212776342  8.020042
1212779847  12.896214
1212933796  8.052220
1212953867  10.372991
