1211089823  3.148486
1211429074  8.410713
1211669841  6.820459
1211695734  4.887995
1211861214  5.963918
1211940223  2.550387
1211946724  5.373260
1212043843  8.410713
1212197744  9.098512
1212306124  6.447911
1212633597  4.887995
1212635841  2.550387
1211169318  5.465115
1211245063  8.346931
1211601853  5.629129
1211838529  2.428940
1212173361  4.807864
1212346686  3.725708
1212828460  7.069881
1212832963  8.248195
1211049132  2.390988
1211261569  5.429836
1212088844  3.788856
1211614856  10.694742
1212020811  4.730318
1212022510  4.655234
1212025749  4.887995
1212027726  5.056547
1212036079  4.807864
1212256900  7.473617
1212270854  5.145258
1212347379  301.173187
1212531552  6.221669
1212544882  4.730318
1212548304  20.471830
1212641989  2.638331
1212725705  7.349057
1212825009  10.917309
1211488839  4.582496
1211598021  7.586436
1211656502  2.550387
1212266667  3.548294
1212286379  3.991830
1212540921  7.602473
1212644524  5.467034
1212860541  2.508577
1212887132  4.511996
1211480560  4.807864
1211534182  7.732682
1211831434  5.023442
1212011065  4.772808
1212024002  2.283928
1212104595  4.970843
1212133375  2.769557
1212291537  4.887995
1212430778  6.776182
1212811979  2.550387
1212917868  5.237138
1212926832  5.910585
1212994951  11.442322
1213017180  10.042402
1211135389  5.023442
1211212954  7.237452
1211214387  17.836941
1211312255  3.287390
1211506578  7.200034
1211652607  24.051218
1212082960  11.011296
1212538418  4.189710
1211092581  13.078792
1211568211  3.326591
1211613001  6.375646
1211659560  5.795419
1211706631  18.852745
1211760468  10.037182
1212206862  4.511996
1212361023  4.250431
1212730457  30.707745
1212732267  8.725988
1212819218  2.887230
1212906041  4.887995
1211065818  5.023442
1211100722  5.813691
1211251892  7.344921
1211684839  7.545428
1211800334  7.845442
1211906118  3.087155
1211948818  11.673887
1212018835  7.884513
1212027289  3.963239
1212529591  5.571455
1212896780  4.511996
1213083563  13.062016
1211238328  6.166085
1211257295  2.508577
1211337021  5.431106
1211529405  8.387994
1211615870  16.191935
1211681164  2.550387
1211850447  4.582496
1211934290  4.511996
1211937521  2.067881
1211941778  6.332770
1211769049  3.605524
1211777829  7.018913
1212014525  5.721161
1212088854  2.981959
1212102170  8.532615
1212119713  6.382439
1212197105  2.318533
1212208271  3.492851
1212211957  4.562092
1212558229  16.065393
1212615605  7.729771
1212642091  3.943652
1212682477  11.685051
1212811927  6.409533
1212867917  4.866392
1212900834  7.151451
1211097695  5.276662
1211355361  11.335327
1211862733  4.887995
1211948219  4.449872
1212268021  4.582496
1212490265  9.160704
1212562430  20.844389
1212642681  4.489052
1212652880  14.371307
1212724139  1.559656
1212742793  18.134222
1213008983  8.894005
1211092497  6.477233
1211165535  3.732273
1211234037  4.887995
1211347442  8.837351
1211518960  6.779338
1211601671  4.085733
1211835149  9.396465
1212293134  2.740932
1212508006  11.397587
1212557145  4.887995
1212734976  7.111990
1212908267  3.991830
1211432309  4.421866
1211577178  4.887995
1211783542  3.548294
1211864052  8.008215
1211963049  8.333239
1212718715  8.875001
1212848067  10.119859
1212913830  8.663818
1211188015  6.063317
1211507995  4.655234
1211597058  3.000455
1211940964  2.067881
1212269596  4.730318
1212551236  2.732557
1212555139  5.629129
1212901570  2.550387
1212028827  7.349057
1212679312  8.398801
1212718681  3.509226
1212887882  4.807864
1211696905  5.719922
1211861829  2.638331
1211998779  8.031343
1212518525  5.184257
1212724897  4.887995
1211574317  5.088276
1212474572  5.123930
1212564853  9.345135
1212878611  14.663986
1213072142  3.778442
1211523517  9.665825
1212002276  6.680961
1212216917  9.525004
1212982623  6.067898
1211019371  7.388232
1211044030  5.431106
1211510820  7.931319
1211565422  7.473617
1211595493  3.712235
1212028662  5.639995
1212257136  5.910585
1212269763  4.942419
1212273118  3.027567
1212904443  14.725043
1211118930  7.473617
1211202186  46.498867
1211346938  6.571031
1211448037  4.887995
1211844090  18.820456
1212207177  4.655234
1212281278  4.887995
1212283974  3.900087
1212416173  6.120928
1212544049  5.813691
1212622704  6.649281
1212711842  4.887995
1212782664  4.807864
1212942727  3.605524
1211130442  6.614528
1211163730  19.070391
1211264113  10.864095
1211777184  7.008928
1211866554  11.397587
1211911377  10.115248
1212392799  5.963918
1212638386  5.910585
1212698602  2.684618
1212708688  3.665997
1212910492  4.935948
1212944892  2.769557
1211330414  4.887995
1211512072  8.706115
1211581132  6.375646
1211726746  4.807864
1211787049  4.807864
1212042212  8.100875
1212227547  15.331098
1212458347  4.189710
1212527693  5.964796
1212710000  2.468116
1212809444  2.910392
1211095412  5.867726
1211154668  2.125322
1211256346  7.613718
1211319343  6.063317
1211347228  6.063317
1211472621  4.807864
1211682206  16.739283
1211869509  5.963918
1212131580  18.134222
1212148887  4.807864
1212310701  11.770913
1212761778  6.581245
1212895989  12.160894
1212919364  2.573432
1211082813  5.011448
1211118039  4.582496
1211125934  7.975511
1211170741  8.374287
1211523463  5.332359
1211912429  3.854181
1212214145  21.934103
1212429475  6.302577
1212637845  5.373260
1212900848  7.340864
1213027263  21.772684
1211097137  8.248195
1211348186  2.833763
1211906376  2.428940
1212024657  2.684618
1212047518  4.970843
1212425714  5.865594
1212166537  7.327778
1212821015  6.953630
1211349962  9.817263
1211527067  6.614528
1211676449  2.593614
1211684675  6.864132
1211687915  13.624706
1211866435  4.511996
1212183395  3.033949
1212460808  4.887995
1212475329  10.332208
1212638113  7.069881
1212728011  5.197074
1212917715  4.850654
1212984604  22.208138
1211085339  9.740852
1211329504  4.887995
1211425852  4.377309
1211505570  2.662171
1211515272  2.550387
1211522100  5.096388
1212542370  5.688042
1212550395  4.511996
1212634695  6.063317
1212802908  4.970843
1212889957  5.123930
1212946964  3.387007
1211262148  11.083641
1211346099  4.887995
1211422863  4.495086
1212066522  2.283928
1212118652  5.541174
1212129153  7.845350
1212782997  6.067898
1212803872  5.719922
1212021613  7.855423
1212118627  4.511996
1212199827  4.655234
1212275150  8.398801
1212607685  18.134222
1212609675  4.655234
1211095135  4.887995
1211145860  4.970843
1211175098  7.349057
1211663350  4.491174
1211780965  5.189030
1212117522  3.664631
1212217866  6.582382
1212310898  11.948344
1212510164  6.943268
1212576496  13.991103
1212920709  12.817803
1212962319  2.428940
1211081378  4.023510
1211404404  10.332208
1211413583  10.711896
1211417336  5.910585
1211638540  7.551968
1211657768  4.970843
1211899478  7.211048
1212067032  5.593990
1212092282  5.332359
1212206681  9.764471
1212441454  2.887230
1212670345  4.582496
1212711734  6.203547
1212797565  2.428940
1212893263  22.205170
1211068701  21.334379
1211223220  4.887995
1211337059  6.332770
1211381599  6.332770
1211388262  5.011448
1211487832  6.982851
1211670788  4.073329
1212099755  5.145258
1212118109  4.929293
1212340132  5.107167
1212450421  2.550387
1212638821  4.970843
1212908093  5.104593
1211853041  8.410713
1212023515  4.887995
1212031269  4.887995
1212212449  8.645949
1212268957  4.807864
1212293532  8.625875
1212300749  7.420496
1212308911  7.349057
1212343376  4.887995
1212750522  8.248195
1212795587  4.377309
1212955361  4.887995
1211155215  4.887995
1211500698  4.443632
1211600818  6.565267
1211947000  6.063317
1212037733  8.248195
1212066812  7.220522
1212113395  2.833763
1212301266  4.312937
1212340692  4.250431
1212495708  4.887995
1212528956  4.685658
1212591397  6.114399
1212722714  5.963918
1212799193  2.508577
1212870849  16.239603
1212972272  18.506781
1211106387  8.112978
1211164904  6.978572
1211174556  6.787818
1211334261  2.550387
1212034921  3.725708
1212215015  6.063317
1212561462  11.906324
1212680378  5.011448
1212819651  7.153164
1212999812  10.160005
1211412790  5.750583
1211776270  8.410713
1212013065  4.887995
1212023574  2.354203
1212119024  3.122923
1212120462  5.145258
1212130269  8.458266
1212466021  3.439115
1212537624  8.410713
1211090726  2.769557
1211093993  6.203175
1211104007  11.711139
1211123468  11.698189
1211141593  17.836941
1211513426  3.276242
1211617176  11.238719
1211948030  1375.098022
1212096164  5.332359
1212307483  8.559257
1212311211  2.283928
1212312961  7.340864
1212338154  8.010203
1211092210  6.996135
1211782961  8.165619
1211903988  8.248195
1211943748  16.739283
1212302119  6.704630
1212366409  6.565267
1212649044  9.459841
1212686530  0.211185
1211047677  5.639995
1211051160  2.428940
1211055233  4.887995
1211101450  2.638331
1211102958  4.887995
1211374869  12.149980
1211677646  2.508577
1211704978  12.843892
1211791729  4.730318
1212033402  5.910585
1212349437  5.332359
1212409578  15.739746
1212418853  3.725708
1212547234  2.573432
1212793249  5.910585
1212807874  9.011478
1212863700  14.467992
1212900906  8.248195
1212922598  9.184719
1211127947  4.807864
1211530481  23.621342
1211694856  4.384910
1212083370  3.748778
1212201703  6.614528
1212307257  6.594718
1212418817  4.807864
1212509299  4.577096
1212974620  3.439115
1211080398  0.314431
1211315043  9.011478
1211484938  18.134222
1211597382  5.952052
1211755238  4.970843
1212030144  4.511996
1212187464  7.850893
1212359795  1.862854
1212424469  6.991299
1212775603  5.521508
1211120906  8.443693
1211205952  6.671400
1211425263  3.439115
1211512013  3.664631
1211665151  6.109994
1211699552  16.824156
1211700766  4.315916
1211891774  12.810493
1211903812  7.349057
1212068404  29.239120
1212073752  26.863892
1212201532  8.865878
1212337514  4.887995
1212418460  7.163208
1212490013  4.887995
1212680325  9.172339
1212681778  12.436771
1212765040  4.916203
1212959729  7.340864
1213010257  7.498359
1213019926  10.699971
1211435719  11.356735
1211502814  2.550387
1212267757  4.887995
1212284992  4.864162
1211176830  14.441012
1211355507  7.730111
1211446062  10.711896
1211513377  6.063317
1211589698  19.088655
1211611840  4.511996
1211682447  0.372353
1211792997  18.134222
1211861076  3.338257
1211996005  11.268897
1212021083  6.565267
1212108912  5.581563
1212216788  8.044139
1212218212  6.565267
1212256637  11.079093
1212266531  2.155257
1212719953  9.982141
1212740445  6.063317
1212827040  8.060955
1212859974  4.642879
1211261439  2.550387
1211577349  5.622347
1211580073  5.237138
1211928646  3.548294
1212134542  15.747561
1212200989  4.970843
1212399053  21.761066
1211121997  4.807864
1211255789  4.807864
1211258440  2.375476
1211350768  4.511996
1211428580  2.318533
1211601351  2.708876
1211909798  2.508577
1212204174  5.750583
1212374624  5.533580
1212855495  4.887995
1212904684  4.859620
1211080676  6.953630
1211084723  9.517147
1211090571  5.750583
1211094000  3.963239
1211437442  4.887995
1211507057  2.782240
1212001445  7.172343
1212036272  5.985301
1212427448  4.807864
1212864929  4.807864
1212990493  7.340864
1211092020  5.738515
1211100251  12.824179
1211355623  8.837351
1211560831  7.133314
1212295374  5.080511
1212298111  5.332359
1211240079  6.067898
1211309224  9.011478
1212103920  2.508577
1212133562  6.067898
1212197231  1.652126
1212562336  8.374287
1212626836  2.550387
1212628334  7.281477
1212874196  6.332770
1213057039  3.759996
1212210153  18.134222
1212718191  5.431106
1212807329  5.056547
1212811185  11.849597
1212813702  4.807864
1211143208  15.567519
1211935631  4.511996
1212295933  2.354203
1212306729  5.910585
1212545008  4.189710
1213027931  8.809037
1211082221  2.732557
1211093576  4.189710
1211096318  20.924103
1211208800  8.237003
1211421337  14.185924
1211678783  3.910396
1211833900  6.614528
1211904519  4.582496
1211923957  2.428940
1211941000  5.269490
1212090386  6.063317
1212098755  4.887995
1212202620  5.332359
1212273906  2.354203
1212280982  4.338904
1212286567  6.114399
1212850684  7.596783
1211346955  2.550387
1212113353  6.674688
1212287906  4.807864
1212306192  4.970843
1212637712  2.550387
1212737148  9.993447
1212884323  5.910585
1211145573  6.383360
1212131339  4.807864
1212459460  2.887230
1213005124  23.175657
1213046341  5.107167
1213078966  12.435714
1211790688  1476.643188
1211851588  4.807864
1211990320  4.887995
1211064387  4.887995
1211684030  7.613718
1211787689  6.063317
1212118276  8.112978
1212266350  2.969345
1212688846  4.942419
1212997834  8.237003
1211259342  4.970843
1211278509  8.928470
1211343576  6.120686
1211447038  20.149136
1211513199  4.582496
1211520779  6.783745
1211522402  8.248195
1211697680  3.725708
1211880838  18.134222
1211957907  4.943902
1212025645  3.439115
1212047621  8.248195
1212226126  4.887995
1212228791  2.508577
1212311427  6.833793
1212312568  8.248195
1212314560  14.841475
1212316571  8.474480
1212397381  8.777132
1212437795  8.248195
1212564934  4.887995
1211074290  6.893859
1211101806  16.739283
1211249421  4.887995
1211350026  9.586035
1211423753  5.963918
1211515035  10.092855
1211589475  2.740932
1211600543  4.655234
1211611311  7.092703
1211659436  5.251101
1212035013  6.674688
1212213857  4.655234
1212300261  6.496411
1212301513  7.189718
1212383946  12.089427
1212506086  13.520205
1212706490  2.593614
1212862873  3.255813
1212918467  21.934103
1212957105  4.730318
1211148756  1.330637
1211245185  5.293062
1211251229  5.985301
1211352115  7.275980
1211364583  6.778510
1211390736  11.303663
1211658751  4.970843
1211702839  9.294785
1211706515  7.730111
1211928134  5.533580
1211935319  4.970843
1212303812  10.199834
1212657004  7.721321
1212798572  3.910396
1213025000  2.550387
1211121421  4.217783
1211346806  5.910585
1211661976  6.382439
1211864012  6.565267
1211934835  6.114399
1212015583  5.684360
1212028143  2.550387
1212846032  2.375476
1212855368  4.064409
1211061935  7.281477
1211067980  5.761125
1211226202  6.776182
1211242298  92.998238
1211328793  8.248195
1211343017  12.125497
1211371957  2.508577
1211423856  5.237138
1211466565  2.550387
1211590885  4.807864
1211620705  20.315464
1211660367  10.034886
1211689523  6.294743
1211912543  5.221057
1212021458  13.082759
1212553438  4.840987
1212634089  5.237138
1212647127  7.613718
1212877310  3.664631
1212974276  14.412244
1211043209  7.499361
1212019994  7.511225
1212282289  5.064904
1212806592  5.198663
1212824792  11.279989
1211040449  7.349057
1211080727  4.582496
1211108031  14.519499
1211108511  4.887995
1211142930  4.887995
1211342568  8.248195
1211343910  6.272397
1211391541  8.112978
1211432574  7.349057
1211510159  2.617050
1211581583  4.730318
1211592499  4.807864
1211818299  20.136227
1211899236  6.335447
1212030972  8.112978
1212199433  0.224594
1212296463  4.911967
1212518400  7.228580
1212553148  8.112978
1212559905  11.717426
1212796443  4.887995
1211090123  5.056547
1211171739  5.813691
1211517719  5.056547
1211521814  5.011448
1211524775  12.800282
1211772320  8.887264
1212045295  14.234614
1212054176  8.248195
1212220618  7.520573
1212280357  4.655234
1212423697  2.550387
1212501325  5.026300
1212951136  2.468116
1212990749  6.889741
1211052606  4.887995
1211347004  4.807864
1211367319  11.770913
1211428874  5.141710
1211434323  8.281892
1211437090  6.063317
1211522496  9.924826
1211609132  2.186046
1211696938  14.653296
1212290422  6.006445
1212297372  4.064409
1212554405  21.334379
1212822146  6.063317
1212897055  6.882060
1211107379  3.788856
1211214006  10.101177
1211309634  7.349057
1212155261  6.787818
1212503439  4.267775
1211029099  4.887995
1211082240  3.558679
1211183269  4.887995
1211504406  2.373906
1211520072  3.255813
1211764137  5.056547
1212156548  7.340864
1212478940  11.284425
1212551992  9.776763
1212560356  9.164660
1212709384  19.782787
1212733532  15.529988
1212814774  7.613718
1212910386  4.887995
1212912770  2.782240
1212986673  5.455925
1211583783  4.887995
1211751522  25.303566
1211761089  5.865594
1211942826  2.508577
1211994384  2.969345
1212306751  3.910396
1212445663  3.128760
1212468613  4.730318
1212721922  4.189710
1212807408  4.887995
1213049220  18.134222
1211248270  4.887995
1211500486  19.088655
1211515436  4.807864
1211604803  8.237003
1211654070  4.887995
1211655946  2.573432
1212106034  4.500683
1212114936  4.887995
1212545868  8.248195
1212803710  4.655234
1212818498  5.431106
1212023377  1.912790
1212190967  10.917309
1212216588  9.378466
1212732422  3.725708
1211081097  8.112978
1211169829  4.887995
1211256544  6.740241
1211287146  7.560035
1211317077  3.664631
1211341520  2.859369
1211758286  8.248195
1211830970  17.270687
1211844037  12.612098
1211916515  5.431106
1211950347  8.104148
1211982466  28.632982
1212098918  9.407706
1212186288  3.387007
1212228657  6.565267
1212263115  4.887995
1212276131  7.850009
1212416364  23.150072
1212966799  5.719922
1212973745  5.193729
1211072094  6.938740
1211102195  7.349057
1211141169  4.134079
1211251096  7.110866
1211489273  9.425198
1211617970  4.887995
1211646216  7.275980
1212299017  2.508577
1212722702  4.338904
1212907048  2.468116
1211170750  6.063317
1211507802  10.160005
1211522216  13.691708
1211614564  3.902154
1211700667  6.873495
1211920405  5.813297
1211953926  8.112978
1212125276  5.237138
1212373341  6.953630
1212643449  4.887995
1212909588  2.865059
1212915408  7.436100
1211060643  1.275193
1211514549  16.092854
1211573955  3.725708
1211600974  7.531982
1211704981  11.479531
1211848185  4.073329
1212262175  5.910585
1212291405  2.550387
1212723157  4.605051
1212896338  13.459277
1212949504  18.134222
1211345083  3.239746
1211483350  5.431106
1211948094  9.662638
1212223232  7.237452
1212359926  2.684618
1212550103  5.813691
1212626762  7.069881
1212708595  4.808833
1213068315  8.112978
1211091083  3.439115
1211350625  21.447573
1211438166  7.880781
1211902161  5.455925
1211927985  2.593614
1211960970  4.887995
1212041848  4.887995
1212160212  4.781975
1212170145  6.783745
1212300318  1.882872
1212423966  8.636311
1212459136  7.931303
1212470121  9.625307
1212606787  8.374287
1212631283  2.550387
1212661345  9.749086
1212688378  4.887995
1212789669  4.887995
1212806893  10.693733
1212821193  4.887995
1212830971  4.983548
1212834655  7.388232
1212998243  14.653296
1211343825  8.248195
1211474399  5.629129
1211596192  7.982123
1211609034  5.963918
1211619322  22.205170
1211788501  5.813691
1211942772  7.133314
1211951045  4.887995
1212014752  4.994861
1212041322  8.998031
1212079775  7.936418
1212129595  5.308672
1212540488  4.807864
1211048260  1.912790
1211087610  5.011448
1211115849  18.897074
1211330235  4.443632
1211404972  2.443998
1212001549  7.069881
1212032217  3.336455
1212271024  5.818602
1212280829  6.906738
1212299745  2.757249
1212363913  12.813092
1212448811  2.390988
1212461824  7.849525
1212720711  3.548294
1212736017  8.248195
1213027288  7.349057
1211161833  4.887995
1211308457  6.565267
1211664524  1.926081
1211686963  3.224898
1211918923  5.107167
1212175492  3.062226
1212257868  6.013692
1212718046  3.088119
1212804662  4.578414
1212960578  5.813691
1211528719  12.802111
1211603816  4.073329
1211930187  5.332359
1212147000  7.340864
1212219258  4.189710
1212221433  23.133476
1212232659  9.332503
1212237701  4.887995
1212555305  2.782240
