1211706086  5.046256
1212124063  6.767798
1212290302  8.260536
1212306234  5.302202
1211052698  4.532448
1211079487  5.392041
1211337987  14.144091
1211095193  6.742864
1211624839  0.000000
1211624848  4.877828
1212820585  10.436080
1211066501  4.922590
1211399693  10.208256
1211515329  59.701698
1211834843  6.070376
1211862271  10.202482
1211510181  16.696423
1212120938  12.849655
1212210549  3.976229
1212214735  4.874567
1212283369  5.830055
1212718814  9.483172
1211348528  9.872129
1211692267  6.070376
1212190494  14.509512
1211539107  15.802031
1212730557  7.537391
1212816493  2.211046
1212856695  5.773755
1212019107  10.123659
1212121413  6.614742
1212587655  8.844667
1212815895  5.322041
1213072338  11.621707
1211257420  7.652349
1211878053  7.420320
1211934477  4.041628
1211769202  10.869334
1212195008  7.732433
1212212065  8.455686
1212915074  16.538229
1213022008  8.555205
1212670356  8.864068
1211084060  7.999475
1211101957  8.948915
1211183257  0.000000
1211183269  5.762177
1211347558  6.866202
1211589200  11.458785
1211786875  9.019464
1211874804  13.781056
1212093976  9.691113
1212690762  6.775469
1211349665  8.053733
1212686701  7.660310
1211598768  7.161166
1211656696  5.924124
1212263272  6.598203
1212916646  4.969918
1211852978  13.292547
1212255784  10.123659
1212867797  3.776989
1211694869  11.836811
1212474803  5.487788
1212003168  0.000000
1212003229  12.524568
1212216981  8.665657
1212255063  5.924124
1212774139  3.861896
1211511066  11.748065
1211599140  0.000000
1211599143  3.262281
1211704779  8.675091
1211745363  5.105698
1211902968  2.064377
1211922449  6.873545
1212295940  8.995833
1212985316  9.815529
1211074075  8.469916
1211644098  11.328632
1212078032  7.842612
1212468950  11.282851
1212803997  8.111796
1211093592  11.585689
1212228538  7.805396
1212300206  4.151651
1212652851  3.625959
1212718700  6.728789
1212809633  6.389870
1212885760  8.743044
1211157879  8.239477
1211284853  2.278265
1211466949  7.157373
1211509121  8.376698
1211735138  9.957698
1211862428  8.665657
1212366045  8.060964
1212886038  11.208047
1211203490  7.749417
1211548164  8.237083
1212224459  9.207349
1212040078  0.000000
1212040187  5.052036
1212200543  8.169052
1212205480  8.237083
1212792243  9.490931
1211511607  12.127728
1211686770  9.256993
1211775811  13.716409
1211869104  8.144145
1212297334  10.875240
1212460928  15.327864
1212557805  9.797090
1212638243  10.219571
1211522223  9.138330
1211767626  6.002263
1211855137  14.811979
1212252798  5.440654
1212546558  10.016233
1211262258  12.615408
1211446318  8.516310
1212118773  7.457429
1212219650  11.119763
1212306278  9.957698
1212684957  9.412556
1212319025  3.884956
1211145919  8.225159
1211608694  9.074902
1212461491  5.650338
1212726988  7.906898
1211335233  8.093912
1211404463  12.590182
1211690370  8.193918
1212851117  7.858722
1212989804  19.602736
1211029134  12.410288
1211520100  7.456048
1211569818  7.161166
1211933761  9.943238
1212118305  7.672678
1212254299  7.663439
1211155795  7.732433
1211929772  8.376698
1211943868  6.733820
1211087441  10.553574
1211042473  6.820158
1211164513  10.353537
1211602526  3.566517
1212219542  0.000000
1212219601  0.000000
1212219639  0.000000
1212219640  7.034392
1211165022  8.964537
1211263058  7.538070
1211351807  7.812181
1212164737  10.259919
1212203188  7.038084
1212344514  12.803576
1212641382  10.821219
1212909354  11.023282
1212999872  10.821219
1213000836  12.739018
1211412907  7.672678
1211336638  7.833397
1211522548  9.419910
1212200665  6.535500
1212202009  5.222750
1211079511  11.931886
1211783075  8.948915
1211883018  9.471703
1211943863  8.655686
1212686653  8.169052
1211367576  12.791445
1211435873  16.703096
1211632659  8.120891
1212041190  6.809165
1212259320  7.161166
1212271497  7.043770
1212318902  11.344834
1212805653  8.260536
1211119311  14.102007
1211535448  8.106583
1211541250  11.617554
1212116882  9.264731
1212295508  5.130961
1212295688  6.162950
1211437630  5.968857
1211857677  6.713269
1212211899  8.660654
1212321702  5.904351
1211512194  9.939743
1211675133  15.774968
1212668837  6.481485
1211920836  4.993968
1212729493  6.757384
1211231839  10.717877
1211513891  50.517101
1212256813  6.729672
1212266661  7.650382
1212425130  5.587163
1212457159  7.228760
1212521108  8.232540
1212649160  0.000000
1212649176  145.808929
1212802087  4.874567
1212805979  12.549869
1212116743  13.749995
1212444464  11.853802
1212461853  5.970862
1212882274  8.376802
1211428700  6.504496
1212094259  4.794656
1212291065  14.363521
1211168195  8.516310
1212270659  7.711585
1212372265  6.624937
1212424175  8.135377
1212467081  10.717877
1211132117  7.646324
1212306631  4.637935
1212818671  9.150624
1212006352  13.094646
1211099611  6.515939
1211652421  11.990650
1212341951  3.645223
1211391239  14.905540
1212024012  0.354075
1212024039  31.059214
1212296109  6.610307
1212545196  6.622229
1212812872  7.038084
1212910876  3.269602
1211082398  5.224050
1211593707  7.137402
1212556088  11.852421
1212722131  12.065286
1211153002  12.383786
1211674330  8.518782
1212113476  7.282542
1212777904  8.160276
1212820249  8.546136
1211097288  13.166561
1211429753  11.853802
1211941730  5.717216
1212307529  8.374368
1212459582  14.811979
1211115461  13.859538
1211613612  13.682397
1211693556  4.963404
1211984234  9.617424
1212519329  9.602740
1212695552  8.599469
1212869967  7.977907
1212911603  14.629512
1211392945  11.692229
1211697800  8.135377
1212390674  11.251464
1212488673  10.805533
1212512846  9.928084
1211065244  11.469632
1211121704  8.803182
1211136788  0.000000
1211136795  8.205738
1211175136  6.375232
1211336982  8.660658
1211778873  16.707146
1212460272  13.221613
1212460333  18.278015
1212819346  4.535603
1211168553  6.041934
1211431258  11.460747
1211700643  12.590182
1212204193  4.563129
1212364339  17.567696
1212989935  8.516310
1211077944  6.091158
1212724867  5.924124
1211328914  9.893425
1211517604  16.113071
1211890586  5.924022
1212169535  7.445105
1212302806  3.956427
1212382205  6.455478
1212382499  7.707116
1212903596  12.009585
1211087441  10.553574
1211091320  6.484197
1211372301  7.408103
1211372725  6.128299
1211099660  9.367068
1211789569  14.527134
1211839775  5.359501
1212020102  11.886915
1212523180  10.717877
1212647608  7.670498
1213031914  8.376802
1211433130  8.660240
1211532136  8.612352
1211673675  16.499664
1212199554  10.123659
1212213303  7.149622
1212892485  8.522776
1211090241  8.809976
1211155509  7.956851
1211325577  10.027694
1211423067  6.504496
1211445973  0.000000
1211445978  0.000000
1211445985  1.622011
1211691460  5.686645
1212206003  17.555559
1212279430  14.461027
1212338231  11.483439
1211354227  11.464950
1211367439  7.170995
1211424846  8.542147
1211523206  9.152770
1211529978  0.191201
1211530028  0.000000
1211530089  0.000000
1211530149  0.000000
1211530155  4.801814
1211601327  5.777125
1211903555  8.368357
1212276756  5.938197
1212290540  10.207502
1212381541  10.410860
1211022841  8.374368
1212061736  14.490808
1212372614  9.211838
1211082404  7.161166
1211178119  11.621707
1212479016  6.971904
1212552098  0.289698
1212552131  0.000000
1212552183  0.000000
1212552184  7.025486
1212733578  8.948915
1212895964  7.161166
1212965530  17.204449
1211594857  10.114969
1211994501  11.160662
1212558175  7.032416
1212808467  10.144894
1213072031  5.820513
1211099252  5.442911
1211562152  9.665500
1211611109  11.984319
1212465583  9.257498
1212658968  12.950716
1212803831  12.153749
1212817001  13.888538
1212906130  9.762452
1211701337  8.456097
1212024507  4.974872
1212216653  5.567159
1212915699  9.855062
1211102547  8.376802
1211674950  13.441646
1211831155  11.483439
1212290065  4.109711
1212300921  9.602740
1212912371  9.002569
1212964702  12.383786
1213029202  16.065802
1211048296  5.054074
1211116092  19.042509
1211141316  4.989351
1211873514  8.374368
1211905181  3.362403
1212255236  7.812181
1212802086  6.286978
1212887537  7.472283
1211083732  7.262162
1212167447  5.036134
1212288441  5.052036
1212356861  3.256810
1212905395  7.070470
1211442785  17.455633
1212111485  7.917882
1212365944  6.070376
1212826908  6.969103
1212949625  8.948915
1211378948  7.180116
1211661969  11.692229
1211687698  6.599106
1211941246  6.070376
1212115141  13.128099
1212833833  6.070376
1212218422  6.930161
1212831092  6.215372
1211513125  7.161166
1211588875  7.038084
1211701864  7.812181
1211115970  6.100416
1211177759  5.350626
1211405153  7.857140
1211789560  8.948915
1211949581  13.592525
1212988485  14.107030
1211340297  12.366781
1212340318  12.639002
1212393445  2.096137
1212547438  7.362202
1212625047  4.608835
1212734849  8.376698
1212793208  9.124618
1212811047  7.977907
