1212124063  6.767798
1212290302  8.260536
1212306179  13.490838
1211052632  7.493001
1211079448  1.940621
1211624774  9.305795
1212820470  15.910730
1211066501  4.922590
1211834783  11.749946
1211510181  16.696423
1211547965  8.701190
1212210549  3.976229
1212469204  6.463720
1211348528  9.872129
1211692212  12.818123
1212190494  14.509512
1212816404  11.015574
1212121413  6.614742
1211257420  7.652349
1211660139  4.018475
1211877959  6.185825
1212891944  8.887022
1212670295  4.532395
1211101957  8.948915
1211347558  6.866202
1211786875  9.019464
1211829370  0.000000
1211829372  5.218412
1212093976  9.691113
1211349665  8.053733
1211434925  7.719433
1212686701  7.660310
1212263272  6.598203
1212867709  0.000000
1212867723  0.000000
1212867795  16.515516
1212867797  3.776989
1212369249  13.477696
1212685271  6.433180
1212870760  4.219399
1211745314  3.008833
1211922449  6.873545
1212295940  8.995833
1212985316  9.815529
1212468950  11.282851
1212595413  3.595142
1212228538  7.805396
1212253639  4.686035
1212300206  4.151651
1212652739  20.524273
1212874420  3.791250
1211913875  3.600691
1212718700  6.728789
1212809569  9.402181
1212885760  8.743044
1211284792  4.532395
1211466949  7.157373
1211509061  10.028993
1212886038  11.208047
1211203426  9.402181
1212224459  9.207349
1211775811  13.716409
1211869104  8.144145
1212460928  15.327864
1212638183  10.028993
1211767602  3.153509
1212252739  4.143404
1211262258  12.615408
1211446258  4.756983
1212118773  7.457429
1212219650  11.119763
1212318964  8.107182
1212461491  5.650338
1211335233  8.093912
1211520100  7.456048
1211933761  9.943238
1212336226  6.369299
1211929712  10.028993
1211602470  8.831037
1212856273  2.168130
1211164976  16.130350
1212203188  7.038084
1212909354  11.023282
1211998956  5.565980
1212030611  5.421100
1211522548  9.419910
1211694151  5.198605
1212200639  8.901195
1212201945  6.632118
1212338366  23.845690
1211079511  11.931886
1211783075  8.948915
1212041188  0.000000
1212041190  6.809165
1212271434  6.737390
1212805653  8.260536
1211541250  11.617554
1212295508  5.130961
1211437561  5.364822
1212211822  7.814799
1212321659  3.237737
1211920836  4.993968
1211231839  10.717877
1212521108  8.232540
1212116743  13.749995
1212461804  14.387689
1211428700  6.504496
1212094214  6.143913
1212291065  14.363521
1212306461  24.810833
1211168135  11.749946
1211437550  5.487311
1212424175  8.135377
1212467081  10.717877
1211132085  7.639401
1212633474  3.331105
1211391239  14.905540
1212545136  10.028993
1212812872  7.038084
1211593707  7.137402
1212722131  12.065286
1212777904  8.160276
1212820249  8.546136
1211097288  13.166561
1211115461  13.859538
1211507101  0.000000
1211507157  0.000000
1211507208  3.949915
1211507351  3.258722
1211613612  13.682397
1211693491  4.253478
1211984234  9.617424
1212911603  14.629512
1211392945  11.692229
1211697800  8.135377
1212390674  11.251464
1212512846  9.928084
1211136704  12.034791
1211336982  8.660658
1211168553  6.041934
1212204133  7.343187
1212989873  9.705477
1211020209  28.056507
1212460961  15.862664
1211328914  9.893425
1211343077  4.014219
1212302548  2.028869
1212903596  12.009585
1212962365  6.355992
1212523180  10.717877
1212647608  7.670498
1211117053  0.000000
1211117113  0.000000
1211117141  5.967858
1211342750  5.506993
1211433130  8.660240
1212212895  6.739011
1212213303  7.149622
1212892485  8.522776
1211090181  10.028993
1211155459  5.529521
1211423067  6.504496
1211445951  6.204698
1212302511  1.586186
1212338231  11.483439
1211354227  11.464950
1211424846  8.542147
1211601327  5.777125
1212290540  10.207502
1212372614  9.211838
1212478991  9.778434
1212733578  8.948915
1211594797  5.878449
1212558175  7.032416
1211085896  9.221514
1211562152  9.665500
1211900435  17.300957
1211900529  11.325350
1212465583  9.257498
1212658968  12.950716
1212803831  12.153749
1212906130  9.762452
1211701337  8.456097
1211831155  11.483439
1211141257  8.494215
1212802043  5.685136
1212887537  7.472283
1212167384  4.736891
1212905395  7.070470
1211554933  5.655819
1212111434  11.798815
1212365895  14.387689
1212826908  6.969103
1212949625  8.948915
1211661969  11.692229
1211687698  6.599106
1211941192  3.791250
1212833773  10.806810
1212610453  7.064829
1212831092  6.215372
1211588875  7.038084
1211701799  6.530085
1211058810  9.221514
1211177759  5.350626
1211405153  7.857140
1211789560  8.948915
1212988485  14.107030
1211170874  26.805130
1211340297  12.366781
1212547438  7.362202
1212734792  10.556834
1212793143  8.144794
