1211430052  0.000000
1211430112  1.727567
1211587003  2.830113
1211600289  2.192341
1211863595  4.051788
1212311478  8.702616
1212901490  9.797761
1211019567  7.273383
1211044851  8.068840
1211114669  14.460571
1211117298  11.969240
1211126037  14.863817
1211127245  15.137098
1211135540  16.071754
1211155262  4.961373
1211320925  5.426703
1211320964  12.654228
1211338846  6.233396
1211648841  0.000000
1211648898  0.000000
1211648969  0.000000
1211649033  0.000000
1211649080  0.000000
1211649140  0.000000
1211649209  0.000000
1211649262  0.000000
1211649322  1.727567
1211649929  11.879614
1211689913  5.352129
1211929530  6.079709
1212013704  12.540687
1212116828  0.000000
1212116904  2.993389
1212164121  11.307659
1212266266  5.878928
1212266302  8.877741
1212507253  5.917053
1212556365  5.755650
1212637016  9.090369
1212782365  0.000000
1212782409  8.347475
1212853098  0.000000
1212853130  12.878448
1211052807  4.394060
1211138976  2.594270
1211424269  6.752980
1211427670  12.309523
1211654941  11.319030
1211684236  7.272295
1211945161  10.339277
1211999560  10.452946
1212116839  9.457828
1212971003  5.112276
1211096223  12.892591
1211106150  15.973179
1211121396  4.068489
1211132098  11.188469
1211137952  7.297580
1211144025  5.197480
1211176824  7.052484
1211604750  5.412265
1211616428  13.576784
1211619086  4.051788
1211664287  4.667583
1211693199  0.000000
1211693252  9.170928
1211705106  11.925004
1211735151  6.823486
1211735211  12.066791
1211781165  9.072084
1212082505  10.718451
1212469846  7.336517
1212596534  4.056055
1212609400  5.173724
1212642414  14.919294
1212698126  4.146922
1212727575  0.000000
1212727637  9.523563
1212808223  11.105302
1212811902  17.261459
1212823673  5.502470
1212881363  5.844342
1212981330  4.084135
1211138507  3.469532
1211145530  8.997745
1211207848  9.949900
1211211104  8.429195
1211608080  6.711626
1211648308  3.702680
1211653717  10.539082
1211819014  11.275260
1211823811  6.823486
1211896243  4.707921
1211897818  0.000000
1211897878  10.666280
1211952312  15.548864
1212214325  9.147707
1212274119  3.173725
1212289986  1.727567
1212342309  5.755650
1212348129  3.967157
1212351415  2.551741
1212360125  6.079709
1212526493  3.765437
1212597497  0.000000
1212597534  0.000000
1212597550  3.701930
1212820437  6.580979
1212821408  15.737753
1212853983  3.475554
1212969069  3.583238
1212975434  8.615880
1213028467  9.072084
1211264501  10.117880
1211425654  3.176657
1211613902  13.318500
1211618165  5.173724
1211623987  6.823486
1211717106  12.473952
1211953805  6.893021
1211999312  6.603374
1212105676  5.197480
1212121805  11.932756
1212211215  4.051788
1212294817  3.173725
1212298854  6.823486
1212300723  7.160390
1212545285  2.289062
1212559421  12.601268
1212642482  9.037727
1212724846  8.444554
1212776513  0.000000
1212776530  0.000000
1212776554  3.985365
1212817075  7.522037
1212829060  10.036715
1212988084  4.051788
1211169616  8.976707
1211184216  11.831727
1211194163  9.338985
1211220896  10.505362
1211357416  6.711626
1211500180  5.006830
1211544378  15.840125
1211694862  2.289062
1211696456  8.698647
1211702446  11.831727
1211705583  21.731218
1212191131  4.949981
1212219286  10.334689
1212303046  6.823486
1212712859  3.768858
1212727552  12.353995
1212755217  6.485853
1212811806  10.499948
1212822403  2.594270
1211081444  15.817834
1211338767  5.197480
1211355856  3.475554
1211513012  11.903389
1211522737  16.943872
1211533117  15.388525
1211613960  4.114089
1211706704  10.539082
1211706764  16.229017
1211730895  0.000000
1211730955  0.000000
1211731016  0.000000
1211731076  0.000000
1211731136  5.183964
1211733457  7.497945
1211760833  5.301774
1211861609  9.082412
1212189986  5.933670
1212200225  11.909619
1212352341  6.178703
1212645372  7.290306
1212724083  5.486211
1212726776  3.877111
1212805594  4.793519
1212871199  0.000000
1212871214  3.198780
1212874078  3.619533
1212909795  12.442101
1211031408  15.719151
1211155599  4.536042
1211611781  11.574889
1211792821  10.289370
1211824194  9.720091
1212020382  0.000000
1212020399  2.551741
1212028508  2.638241
1212118665  4.051788
1212122686  9.147707
1212241433  13.904996
1212241859  16.414949
1212373341  11.148193
1212476592  8.990299
1212501962  4.039287
1212512208  16.785408
1212512253  10.968237
1212611912  49.627636
1212632476  3.919286
1212650174  18.993813
1212691427  14.358505
1212738299  14.765185
1212966698  0.000000
1212966713  0.000000
1212966771  16.627661
1212988268  7.625029
1213054543  6.298603
1213083750  4.051788
1211314044  2.355774
1211417952  10.764230
1211488183  7.614911
1211567223  7.614911
1211609061  9.226347
1211609205  0.000000
1211609211  0.000000
1211609266  12.124652
1211949025  4.186804
1212004390  0.000000
1212004441  5.224167
1212094586  8.232787
1212109886  0.000000
1212109928  20.730808
1212209647  0.000000
1212209707  8.933263
1212389902  10.152384
1212467606  0.000000
1212467630  0.000000
1212467644  10.388994
1212484060  7.104578
1212817869  7.310878
1212824105  6.533919
1212978908  9.320393
1212991220  16.238304
1211054672  6.079709
1211097869  9.230330
1211253888  7.272295
1211275500  9.226347
1211485860  3.206688
1211543810  7.443803
1211577327  1.756848
1211624690  6.786044
1211933160  5.561376
1211948786  7.832354
1212044063  10.630242
1212062218  5.173724
1212260219  8.571473
1212441189  3.534461
1212483412  5.923629
1212571991  4.419221
1212801086  4.039287
1212897506  5.455476
1211104284  12.985956
1211232632  8.164019
1211255417  9.797761
1211255654  0.000000
1211255705  0.000000
1211255780  5.831960
1211350702  9.497644
1211517756  11.188469
1211519805  4.056055
1211612068  6.040427
1211641194  9.427071
1211761059  22.794346
1211831159  0.000000
1211831220  6.280572
1211871031  64.461571
1212094677  3.557567
1212125930  0.000000
1212125990  0.000000
1212126050  8.827558
1212199282  3.934589
1212249976  3.702680
1212277716  1.727567
1212280293  0.000000
1212280354  0.000000
1212280423  0.000000
1212280436  13.906160
1212814267  6.823486
1212875155  3.702680
1212876720  4.752448
1211554863  3.417858
1211784591  8.945567
1211790752  10.447394
1211792441  8.764429
1211858972  4.519548
1212080974  9.064604
1212129910  11.133471
1212256981  5.330678
1212519212  11.542550
1212521531  0.000000
1212521592  0.000000
1212521653  0.000000
1212521718  0.000000
1212521779  0.000000
1212521837  5.630858
1212524260  10.757511
1212525943  0.000000
1212526000  0.000000
1212526065  0.000000
1212526123  0.000000
1212526186  0.000000
1212526240  0.000000
1212526362  0.000000
1212526428  0.000000
1212526486  0.000000
1212526542  0.000000
1212526603  0.000000
1212526668  0.000000
1212526723  0.000000
1212526783  0.000000
1212526807  7.187199
1212564675  10.859589
1212727938  47.398891
1212915119  7.690189
1211057734  9.400646
1211125686  6.833702
1211126897  5.858429
1211155593  9.845797
1211175597  6.810565
1211522032  10.685202
1211625965  13.144374
1211688000  7.058779
1211723401  15.028897
1211944919  10.289370
1212215261  5.755650
1212605036  6.032564
1212720367  10.286390
1212982117  14.659364
1212982802  13.899102
1212996525  20.697891
1211092546  6.603374
1211125843  8.571473
1211236658  0.000000
1211236716  3.471262
1211245524  11.421450
1211563850  5.173724
1211596469  6.492017
1211954240  7.031643
1212025551  6.032564
1212067377  0.000000
1212067437  14.741210
1212303674  8.950579
1212469980  5.639899
1212761242  14.018175
1212810511  3.796493
1212832586  9.907457
1212853336  6.485853
1211675185  10.445623
1211795111  17.379143
1211963361  4.997234
1212217592  0.523314
1212256503  4.051788
1211257884  14.523133
1211397998  6.208469
1211597049  5.883589
1211712810  14.460571
1211926084  5.980041
1212001224  1.699247
1212226005  6.065379
1212468417  17.569122
1212822517  11.374943
1212830064  7.830226
1212911703  3.921085
1213053814  3.636148
1211144172  6.079709
1211267443  10.722595
1211268739  10.281587
1211312398  13.775618
1211457935  13.708789
1211549989  4.489608
1211558819  10.804508
1211570886  8.164019
1211814277  14.713940
1211837831  13.863803
1212090016  7.497945
1212217427  10.718451
1212287757  9.022603
1212290632  18.902454
1212297204  6.603374
1212354370  11.287939
1212391208  9.995021
1212610077  3.887232
1212904293  9.575154
1212905236  11.028197
1212983230  5.669979
1211044887  7.655048
1211093392  3.129025
1211145727  0.000000
1211145744  3.619912
1211150263  4.649974
1211165961  4.344319
1211267257  3.178470
1211472359  2.730811
1211511559  6.079709
1211599480  3.315833
1211653639  9.896819
1211690606  0.000000
1211690626  0.000000
1211690684  60.325642
1211693543  0.000000
1211693556  0.000000
1211693604  6.389415
1211705330  6.473494
1211723089  11.746422
1211731393  7.690189
1211740927  11.908998
1212115614  3.820921
1212175550  1.978627
1212226326  7.272295
1212314701  9.845467
1212347533  6.162542
1212352201  4.092412
1212389618  15.548864
1212568486  16.414949
1212808042  15.330403
1212819079  7.572756
1212905072  7.442119
1211034789  1.699247
1211094513  10.619511
1211101188  10.293400
1211242273  6.248718
1211316942  2.551741
1211561407  2.551741
1211594624  5.264665
1211624023  15.894943
1211633110  10.741194
1211643673  9.323332
1211644862  4.871335
1211691554  6.925996
1211769082  7.001474
1212113188  3.527357
1212132309  9.986236
1212180777  48.615929
1212180884  4.051788
1212389256  9.478721
1212449659  5.125473
1212449839  16.837589
1212591010  2.730811
1212625546  5.844342
1212829510  12.348032
1212997828  13.400297
1211132532  14.867605
1211136441  19.338886
1211163393  6.490168
1211223894  3.113124
1211433222  5.173724
1211509839  2.882523
1212048056  8.486600
1212060040  10.921595
1212129377  12.466068
1212156851  5.212306
1212267295  6.755231
1212405734  16.389675
1212604952  11.005902
1212643385  3.785426
1212647019  11.567681
1212650016  17.195126
1212802975  5.065721
1212807921  10.561510
1212855123  7.098636
1212859588  9.816641
1212915235  13.446909
1212934008  15.598749
1213047044  3.798551
1211305815  8.305002
1211333638  4.096216
1211504926  8.030183
1211601960  11.688373
1211689645  3.053151
1211779732  11.201274
1211842278  1.817577
1211899587  4.399078
1211904435  6.459018
1212086565  4.114089
1212186203  4.752448
1212201688  8.726755
1212203959  3.310051
1212304424  9.261683
1212304761  14.175907
1212347129  6.802731
1212528587  4.284994
1212547350  10.191226
1211060083  6.715879
1211225256  11.767182
1211249478  4.051788
1211371996  10.467864
1211377200  14.003246
1211522740  8.997745
1211550016  6.823486
1211599250  6.298603
1211677009  1.727567
1211683592  2.551741
1211692005  2.594270
1211708236  6.939138
1211773042  8.968800
1212044750  10.293400
1212149080  12.624150
1212151607  6.040427
1212288001  8.659877
1212311207  2.594270
1212314113  7.497945
1212407429  9.338985
1212817412  8.947728
1212822026  10.894075
1212850703  5.594074
1212915776  10.699627
1212977380  5.376704
1211099330  3.994600
1211180632  659.219360
1211349432  8.544655
1211493426  13.941141
1211532025  9.497644
1211616344  6.823486
1211651650  23.762239
1211698207  17.264662
1211745626  3.507317
1211869533  4.322026
1211870152  10.804508
1212303088  103.654037
1212461755  6.436466
1212638772  7.497945
1212914986  12.368215
1213024412  0.000000
1213024472  4.051788
1211100371  8.120834
1211165152  5.980041
1211172817  18.617630
1211302687  5.402384
1211515580  10.453794
1211857427  13.366619
1212226183  9.147707
1212291914  9.072084
1212309720  7.139902
1212459244  2.810393
1212590990  4.265040
1212644529  9.452331
1211149723  2.880045
1211237440  6.032564
1211272755  78.330772
1211400631  6.282033
1211501176  17.275673
1211659895  16.354153
1211772039  0.000000
1211772105  0.000000
1211772129  0.000000
1211772176  1.619594
1211773621  4.271914
1211919817  0.000000
1211919878  6.665097
1212040601  6.203169
1212078938  0.000000
1212078970  1.382054
1212079090  0.000000
1212079150  0.000000
1212079211  8.974684
1212108117  12.402905
1212119107  12.560797
1212134723  6.750122
1212168389  5.326209
1212287805  9.614527
1212471864  14.862148
1212658029  8.798599
1212738019  10.290027
1212824892  7.802567
1212826962  12.903755
1212957428  0.000000
1212957457  6.919540
1212980504  12.992682
1211267475  16.834867
1211345983  2.082590
1211353174  3.529389
1211375820  11.868124
1211428353  9.323332
1211755543  1.955737
1211787562  2.594270
1211819749  12.604163
1212123124  18.822395
1212127390  6.055279
1212212991  12.353891
1212298883  14.888810
1212309053  6.114683
1212358375  5.933670
1212710782  0.000000
1212710792  0.000000
1212710815  2.253349
1212760446  6.385590
1212817596  38.349209
1212818816  10.648345
1212821153  13.154565
1212826661  9.308741
1211041372  8.923362
1211101115  13.742461
1211085850  7.531010
1211092634  5.532557
1211093696  8.713646
1211142467  9.745275
1211259957  8.712102
1211330351  1.727567
1211414914  3.527357
1211516211  2.594270
1211523799  13.365044
1211597742  5.173724
1211664287  4.151873
1211740390  8.918192
1211743483  0.000000
1211743547  0.000000
1211743609  0.000000
1211743668  0.000000
1211743727  9.615732
1211766228  7.272295
1212150967  0.000000
1212151023  0.000000
1212151084  0.000000
1212151147  6.280572
1212154518  35.604374
1212164261  3.919286
1212221643  7.256076
1212253151  4.135033
1212253528  9.745253
1212274078  0.000000
1212274137  9.664099
1212558891  22.172157
1212561894  19.810854
1212570364  14.366370
1212571328  9.101999
1212590385  13.111110
1212638004  9.418904
1212656598  4.707921
1212683346  10.077210
1212958085  4.191713
1212300977  7.148837
1212306819  10.650400
1212307486  9.147707
1212335686  12.153301
1212337256  10.815124
1212339216  10.447394
1212350060  2.936910
1212356109  5.755650
1211145681  1.594677
1211343031  2.551741
1211343244  8.411891
1211343296  11.496401
1211351096  15.947857
1211375510  5.367456
1211414325  11.184917
1211479447  3.343679
1211632714  20.516949
1211697602  8.839649
1211955606  20.841131
1212016423  0.000000
1212016482  5.112276
1212036647  0.000000
1212036665  8.100972
1212115158  5.285573
1212259500  8.080329
1212270891  3.527357
1212361449  20.614775
1212567310  10.491423
1212569293  14.009398
1212590336  10.639061
1212685557  9.147707
1212690138  13.197965
1212853140  0.207540
1212947054  12.786343
1212951816  10.021722
1211050736  11.894642
1211089990  4.114089
1211648860  1.727567
1211841822  0.000000
1211841882  3.858846
1211948552  7.540833
1211999188  2.551741
1212001952  10.048549
1212211948  13.805748
1212373626  6.594356
1212527264  25.942703
1212738313  12.466068
1212742124  11.678966
1212785337  7.523065
1212787690  3.052083
1212810567  8.472281
1212819478  34.215004
1212857367  5.845575
1211187137  12.165458
1211247064  4.056055
1211405717  6.614530
1211433978  8.174138
1211607714  11.528604
1211725719  18.256372
1211819632  0.000000
1211819669  7.456727
1211880202  13.587794
1211941185  3.527357
1211943480  6.715879
1212136578  10.491423
1212138592  17.197660
1212388524  0.000000
1212388586  0.000000
1212388648  0.000000
1212388706  0.000000
1212388766  0.000000
1212388828  0.000000
1212388888  0.000000
1212388949  0.000000
1212389028  0.000000
1212389088  1.727567
1212389208  4.026988
1212390403  10.154484
1212391311  0.000000
1212391372  0.000000
1212391432  0.000000
1212391493  0.000000
1212391553  0.000000
1212391614  0.000000
1212391675  0.000000
1212391736  0.000000
1212391797  0.000000
1212391858  0.000000
1212391918  0.000000
1212391979  0.000000
1212392039  0.000000
1212392100  0.000000
1212392160  0.000000
1212392221  0.000000
1212392282  0.000000
1212392342  0.000000
1212392402  0.000000
1212392463  0.000000
1212392523  0.000000
1212392584  0.000000
1212392645  0.000000
1212392705  0.000000
1212392766  0.000000
1212392827  0.000000
1212392887  0.000000
1212392948  0.000000
1212393008  0.000000
1212393069  5.183964
1212393492  0.000000
1212393554  0.000000
1212393614  0.000000
1212393675  0.000000
1212393735  5.267577
1212565850  12.368215
1212706618  32.538906
1212741045  21.608524
1212809537  14.977710
1212938220  11.702897
1212942148  11.150617
1212944875  7.210025
1212995744  12.515821
1211091655  5.635607
1211258873  8.352241
1211415575  6.432622
1211774763  6.298603
1211792617  8.426270
1211799447  13.118818
1212079290  34.988651
1212807543  9.498938
1212811146  18.107380
1212938372  6.921710
1211036523  5.197480
1211198742  10.602628
1211238348  5.662900
1211609199  11.872055
1212034736  6.884209
1212207393  0.000000
1212207454  9.234039
1212250814  4.116380
1212753379  12.778831
1212893285  4.885912
1211094447  2.882523
1211094931  142.555374
1211096735  7.395555
1211258712  12.373879
1211613189  11.450059
1211629440  12.466068
1211658044  8.235149
1212203780  6.004345
1212216804  5.893547
1212266929  6.182754
1212273729  6.040427
1212378607  5.088328
1212734264  13.124635
1212735593  5.091443
1212796911  4.707921
1212856162  16.033396
1212856382  0.000000
1212856448  0.000000
1212856504  0.000000
1212856518  0.000000
1212856570  5.937995
1211034294  0.292808
1211034648  8.164019
1211058252  7.153078
1211098130  11.484056
1211125204  6.371465
1211159304  2.779575
1211163434  13.833476
1211163539  27.338646
1211167007  13.069232
1211398718  3.366072
1211618720  4.120462
1211687472  12.974270
1211687834  11.879614
1211711378  12.165458
1211789778  16.715305
1211793727  6.498559
1211824740  13.141561
1211832569  5.275343
1212105001  6.492017
1212121403  9.892530
1212304054  6.590038
1212318233  6.055279
1212336906  11.737138
1212362570  3.985365
1212589142  4.322026
1212857425  18.236561
1212979399  7.098636
1213022998  0.000000
1213023058  10.491423
1211044865  10.447394
1211082818  5.070033
1211099754  13.726757
1211124521  11.145361
1211263586  11.385529
1211375579  19.486979
1211664870  4.265040
1212164914  16.152237
1212216705  6.259005
1212305155  8.989141
1212429778  9.805017
1212454665  7.785871
1212466383  5.825710
1212729281  6.079709
1212959349  4.184986
1211095633  148.418579
1211101189  10.992420
1211260643  14.017011
1211695382  2.657796
1211763165  32.323421
1211773750  0.000000
1211773811  10.639061
1211999386  2.730811
1212035338  10.286390
1212083368  3.583238
1212131238  14.197813
1212416411  4.047244
1212467395  3.544878
1212469499  8.944687
1212529036  1.727567
1212546213  11.683270
1212565926  9.955766
1213057598  7.832354
1211033818  5.818153
1211119506  12.109678
1211435543  13.629402
1211446952  14.483778
1211668907  17.295589
1211668960  2.387202
1211867570  3.740112
1211984794  1.835662
1212117215  7.182617
1212673413  10.423295
1212872368  0.000000
1212872440  6.047958
1211093968  7.759692
1211175954  20.549288
1211180388  6.884854
1211195789  20.909073
1211273723  13.118818
1211278876  13.825204
1211526755  11.319030
1211533356  21.113340
1211861619  15.293965
1212180738  3.475554
1212361881  26.364359
1212365391  78.676971
1212423047  9.066663
1212440185  6.281682
1212687748  6.823486
1212706753  8.294814
1212716150  7.323433
1212895131  7.933414
1211035403  8.798599
1211099008  14.683696
1211150765  7.153078
1211268181  8.569682
1211283975  10.666280
1211528973  10.648345
1211594314  4.047244
1211603367  3.765437
1211615889  6.997270
1211688871  2.432128
1211712835  14.567426
1211718731  13.587794
1211792668  7.286011
1211839260  4.356411
1211909777  7.075283
1212212225  8.571473
1212296942  14.518520
1212314082  10.718451
1212369531  7.523065
1212395804  4.671470
1212419033  5.173724
1212423922  4.394060
1212534734  6.602051
1212734034  8.472281
1212734094  17.102730
1212763788  3.112374
1212808685  2.551741
1212829540  10.804508
1212856062  13.608127
1212892653  9.072084
1212914414  10.920214
1212924802  8.723864
1212980739  4.430248
1213010978  8.798599
1211167882  11.133471
1211177984  12.368215
1211179949  12.401248
1211183462  12.368215
1211187532  14.184472
1211536153  5.039082
1211538214  18.843258
1211746826  7.272295
1211774242  3.527357
1212183951  4.763888
1212184731  5.572931
1212553905  2.631956
1212736401  8.894272
1212819201  6.711626
1212929465  10.572501
1212939030  6.079709
1211095932  6.040427
1211254525  9.432525
1211345165  16.579464
1211351302  17.551256
1211386697  7.882544
1211796761  18.011887
1211860002  1.699247
1211876685  17.982077
1211942504  9.341945
1211954690  7.829931
1211963385  15.301641
1211964820  16.183868
1212049298  12.982809
1212321959  12.368215
1212394768  11.101126
1212557817  10.464425
1212658072  1.671839
1212806845  3.901263
1212869103  3.641980
1211041372  8.923362
1211101115  13.742461
1211126393  12.635547
1211134245  4.139229
1211142225  17.200060
1211382671  4.051788
1211426557  4.692116
1211492566  12.305358
1211529654  4.839087
1211599781  7.650956
1211699606  5.088909
1211705228  11.637764
1211766584  3.731066
1211837885  4.752448
1212288172  10.953899
1212510721  6.693630
1212666975  10.340423
1212682462  4.756920
1212896296  2.638241
1211090912  2.510584
1211401795  10.415848
1212545939  14.001300
1212546000  6.371465
1212641944  0.000000
1212641958  8.478457
1212792074  3.967157
1212799069  2.551741
1212881974  1.699247
1212899617  4.134110
1212900328  4.318918
1212900463  7.268919
1212900545  6.165934
1212946166  19.092014
1211099370  7.892100
1211100618  4.420133
1211109084  9.228350
1211561305  0.000000
1211561365  8.707145
1211601234  4.271914
1211614700  9.968433
1211647253  5.173724
1211714553  0.000000
1211714554  9.418185
1211792009  19.471096
1211828385  8.798599
1211834777  5.851578
1211862052  6.857179
1212166587  5.844342
1212177307  8.555642
1212211549  7.089916
1212226251  11.831727
1212269966  11.305172
1212286167  4.871335
1212290065  6.534616
1212290818  4.501987
1212315192  7.310878
1212513545  6.053356
1212638395  12.676850
1212649703  10.447394
1212654535  4.904536
1212823284  3.628467
1212832514  11.484056
1212893461  10.555047
1212896123  9.845797
1211225482  6.653676
1211253154  13.671247
1211318591  5.054377
1211359846  8.279157
1211362463  12.824423
1211412761  4.489608
1211656029  5.471032
1211771215  1.699247
1211790559  12.239717
1211930424  6.079709
1211992237  10.244294
1212032711  5.015376
1212033830  4.394060
1212201521  7.878818
1212203308  11.037687
1212205628  5.481423
1212208328  7.272295
1212221760  13.365044
1212254903  6.823486
1212257686  1.671839
1212261060  6.040427
1212310847  9.618318
1212353379  15.718032
1212424348  6.247026
1212554157  10.992420
1212572148  12.165458
1212573860  10.992905
1212602461  12.928118
1212643429  12.543535
1212657008  13.902940
1212689410  8.555642
1212708047  3.527357
1212709290  0.000000
1212709292  0.000000
1212709303  4.284994
1212912295  11.688897
1213007899  17.310396
1213035908  2.638241
1211300045  0.000000
1211300128  0.000000
1211300138  29.227943
1211338966  10.491423
1211430111  4.149832
1211515111  5.197480
1211516589  4.284994
1211521996  5.997093
1211552228  0.000000
1211552288  3.585503
1211779703  10.311633
1212204511  9.776221
1212255037  4.356411
1212255364  7.581006
1212269920  3.359388
1212286812  6.383539
1212289510  5.935998
1212300370  9.960678
1212305256  12.198844
1212384673  9.478721
1212394082  11.637764
1212633503  7.832354
1212635507  5.197480
1212639721  16.252480
1212665158  8.037902
1212743140  9.452331
1212819650  19.499018
1211054020  5.101428
1211097917  9.072084
1211257827  0.000000
1211257842  5.166530
1211346530  9.979317
1211417542  0.000000
1211417602  1.699247
1211487029  1.570516
1211510897  0.000000
1211510912  4.936906
1211513961  12.197212
1211514081  0.000000
1211514140  0.000000
1211514201  0.000000
1211514257  1.756848
1211514434  11.879614
1211514971  6.823486
1211675379  0.000000
1211675421  5.986778
1211699951  5.278518
1211747731  1.594677
1211755570  6.611178
1211763870  1.547075
1212389233  8.707145
1212569474  15.680485
1212775169  14.224442
1212858079  8.442045
1212866148  2.882523
1212946050  11.969240
1212986528  8.778568
1211326235  3.702680
1211528834  10.208050
1211530108  16.817171
1211697970  8.232787
1211858909  8.444554
1211964275  12.297959
1211987338  1.699247
1212045460  5.484149
1212574577  19.089045
1212636601  16.814627
1212810511  7.272295
1212921208  9.575154
1213062322  9.396335
1213072088  8.087060
1211181666  5.532557
1211252353  3.968859
1211598662  8.389297
1211786955  3.239189
1211858486  5.502470
1211916453  5.502470
1212219786  1.787139
1212226533  6.019900
1212234659  3.232123
1212245852  0.000000
1212245934  0.000000
1212245939  5.729645
1212379801  2.698163
1212435752  13.123718
1212509698  7.153078
1212564425  8.068840
1213075685  5.317002
1213078257  8.876429
1211109970  11.998863
1211389255  3.527357
1211401912  1.727567
1211618135  3.641980
1211634143  12.252734
1211736371  7.442119
1212174062  3.052083
1212331958  7.031643
1212683535  2.730811
1212806103  0.000000
1212806105  6.079709
1212806409  15.682479
1212820142  12.831000
1211094090  10.290027
1211094793  6.697170
1211137871  9.126175
1211157033  0.885932
1211326755  1.699247
1211339704  8.571992
1211696329  12.899869
1211703111  6.823486
1211707277  9.375159
1211936771  5.774978
1212023734  65.683586
1212033252  7.796220
1212128524  10.447394
1212131637  13.723493
1212214286  7.462425
1212303674  9.265052
1212545649  5.679229
1212550062  5.484149
1212560309  8.798599
1212648533  8.486600
1212709645  4.776967
1212807498  65.683586
1212813447  7.582977
1212816864  7.503947
1212896841  5.252545
1212908951  6.204880
1212915197  11.475815
1211160022  9.986236
1211230828  3.863487
1211612635  87.458786
1212043849  12.368215
1212281520  1.727567
1212291667  5.170769
1212298545  11.861442
1212314170  9.764577
1212381216  7.037705
1212569013  14.430564
1212569606  3.702680
1212632541  3.740112
1212679088  10.506933
1212824269  5.851578
1212911809  16.124617
1213019599  12.698430
1211436734  11.167622
1211524584  19.175959
1211585237  5.173724
1211661162  10.129470
1211744110  11.133471
1212042459  6.134811
1212098511  4.356411
1212308954  8.688885
1212311294  10.796503
1212384974  10.322206
1212571715  7.375028
1212640792  7.832354
1212778742  6.817777
1212795520  13.734190
1212814666  7.459385
1212894587  5.692210
1212914098  10.117761
1211048634  9.077926
1211083136  0.000000
1211083153  9.066663
1211128635  9.077445
1211188737  11.986877
1211202489  9.306773
1211228051  4.738656
1211329951  2.594270
1211354293  11.670128
1211410117  4.039287
1211615766  3.527357
1211623464  10.117880
1211683115  4.882288
1211711595  3.641980
1211749249  9.290499
1211811280  10.796503
1211854731  8.486600
1212117544  4.961373
1212211373  4.633186
1212211440  12.276490
1212224166  62.511997
1212256508  9.456318
1212370154  2.470734
1212389124  13.599347
1212401872  11.592813
1212826249  7.492709
1212871850  7.958850
1212892032  3.641980
1213000418  14.863817
1213008722  19.405144
1213047078  9.778273
1211115277  9.235138
1211115879  16.106478
1211636628  8.643637
1211655988  5.173724
1211656048  16.011606
1211685176  12.517389
1211852128  6.079709
1212266304  5.899879
1212272769  5.285573
1212302599  11.450059
1212312764  1.756848
1212313157  7.272295
1212389365  8.624054
1212520356  6.156200
1212630733  2.704015
1212824766  6.711626
1211118925  4.913947
1211120299  11.263669
1211143583  1.572477
1211218559  6.399693
1211615811  3.641980
1211688833  8.833475
1211693909  7.272295
1211705278  15.679270
1211779338  7.523065
1212076766  15.792070
1212118642  10.315964
1212129708  4.284994
1212251524  12.305358
1212267985  17.141354
1212392586  6.823486
1212396399  6.371465
1212524430  4.191505
1212632136  3.363439
1212862233  2.551741
1212914013  16.407906
1212945842  9.430889
1212948938  8.388688
1211124158  5.851578
1211135343  7.284091
1211191616  11.865867
1211210517  3.475554
1211212193  9.912010
1211339238  11.856981
1211426147  2.882523
1211521168  16.243122
1211555514  14.889730
1211615980  11.483097
1211698240  7.690189
1211728883  12.059104
1211833786  6.040427
1212053567  4.051788
1212138576  7.272295
1212143422  11.831727
1212219358  11.128484
1212229976  6.596135
1212245532  5.813746
1212251083  12.676850
1212339232  10.542740
1212422010  5.795230
1212513755  13.123157
1212513815  14.090113
1211096276  4.341201
1211119347  9.497273
1211139173  16.407373
1211147124  9.072084
1211220697  3.985365
1211350468  20.831728
1211439332  14.687988
1211524057  10.385220
1211661661  9.979317
1211699750  12.352540
1211750770  10.199111
1211750832  10.504639
1211774523  4.250317
1212030880  13.540475
1212106480  6.513973
1212126940  5.285573
1212193327  6.840222
1212220799  6.710153
1212247820  3.921085
1212377199  34.421371
1212585446  12.931940
1212601494  33.481983
1212639756  13.758454
1212648804  13.809878
1212668174  11.553065
1212763224  8.389297
1212799591  4.012272
1212821215  6.665776
1212981244  9.745275
1211299484  12.892591
1211310922  7.953061
1211311944  0.000000
1211312004  0.000000
1211312067  0.000000
1211312124  1.699247
1211312913  0.000000
1211312935  15.878665
1211508430  9.779296
1211532804  15.405845
1211619305  12.389241
1211619354  12.469016
1211657316  6.298603
1211912305  1.508728
1212117189  9.497273
1212120711  7.351548
1212186963  9.285563
1212473724  12.991811
1212547326  11.297435
1212659160  10.293400
1212681059  0.000000
1212681122  5.790198
1212805201  5.809922
1213032477  7.540833
1211020553  28.749949
1211031579  18.756983
1211066689  4.284994
1211122937  7.796220
1211123857  11.849620
1211129317  8.555642
1211146746  27.401197
1211179496  14.991923
1211471636  8.640080
1211738094  1.727567
1212224513  7.690189
1212227904  11.355854
1212265319  0.000000
1212265373  6.032564
1212287994  6.882560
1212348246  6.371465
1212388645  134.915863
1212476778  14.106274
1212864702  0.000000
1212864763  7.187199
1211018970  14.040854
1211069971  7.231030
1211090324  5.754920
1211229557  4.420133
1211329770  4.356411
1211620705  20.315464
1211818339  12.621608
1211823425  12.976423
1211844240  0.000000
1211844300  6.079709
1211910311  7.531010
1212172152  7.757533
1212247287  12.554457
1212291210  6.296541
1212299744  0.000000
1212299790  12.666048
1212384177  10.557632
1212428937  5.261046
1212519040  4.271914
1212583018  6.497200
1212651526  15.162657
1212677091  8.706946
1212716860  4.356411
1212779036  8.929107
1212814806  13.542529
1212896464  7.239435
1212904308  1.850965
1212934163  5.502470
1211034294  0.292808
1211034648  8.164019
1211091934  4.473864
1211126309  6.632409
1211182563  13.021311
1211216218  6.817777
1211309027  3.830358
1211388751  6.805960
1212824630  7.854699
1212919397  6.289353
1213002064  20.586084
1211028578  7.395555
1211089712  3.052083
1211096499  7.375028
1211109565  8.716752
1211172839  18.816582
1211406714  15.383698
1211409627  3.464236
1211508634  3.311835
1211531551  5.418556
1211532069  9.350280
1211533275  13.854545
1211852434  5.097095
1212319724  13.074345
1212475691  7.832354
1212682761  9.206112
1212760146  7.272295
1212773802  5.810486
1212815857  7.678109
1212828043  5.227693
1212847876  0.000000
1212847936  0.000000
1212847967  0.000000
1212848023  0.000000
1212848083  0.000000
1212848143  0.000000
1212848204  0.000000
1212848269  0.000000
1212848324  0.000000
1212848384  0.000000
1212848444  5.024458
1212848754  0.000000
1212848811  0.000000
1212848872  8.374096
1212859517  6.261795
1212899593  12.947364
1213019790  10.984584
1213032651  1.727567
1211198300  12.182860
1211202229  2.683728
1211206002  28.107325
1211306233  10.539082
1211306293  10.583822
1211580542  10.869609
1211688226  9.854342
1211750778  7.497945
1211851212  9.032375
1212005669  4.051788
1212274364  3.534461
1212519231  6.882560
1212562409  16.419735
1212643452  7.908680
1212792783  13.708789
1212883983  1.699247
1212955711  7.124215
1212955893  0.000000
1212955992  5.844342
1211086643  11.167622
1211096714  12.271113
1211156596  8.282952
1211165948  9.575154
1211345219  10.516503
1211432774  8.510934
1211434924  10.940020
1211435882  13.417604
1211650297  9.072084
1211740368  9.656316
1212039189  13.342283
1212106219  10.682807
1212114576  8.388688
1212114756  0.000000
1212114766  8.431763
1212189423  4.654460
1212228361  15.057888
1212261680  6.969691
1212335653  5.088909
1212353173  7.272295
1212401035  1.699247
1212856112  9.979317
1212899318  6.823486
1212920490  13.170650
1211167049  8.564405
1211212537  6.874062
1211257556  8.852620
1211368352  14.567426
1211400130  6.938914
1211523677  11.786026
1211578794  4.356411
1211614721  9.323332
1211648420  11.296773
1211657523  4.833390
1211697000  5.173724
1211735390  8.707145
1211739990  7.272295
1211744677  3.702680
1211751454  3.858846
1212194121  4.191713
1212279587  2.132277
1212289726  9.119195
1212711982  1.699247
1212847047  20.753716
1212899595  6.414743
1212958839  2.594270
1211144186  5.197480
1211202185  11.188469
1211209480  5.755650
1211313650  9.996758
1211459543  7.290306
1211591368  2.325730
1211984143  0.000000
1211984203  4.051788
1212153952  4.271914
1212407215  9.002219
1212416478  11.805333
1212494828  13.803064
1212496711  14.470021
1212501621  14.115029
1212544034  9.766706
1212607831  2.551741
1213015924  13.103572
1213032254  6.960651
1211100379  12.282257
1211105231  14.430564
1211124169  16.107475
1211497481  2.551741
1211700812  8.947728
1211779627  6.711626
1211788000  6.492017
1211851061  11.931036
1211851114  9.927234
1211855680  3.206688
1211858574  5.851578
1211870848  10.664929
1212294897  9.101999
1212440214  0.000000
1212440278  0.000000
1212440334  0.000000
1212440394  5.353930
1212441031  4.051788
1212734121  10.491423
1212816470  2.860019
1212826352  3.985701
1212862662  4.047244
1212950134  5.992630
1211340075  11.436417
1211581233  6.079709
1211630071  2.727738
1211811213  12.063937
1211893879  0.000000
1211893939  0.000000
1211893999  43.026035
1212017155  5.112276
1212036370  6.603374
1212147800  15.503802
1212290223  0.000000
1212290287  1.727567
1212294225  9.575154
1212310670  5.484149
1212425472  4.037766
1212482089  14.135331
1212681677  1.884619
1212723974  12.393641
1212741303  10.920214
1212777525  10.452946
1212809596  5.575779
1212979928  3.583238
1211230979  5.844342
1211244605  4.265040
1211310032  6.159555
1211335827  13.142808
1211420327  1.756848
1211489257  7.284091
1211508398  5.240447
1211510819  6.969691
1211515889  11.227663
1211518286  11.332789
1211560784  0.000000
1211560845  0.000000
1211560912  0.000000
1211560952  9.447036
1211645062  6.932082
1211679908  5.980041
1211685146  6.997270
1211745400  20.010731
1211765140  0.000000
1211765200  7.272295
1211804971  10.648345
1211816434  12.106712
1211864579  0.000000
1211864639  0.000000
1211864700  0.000000
1211864760  0.000000
1211864825  7.548427
1211866354  15.291901
1211899845  6.945922
1211900827  5.024137
1211913070  7.540833
1211937920  10.579084
1212225363  11.175628
1212268584  7.203546
1212290104  7.756495
1212511932  7.564120
1212776735  4.667583
1212848412  9.886886
1212950498  13.332539
1212952710  12.681237
1212961255  1.850965
1212984009  1.727567
1212984310  5.844342
1211153497  2.510584
1211164089  8.232787
1211299887  4.356411
1211483597  0.000000
1211483658  6.079709
1211509075  7.902350
1211511364  3.176657
1211703755  10.601327
1211774799  5.774978
1211857173  8.726755
1211866107  7.153078
1211993339  0.000000
1211993382  5.896456
1212201123  9.876676
1212222335  3.475554
1211318169  5.502470
1211630037  14.465348
1211635276  20.408913
1211640372  15.645000
1211649428  17.233486
1211664887  10.476339
1211698416  12.742737
1211700069  9.261040
1211833016  2.594270
1211836229  7.272295
1211919754  0.000000
1211919814  0.000000
1211919875  0.000000
1211919915  4.591745
1211921035  17.990307
1212100636  5.197480
1212126491  7.202370
1212154048  0.000000
1212154108  0.000000
1212154168  0.000000
1212154228  0.000000
1212154288  0.000000
1212154313  0.000000
1212154374  0.000000
1212154434  0.000000
1212154495  0.000000
1212154554  0.000000
1212154614  10.872703
1212154748  4.051788
1212187084  2.594270
1212301579  11.851422
1212319160  6.040427
1212524875  3.985365
1212552472  0.000000
1212552474  0.000000
1212552480  0.000000
1212552481  0.000000
1212552482  0.000000
1212552542  0.000000
1212552602  0.000000
1212552662  0.000000
1212552722  9.497644
1212764329  10.267909
1212912789  9.952013
1213028301  4.272323
1211064721  0.000000
1211064792  1.177887
1211138207  7.075283
1211376182  11.512932
1211414769  11.005260
1211429301  6.079709
1211466097  1.671839
1211490726  9.945692
1211531620  12.466068
1211592562  4.215881
1211721373  15.645000
1211891727  11.319030
1211905906  6.442220
1211981399  16.238899
1212014369  2.594270
1212036641  9.338985
1212098613  5.883589
1212266265  5.997093
1212275584  1.594677
1212296573  4.591745
1212296779  7.470099
1212311609  11.092988
1212344551  7.447734
1212362336  2.594270
1212522616  7.272295
1212547377  5.565016
1212597295  11.833154
1212793239  4.415175
1212793495  4.322026
1212838791  6.924074
1212878422  0.000000
1212878666  6.375646
1212907617  5.727723
1212954418  6.602051
1212967497  8.564405
1213028952  26.167013
1211053516  7.660717
1211092940  6.711626
1211255733  4.752448
1211354834  9.864095
1211650901  8.302392
1211725841  8.694222
1211895807  3.527357
1212006130  1.818492
1212163179  2.638241
1212180738  3.967157
1212293610  4.081654
1212301365  7.523644
1212329434  4.070027
1212391247  11.175628
1212417295  9.986236
1212446058  4.356411
1212461448  10.301278
1212779382  3.475554
1212813325  15.685539
1211062961  6.776110
1211437563  17.582199
1211444602  20.810877
1211512288  12.441933
1211614128  10.340423
1211643526  19.322039
1211657546  8.707145
1211820839  9.218063
1211952947  7.690189
1212028024  8.997534
1212110030  2.255887
1212115458  0.000000
1212115518  0.000000
1212115583  0.000000
1212115641  6.531795
1212347369  6.786044
1212422266  12.759642
1212481962  22.375156
1212724925  8.467848
1212730283  5.006830
1212868016  6.079709
1212912335  10.572436
1212950627  8.838604
1212954618  4.545185
1213065399  5.980041
1211054935  3.761381
1211142542  5.755650
1211651673  5.980041
1211660305  2.594270
1211813843  0.000000
1211813903  7.272295
1211827956  9.575154
1211943381  0.638855
1211979230  17.862246
1212202480  9.162965
1212234683  4.356094
1212267746  11.861442
1212300650  9.613263
1212397939  9.822527
1212541966  4.667583
1212599335  11.319030
1212614989  6.817777
1212627215  14.080241
1212709973  1.594677
1212834983  9.968026
1212875857  5.443162
1212983818  14.734599
1213032098  5.414979
1213043491  14.889266
1213079639  19.636765
1211340158  5.446026
1211350677  4.271902
1211439176  9.551812
1211533847  6.079709
1211674662  9.896819
1211708680  11.482643
1211843249  11.800165
1212136632  6.298603
1212201007  5.179978
1212373841  4.149832
1212469500  9.495130
1212554738  9.857145
1212563631  10.036715
1212607750  14.169866
1212630217  3.527357
1212652101  8.625718
1212799822  6.040427
1212807816  1.910461
1212906955  10.762009
1212936587  9.261683
1212945491  7.443803
1212952388  0.000000
1212952451  7.671486
1211478274  4.496751
1211639371  10.716908
1211704660  12.677358
1211947539  13.055989
1212323551  7.892574
1212523165  2.801461
1212938390  12.368215
1211041308  3.418578
1211046772  6.134811
1211128712  14.968987
1211179985  19.122005
1211511014  4.863767
1211824606  0.000000
1211824630  10.209826
1211873742  10.992420
1211948290  13.106801
1211948402  8.667239
1212119323  11.319030
1212380103  13.988729
1212419001  11.385416
1212721619  6.389271
1212831080  4.184986
1211054505  3.587143
1211054564  27.570494
1211055969  13.741676
1211092128  10.977248
1211094505  13.852833
1211146308  187.152328
1211178231  13.167460
1211511626  7.153078
1211745951  7.153078
1211781716  1.937967
1211934342  5.101940
1212027463  8.027631
1212030215  12.543718
1212032135  0.000000
1212032203  0.000000
1212032248  1.727567
1212032425  12.289256
1212032604  1.570516
1212032785  0.000000
1212032850  0.000000
1212032911  0.000000
1212032966  0.000000
1212033034  0.000000
1212033086  0.000000
1212033147  0.000000
1212033168  0.000000
1212033228  0.000000
1212033288  0.000000
1212033348  0.000000
1212033408  0.000000
1212033473  0.000000
1212033528  0.000000
1212033598  0.000000
1212033648  0.000000
1212033708  0.000000
1212033774  0.000000
1212033831  0.000000
1212033893  0.000000
1212033958  0.000000
1212034009  0.000000
1212034069  0.000000
1212034136  0.000000
1212034189  0.000000
1212034249  0.000000
1212034295  0.000000
1212034357  12.319654
1212035536  9.961057
1212095902  7.114401
1212186216  2.410559
1212226158  19.942011
1212237853  130.984741
1212255059  0.000000
1212255404  0.000000
1212255443  132.945099
1212625583  4.793519
1212646580  6.823486
1212646640  18.820309
1212685260  0.000000
1212685316  0.000000
1212685376  10.044125
1212686211  7.272295
1212718636  3.641980
1212733411  10.228627
1212799955  5.151426
1212809691  9.540735
1212819708  1192.375732
1212889644  2.594270
1212898607  1.699247
1212945949  3.641980
1212953825  6.040427
1212957438  5.026628
1212975602  11.133471
1211167170  4.265040
1211299670  0.000000
1211299739  8.391110
1211308100  12.103631
1211345703  8.472281
1211345763  13.360526
1211911756  1.727567
1211985944  5.748533
1212105025  3.527357
1212114803  3.702680
1212122219  6.182873
1212123888  11.954066
1212156339  13.957805
1212192026  3.527357
1212218440  17.902000
1212236445  10.815124
1212240336  6.921710
1212257898  6.750122
1212277045  3.206688
1212437156  6.969691
1212547181  10.626077
1212650389  10.699390
1212651058  15.405845
1212765770  7.037705
1212794350  7.791745
1213026316  0.000000
1213026373  0.000000
1213026430  5.353930
