1211587244  5.710678
1212784341  13.105605
1211114851  6.816707
1211117420  5.296783
1211126162  5.222934
1211127357  6.115949
1211135733  2.534347
1211339029  10.384949
1211879401  65.893883
1212007941  6.015687
1212075870  5.546511
1212260776  5.722687
1212266491  5.065859
1212507505  0.000000
1212507556  3.781383
1212521335  6.447555
1212637194  5.854512
1212729530  8.506697
1212853199  6.552803
1212861569  0.000000
1212861604  16.081215
1211303432  6.376006
1211655059  6.973948
1211999740  2.231981
1211034804  9.520714
1211106241  9.343381
1211176950  6.923716
1211527446  8.950421
1211781486  5.076456
1211908344  5.755279
1211909835  3.448613
1211913513  3.279009
1212039491  15.254152
1212074552  14.995458
1212469903  12.030428
1212598377  4.912700
1212609642  3.279009
1212816458  5.076456
1211088538  4.993236
1211524854  6.115949
1211913514  11.468901
1211934689  6.816707
1211952432  5.245796
1212226994  6.748981
1212696349  7.889564
1212821574  3.283869
1212917936  6.035999
1213028527  11.928331
1211272236  9.607135
1211426226  4.827257
1211717189  7.309252
1212160720  6.267716
1212282431  10.164990
1212480528  6.816707
1212642669  6.671944
1212817494  3.041227
1211194667  8.563016
1211325544  1.702567
1211357537  10.366624
1211408428  0.148454
1211473066  5.385702
1211543826  12.273185
1211544453  12.141767
1211655200  5.076456
1211702558  6.639042
1212220957  3.520259
1212528231  6.671944
1212786623  16.332216
1212786994  1.262050
1212811921  4.960520
1212868714  3.975582
1212914437  6.190012
1211228991  9.273756
1211319821  2.231241
1211533178  7.480561
1211611562  8.741527
1211752528  3.279009
1211023946  6.115949
1211031534  7.353734
1211227183  3.957609
1211410271  4.775965
1211611962  4.993236
1211766436  3.279009
1211767977  4.993236
1212241919  8.868125
1212379530  4.683609
1212473239  7.928426
1212476773  9.148993
1212597357  5.245796
1212632700  7.905937
1212738433  12.043914
1212911070  5.542411
1212927239  3.527283
1211170410  9.358758
1211180057  5.073911
1211181670  4.842273
1211656435  18.092257
1211949547  3.352627
1211785190  11.168414
1212004626  2.231981
1212095117  5.785797
1212648828  7.485051
1212824241  6.219609
1211054872  4.113982
1211088445  4.051475
1211254069  6.790327
1211942369  5.782591
1212260459  3.125305
1212805430  13.488142
1211183973  7.370753
1211405586  5.315820
1211542384  5.938644
1212034507  14.449615
1212199580  6.821969
1212647262  3.873076
1212791313  7.557671
1212877297  5.076456
1211582754  10.327726
1211795321  5.334708
1211871517  5.245796
1212021208  0.177119
1212213947  1.869070
1212382822  4.910236
1212400385  10.834363
1212728861  3.254546
1212924954  6.710133
1211057916  4.765675
1211127020  5.162498
1211723859  6.292345
1211945039  5.426686
1212313294  10.121387
1212330866  7.752391
1212331732  3.242824
1212340764  10.493483
1212602142  0.000000
1212602167  0.000000
1212602170  1.452531
1212602236  5.219078
1212849662  6.115949
1212859108  4.878526
1212982922  5.245796
1212996653  5.340959
1211085522  6.994395
1211617340  5.076456
1211946441  11.081039
1212067557  9.759724
1212514367  3.069258
1212829752  17.068640
1211527307  0.964861
1211675303  7.487749
1211795168  7.862136
1212217592  0.523314
1212363826  5.159800
1212565073  7.181020
1211597231  5.674491
1211698195  9.389435
1211791389  11.026967
1212226185  6.842343
1212286333  7.405637
1212311685  19.235872
1213054005  1.716119
1211086936  10.950290
1211092894  4.541805
1211268800  10.473218
1211740306  10.984748
1211782266  13.750371
1212226307  10.473218
1212391334  8.550590
1212411110  6.136599
1212426669  6.115949
1212919668  6.816707
1211511745  8.729112
1211650177  3.590510
1211653754  6.821969
1211661909  4.675700
1211736099  7.309252
1212115786  3.773825
1212226537  8.527461
1212347713  3.520259
1212568546  9.607135
1212737218  9.682243
1212738562  11.293018
1212745702  8.564765
1212819079  7.572756
1211127486  7.744755
1211170206  6.986047
1211521084  6.208807
1211561563  6.433147
1211691738  5.073911
1212126546  3.174913
1212829630  6.973948
1211106875  10.154932
1211131358  5.590269
1211224119  5.309983
1211270307  5.714442
1211456892  0.000000
1211456945  1.608122
1212265901  1.722987
1212267592  2.694112
1212405799  10.480511
1212490985  190.931290
1212791411  3.333659
1212859769  4.492571
1211515439  5.113832
1211518596  4.282382
1211588498  8.131992
1211593555  8.402140
1211602125  7.102380
1212186414  3.704022
1212201864  6.723345
1212685369  12.815908
1211225422  7.463705
1211330808  5.493086
1211372055  14.003145
1211517863  6.164485
1211692186  4.990732
1212407550  7.397572
1212850781  16.644184
1212909122  11.412970
1212977564  4.685959
1211360208  8.422639
1211533681  9.434400
1211651782  7.809933
1211870339  7.175481
1211922715  6.722465
1212385270  4.273678
1212385335  9.076622
1211525920  17.488935
1212451531  7.862136
1212929058  6.555887
1212930737  5.076456
1211149996  4.349066
1211170210  9.304061
1211171230  6.692014
1211272755  78.330772
1211600930  11.164372
1211705258  21.509106
1211773838  5.640507
1212738139  5.645492
1212773968  6.220315
1212825080  10.763521
1212827083  5.984260
1212987807  9.751367
1211367156  6.816707
1211517477  4.567220
1211822101  11.243809
1212127515  7.717027
1212191547  4.396913
1212309181  3.284391
1212465989  17.073738
1212472987  6.909862
1212563962  7.896276
1212627313  5.893477
1212631497  5.629342
1212657511  5.159800
1212818874  6.462990
1212826879  7.485051
1211092745  2.912114
1211101229  4.612646
1211036717  7.878676
1211086006  4.287812
1211092934  5.073911
1211142625  4.789540
1211264995  4.433067
1211268032  6.686399
1211355131  6.015687
1211516451  4.612646
1211709625  1.584592
1211740627  6.862988
1211761253  3.279009
1211791584  7.905937
1211799156  6.216069
1212253709  8.890821
1212419094  2.772852
1212561949  7.862136
1212638182  7.862136
1212655700  6.115949
1212656779  7.436408
1212804321  13.655417
1212897097  8.564765
1212901997  5.422112
1212902069  1.608122
1212354277  7.432296
1213006878  6.549419
1211237152  6.816707
1211621824  12.849162
1211624524  7.214428
1211632764  12.219021
1211949163  12.199550
1211955922  3.615038
1212016739  12.043914
1212059841  8.564765
1212574200  8.571343
1212590390  11.106314
1212606352  6.469314
1212608589  4.071877
1212870756  4.390411
1212952111  3.494537
1211121911  3.698648
1211285581  4.768906
1212002135  3.381810
1212527431  2.538228
1212730500  6.115949
1212787888  8.402497
1212823588  5.076456
1212982035  14.401153
1211187249  6.986047
1211342232  8.714199
1211405896  10.467573
1211725779  6.115949
1211776858  5.304645
1211880673  6.115949
1212193943  5.073911
1212301067  15.760061
1212487253  6.015687
1212558623  3.413253
1212694765  5.073911
1212845531  5.824713
1211905966  11.007327
1212389666  12.169724
1212392137  9.607135
1212762190  5.031137
1211332432  8.871264
1211019585  6.015687
1211103133  7.257357
1211238383  11.325744
1211690562  15.954650
1212216991  6.323912
1212743023  5.645492
1211034888  8.335144
1211058393  4.318438
1211098312  3.503457
1211167209  6.704958
1211342713  2.974866
1211674404  6.278643
1211789894  9.594304
1212021446  8.300923
1212030451  0.000000
1212030511  6.740536
1212251255  4.630950
1212392621  6.115949
1212719232  7.118698
1212979722  4.685959
1211520175  4.990732
1211992841  14.539908
1212164026  0.000000
1212164063  1.771690
1212454847  7.733249
1212506837  6.706843
1212729462  4.414310
1212838542  7.733249
1211095759  0.000000
1211095786  16.913034
1211158858  6.115949
1211168609  5.740013
1211253783  4.612646
1211260763  6.136599
1211272136  6.297202
1211277067  6.115949
1211481718  2.935812
1211569833  5.340959
1211778346  8.444569
1211824325  3.571778
1212131358  0.000000
1212131391  5.744050
1212471883  5.535175
1212540133  3.413253
1212565986  13.773585
1213081953  8.424359
1211034265  9.223556
1211153664  18.919537
1211447078  5.722687
1211669206  4.493947
1211685610  2.611467
1212042204  5.073911
1212044074  5.159800
1212471955  4.990732
1211176124  5.245796
1211180388  6.884854
1211195809  11.836389
1211273848  5.476969
1211861740  4.910236
1212227711  6.821969
1212230787  7.303615
1212365472  11.054120
1212382236  7.862136
1212440472  3.390162
1212442183  4.148045
1211099175  0.000000
1211099178  0.160878
1211099238  3.333659
1211150947  3.350919
1211366486  8.422639
1211689235  3.197798
1211792852  5.828662
1211909923  5.521891
1212395928  7.856200
1212419217  9.336641
1212892925  6.071687
1212980919  5.076456
1213004264  9.434400
1211178044  11.732785
1211183555  7.989356
1211421945  12.671336
1211439186  8.989457
1211688284  4.706914
1211860391  7.752391
1212044706  6.868373
1212184189  0.160878
1212184249  2.291948
1212187136  1.789962
1212218562  5.049095
1212478496  10.188486
1212554087  5.159800
1212929677  9.279737
1212939167  6.136599
1211254646  4.727582
1211351367  13.091807
1211786169  5.159800
1211796854  6.555887
1211860184  3.991283
1211876739  13.120919
1211951653  4.990732
1212080843  4.614960
1212137634  196.324493
1212394955  6.768608
1212807074  3.866445
1212809134  5.076456
1211092745  2.912114
1211101229  4.612646
1211126459  11.425328
1211134698  15.529301
1211371533  9.552180
1211838127  5.926175
1212510721  6.693630
1212511308  0.975371
1212905681  5.243621
1211079034  9.066070
1211401976  3.350919
1211478814  6.370198
1212160085  5.722687
1212137879  7.521830
1212902861  11.705919
1211211895  5.731714
1211318833  8.433096
1211363665  7.607943
1211399213  6.754479
1212216345  5.073911
1212221948  4.412096
1212225864  7.862136
1212311065  5.621774
1212353630  0.000000
1212353647  6.477333
1212429233  12.966802
1212466404  3.382607
1212554320  5.752783
1212643541  4.563835
1212708350  5.969306
1212773047  3.112493
1213008080  6.136599
1211619868  10.292072
1211779878  4.349066
1212045136  11.404687
1212138677  7.621142
1212376611  26.560341
1212388017  9.006689
1212751361  8.563016
1211054576  5.073911
1211070449  2527.092041
1211098044  7.748831
1211567655  8.795456
1211755695  8.875242
1211955033  7.052780
1212221206  198.323944
1212332017  5.343638
1212436298  19.794556
1212674207  6.492102
1212946177  4.285200
1212996910  6.538076
1211420360  11.679321
1212476943  13.199798
1212574621  8.727322
1212810692  6.821969
1213073319  7.807594
1211227174  3.711050
1211775274  9.248710
1211873920  6.973948
1212240634  8.576727
1212435816  8.061599
1212514419  3.576165
1212986749  3.940526
1212989281  6.603044
1213078357  0.567299
1211101323  7.822620
1211110031  8.584250
1211402157  5.248873
1211634203  10.473218
1211659443  12.979801
1212000881  4.832296
1212343692  3.463813
1212429996  6.818443
1212683774  4.349066
1212883886  12.610862
1211094912  7.035403
1211353355  4.390411
1212418502  8.131992
1212906594  7.516302
1211231106  5.969306
1212043909  11.732785
1212176350  3.320837
1212298779  7.111010
1212381338  6.035999
1212699154  5.456131
1212994725  7.251877
1213023449  3.184190
1211744292  3.637004
1212778845  16.011406
1212810418  9.552180
1211032718  6.015687
1211083285  36.894222
1211442691  6.937595
1211445446  6.795499
1211693545  3.216243
1211697846  8.584699
1211753670  7.508285
1211870442  7.498012
1211958669  9.973445
1211968435  8.564765
1212068877  4.181975
1212833000  13.868716
1213000538  8.606439
1213008826  5.248410
1211555962  10.205777
1211656594  5.076456
1211852367  5.073911
1212389485  6.816707
1212668236  5.318216
1212717369  11.089081
1212811015  8.086461
1211143824  5.076456
1211218741  6.115949
1211306260  7.856200
1211351496  8.288932
1211598455  7.143555
1211601243  5.304028
1211646624  5.493086
1211705399  6.986047
1211830924  4.912700
1211963417  11.313030
1212118825  4.758898
1212121376  5.251506
1212251768  6.115296
1212385750  6.545630
1212632379  3.390162
1212863638  4.228259
1211059064  3.295985
1211059324  8.712850
1211135479  14.460788
1211263571  6.197007
1211392274  11.340117
1211521349  11.383945
1211555575  9.625472
1211728948  6.694471
1212138636  11.010768
1212403245  10.327726
1212422190  6.015687
1212436686  1.608122
1212483190  7.862136
1211309299  6.321481
1211350589  4.789540
1211524177  7.863588
1211526865  0.000000
1211526889  0.141951
1211526957  7.871502
1211545182  5.722687
1211620726  8.369924
1211699867  5.076456
1212040133  5.247668
1212122280  7.046289
1212127059  4.685959
1212193572  7.363918
1212389869  3.279009
1212533256  1.413350
1212533317  0.000000
1212533338  0.000000
1212533345  4.635137
1212646692  11.679226
1212648985  6.932245
1212854627  6.952614
1212981386  3.017365
1212987763  3.590270
1211560973  3.350919
1212403234  8.563016
1212438518  3.637004
1212466100  4.897214
1212510597  9.788252
1212665608  5.245796
1212681426  5.457575
1212825585  7.223830
1212937668  5.683440
1212941153  6.811443
1211043170  5.744050
1211154506  12.919244
1211179617  7.995393
1211432321  8.192139
1211471821  4.990732
1211563552  5.076456
1211617372  5.073911
1212217166  7.742632
1212298396  10.526562
1212358313  3.333659
1212388717  81.800491
1212476845  7.671944
1212732951  0.422222
1212773082  5.234595
1212775746  3.083415
1211260377  10.829292
1211387851  6.629992
1212172333  5.733702
1212211811  3.407714
1212219115  10.108285
1212583139  7.555602
1212641864  3.694352
1212677296  3.023263
1212729822  6.115949
1212763334  6.484536
1212814941  9.096454
1213029985  10.716920
1211034888  8.335144
1211096653  10.790203
1211126485  7.406197
1211182623  11.351009
1211216282  14.372495
1211255015  4.390411
1211317928  9.467074
1211388874  7.921999
1211398223  0.009513
1212892521  4.621486
1213034102  4.832112
1211074498  11.009422
1211526619  9.089100
1211681462  4.990732
1211829582  0.927404
1212341735  8.953408
1212927062  8.258498
1212998226  6.115949
1211088293  3.057975
1211306731  3.615038
1211647749  4.990732
1211851532  5.902318
1211913729  1.798982
1211918817  3.350919
1212643634  5.073911
1212913535  4.086378
1211096939  7.199741
1211275398  6.748981
1211345340  7.341829
1211348596  7.460001
1211742472  3.242824
1211784777  15.872793
1211892996  5.076456
1211920537  3.303157
1212114996  10.502772
1212249137  4.697728
1212261861  1.608122
1212419547  4.235127
1212665546  10.188486
1212824409  10.209027
1212843747  7.727410
1212908229  7.007327
1212993508  5.073911
1212998817  5.073911
1211212678  4.368535
1211269490  5.289124
1211363843  6.115949
1211368413  6.115949
1211469026  3.840282
1211735513  7.057209
1211740172  6.395596
1212066397  12.876650
1212089160  5.559954
1212847097  8.055989
1211109635  12.018709
1211125669  10.642163
1211202357  5.159909
1211401038  5.535175
1211459663  11.182811
1212088574  9.640748
1212407397  7.117696
1212501741  11.103154
1211027083  8.584250
1211100452  7.807594
1211105292  11.164927
1211124290  6.115949
1211256917  3.462549
1211394544  0.586798
1211416205  2.995317
1211614990  4.683609
1211870956  6.136599
1212354142  4.265111
1212816594  10.697571
1211340189  3.216243
1211630172  10.131719
1211631372  9.885676
1212187775  3.141486
1212189974  4.917934
1212293063  7.066824
1212482155  10.650730
1212744597  6.986047
1212777707  4.032158
1212787545  3.445975
1211091848  4.739615
1211478637  13.571432
1211511002  6.459578
1211529684  6.816707
1211645244  5.245796
1211762741  8.296418
1211762990  3.327148
1211765387  3.509115
1211805089  6.710133
1211901009  6.115949
1212155401  4.390411
1212258567  7.559931
1212513668  0.403891
1212687655  6.035999
1212868870  6.015687
1212897725  6.014742
1211175805  10.301526
1211347982  0.000000
1211348002  4.815507
1211483900  5.854512
1211671892  6.710133
1211703955  11.266610
1211866292  8.709931
1212541263  6.644325
1211326404  11.036396
1211495354  5.253561
1211630429  6.710133
1211635412  6.015687
1211649608  3.710207
1211665126  4.683609
1211698537  7.608519
1212126673  9.552180
1212521011  0.000000
1212521018  5.073911
1212553287  7.303615
1212994950  619.663574
1211703807  4.993236
1211711168  6.339952
1211721433  8.727322
1212292916  13.745048
1212520267  3.030599
1212522856  1.681959
1212526165  8.132275
1212597410  14.884089
1212844876  6.104514
1211255851  9.064846
1211258460  6.209553
1211526590  4.768906
1211725969  9.013700
1211770010  5.073911
1211780087  0.000000
1211780106  7.837968
1212132790  11.637162
1212165316  7.142000
1212291073  6.045752
1212391368  8.027827
1212446303  9.435637
1212703884  2.821631
1212778726  11.816108
1211063247  9.461224
1211444776  6.816707
1211512407  4.789540
1211557205  6.268120
1211643676  4.697728
1211714826  11.084416
1212293336  0.000000
1212293406  12.003489
1212314834  3.340051
1212863263  6.412053
1212868201  7.482095
1211075706  6.816707
1211270531  6.671944
1211605103  3.226122
1211979291  7.862136
1212202662  6.818443
1212437751  6.161062
1212543131  11.462616
1212548338  4.010908
1212599510  0.000000
1212599570  0.000000
1212599590  1.461929
1212627455  5.245796
1212862329  7.862136
1213079754  10.327726
1211266200  6.986047
1211515821  5.113832
1211515893  15.812693
1211533970  8.696502
1211765462  0.000000
1211765464  7.831587
1211773310  3.714395
1211838096  4.704012
1211965929  7.472087
1212162805  3.039587
1212307629  7.614594
1212313441  7.334129
1212326035  8.060823
1212590577  15.451736
1212643558  4.621486
1212801645  4.611425
1212945736  6.932245
1212952643  5.073911
1211640470  9.952428
1212334986  5.637678
1213037064  5.159909
1211211232  6.939257
1211513649  8.811834
1211873803  12.496113
1212119422  5.345079
1212268385  1.461929
1212814019  9.130064
1211160944  5.629342
1211176849  7.257357
1211178629  9.039551
1211180373  1.828404
1211347662  8.504006
1211353955  6.816707
1211853658  7.040719
1211861529  6.115949
1211870006  7.409017
1211873966  8.727322
1212226312  7.862136
1212237869  6.574927
1212479923  6.760691
1212633856  7.363918
1212647296  6.136599
1212652080  7.881598
1212652884  9.434400
1212704503  1.768999
1212797496  6.462030
1212800480  3.365031
1212809997  6.937179
1212819803  5.073911
1212954126  5.076456
1212975784  6.710133
1211912018  4.642984
1211925844  3.655548
1211958455  6.115949
1212156450  3.279009
1212193819  3.771706
1212236507  13.343307
1212240457  6.816707
1212379198  4.756791
1212437281  5.710678
1212559929  6.671944
1212794527  8.882141
1212812515  6.228281
1212979001  1.976008
