1211096096  4.511890
1211097894  8.364388
1211242129  9.573464
1211431296  6.581813
1211600513  10.064499
1211612925  2.955040
1212203229  11.048516
1212206164  8.778505
1212216469  9.236917
1212301477  5.543563
1212641016  7.473760
1212648818  4.633106
1212889782  8.360707
1212899348  9.344860
1211051845  5.055894
1211073802  11.287477
1211173436  2.422164
1211206589  6.701401
1211208041  7.211161
1211266712  12.531199
1211270459  8.390795
1211271055  4.887881
1211321356  6.767397
1211342224  4.730208
1211345222  6.284012
1211354792  5.222774
1211421056  7.604434
1211431697  8.639840
1211523564  6.889873
1211961664  6.226916
1212092443  4.410096
1212166660  4.511890
1212293665  6.146523
1212500905  9.344860
1212560905  5.211002
1212592976  0.000000
1212593001  4.887881
1212595428  9.760415
1212627095  3.808739
1212693134  7.717207
1212696453  6.210589
1212716148  8.017306
1212718418  4.887881
1212723700  7.727745
1212725462  7.331347
1212725659  10.229787
1212729187  4.887881
1212730707  12.740737
1212739373  6.653030
1212777482  22.682079
1212787911  7.868608
1212793733  6.884622
1212811695  5.533231
1212870395  4.709058
1212875163  5.332234
1212991796  0.000000
1212991797  7.331347
1211220340  6.691510
1211436093  7.911966
1211614387  8.487111
1211651136  6.691510
1211686575  7.112126
1211787291  9.614306
1211820239  8.146469
1211945855  7.228719
1212111813  5.745051
1211018798  0.000000
1211018805  4.763455
1211036034  7.212891
1211149128  6.691510
1211242523  5.039519
1211313772  6.869420
1211475473  12.229750
1211517502  4.476271
1211527159  2.462533
1211529484  7.094852
1211534894  0.000000
1211534955  4.199439
1211553443  6.641173
1211620376  6.767397
1211667332  4.787543
1211833490  9.459237
1211833809  0.000000
1211833869  0.000000
1211833930  0.000000
1211833991  0.000000
1211834056  0.000000
1211834114  4.270616
1211912266  6.762085
1211963574  6.253509
1212098422  6.691510
1212113866  10.094361
1212165390  9.498055
1212292549  5.219652
1212783677  4.887881
1212816198  10.653409
1212925108  7.485661
1212932768  12.353321
1212940778  4.158572
1212981712  8.014323
1211041310  5.720512
1211223613  3.963147
1211225260  4.952631
1211228182  8.389473
1211232431  7.211161
1211304626  4.366501
1211486333  6.896586
1211521317  7.094646
1211603838  7.228719
1211729853  7.997833
1211731056  6.691510
1211738327  11.594398
1211816559  4.270616
1212005533  9.631298
1212096117  7.331694
1212245066  9.391397
1212245418  6.691510
1212260128  2.462533
1212310953  7.758704
1212336445  4.372665
1212439503  9.774546
1212511808  11.061197
1212596557  9.820023
1212615114  7.212891
1212615856  10.294620
1212648433  2.273108
1212690677  4.787543
1212722017  4.776986
1212820602  5.638409
1212853215  6.873138
1212885182  9.656356
1212945718  5.720512
1212952479  7.442552
1212976643  8.017306
1213031960  11.974290
1211019083  5.626599
1211019203  6.653890
1211204632  11.647381
1211481533  10.259020
1211485695  7.094852
1211599136  7.212891
1211623282  0.000000
1211623297  0.000000
1211623311  5.332234
1211718219  9.774546
1211999496  7.177299
1212010172  5.984428
1212011901  5.578918
1212225695  5.211002
1212296405  6.400176
1212340598  4.225646
1212420462  9.610549
1212593236  4.787543
1212758543  11.515170
1212810664  5.626599
1212827494  4.313524
1212902373  3.779639
1212907556  6.012791
1212912257  10.658972
1212959334  6.658053
1211093110  162.006165
1211347699  5.985161
1211400320  7.245866
1211482968  7.335143
1211512439  7.212891
1211514963  5.865458
1211527398  9.455540
1211548663  12.788642
1211668371  6.658053
1212083834  4.887881
1212104443  5.626599
1212128874  7.211161
1212136113  7.578093
1212165574  5.848289
1212197560  5.332234
1212214677  6.491609
1212270695  4.787543
1212396360  67.080261
1212431041  7.349197
1212445939  0.000000
1212446111  17.445557
1212447374  4.200396
1212571133  8.050504
1212605209  4.763455
1212626855  4.902685
1212697758  7.997833
1212715430  7.202308
1212810109  9.935496
1212812114  4.392380
1212862994  6.869420
1212911721  3.252821
1212960745  0.000000
1212960797  7.211161
1211073218  4.829511
1211230362  7.299829
1211232142  9.359166
1211246166  6.116670
1211299092  7.349197
1211312873  67.014015
1211335069  7.094646
1211358495  9.770724
1211406922  4.181839
1211487510  6.097920
1211489562  7.094646
1211492242  4.633106
1211684305  9.610549
1211699148  0.000000
1211699168  4.807752
1211700072  2.052111
1211734471  13.544971
1211776444  9.703335
1211823329  6.195505
1212077474  7.687227
1212198557  3.860002
1212221166  4.887881
1212380380  6.104266
1212508346  5.904274
1212595370  6.533158
1212595613  8.967053
1212641339  7.335143
1212770588  7.349197
1212777280  6.089848
1212852098  2.345270
1211023316  4.199439
1211023439  7.455607
1211023771  7.245866
1211151378  7.997833
1211159639  7.299829
1211203002  18.580549
1211213951  2.681380
1211458722  5.720512
1211458844  8.702906
1211463744  7.728097
1211467681  6.716000
1211470859  4.344247
1211511066  9.656356
1211614389  5.693181
1211616919  11.478789
1211822696  9.585910
1211861924  5.591405
1211918008  9.022657
1211925787  10.704206
1211930422  11.102436
1211986371  10.931724
1212011501  6.691510
1212109098  6.767397
1212215442  8.139021
1212215760  5.985161
1212224371  5.232228
1212236762  8.317363
1212239260  7.192821
1212295222  3.307035
1212320385  4.807752
1212373582  7.331347
1212388376  6.109852
1212502881  9.196529
1212504019  9.774546
1212520442  8.014323
1212588512  14.387940
1212592089  41.854897
1212625378  6.658053
1212639867  6.372867
1212642836  8.207216
1212668972  9.388336
1212732869  13.279385
1212735223  10.993790
1212745222  11.287477
1212780932  13.118699
1212790616  4.511890
1212808814  65.989922
1212809403  38.311508
1212813966  0.000000
1212814008  23.151623
1212823208  8.161547
1212828760  2.504271
1212913480  6.916057
1212926425  6.359863
1211133628  18.580549
1211181248  6.311510
1211184059  7.331347
1211186861  6.691510
1211425244  9.068695
1211466921  7.296921
1211493337  8.940809
1211570286  8.046018
1211662430  8.165775
1211667219  0.000000
1211667233  6.237216
1211699659  11.897442
1211760144  7.349197
1211956642  5.237016
1211678441  8.423038
1211683126  6.876264
1211766664  5.548378
1211779411  6.182342
1211839469  5.475115
1212118899  2.504271
1212392759  10.489482
1212398555  10.405781
1212421189  8.778505
1212458550  5.012588
1212507454  8.523268
1212805857  11.383712
1212976752  9.610549
1211075532  7.331347
1211086406  5.743140
1211095313  6.980217
1211096954  5.533451
1211105724  4.787543
1211172131  9.245526
1211202996  10.132092
1211356512  6.544810
1211358392  5.211002
1211554295  8.314422
1211617299  4.073235
1211709482  7.461611
1211874690  0.000000
1211874747  4.366501
1211966901  5.078866
1212017285  7.331347
1212091819  3.252821
1212150833  5.535979
1212220306  7.212891
1212221195  5.528527
1212229274  12.229750
1212483533  4.807752
1212744421  4.294919
1212768630  7.020649
1212820735  4.787543
1212824607  4.366501
1212836258  9.774546
1212881450  9.022657
1213006917  0.000000
1213006918  0.000000
1213006967  9.736142
1211156698  0.000000
1211156730  6.195505
1211180873  6.557173
1211183629  5.732383
1211209097  9.614306
1211381913  9.656356
1211573460  9.196529
1211599097  12.218912
1211641321  5.985161
1211662197  5.533451
1211729551  5.674125
1211734241  4.294919
1211776422  5.392953
1211871360  4.887881
1211951053  7.094646
1212044052  3.953070
1212105406  7.296921
1212118347  4.821562
1212138408  7.094646
1212209914  7.874140
1212244969  7.627240
1212255690  2.462533
1212285537  7.868608
1212305585  6.579006
1212433086  9.989333
1212433528  6.019468
1212514063  7.529123
1212544733  4.887881
1212584895  4.215825
1212603838  6.653030
1212604730  9.774546
1212614947  6.767397
1212615428  0.000000
1212615488  7.331347
1212624347  7.653473
1212643982  7.211161
1212773269  5.534359
1212819150  7.296921
1212867092  4.787543
1213070609  7.349197
1211233297  5.091452
1211308046  7.349197
1211430931  10.831503
1211446782  7.690133
1211616735  0.000000
1211616795  2.638428
1211680018  7.461611
1211763781  5.855171
1211792919  6.840863
1212095073  11.956925
1212137212  10.916021
1212213426  5.416000
1212264038  3.748479
1212267654  5.755027
1212271914  9.243405
1212280455  4.776917
1212288170  6.272079
1212301782  9.391178
1212310143  7.335143
1212331581  6.925437
1212457302  10.886076
1212462990  6.372867
1212467278  7.461611
1212518242  4.978111
1212642808  0.000000
1212642906  0.000000
1212642914  8.379226
1212731322  7.021765
1212776724  0.000000
1212776728  3.910305
1212783896  7.212891
1212894237  4.730208
1212918289  8.087898
1211349859  4.787543
1211355864  9.696856
1211421907  4.348377
1211596222  11.287477
1211687360  7.923814
1211819086  3.705387
1211853253  9.962535
1211865174  7.094646
1211942692  11.575584
1212109561  7.728097
1212216036  6.803310
1212601622  4.970727
1212602474  8.145942
1212613922  6.878859
1212864241  8.014323
1212960795  8.512510
1211068192  9.614306
1211087808  5.129510
1211122938  11.287477
1211224537  8.675168
1211522011  17.117697
1211564030  16.910351
1211608909  4.787543
1211610175  7.331347
1211613266  15.831258
1212085451  9.656356
1212211336  6.837470
1212216221  9.253164
1212294953  0.000000
1212294954  7.343647
1212915870  4.366501
1213032751  5.578918
1211551114  7.375529
1211625617  10.796491
1211688193  6.767397
1211721457  291.524780
1211779405  7.448753
1211947671  8.526529
1211948542  5.211002
1211949940  8.573584
1211958782  7.211161
1211962207  6.669617
1211965389  14.482286
1212169593  4.868688
1212176457  5.145138
1212361229  3.584974
1212465788  6.982235
1212475658  4.344247
1212475776  8.557858
1212480329  4.666998
1212834117  9.498055
1212869604  12.029262
1212981122  7.331347
1211084952  8.322566
1211086893  5.222774
1211092013  7.150710
1211093702  2.308625
1211183645  7.212891
1211184176  13.637214
1211238811  7.855015
1211329217  9.498055
1211342858  6.691510
1211438719  41.966549
1211439840  7.212891
1211503625  5.533451
1211613205  4.131441
1211614121  7.602618
1211704035  7.331347
1211711630  7.212891
1211713168  12.156207
1211786556  4.633106
1211790207  7.228719
1211799821  5.392953
1211802135  4.366501
1211866363  6.581813
1211875626  7.212891
1212222173  6.022568
1212225026  0.000000
1212225086  0.000000
1212225088  4.366501
1212228555  12.959714
1212229113  7.349197
1212301584  2.308625
1212304101  9.610549
1212306255  0.000000
1212306263  2.462533
1212310658  0.000000
1212310670  0.000000
1212310684  10.836601
1212398102  7.211161
1212472706  6.988559
1212612251  6.980217
1212691941  10.658972
1212741278  15.049969
1212812723  11.232657
1212830128  6.170292
1211066832  7.717207
1211094942  4.807752
1211182484  5.638409
1211187200  0.000000
1211187259  0.000000
1211187319  0.000000
1211187380  0.000000
1211187440  0.000000
1211187501  0.000000
1211187561  0.000000
1211187621  0.000000
1211187681  0.000000
1211187741  0.000000
1211187801  2.462533
1211212831  7.212891
1211267597  7.153257
1211273088  12.460883
1211311465  8.417348
1211382257  6.097920
1211391033  6.581813
1211434029  4.807752
1211492661  7.717207
1211574463  12.529429
1211639157  4.807752
1211658021  7.331347
1211665141  5.930051
1211678101  5.276857
1211701729  11.515170
1211739250  7.331347
1211750512  4.294919
1211762867  4.887881
1211763744  5.392953
1211764459  7.739590
1211776195  7.818301
1211783682  5.720512
1211896507  9.475954
1211950766  10.284973
1212008740  6.119792
1212033412  9.656356
1212034070  6.625647
1212035223  7.335143
1212036723  9.498055
1212065014  9.312286
1212157540  10.708297
1212177771  4.887881
1212217789  7.966695
1212222788  11.360418
1212306739  10.240211
1212505639  10.225100
1212517981  7.212891
1212521131  4.559565
1212597581  8.014323
1212641598  10.708297
1212686665  7.020649
1212725914  7.349197
1212726613  7.717207
1212727902  9.356589
1212730062  4.709058
1212771090  0.000000
1212771092  0.000000
1212771094  0.000000
1212771124  9.556158
1212775771  12.156207
1212850669  9.614306
1212859358  6.804925
1212934970  4.887881
1212942602  7.331347
1212949717  9.774546
1212964204  9.498055
1212964728  7.212891
1212982142  4.887881
1211059354  16.645132
1211148580  4.829511
1211182892  4.366501
1211234772  9.512328
1211250318  9.164184
1211272657  7.689585
1211301636  9.656356
1211313437  0.000000
1211313452  13.027633
1211332822  0.000000
1211332919  109.869102
1211401665  6.691510
1211469817  13.791292
1211605947  10.281294
1211644984  7.331347
1211652076  6.669617
1211653209  8.687001
1211659358  6.445693
1211662173  4.366501
1211663055  7.584152
1211670425  4.443529
1211686191  7.868608
1211715830  9.774546
1211722365  4.887881
1211723150  13.436860
1211752288  4.787543
1211783113  4.616050
1212252439  0.000000
1212252451  0.000000
1212252488  6.664861
1212461148  4.582389
1212619648  9.770724
1212638926  7.212891
1212694115  9.101474
1212696480  3.999466
1212736032  5.237016
1212745124  8.188253
1212750813  7.818301
1213001401  5.985161
1213003287  4.787543
1213005090  8.557858
1211024455  6.517029
1211071495  4.887881
1211213253  9.774546
1211213587  6.653890
1211237581  7.331347
1211255839  5.581107
1211257264  9.344860
1211376518  0.000000
1211376553  0.000000
1211376601  0.000000
1211376664  2.547448
1211412988  10.796491
1211421905  9.697448
1211437415  8.383542
1211442247  4.730208
1211449263  4.199439
1211522243  5.392953
1211690794  6.804925
1212158663  6.616906
1212164165  6.219253
1212207695  2.383097
1212288275  7.349197
1212371711  9.957243
1212410552  4.366501
1212421247  10.923365
1212542270  7.714772
1212548454  7.461611
1212981401  13.229353
1211097796  11.172262
1211132657  7.997833
1211376048  9.936330
1211381611  4.118955
1211399790  6.868361
1211401083  5.750449
1211526191  293.272888
1211529562  4.224302
1211592628  6.731141
1211789326  10.976718
1211871214  9.101474
1211960769  4.988979
1211966778  4.709058
1212032167  5.319492
1212048536  2.462533
1212140065  12.575387
1212173652  9.498055
1212182282  7.094646
1212199205  8.655469
1212209655  9.674980
1212251308  11.287477
1212296736  13.330585
1212729118  7.427481
1212806340  11.048808
1212816355  341.767090
1212867817  11.054061
1213068410  0.000000
1213068454  12.218912
1211345575  7.335143
1211356125  7.331347
1211414246  8.459247
1211424779  6.492229
1211443111  7.177299
1211514118  7.181314
1211609312  0.000000
1211609337  7.995467
1211688456  3.316330
1211690627  8.954676
1211707096  2.462533
1211750863  6.691510
1211761423  6.641173
1211843720  8.625673
1211906798  0.000000
1211906800  4.970727
1211935142  6.014078
1212024406  6.603617
1212103264  6.459305
1212114844  5.077476
1212205798  10.259020
1212208141  9.989333
1212216003  10.893290
1212448462  11.065988
1212461600  6.526142
1212546366  3.015347
1212558485  7.211161
1212558926  6.541007
1212560972  8.906903
1212802889  6.564409
1211043847  10.321938
1211071665  4.970727
1211225649  7.584152
1211247512  7.228719
1211255636  11.968857
1211400802  5.304544
1211430062  8.485754
1211440000  4.655125
1211473660  12.732350
1211614949  9.110908
1211621645  7.331347
1211623785  7.335357
1211675741  6.691510
1211709157  4.366501
1211868995  4.366501
1211996045  7.335143
1212208340  3.481089
1212297245  4.970727
1212632388  8.014323
1212815538  6.097920
1212901216  8.145942
1212917607  6.390660
1211090374  6.783875
1211130432  12.558409
1211169583  3.307035
1211358659  6.867840
1211393818  5.332234
1211487492  2.462533
1211586825  7.228719
1211649598  10.093542
1211653629  8.913559
1211665607  7.212891
1211677923  9.989333
1211685685  4.488321
1211698448  7.204531
1211731730  7.212891
1211743436  5.145138
1211748042  6.680292
1211781632  4.678394
1211817686  8.674842
1211991424  11.102436
1212010181  0.000000
1212010206  7.331347
1212044476  28.423647
1212044723  7.099050
1212050647  5.964616
1212108665  7.094646
1212204690  6.475655
1212211690  11.360418
1212225514  9.183374
1212371575  7.094646
1212462004  8.163978
1212505596  7.212891
1212544896  6.796959
1212640098  5.533231
1212651051  9.094965
1212686592  8.606156
1212899108  9.498055
1212899926  5.638409
1212903430  0.000000
1212903491  9.610549
1212949634  5.158296
1213028929  6.131118
1211066570  7.354027
1211308014  7.094646
1211402641  9.498055
1211490512  6.691510
1211771044  6.658053
1211777559  6.868361
1211823676  5.392953
1211838056  9.344860
1212459479  7.217044
1212493230  6.581813
1212730621  8.175848
1211096042  8.485754
1211159369  8.442159
1211168642  0.000000
1211168645  3.357548
1211436789  5.964616
1211573503  4.787543
1211592253  9.092345
1211610192  6.767397
1211610949  6.922252
1211762012  4.978111
1212112590  3.307035
1212135758  9.253164
1212356830  6.364315
1212359503  6.182477
1212681297  10.051849
1212684903  8.159849
1212777718  7.212891
1212787041  6.735619
1212805578  8.299639
1212812658  8.625114
1212888531  8.922013
1212961897  6.272079
1211086685  4.887881
1211089011  6.764475
1211094192  11.360418
1211155103  4.709058
1211162669  4.352312
1211162957  0.000000
1211163017  7.997833
1211163793  10.317525
1211169920  8.656305
1211272988  10.693801
1211354806  6.869420
1211359402  7.349197
1211393090  9.163636
1211414026  8.017306
1211417110  9.344860
1211490252  10.107646
1211510642  6.869420
1211525301  10.889793
1211562192  12.327263
1211591347  9.498055
1211606055  9.676586
1211608772  5.232228
1211611067  8.743583
1211641334  9.610549
1211690556  5.883222
1211697250  4.763455
1211717421  12.093725
1211782470  5.070589
1211808687  9.498055
1211817082  7.969208
1211820926  9.774546
1211898246  4.787543
1211907784  6.459305
1212002189  6.060053
1212070569  12.156207
1212076472  0.000000
1212076517  13.103303
1212112204  4.443529
1212113889  9.656356
1212115124  6.887946
1212118908  5.848289
1212126123  12.595246
1212155792  14.660632
1212167681  9.768640
1212194867  9.614306
1212200232  7.331347
1212206006  6.983061
1212208154  9.207946
1212284126  7.331347
1212288483  3.963147
1212291362  4.377207
1212294919  9.610549
1212372243  8.019318
1212415847  11.824109
1212451278  13.542762
1212452641  4.970727
1212465935  20.571936
1212486282  9.774546
1212499851  12.029262
1212517476  10.272851
1212524312  12.196036
1212628732  0.000000
1212628737  4.887881
1212638928  4.942749
1212714889  9.562627
1212761238  8.099473
1212766609  11.587627
1212821521  8.029812
1212848679  6.783875
1212888121  5.430979
1212888899  8.678007
1212892631  7.263642
1212892938  19.611237
1212900473  7.077111
1212905209  7.314561
1212910201  9.186497
1212974521  8.014323
1212975336  6.116625
1212985367  8.027767
1213022916  8.913559
1211102224  6.767397
1211261609  14.358239
1211267719  5.042905
1211417734  7.543482
1211421391  9.253164
1211643818  11.161545
1211702657  6.119792
1211778625  5.199131
1212117178  7.868608
1212313655  7.914115
1212346092  6.215881
1212377155  9.465903
1212390441  6.665293
1212484197  8.529056
1212541475  6.691510
1212627039  9.163636
1212655148  10.370103
1212776084  7.622400
1212866262  8.064863
1213035105  6.804925
1212287070  11.287477
1212289499  12.864186
1212337377  8.163978
1212639022  6.767397
1212645240  5.829542
1212715231  6.327770
1212720922  7.349197
1212727877  7.855015
1212766812  9.614306
1212789796  12.761704
1212797814  7.094646
1212799167  9.770724
1212893037  7.212891
1212939783  7.094852
1212985670  6.980217
1213031850  6.581813
1211222994  7.728097
1211229212  8.819036
1211236678  6.272079
1211303071  10.796111
1211320536  4.787543
1211350089  8.919107
1211354473  4.755055
1211483262  7.299829
1211759291  8.621227
1212024518  5.654797
1212036191  5.304544
1212125929  9.614306
1212176691  9.940215
1212213826  6.364315
1212275948  6.839347
1212557706  13.090727
1212688075  3.910305
1212881897  10.474031
1212948720  6.980217
1213020291  9.255677
1213031951  7.331347
1213034391  9.614306
1213040092  6.095400
1213044100  6.691510
1211020287  6.475655
1211041019  4.807752
1211058401  4.517070
1211064750  6.982834
1211121006  5.112528
1211154677  0.000000
1211154697  0.000000
1211154724  7.939093
1211154906  8.983277
1211166165  6.372867
1211257160  5.222774
1211312208  2.383097
1211312561  3.888211
1211329452  7.035810
1211381030  9.078601
1211430513  5.676793
1211434217  6.278543
1211507426  7.263308
1211510384  3.936974
1211530444  3.301589
1211530597  6.425543
1211532117  5.580685
1211532723  0.000000
1211532783  0.000000
1211532833  0.000000
1211532893  4.807752
1211569369  6.557173
1211572305  4.312837
1211580710  7.818301
1211594157  5.056429
1211659468  5.419860
1211800678  4.807752
1211868907  7.331347
1211871528  10.993790
1211956653  10.970554
1212009569  12.156207
1212038974  2.787774
1212091622  7.094646
1212246940  4.225646
1212392224  4.887881
1212395571  9.060110
1212462923  0.000000
1212462946  5.145138
1212509931  12.437034
1212527788  6.532301
1212543064  4.978111
1212608860  6.869420
1212652649  0.000000
1212652650  73.875999
1212735487  7.997833
1212801102  4.655125
1212878057  9.656356
1212888091  5.528527
1212911764  10.093542
1212912098  7.498455
1212986060  11.810633
1211239878  11.102436
1211252797  6.691510
1211315696  9.556416
1211403155  7.349197
1211518971  7.212891
1211525620  4.294919
1211624527  7.094852
1211643904  12.716912
1211679814  6.691510
1211688315  4.756038
1211720417  11.933092
1211720806  7.212891
1211730677  9.089476
1211784974  6.533158
1211828695  9.774546
1211997618  4.787543
1212033434  5.392953
1212084755  4.351863
1212116048  0.000000
1212116108  3.247465
1212136699  10.664917
1212176817  7.324607
1212260707  7.584152
1212283571  9.575086
1212459659  12.623414
1212475161  8.297017
1212484373  7.592516
1212489787  7.331347
1212493267  4.199439
1212493387  7.402464
1212494689  5.732383
1212494932  0.000000
1212494992  2.686400
1212496264  9.060110
1212500406  10.290392
1212512876  7.212891
1212517017  7.335143
1212518656  4.915032
1212520037  6.060053
1212536254  4.709058
1212608322  7.212891
1212705920  11.102436
1212725933  7.798512
1212806828  0.000000
1212806830  7.152997
1212910230  4.366501
1212928979  11.908639
1212930118  8.041818
1212930929  5.392953
1212938705  6.767397
1212945143  9.775753
1212994630  11.232657
1213017329  6.869420
1213017486  10.993443
1211048572  5.720512
1211079423  7.123433
1211169200  2.273108
1211205823  9.770724
1211273583  8.030142
1211333439  0.000000
1211333462  8.702503
1211341853  4.524718
1211385106  10.419209
1211392109  167.787064
1211433366  4.130604
1211613317  12.362741
1211675310  0.000000
1211675329  4.887881
1211697289  7.420598
1211819490  6.063288
1211859417  6.625647
1211876863  5.145138
1211895597  12.229750
1211903350  13.965376
1211936867  6.930837
1211950434  7.212891
1211951896  3.241145
1212027593  5.818704
1212033436  7.602618
1212081785  9.052834
1212083263  7.043695
1212113494  8.646114
1212207449  5.883222
1212249403  4.887881
1212249886  8.603450
1212387816  7.486545
1212395394  10.498625
1212399297  0.000000
1212399357  0.000000
1212399373  8.663536
1212476256  0.000000
1212476273  3.357548
1212479075  0.000000
1212479134  0.000000
1212479194  4.366501
1212481192  7.401033
1212484490  4.130596
1212535066  10.111599
1212609521  0.000000
1212609552  0.000000
1212609612  0.000000
1212609672  0.000000
1212609733  0.000000
1212609794  0.000000
1212609857  0.000000
1212609914  0.000000
1212609929  0.000000
1212609993  0.000000
1212610051  5.090841
1212758756  11.835241
1212798675  5.217848
1212809861  7.152856
1212899029  7.094646
1212910671  7.277379
1212980604  0.000000
1212980620  3.788513
1211213453  11.897442
1211226472  8.046018
1211398810  7.212891
1211408706  8.014323
1211497232  8.625114
1211507579  6.658053
1211523409  7.094646
1211559721  9.038603
1211575333  9.770724
1211581069  10.472727
1211692918  7.094646
1211934814  0.000000
1211934872  6.873138
1212077942  12.229750
1212079958  12.095733
1212083235  14.976221
1212159891  9.770724
1212179687  7.094646
1212197415  10.909258
1212254602  7.177299
1212302889  6.873138
1212504449  12.218012
1212508733  12.029262
1212554522  7.211161
1212605427  11.881555
1212607216  9.656356
1212619237  3.690001
1212709921  7.094646
1212802647  11.494970
1212856409  7.112126
1213031821  8.145942
1211035885  11.704300
1211041853  7.000438
1211163512  6.130305
1211167551  10.348199
1211238551  0.000000
1211238613  10.284973
1211498848  0.657110
1211578089  7.855015
1211677655  9.845184
1211686733  7.918614
1212131962  8.802070
1212290998  10.093542
1212343995  6.816777
1212788115  4.887881
1212828467  8.728057
1212835042  5.392953
1212835342  6.653890
1211033039  9.196529
1211055181  5.332234
1211056308  8.007344
1211081018  4.978111
1211242663  7.349197
1211254912  4.970727
1211335885  7.108948
1211402579  7.212891
1211488351  10.472727
1211513770  10.489484
1211612140  3.143660
1211669018  7.473760
1211698035  4.366501
1211711950  0.000000
1211711995  6.642044
1211780231  5.072129
1211891208  7.212891
1211919990  6.691510
1212117723  6.767397
1212124496  10.111599
1212127010  4.887881
1212288818  0.000000
1212288838  3.603707
1212320654  16.841122
1212379536  5.199131
1212381925  5.524088
1212391679  7.331347
1212399251  6.642044
1212461108  14.514081
1212501088  5.459412
1212549943  7.212891
1212641991  335.402161
1212766563  2.462533
1212821008  6.299312
1212935545  8.296719
1213019419  18.165863
1211209597  14.071352
1211239963  10.254694
1211243002  11.287477
1211347347  2.462533
1211375700  9.344860
1211381948  13.588611
1211417283  6.557173
1211423876  7.212891
1211434678  5.745051
1211438969  5.392953
1211459789  11.287477
1211499144  7.331347
1211502406  4.511890
1211506867  7.212891
1211511052  9.614306
1211517808  9.791820
1211588769  7.212891
1211592293  0.000000
1211592331  7.997833
1211600636  6.272079
1211606523  9.656356
1211611116  2.955040
1211674651  8.940809
1211742344  3.742715
1211772820  4.104222
1211788507  9.656356
1211811062  12.872010
1211869963  12.947078
1211871369  6.375497
1212007522  5.332234
1212016663  7.212891
1212045694  2.308625
1212111369  7.211161
1212124210  13.513518
1212132224  7.228719
1212171217  7.112126
1212192286  4.787543
1212209238  3.252821
1212213712  5.745051
1212430100  9.305452
1212508186  7.211161
1212642168  8.306757
1212644497  4.352312
1212648263  8.208445
1212648965  7.211161
1212719164  7.212891
1212721798  7.001464
1212733237  2.308625
1212739147  8.175848
1212854555  4.045811
1212966444  7.296921
1211093780  10.212761
1211158415  7.228719
1211277928  6.691510
1211401227  4.419270
1211427782  0.000000
1211427789  5.508379
1211433313  12.224537
1211531445  6.658053
1211572448  7.182892
1211593778  8.427390
1211682520  6.796959
1211692217  6.643326
1211823385  6.980217
1211902633  5.620669
1212074936  0.000000
1212074983  0.000000
1212074997  5.639863
1212091707  4.294919
1212095237  0.000000
1212095288  12.153298
1212299163  8.655469
1212300807  7.349197
1212411217  6.936232
1212412938  6.811295
1212421922  12.229750
1212425175  8.165775
1212430366  0.000000
1212430427  4.887881
1212434161  6.565385
1212441098  2.345270
1212553622  9.656356
1212983276  198.128372
1213024185  11.102436
1213037831  7.331347
1213080363  0.000000
1213080423  7.776421
1213081044  4.962859
1213083424  7.331347
1211035058  4.419270
1211072008  5.739316
1211078954  6.109456
1211154739  4.351252
1211203860  11.221114
1211335052  12.213406
1211338064  9.774546
1211340150  7.167521
1211408198  9.994354
1211466861  8.376752
1211661319  3.356241
1211841271  4.787543
1211952489  12.095733
1212028469  7.916097
1212041901  4.366501
1212170611  8.954676
1212284094  8.286236
1212343754  7.868608
1212652315  4.807752
1212655574  3.307035
1212871742  4.822799
1212890466  9.198002
1212904287  11.349276
1211086311  7.675821
1211254896  6.691510
1211278936  9.176741
1211491063  7.461611
1211530317  9.656356
1211860132  7.212891
1211863539  6.313982
1211885201  7.212891
1211907244  3.307035
1211908087  3.241145
1211917010  7.212891
1212213504  4.787543
1212216701  4.559565
1212419904  6.272079
1212422266  7.331347
1212449165  7.331347
1212636231  7.094646
1212709584  4.443529
1212739343  4.294919
1212744327  11.496264
1212788326  7.525052
1211073476  5.638409
1211183627  5.056429
1211321452  5.720512
1211418634  13.109759
1211507366  3.307035
1211680608  9.303039
1211718942  7.918528
1211719243  8.328107
1211829807  7.146018
1211851577  11.102436
1211859262  7.497531
1211906752  11.287477
1211948055  0.000000
1211948057  5.072129
1211953474  8.511141
1212013060  5.392953
1212161461  9.164778
1212235634  9.770724
1212272489  4.633106
1212299090  7.212891
1212439525  4.500320
1212449056  11.705547
1212461312  16.436832
1212560544  6.231734
1212695529  8.316288
1212695839  7.331347
1212703504  7.461611
1212812064  4.787543
1212817403  0.000000
1212817409  4.130596
1212883792  0.667635
1212909895  3.105772
1211095229  0.000000
1211095279  6.754621
1211134844  6.691510
1211211723  8.020235
1211300490  9.656356
1211333591  6.142052
1211344617  6.980217
1211383749  6.027872
1211532695  3.200356
1211813719  11.515170
1211867486  9.409998
1211900772  4.559565
1211936016  4.978111
1211946125  0.000000
1211946127  4.443529
1212073999  9.089823
1212123701  7.094646
1212137322  8.046018
1212157715  7.211161
1212216243  10.729284
1212275259  7.690885
1212441177  4.887881
1212598867  9.110908
1212822951  7.241095
1212829472  4.887881
1212848897  7.094852
1212869808  4.678394
1212870542  0.000000
1212870551  6.549751
1212871108  6.899603
1212877428  5.237016
1212879340  6.425543
1212879905  7.212891
1212932033  7.335143
1212992339  7.680969
1212993398  4.655125
1212999139  8.857356
1211152509  4.511890
1211159487  4.199439
1211163643  8.299639
1211337632  4.709058
1211345388  7.446002
1211386386  4.887881
1211460630  0.000000
1211460664  1.252136
1211487110  7.299829
1211768320  0.000000
1211768357  7.331347
1211769115  0.000000
1211769170  4.807752
1211789183  11.287477
1211793258  7.331347
1211842015  7.212891
1211967057  0.000000
1211967085  0.000000
1211967087  0.000000
1211967147  7.727745
1212188882  7.592516
1212211358  4.163081
1212215229  8.276876
1212306237  7.325119
1212331024  4.925066
1212335550  5.032265
1212337476  7.874140
1212533749  5.222774
1212635971  6.124331
1212694999  7.331347
1212718608  5.222774
1212724460  8.459247
1212770413  8.999017
1212774883  9.614306
1211104646  14.071352
1211558826  6.124331
1211580179  10.489484
1211622064  6.725380
1211653714  6.104266
1212014627  7.212891
1212067807  0.000000
1212067809  14.134867
1212091102  14.803756
1212165024  10.729284
1212199004  4.730208
1212222754  5.304544
1212227345  9.656356
1212416852  3.001445
1212508002  15.060558
1212627618  8.977160
1212675388  9.169215
1212708285  15.086283
1212818954  12.810076
1213033014  4.044611
1211210020  10.667272
1211317357  6.119792
1211319241  7.211161
1211333679  6.581813
1211478112  5.638409
1211511201  6.820300
1211913573  6.119792
1212159139  11.392237
1212171636  5.430979
1212292191  6.240559
1212301963  15.168304
1212442958  7.918528
1212642262  4.131441
1212728470  7.331347
1212908877  7.547347
1211047301  2.238667
1211051292  7.735743
1211262012  5.113778
1211302734  12.229750
1211305074  5.237016
1211419089  7.034287
1211444552  7.720973
1211502582  6.426001
1211792125  3.307035
1211794383  9.207946
1211848347  9.674980
1211902678  14.649214
1212037195  9.529645
1212107175  6.517175
1212171099  4.787543
1212259783  5.835452
1212281816  6.762085
1212713396  6.272079
1212876768  6.691510
1212903981  2.422164
1211146668  5.342882
1211187853  9.656356
1211239750  7.584152
1211399006  2685.534912
1211511935  6.782517
1211581135  14.298621
1211611374  4.807752
1211628033  4.366501
1211923779  4.294919
1211927238  0.000000
1211927257  15.680617
1211928105  12.875141
1212157963  6.669617
1212191785  0.000000
1212191813  3.301589
1212201616  13.788213
1212205760  5.073107
1212213235  4.200299
1212276964  3.340146
1212349079  5.750449
1212475862  7.331347
1212476936  0.000000
1212476996  15.642332
1212519190  4.868688
1212525886  0.000000
1212525898  0.000000
1212525929  66.031784
1212701143  8.278560
1212732586  17.575218
1212904396  8.268710
1213026189  9.172312
1213033087  7.455607
1213036297  6.779895
1211046507  8.062687
1211122883  5.129510
1211260269  7.211161
1211313897  8.378181
1211439852  7.331347
1211440370  7.169475
1211555068  7.094646
1211555435  5.865458
1211656034  6.664861
1211699798  2.462533
1211897110  8.857356
1211960215  6.669617
1212011921  7.212891
1212070057  12.218012
1212158586  10.386047
1212317131  6.868361
1212422331  10.473353
1212424670  0.000000
1212424672  12.229750
1212438334  66.915100
1212527493  4.287352
1212537981  4.709058
1212558595  0.000000
1212558652  0.000000
1212558706  0.000000
1212558794  0.000000
1212558855  2.462533
1212606635  4.868688
1212665218  7.969795
1212677018  9.122889
1212694640  8.797617
1212814811  6.664861
1211021842  11.658318
1211057289  10.261767
1211213373  8.778505
1211264127  5.620669
1211269790  12.352533
1211434564  5.865458
1211491094  5.750449
1211568024  7.481608
1211655937  56.413517
1211662017  198.543335
1211675631  0.000000
1211675686  0.000000
1211675746  0.000000
1211675787  4.294919
1211724144  4.902685
1211807066  10.147794
1211814151  8.299639
1211816856  6.549751
1211905185  8.913559
1211998842  8.922013
1212025058  2.729706
1212121376  0.000000
1212121383  4.887881
1212133522  6.540285
1212146890  14.497484
1212182003  8.003540
1212382320  8.913559
1212395824  6.410128
1212395985  8.558528
1212396292  8.380015
1212422520  9.674980
1212517731  9.023982
1212566680  6.676137
1212569749  7.348966
1212722718  8.014323
1212780324  6.982834
1212983035  8.165537
1211018411  11.824109
1211081758  7.286891
1211175638  14.635243
1211307770  7.335143
1211334824  5.491089
1211421087  10.658972
1211432013  10.225100
1211436467  5.626733
1211515972  5.632403
1211737938  5.674125
1211752081  5.533451
1211782069  4.655125
1211858383  4.887881
1211873847  4.158572
1211880450  4.763455
1211883416  0.000000
1211883434  0.000000
1211883447  0.000000
1211883469  0.000000
1211883475  5.332234
1211987943  14.649214
1212139949  7.529123
1212220631  5.866835
1212261091  4.352312
1212357158  5.620669
1212483905  10.261767
1212565914  7.212891
1212645373  5.533451
1212831305  12.138152
1213022623  7.331347
1213087749  0.000000
1213087768  7.635344
1211068932  5.237016
1211085706  5.129510
1211162047  10.851097
1211170845  8.000407
1211288065  7.399071
1211291726  4.887881
1211298849  2.462533
1211303630  7.677836
1211311383  6.095400
1211569195  9.774546
1211595283  7.525052
1211609885  7.094852
1211663003  10.284973
1211665065  4.810156
1211685562  0.000000
1211685579  0.000000
1211685582  4.440509
1211690876  5.720512
1211708236  11.102436
1211752246  9.871304
1211752426  5.291430
1211768788  0.000000
1211768795  7.467047
1211848091  0.000000
1211848151  7.331347
1211957539  5.332234
1212223843  0.000000
1212223859  4.970727
1212231198  0.000000
1212231258  0.000000
1212231288  0.000000
1212231311  4.887881
1212232322  6.417490
1212237635  3.307035
1212263611  6.273291
1212276300  7.819636
1212501929  3.600620
1212528108  8.515190
1212560880  7.331347
1212590725  0.000000
1212590769  8.241833
1212596830  2.422164
1212597603  2.422164
1212603877  9.791820
1212612227  2.139621
1212614435  2.547448
1212854867  6.691510
1212875023  8.419524
1212983617  5.735580
1212998332  7.966695
1213044161  10.094361
1213064884  4.562058
1211086386  9.196529
1211101096  3.252821
1211425116  6.176778
1212202771  0.000000
1212202778  2.345270
1212206230  10.889793
1212285117  7.094646
1212704917  4.787543
1212737689  7.690133
1212807917  11.617016
1212902406  10.010499
1212986935  7.457613
1211050768  13.112200
1211299296  9.498055
1211311526  5.583217
1211352631  6.440160
1211518644  5.491089
1211942892  5.073107
1212121237  4.994667
1212212526  13.012802
1212816190  8.882477
1212912766  2.462533
1211144076  0.000000
1211144091  2.462533
1211926287  11.287477
1212561537  5.430979
1212679542  4.766193
1212782200  4.709058
1212790875  7.331347
1212840389  4.787543
1212849790  7.331347
1212973057  4.366501
1211060038  7.331347
1211301123  9.770724
1211357326  6.272079
1211686697  10.212114
1211765349  7.211161
1212094403  9.770724
1212275831  7.331347
1212595578  4.443529
1212615718  6.869420
1212635679  8.107690
1212821550  4.787543
1212912619  5.248042
1211034249  7.997833
1211056625  7.206379
1211080625  4.017437
1211087051  0.000000
1211087074  0.000000
1211087088  0.000000
1211087124  25.699913
1211175533  14.209412
1211226153  7.228719
1211341308  6.182477
1211345648  9.770724
1211355977  8.796602
1211444953  9.770724
1211448914  4.130596
1211449035  6.238022
1211450226  4.146091
1211450851  4.199439
1211488351  6.026952
1211532467  5.043940
1211536571  7.331347
1211632592  5.043940
1211632691  2.422164
1211709318  8.573584
1211710436  7.211161
1211711721  3.607674
1211759242  8.163978
1211764554  4.887881
1211768581  7.094646
1211775336  8.278560
1211910920  4.287352
1211922156  4.440509
1212118315  6.426455
1212135347  6.658053
1212136249  6.369314
1212293251  0.000000
1212293296  6.820300
1212307234  6.393654
1212332396  13.789092
1212402266  9.290201
1212564472  6.156333
1212645769  4.199439
1212738728  6.533158
1212743823  5.502480
1212808243  5.885809
1212810847  5.865458
1212825628  4.420462
1212826922  7.277502
1212863722  12.095733
1212903029  8.135344
1212908805  6.176778
1212921174  4.887881
1213076944  6.533158
1211102780  4.499399
1211116586  6.691510
1211117883  0.000000
1211117893  5.247030
1211169558  3.307035
1211174097  5.967410
1211212683  11.287477
1211636989  9.768640
1211791481  8.297099
1212066234  9.940215
1212084219  7.473760
1212366303  10.093542
1212369010  9.770724
1212379880  6.749992
1212451427  7.814169
1212589893  6.111757
1212684008  9.038603
1212704584  6.709686
1212891220  19.685986
1212960797  8.274776
1211119351  8.509534
1211186977  6.779648
1211307876  8.812538
1211336722  7.168687
1211353319  0.000000
1211353356  0.000000
1211353399  0.000000
1211353400  0.000000
1211353438  4.730208
1211385702  6.869420
1211436739  10.960592
1211556887  11.705547
1211680946  6.589645
1211691104  7.212891
1211707452  11.287477
1211779491  7.094646
1211790116  4.887881
1211830355  8.417564
1211857930  7.331347
1211860698  13.279520
1212068738  9.770724
1212092492  2.308625
1212121987  7.997833
1212381850  7.211161
1212388881  6.483659
1212391398  6.883335
1212402375  4.131441
1212402889  3.195086
1212403009  4.961253
1212403130  4.961253
1212470404  12.168302
1212786255  11.102436
1212914607  6.023315
1212939355  4.511890
1212940217  10.729284
1212942630  3.742715
1212946157  11.287477
1212950982  9.614306
1212956373  9.791820
1212977063  10.552518
1212990657  8.390285
1213001822  3.705387
1211086676  7.212891
1211191902  7.564561
1211339376  6.104266
1211605675  7.868608
1211790368  7.331347
1211796207  7.831044
1211870815  7.344636
1211873158  9.223426
1211942388  15.168304
1211963540  7.349197
1211964794  9.455540
1211965181  15.026438
1212039807  11.554463
1212179552  5.039519
1212223121  7.386357
1212249686  5.032265
1212255104  6.658053
1212259110  9.631298
1212314893  5.945626
1212315895  9.614306
1212339393  9.465523
1212376735  6.980217
1212394904  4.887881
1212471850  8.712153
1212559444  8.041818
1212574753  10.923365
1211030473  9.164778
1211043083  8.430625
1211101059  4.103608
1211119578  4.787543
1211248095  12.028156
1211286529  12.028783
1211289863  0.000000
1211289925  0.000000
1211289951  0.000000
1211289964  12.029262
1211304508  4.831415
1211314042  9.089823
1211393231  7.269735
1211411070  5.136146
1211413659  7.473760
1211418212  2.462533
1211514117  4.104222
1211556695  9.660604
1211620309  7.804706
1211651722  4.633106
1211693739  6.691510
1211704416  8.442960
1211706183  0.000000
1211706243  10.955058
1211770015  6.762085
1211774878  7.212891
1211855019  4.366501
1211894776  9.614306
1211896750  7.101187
1211899192  17.399000
1211899320  8.166878
1211921921  7.431677
1211934804  9.610549
1211940393  6.652343
1211976708  8.539246
1211983415  7.331347
1211997149  7.905095
1212004703  7.275946
1212025458  11.102436
1212066679  2.638428
1212074425  9.877356
1212083932  7.211161
1212153747  4.682868
1212158692  18.580549
1212172769  10.468634
1212294816  7.296921
1212327273  7.039381
1212328209  5.866835
1212328427  5.140557
1212329025  5.574256
1212331041  3.307035
1212334150  10.946533
1212339980  4.868688
1212340920  7.912111
1212342590  4.655125
1212352186  9.253164
1212352946  9.573647
1212356259  6.642044
1212384893  7.566098
1212453867  9.589520
1212459088  8.017306
1212499195  0.000000
1212499253  0.000000
1212499284  3.603707
1212515266  7.457613
1212583539  4.887881
1212586354  9.784604
1212606536  8.741237
1212627923  11.102436
1212629621  7.212891
1212636913  3.252821
1212791577  9.212136
1212811992  8.733002
1212844800  7.152997
1212847376  4.730208
1212852969  4.548239
1212854430  11.956925
1212859868  7.455607
1212943941  11.898108
1212959557  7.169475
1212976172  9.610549
1212999552  8.797617
1213020047  4.807752
1211050368  4.887881
1211225397  5.332234
1211227731  7.931961
1211237797  5.684730
1211285408  7.073244
1211298230  9.770724
1211299847  2.422164
1211384363  7.094646
1211423863  5.147316
1211478179  5.276857
1211665068  4.511890
1211709160  9.403265
1211910771  7.361829
1211932489  5.638409
1211944662  11.960048
1211945765  0.000000
1211945767  7.331347
1212027198  4.978111
1212033796  12.156207
1212038800  4.787543
1212041603  9.768640
1212105782  7.212891
1212126177  0.000000
1212126194  10.229787
1212286217  11.252880
1212396079  7.349197
1212460203  7.939093
1212509552  9.656356
1212519881  4.887881
1212553131  6.980217
1212599201  6.581813
1212647623  4.887881
1212655588  12.348819
1212659495  6.691510
1212733554  7.094646
1212772384  9.016113
1212816129  7.331347
1212846847  8.374907
1212894231  6.016712
1212908326  3.888211
1212925782  0.000000
1212925806  0.000000
1212925808  7.152997
1212989120  2.462533
1211064325  5.636786
1211126626  7.094646
1211138888  7.211161
1211247659  9.656356
1211256566  13.781972
1211316182  7.461611
1211734203  7.211161
1211995887  4.787543
1212028805  7.717207
1212222938  11.719148
1212260768  7.689585
1212285016  7.331347
1212288171  7.543482
1212297746  17.636606
1212303246  7.921935
1212348852  9.232475
1212353026  15.383827
1212515105  7.212891
1212594108  9.610549
1212611114  9.610549
1212656799  6.980217
1212766299  11.287477
1212776636  9.940215
1212872319  7.212891
1212882588  150.987213
1212899079  9.614306
1212909991  9.775763
1212912553  5.145138
1212999339  7.903892
1211254217  68.788589
1211259172  6.527582
1211299465  10.468337
1211325435  9.770724
1211327847  13.195345
1211501138  9.101474
1211665374  6.605200
1211794718  9.253164
1211842797  7.335357
1211889557  7.331347
1211915148  8.448605
1212000775  7.335143
1212006676  4.352312
1212264041  7.519303
1212356360  7.868583
1212384297  83.988777
1212550433  7.212891
1212630011  117.197563
1212708586  7.349197
1212719596  7.331347
1212722184  5.125576
1212871795  7.457613
1211033039  9.196529
1211055181  5.332234
1211056308  8.007344
1211093867  7.290778
1211181840  8.913559
1211309146  0.000000
1211309169  7.331347
1212849216  5.390692
1212878203  4.655125
1212936818  4.366501
1212957679  3.421071
1212989035  7.094646
1213034552  7.296921
1211081284  11.878741
1211206714  9.019131
1211212015  10.672706
1211421080  2.238667
1211458273  1.710535
1211458531  6.977074
1211468860  4.913471
1211469529  7.396056
1211477309  8.699500
1211478400  6.754621
1211480045  3.307035
1211483611  10.491235
1211484034  54.967213
1211502425  9.798930
1211799799  7.349197
1211873139  7.413635
1212021722  6.182477
1212271766  5.055894
1212459295  47.222794
1212463686  0.000000
1212463765  61.684067
1212480282  0.000000
1212480305  7.546294
1212749153  5.430979
1212773923  5.484359
1212901154  9.655221
1212902977  7.473760
1212984143  5.304544
1211084443  8.417348
1211097559  5.866835
1211098948  5.211002
1211101124  7.453861
1211114441  4.294919
1211303175  4.511890
1211330260  5.626599
1211357090  6.511876
1211361569  12.156207
1211406232  7.212891
1211434059  6.475655
1211435534  9.325542
1211446048  4.787543
1211512532  12.093725
1211532731  9.196529
1211605213  6.170292
1211606240  7.303611
1211620393  6.982688
1211624066  4.063973
1211624206  5.145138
1211666874  5.524088
1211675195  4.366501
1211680049  7.177299
1211687529  6.022568
1211703560  4.200299
1211705947  7.989120
1211811046  10.889793
1211943939  6.104266
1211944691  5.340113
1211996198  7.212891
1212004620  4.887881
1212052484  4.807752
1212053365  11.764071
1212136523  11.102436
1212138780  10.565542
1212194268  7.212891
1212202357  8.360707
1212205957  6.762085
1212215835  15.050486
1212227037  7.212891
1212312738  6.533158
1212445798  7.335357
1212541734  4.970727
1212554628  9.100445
1212571135  11.968857
1212626300  12.541385
1212635227  6.065711
1212646420  7.818301
1212764061  2.462533
1212810826  7.212891
1212831486  11.388775
1212912491  4.787543
1212975240  7.212891
1211087851  5.199131
1211179923  9.656356
1211252260  4.807752
1211260621  7.775217
1211331604  8.832111
1211332148  9.196529
1211336995  7.457613
1211432887  9.770724
1211468495  14.978033
1211763490  9.610549
1211892756  6.765794
1211994470  7.094646
1212098896  7.331347
1212105624  5.056429
1212187644  7.331347
1212297362  6.200690
1212375917  16.407520
1212463598  5.039519
1212660702  6.524448
1212677720  9.459237
1212773978  9.698694
1212791866  7.335143
1212822558  5.159092
1212824009  9.740173
1212893783  8.188253
1211043193  4.199439
1211516306  7.087250
1211600519  8.030142
1211608510  10.151114
1211641996  9.610549
1211665643  9.089823
1211713429  11.515170
1211765263  4.868688
1211767190  6.844625
1211790478  7.212891
1211913160  6.691510
1211938525  5.055894
1211990489  15.612446
1212087778  4.312837
1212115831  9.438554
1212171219  7.228719
1212176341  9.820023
1212246989  5.113900
1212250467  9.079134
1212251358  4.215825
1212268185  12.173109
1212286461  3.588905
1212383405  7.331347
1212388011  7.816885
1212388946  3.968442
1212392774  6.837470
1212424403  9.196529
1212446681  4.807752
1212629545  6.213760
1212679463  0.000000
1212679493  9.936330
1212719560  7.975659
1212893407  8.194686
1212945516  5.032265
1212999937  4.807752
1211021917  4.366501
1211022405  4.887881
1211051703  14.108115
1211109219  4.199439
1211109279  8.557858
1211110906  9.078350
1211112227  11.578582
1211310607  7.335143
1212601272  7.728097
1211048317  9.101474
1211056987  6.664861
1211092324  8.625540
1211207116  9.022657
1211218071  6.105230
1211236154  9.498055
1211247511  5.032265
1211347324  7.868608
1211379532  10.697769
1211382096  8.913559
1211393868  4.294919
1211472991  9.940215
1211477370  11.078486
1211523794  0.000000
1211523839  7.031622
1211571791  8.145942
1211779886  2.636131
1211789732  2.422164
1211819104  9.631298
1211863070  7.335143
1211897814  11.287477
1211984387  7.855015
1212070527  7.335143
1212287218  5.732383
1212366608  7.331347
1212373740  9.656356
1212416137  6.025765
1212423320  4.419270
1212441325  11.287477
1212555675  7.855015
1212589308  9.019131
1212627055  10.472727
1212638490  5.993351
1212675391  8.913559
1212678896  7.455607
1212728582  9.052834
1212764796  9.196529
1212768285  7.331347
1212791727  11.465390
1212808181  6.581813
1212838263  11.501656
1212880467  7.735743
1212939579  7.727745
1213021103  6.581813
1211307415  6.641173
1211309141  4.366501
1211328624  8.459247
1211767824  12.093725
1211782871  9.770724
1211878234  10.055613
1211920758  9.959538
1211948109  10.534206
1212101891  2.686400
1212184369  6.839347
1212187019  4.030616
1212194883  7.979238
1212214940  10.923365
1212270299  10.663140
1212421578  9.614306
1212517706  4.970513
1212521201  5.735580
1212628826  10.658972
1212670296  6.581813
1212918081  6.025765
1213038479  8.913559
1213048589  6.445693
1213074699  5.732383
1211084229  10.164585
1211168408  7.357575
1211216602  5.078866
1211255861  12.956211
1211315797  6.581813
1211318268  7.212891
1211531241  4.131441
1211559233  10.790956
1211616793  9.770724
1211690267  4.655125
1211692599  4.787543
1211694538  9.498055
1211698366  5.269378
1211768643  4.925066
1211936294  9.419759
1211938005  6.034087
1211939821  5.472296
1211940864  4.131441
1211948260  4.366501
1212079734  10.107646
1212109046  8.146469
1212120819  5.032265
1212125808  4.366501
1212134225  9.656356
1212253042  6.921650
1212262667  5.319492
1212295004  6.581813
1212329352  9.610549
1212337133  7.094646
1212342483  9.498055
1212504798  13.024012
1212542662  11.102436
1212613457  4.200299
1212623117  8.511189
1212642660  5.056429
1212662467  10.127592
1212678569  6.095400
1212763832  12.861065
1212773051  9.770724
1212791754  7.212891
1212797103  0.000000
1212797130  11.078486
1212826439  0.000000
1212826505  11.914814
1212993103  6.625647
1212997064  7.914115
1212998073  10.126563
1213024170  7.314561
1211321244  8.145942
1211479803  13.982261
1211486422  7.467047
1211507852  5.489743
1211679483  8.396832
1211694720  10.364758
1211768991  0.000000
1211769004  9.800896
1211775189  2.844922
1211993495  4.443529
1212203284  8.485754
1212344834  7.584152
1212708569  11.494970
1212733777  0.000000
1212733852  5.596364
1211055502  13.261317
1211105681  5.125576
1211138799  5.735580
1211179350  5.392953
1211197295  7.727745
1211327031  7.212891
1211358248  7.331347
1211714976  13.261317
1211739087  4.709058
1211759578  4.807752
1211809535  9.770724
1212018243  10.704206
1212023807  7.335143
1212039079  4.787543
1212048728  8.222596
1212257214  4.887881
1212308795  4.440509
1212558794  6.226916
1212564062  4.887881
1212651966  7.584152
1212652928  6.837470
1212657221  7.818301
1212793605  6.658053
1212903168  6.658053
1212915522  7.094646
1212919171  9.791820
1212941424  10.535000
1212965484  8.442960
1212967974  7.212891
1212975356  4.887881
1212992966  12.300745
1211050945  5.958809
1211065062  4.103608
1211209627  5.293593
1211212817  4.868688
1211263752  11.349276
1211264467  9.249117
1211303908  6.783875
1211315483  4.559565
1211334212  6.083191
1211506770  0.000000
1211506819  6.131118
1211517531  9.100445
1211524427  9.290526
1211527480  7.211161
1211559209  8.376752
1211705816  4.887881
1211712277  3.041690
1211746658  3.852795
1211755673  7.212891
1211825733  4.488321
1211865623  7.455607
1211918277  6.691510
1211940533  9.381962
1212139635  4.200299
1212216605  7.331347
1212228371  5.332234
1212233420  0.000000
1212233428  4.366501
1212267590  9.614306
1212275925  5.218987
1212339874  10.728801
1212537497  6.773630
1212676445  11.835241
1212730035  4.829511
1212733055  5.299324
1212781400  7.330316
1212834921  5.999198
1212847048  8.573584
1212853411  5.676793
1212880130  7.212891
1212942658  10.663140
1212953097  8.376752
1212956570  7.212891
1213022640  10.261342
1211057969  7.997833
1211267944  10.534206
1211352489  12.808739
1211354143  9.094965
1211604811  7.453861
1211637538  10.261767
1211782713  4.313370
1211841657  6.869420
1211857038  4.366501
1211859203  5.125576
1211913092  4.787543
1211915218  8.964340
1212004382  6.658053
1212313974  9.774546
1212366120  6.459305
1212387383  9.739096
1212464311  6.563824
1212640337  9.936330
1212651746  29.550400
1212657183  7.331347
1212813565  7.331347
1212890348  7.212891
1212895441  8.165537
1212941866  8.014323
1211035527  4.666569
1211438100  4.270616
1211442098  11.703459
1211479794  9.656356
1211637846  7.115543
1211640725  5.332234
1211642113  5.430979
1211657803  2.736148
1211662894  3.421071
1211725629  6.837470
1211944385  13.395560
1211953073  4.189613
1211990190  0.000000
1211990234  5.967410
1212192079  0.000000
1212192162  13.279385
1212193495  0.000000
1212193524  0.000000
1212193529  0.000000
1212193591  12.597996
1212194462  13.541217
1212249299  7.818301
1212349031  7.584152
1212389136  5.735580
1212618371  4.862984
1212627542  8.037998
1212729892  11.199078
1212733862  4.718803
1212846634  24.129749
1212900346  0.000000
1212900347  4.887881
1212912504  7.095908
1212999644  0.000000
1212999713  6.460675
1213037020  5.540582
1213048371  5.862297
1213067971  7.349197
1211057505  2211.075684
1211090350  4.970961
1211143186  6.097920
1211568256  11.232657
1211653276  8.906157
1211815098  7.299829
1211825637  3.910305
1211831624  7.690133
1211841183  6.244621
1211899227  7.868608
1211951993  9.774546
1212068388  8.977160
1212080614  6.097920
1212086136  0.000000
1212086138  4.366501
1212110401  7.212891
1212158636  12.229750
1212209099  9.163636
1212211812  3.877199
1212365948  9.610549
1212393458  5.129510
1212551988  5.732383
1212631002  7.349197
1212631320  0.000000
1212631322  0.000000
1212631392  8.797617
1212964599  2.422164
1213041631  13.073151
1213078714  2.462533
1211060375  11.025022
1211156280  6.557084
1211159072  5.520442
1211169423  8.509529
1211179383  0.000000
1211179402  4.581206
1211224455  7.524433
1211353890  3.742715
1211381033  12.229750
1211384151  3.993297
1211393857  7.735997
1211437204  8.778505
1211532318  6.669617
1211554906  6.767397
1211555634  7.926294
1211556044  11.141949
1211589631  2.995604
1211614399  6.838845
1211617729  12.794634
1211692174  9.631298
1211694184  8.041818
1211775561  5.332234
1211817876  9.656356
1211843375  3.307035
1211844956  7.264073
1211846935  8.087898
1211848163  4.978111
1211872314  4.807752
1211936029  9.614306
1211940303  8.276876
1211945843  2.273108
1211988323  4.758488
1211991714  8.913559
1212074061  0.000000
1212074095  5.391449
1212110966  9.164184
1212248890  8.145942
1212280496  10.094261
1212287473  4.864309
1212293856  7.952055
1212336307  9.656356
1212426360  4.582389
1212509450  9.884582
1212510063  12.473266
1212565825  5.299324
1212593273  9.498055
1212595305  8.145942
1212607941  11.494970
1212657445  7.349197
1212696551  4.250332
1212720812  5.837409
1212763549  10.436723
1211316865  10.284973
1211411908  4.868688
1211463815  7.331347
1211469044  7.331347
1211486340  5.129510
1211507233  8.165318
1211530334  9.305452
1211552213  10.582009
1211602369  4.887881
1211663444  8.511786
1211805170  7.094646
1211857650  7.914115
1211925129  5.094896
1211927362  10.532751
1211949410  7.212891
1211953537  11.478789
1212018422  9.187669
1212023115  7.448753
1212025530  4.787543
1212047916  9.253164
1212049901  8.328107
1212056086  9.614306
1212084276  7.864672
1212177694  3.252821
1212205361  7.461611
1212213095  6.130305
1212221043  8.253973
1212300899  7.713784
1212308614  5.997954
1212358118  4.787543
1212368259  4.709058
1212370653  7.296921
1212385685  14.482286
1212395327  9.774546
1212497672  11.318503
1212523323  4.887881
1212534327  10.796491
1212632005  10.834304
1212640495  10.261767
1212646793  10.493970
1212700745  8.175848
1212724765  0.000000
1212724767  4.158572
1212912423  0.000000
1212912539  317.410919
1212958600  6.459305
1212980200  10.367505
1213037647  6.982235
1211034657  15.043605
1211068522  4.030616
1211159211  4.887881
1211175656  0.000000
1211175659  2.205254
1211266089  11.934333
1211297991  6.953359
1211328202  13.374683
1211331668  6.109852
1211349580  9.631298
1211412659  7.212891
1211469157  12.095733
1211526986  0.000000
1211527023  6.767397
1211528501  0.000000
1211528519  5.332234
1211533230  5.211002
1211538030  5.390692
1211831875  7.335143
1211838985  6.783875
1212003945  9.310445
1212112523  4.709058
1212173554  6.482136
1212283833  4.787543
1212287653  7.717207
1212368375  6.691510
1212382701  7.419819
1212454296  6.524448
1212466805  5.126832
1212546896  7.461537
1212593497  8.913559
1212624837  7.335143
1212648831  7.212891
1212649738  7.212891
1212650148  7.277502
1212718858  9.459237
1212900216  3.736880
1212966455  6.691510
1212978293  9.356589
1212979989  9.013556
1212993897  8.964340
1211064554  10.708297
1211072210  6.273291
1211146378  6.321533
1211158835  5.232228
1211178449  4.787543
1211238119  6.980217
1211349884  3.690001
1211409462  5.848289
1211495655  7.212891
1211563030  9.820023
1211565480  10.164585
1211768629  2.870947
1211768955  0.000000
1211769024  0.000000
1211769083  0.000000
1211769135  0.000000
1211769270  0.000000
1211769322  0.000000
1211769383  2.686400
1211771317  0.000000
1211771377  2.065298
1211771815  6.557173
1211783835  5.472296
1211784716  5.430979
1211785269  0.000000
1211785312  0.795666
1211824137  7.094646
1211842224  7.473760
1211869706  8.549006
1211873790  5.583217
1211955178  0.000000
1211955204  12.598317
1211990974  7.212891
1212007707  10.658972
1212011603  7.112126
1212025296  2.547448
1212126413  7.868608
1212309530  29.176987
1212324022  11.102436
1212377395  9.353001
1212803995  8.315873
1212910212  0.000000
1212910272  7.926294
1211161608  6.182477
1211164070  7.212891
1211183556  4.294919
1211188064  9.086103
1211234397  12.017716
1211346312  5.237016
1211357025  6.459305
1211415046  4.887881
1211420702  9.498055
1211440488  0.000000
1211440510  5.865458
1211467511  2.462533
1211473488  6.375084
1211489267  4.511890
1211903649  0.000000
1211903680  4.189613
1211950114  3.537417
1211961908  7.455607
1211986458  6.691510
1211988992  7.043695
1212111657  4.964646
1212226878  8.796602
1212284974  7.061536
1212299224  7.728097
1212372729  9.498055
1212480584  0.000000
1212480639  2.422164
1212502589  9.656356
1212506553  9.498055
1212546374  7.331347
1212554320  3.858854
1212558715  7.600781
1212559564  4.130596
1212591021  0.000000
1212591091  0.000000
1212591150  5.533451
1212717430  9.052834
1212719405  9.498055
1212811801  7.455607
1212819871  3.299450
1212821001  4.622531
1212941108  5.964616
1212945326  7.757022
1213018411  9.820023
1213033643  4.419270
