1211584705  17.216660
1211594395  6.904617
1212103178  10.660774
1212448565  15.480419
1212708103  9.672867
1211736203  14.740083
1212631309  12.040195
1212742929  6.963910
1211086404  0.000000
1211086468  0.000000
1211086524  0.000000
1211086588  13.970746
1212967680  6.772026
1211166678  12.742829
1212194724  11.944934
1212732610  18.381721
1211136452  14.347217
1211479191  15.491535
1211563458  11.817464
1211021867  12.154131
1211568300  10.996177
1211679520  13.203552
1212212386  14.357890
1212366589  0.000000
1212366643  19.342871
1212607451  15.293341
1212638778  8.293646
1212639615  15.575965
1212783860  5.785162
1211461326  9.425777
1211547671  0.000000
1211547727  12.776212
1211975441  4.343966
1212065780  5.919223
1212147897  18.031910
1212345327  0.000000
1212345329  0.000000
1212345366  0.000000
1212345409  0.000000
1212345428  0.000000
1212345453  9.284185
1212937060  5.562689
1211746370  14.681519
1212220622  18.008856
1212362853  4.804220
1211257616  15.504191
1212156724  8.060501
1212232443  22.118742
1212412091  7.420626
1212600259  15.516888
1211269926  16.037029
1211520440  12.654175
1211567186  3.734207
1211931386  8.496437
1212035337  19.692570
1212058745  15.098995
1212488675  15.891042
1212819678  8.057184
1211402949  17.100956
1212999265  16.020998
1211383287  15.329902
1211429722  10.889439
1212032078  8.266500
1211098657  12.994539
1212817361  14.327259
1211635891  14.583086
1213008098  12.994539
1211340308  22.893311
1211509706  9.735526
1211589521  6.878706
1211865389  17.050177
1212191712  14.347217
1212219857  16.825424
1211474059  5.681722
1211767387  9.929903
1211914412  0.000000
1211914468  8.271598
1211977243  14.344019
1212253687  0.000000
1212253747  15.715267
1212451172  6.489414
1212868431  7.248328
1212918337  13.911488
1212007521  7.267097
1211044408  0.000000
1211044839  13.063241
1211451156  14.514626
1212994950  1203.300781
1212272617  6.873249
1212307510  10.934980
1212678733  10.359711
1211322896  0.000000
1211322928  5.215214
1211702622  8.125737
1212776036  11.417581
1212817100  8.993964
1211374219  19.854595
1211464828  9.564528
1211672562  16.599545
1212759231  5.366195
1211647235  13.407611
1211114186  12.699148
1211188325  0.000000
1211188386  0.000000
1211188456  0.000000
1211188511  0.000000
1211188631  10.853213
1211366030  10.339038
1211368280  18.578426
1211454450  7.078339
1211455984  15.651509
1211458271  8.313416
1211501023  19.318590
1211808613  20.854424
1211812985  4.520845
1211813951  7.797987
1211854703  14.504809
1211881316  7.250957
1211884276  0.000000
1211884313  15.225826
1211971803  11.738923
1211990885  12.470021
1212143344  0.000000
1212143404  8.376035
1212567546  8.376035
1212575335  3.549151
1212584155  7.676908
1212632545  6.308368
1212661224  16.366457
1212992125  16.866653
1211439058  12.078420
1211710391  8.299443
1211914782  9.154129
1211996986  9.021975
1212310827  13.346663
1212447511  24.259497
1212594449  3.111308
1211197878  17.100956
1211200443  14.412858
1211223347  16.837786
1211245517  10.001283
1211276776  11.986212
1211278529  23.179527
1211283307  9.782436
1211390068  7.949409
1211411752  7.610723
1211434152  13.407611
1211497366  9.787861
1211560826  6.191857
1211707482  15.559798
1211812523  12.194862
1211950392  15.676618
1211983113  5.697181
1212196307  25.533009
1212414355  11.227434
1212584497  10.451363
1212647778  12.438033
1211136913  3.846730
1211795476  7.887002
1212282845  10.967462
1212333648  14.329780
1212549800  14.712305
1212566357  17.923471
1211508692  7.811543
1211892558  6.359062
1212369696  5.371018
1211669774  4.619437
1211488463  4.867440
1211793462  15.021895
1212237242  17.449089
1212895847  15.438553
1212978326  12.685379
1211033092  17.363861
1211125469  0.000000
1211125530  12.705305
1211641249  15.181124
1211797899  8.578224
1212858712  0.000000
1212858828  0.000000
1212858884  0.000000
1212859004  0.000000
1212859069  4.707852
1212884490  5.222932
1211224399  10.749658
1211862022  14.124996
1212206929  18.512222
1212078532  13.338684
1212258083  0.000000
1212258120  10.684190
1211091522  17.432480
1211097901  13.633618
1211372830  12.663174
1211636866  14.472198
1212246374  0.771010
1212712436  12.090752
1212858833  16.576431
1211371546  8.193774
1211458530  4.972929
1211458590  8.525002
1211571573  7.640296
1211874905  10.397538
1212512143  5.229867
1212016519  15.348515
1212903490  9.449424
1211777642  7.666725
1212224856  18.744102
1212239308  19.021336
1212246410  10.210460
1213076622  12.240600
1211495334  10.062226
1211567122  8.108654
1211177672  13.507385
1211918429  15.008205
1212088619  6.411129
1211087495  7.850099
1211170192  11.431570
1211546563  18.627827
1211805714  18.840097
1211891797  20.424349
1212154048  18.139982
1212187305  11.039036
1212274133  15.320621
1211236563  0.000000
1211236623  9.948779
1211676541  11.882046
1211835569  0.000000
1211835623  0.000000
1211835698  0.000000
1211835750  8.238723
1211845485  5.222932
1212140059  4.896499
1212141173  14.377814
1212419982  9.782436
1212880583  0.000000
1212880643  4.933279
1212967378  11.563582
1211128858  0.000000
1211128935  8.905922
1211278788  15.027098
1211623088  14.344019
1211910462  4.202476
1212049039  9.674659
1212108637  9.100970
1212304335  25.358259
1212524000  0.000000
1212524020  0.000000
1212524060  6.412441
1212991721  15.697602
1211748531  3.561975
1211787568  11.045282
1212088313  0.000000
1212088368  9.114738
1212383609  17.720650
1212434599  11.577759
1212600331  9.009616
1212748359  0.000000
1212748429  0.000000
1212748479  0.000000
1212748544  0.000000
1212748600  14.124996
1212931372  10.231747
1211311883  0.000000
1211311885  0.000000
1211311915  0.000000
1211311976  5.328139
1212398797  16.048866
1212403468  24.906178
1211402727  17.207256
1211908773  13.146484
1212392983  19.779966
1211643185  10.332783
1211867609  18.918911
1211973500  9.967729
1212165668  6.127305
1212330119  13.507385
1212566327  19.150776
1212614856  7.441834
1212943416  11.799090
1211086784  6.470246
1212557549  6.732476
1211077351  17.447369
1211196776  3.652853
1211200081  13.239460
1212040890  20.682396
1212127281  20.047352
1212320777  14.409088
1212408971  18.784767
1211391641  11.223020
1211509055  0.000000
1211509119  17.720556
1211697300  12.763419
1211956487  7.399029
1212172222  0.000000
1212172282  6.084259
1212202520  14.514626
1212257047  17.293560
1212328847  15.903337
1212502383  12.287041
1212676090  0.000000
1212676150  13.240845
1212676270  0.000000
1212676331  0.000000
1212676376  0.000000
1212676440  0.000000
1212676494  0.000000
1212676549  0.000000
1212676606  0.000000
1212676666  13.240845
1212676786  0.000000
1212676850  0.000000
1212676907  0.000000
1212676967  8.238723
1211119741  18.640745
1211342671  10.466115
1211752418  5.725248
1212397179  14.892106
1212485917  5.501485
1211199028  15.011907
1212064971  9.279422
1212132596  17.661983
1212361140  10.827016
1212361337  0.000000
1212361360  1.802694
1212406286  18.437542
1212826282  15.350617
1212928778  20.899574
1212982614  14.957518
1211381634  7.386789
1211770069  8.230936
1212844690  8.928210
1212845085  23.098475
1211864329  15.868637
1212567932  19.549541
1211436103  11.848433
1212975219  0.000000
1212975234  20.863167
1211105347  0.000000
1211105408  0.000000
1211105429  0.000000
1211105489  0.000000
1211105549  17.708708
1211560147  15.250915
1212524437  17.713295
1212576880  16.179554
1212833952  19.435696
1211209657  7.401648
1211457955  16.133114
1211469740  4.759778
1211548139  18.675154
1211555812  0.000000
1211555870  14.870474
1211733022  10.860987
1211821462  8.387554
1211842398  14.453690
1211846986  9.013296
1211854287  13.309317
1211901647  0.000000
1211901708  16.694946
1211988347  15.133924
1212074547  0.000000
1212074608  6.713773
1212161088  3.749447
1212180250  16.190561
1212419017  0.000000
1212419078  16.694946
1212438454  6.519315
1212506014  10.507915
1212679638  15.934198
1212754972  17.558157
1212764454  5.324498
1211631672  13.443145
1212114210  17.385973
1211308015  16.558353
1212985828  172.668243
1212999199  13.911488
1212345792  3.840298
1212494298  14.563406
1212832122  19.029301
1212943547  9.352516
1212601959  0.000000
1212602017  0.000000
1212602077  0.000000
1212602138  0.000000
1212602198  0.000000
1212602259  0.000000
1212602306  9.948779
1212815160  5.869903
1212862018  8.659001
1212979104  10.248057
1211343991  17.418955
1211393014  13.520948
1211439278  17.386271
1211567708  18.884842
1212153482  15.572782
1212600704  13.070251
1212778171  0.000000
1212778231  12.663832
1212847182  14.324662
1211180080  7.346637
1211182661  13.911488
1211262580  17.344522
1211846065  3.276139
1212130541  22.871704
1212245800  12.896802
1211443140  19.305101
1211506428  19.785446
1212115847  16.977911
1211174621  8.166396
1211931074  5.631391
1212105919  11.581388
1212328219  13.637350
1212641011  16.539656
1212827574  18.981304
1212914067  16.133114
1212947246  3.807648
1213020086  10.246696
1211484320  16.694946
1212315267  17.094704
1212726282  6.899755
1211853204  16.693851
1212128629  16.941423
1212463631  6.760606
1211074019  11.602249
1211806507  18.290539
1211852872  9.782436
1211125264  5.606586
1211204208  15.274648
1211572124  11.589629
1211734264  7.047331
1211791747  15.959229
1211901205  7.183135
1212069129  7.274090
1212157571  10.601238
1212588025  8.183960
1211357249  18.166985
1211731794  13.947060
1212285187  5.923917
1212385404  12.024664
1211571611  11.223020
1211589258  0.000000
1211589316  14.245586
1211040256  8.860278
1211104641  13.633618
1211875141  9.606590
1211724988  11.663107
1211729383  15.118315
1211731355  15.868637
1211902217  13.209304
1212888197  5.430493
1211537332  16.133114
1212827770  10.025713
1212322789  5.222932
1212545014  12.896802
1212744368  12.855984
1211179232  10.652078
1211524577  0.000000
1211524588  12.776212
1211571854  6.956892
1212034529  5.443023
1212557906  14.347217
1212961124  9.029941
