1212108860  8.313429
1212117990  8.750471
1212305561  5.933263
1211091649  14.940856
1211244524  5.174484
1212288438  2.989377
1212519782  9.289181
1212624834  4.233368
1211092842  7.018096
1211233733  5.709216
1211334533  4.393474
1211684718  6.188663
1212025514  29.987848
1212028480  6.742012
1211261578  20.893192
1211820328  8.451985
1212546675  5.294199
1212657802  5.527295
1211899958  34.941853
1212279096  6.216947
1211613598  8.745008
1211716803  5.351350
1212291393  4.038238
1212327448  17.729679
1212472487  14.934420
1212716637  5.260743
1212813985  11.698145
1211135268  13.437408
1211261037  3.232872
1211356863  7.692077
1212203732  11.297904
1212453842  118.582031
1212460144  7.721984
1212571428  0.000000
1212571430  6.977740
1212727184  17.762468
1212759871  7.447774
1212849913  5.074871
1212922922  5.753214
1212949228  6.070088
1211036890  9.710755
1211085368  10.960585
1211170699  3.604983
1211512828  8.142213
1211519172  3.092495
1211860320  7.673904
1212196122  7.847036
1212214111  11.981250
1212303082  0.000000
1212303144  0.000000
1212303205  8.582267
1212371874  5.515399
1212723791  11.682758
1212812844  7.615976
1212914081  26.672161
1211212283  8.926918
1211483744  5.260743
1212035534  2.323528
1212628964  3.993341
1212815129  8.077358
1212912086  16.087353
1211420990  6.219773
1211833151  24.164181
1211929482  4.393474
1211954077  11.527546
1211955459  9.036167
1212121081  7.745094
1212459542  3.069561
1211881436  9.414163
1212069536  7.700787
1212667646  5.117726
1212721045  19.643976
1212896844  10.282082
1211506815  12.787085
1211613384  4.425715
1211762120  8.118363
1211969418  9.880733
1212571120  6.441726
1211106462  3.689292
1212198855  3.988931
1212542378  7.544891
1212814948  8.116215
1211244867  3.186207
1212221376  16.338856
1212679135  0.000000
1212679195  0.000000
1212679312  8.398801
1212829189  13.152956
1211786697  7.920954
1211809560  5.787364
1211394532  0.971546
1212567914  4.694862
1212895372  12.711725
1211253316  6.802361
1211308537  22.143068
1211523055  3.337931
1212179366  452.059174
1212287030  20.414328
1212371211  5.723483
1212615872  9.511035
1212773769  8.515317
1212958888  12.010259
1211722754  3.504827
1212376991  5.349908
1212904443  14.725043
1211256349  18.722662
1211593926  4.466699
1212283403  6.693563
1212454219  4.928080
1212520824  3.720253
1211980969  5.349908
1212103442  3.235225
1212112272  13.126410
1212122531  8.181965
1212194034  6.441726
1212287105  6.380087
1212394209  26.192682
1213042597  8.073195
1211049387  6.802361
1211331901  4.272476
1211575999  12.791751
1211933619  5.066162
1211949201  5.174501
1212030952  15.782169
1212398466  16.292570
1211040402  7.013818
1211166758  3.689292
1211260520  3.504827
1211433358  6.906514
1211640020  5.793652
1211707866  5.176386
1211769745  3.504827
1212305519  6.470444
1212915355  5.260743
1212919224  10.207902
1211091829  11.064115
1211570851  3.560818
1211595495  6.802361
1211742074  7.513257
1211938414  18.036032
1211951722  3.235225
1212037843  7.550847
1211253242  8.750471
1211874599  9.959535
1212468818  5.793652
1211292267  0.579803
1211420019  3.690815
1211870540  6.955564
1212207060  11.947536
1212276743  8.905243
1212778256  11.995838
1211515212  8.766809
1211834019  7.013818
1212635834  5.322626
1212923262  7.578241
1212347201  3.447371
1212358990  6.067444
1212800205  6.308721
1211261541  8.505744
1211471519  5.161692
1212061574  5.117726
1212063437  23.217640
1212815111  49.847862
1212866584  5.854688
1211118131  6.180717
1211416678  14.509151
1211418598  14.452664
1211594794  7.972795
1211663103  8.282204
1211854683  6.802361
1211858375  6.802361
1211889084  6.802361
1211938140  5.286417
1212127544  8.873247
1212246718  25.052246
1212275150  8.398801
1212643378  5.260743
1211143132  6.425980
1211598791  3.754303
1211940434  5.676400
1212065261  30.325350
1212078861  7.592243
1212136318  8.900188
1212559479  5.884498
1212826692  3.504827
1212911229  5.889889
1211135264  6.766494
1211586334  33.587490
1212484073  15.202513
1212769758  5.917048
1212797511  9.374213
1212904022  6.576870
1211093510  5.174501
1211228399  5.216640
1211243356  8.853391
1211324921  6.397292
1211387866  7.634307
1211508904  8.140757
1211512777  6.742012
1211519853  10.560582
1211521965  3.383247
1211670727  5.952122
1211686802  4.754485
1212219014  3.004138
1212510793  7.807477
1212803370  3.809039
1212856849  7.537700
1212896728  6.376198
1213026474  6.297206
1211759119  4.059896
1212113964  2.581698
1212954857  4.772135
1212954929  28.912134
1211435984  22.792574
1211768303  3.391768
1211768722  12.882672
1212116358  6.950461
1212118197  8.658408
1212389432  6.950461
1212811578  17.569906
1212811804  4.059896
1211197375  7.530076
1211592986  5.845270
1212039632  1.311260
1212132882  7.528981
1212258823  0.515005
1212501904  5.722886
1212641206  5.588295
1212642804  4.436990
1212845377  0.692744
1212909354  11.023282
1213016726  0.000000
1213016789  12.061954
1211021856  5.214674
1211022197  3.993341
1211087801  108.794365
1211100956  18.999796
1211101068  6.330608
1211422289  0.000000
1211422291  2.244747
1211682112  3.567562
1213074830  10.081875
1211221892  9.023032
1211235156  6.474293
1211593578  12.053235
1211858058  5.701870
1212031053  15.357054
1212116619  13.176581
1212310672  38.772079
1211133317  4.395411
1212025584  3.337931
1212704268  20.917131
1211380491  3.504827
1211501689  8.648259
1211596223  5.260743
1211751753  13.708604
1211944332  19.065216
1212007701  5.150598
1212215982  5.174501
1212652659  0.000000
1212652694  0.000000
1212652695  5.482888
1212696380  3.504827
1212875107  7.690706
1212979120  2.540108
1213024339  5.260743
1211512477  3.413664
1211772021  5.132146
1211789025  7.940171
1212134767  2.777845
1212203594  5.352914
1212630561  5.906946
1212632447  8.389892
1212813052  11.469852
1213086009  145.474747
1211422790  3.896647
1211686034  9.120854
1212201782  9.470589
1212787845  4.533818
1212809820  5.117726
1211206599  26.903397
1211352502  9.280367
1211352556  10.793949
1212326624  4.189247
1212417152  4.026495
1212750114  10.741411
1212771968  6.777794
1211901102  8.397025
1211609743  5.722886
1212725056  10.253518
1212738863  8.451985
1212891328  10.995793
1212895690  6.278613
1212916138  24.580227
1212254749  6.027272
1212543231  5.117726
1211121067  7.202713
1211519419  11.216431
1211520554  11.696383
1211909742  9.039420
1212020928  7.058666
1212023315  16.690336
1212035942  10.615781
1212072184  5.117726
1212342792  8.258803
1211168074  14.465167
1211494225  9.414163
1211503686  826.496277
1211771463  5.610627
1211868734  3.894253
1212571230  8.466928
1212786405  5.301174
1212894594  4.781079
1212293677  2.244747
1212573910  8.162977
1211095940  7.651438
1211100368  7.949020
1211290718  0.000000
1211290775  12.061954
1212543432  7.279748
1212858146  7.449450
1212986176  76.307938
1211345778  7.564514
1211388170  5.645950
1211425929  7.057290
1211489217  5.260743
1211064795  8.260141
1211143208  15.567519
1212729541  6.772656
1212818634  13.642088
1211124394  2.710783
1212306668  12.095026
1212721939  8.581034
1212765132  7.569539
1212840808  6.261644
1211060457  7.420758
1211531274  7.729728
1212546331  8.975499
1212713430  3.364651
1212909219  6.854379
1211091059  5.785235
1211722136  8.116215
1212024979  9.411272
1212036066  6.188663
1212073211  4.930401
1211684808  5.174501
1212124248  2.961826
1212996708  6.690847
1211579921  3.504827
1211593605  3.755172
1211787111  13.275908
1212063849  8.451985
1212306468  20.316732
1212389397  16.706718
1212952831  10.340604
1211688524  7.190133
1211701108  12.814312
1212314500  8.766809
1212355918  8.571235
1212459067  6.364371
1211239636  15.441095
1211250396  10.908578
1211334814  18.207640
1212024792  16.946918
1212114517  8.689996
1212282903  5.806787
1211237626  11.133256
1211340209  9.901181
1211525431  7.758878
1211805573  5.922586
1211980071  8.015478
1211993129  7.013818
1212034462  7.325031
1212036206  3.235225
1212123428  25.686483
1212303775  13.166149
1212326029  0.866692
1212417619  0.000000
1212417677  0.000000
1212417743  5.582973
1212469261  6.534789
1212771818  10.745366
1212816447  7.574254
1212907293  3.456977
1211065167  5.033828
1212011120  12.023999
1212673460  8.132349
1211420177  7.560436
1211516328  17.232023
1211517282  19.888929
1211776770  5.260743
1211911986  8.605730
1212279457  7.663432
1212448484  6.930399
1212468001  16.001163
1212639114  4.776446
1212711511  7.253105
1211383983  16.588697
1212915550  8.659588
1212957163  3.694711
1211226206  11.004227
1211493983  3.504827
1211699170  8.435699
1212032086  62.377441
1212646524  9.798897
1212757499  9.095700
1211208015  7.068266
1211874856  4.642854
1212052131  16.292944
1212105142  9.140499
1212421369  6.261720
1212875884  4.499362
1211219447  34.989628
1211521591  13.249331
1211760716  3.866568
1211774020  316.213348
1212046557  5.542980
1212046815  8.837664
1212632755  5.722886
1211081683  3.447371
1211091681  15.181713
1211601086  5.972718
1211642857  10.311352
1211705174  10.679362
1212536986  5.009870
1212537223  25.080435
1212554669  12.806910
1212595896  16.017395
1212824918  7.825993
1211108988  22.547022
1211113339  22.547022
1211152538  6.261720
1211043377  5.150598
1211422650  17.921303
1211705463  13.003816
1211771575  10.554071
1212074393  55.633301
1212074408  4.229405
1212469281  16.001163
1212556160  8.779788
1211947237  9.414163
1212271702  4.819395
1212722324  8.285527
1212815254  17.956181
1213076909  18.859770
1211324058  3.504827
1211506946  8.361703
1211520328  12.687628
1212289860  9.830348
1212543260  0.000000
1212543262  0.000000
1212543275  9.994191
1211937578  4.445698
1212022576  3.882290
1211105369  8.558277
1211471210  3.926190
1211681981  10.295173
1212027047  23.212353
1212260496  6.802361
1211209870  4.506526
1212071456  4.037581
1212343421  5.300414
1212411630  7.037465
1211057388  23.008919
1211321699  5.066162
1211522216  13.691708
1211526192  16.509975
1211679086  13.018878
1212041760  9.520857
1212206638  3.390327
1212391067  5.585831
1212681593  15.187546
1211639860  8.451985
1211667496  3.186207
1211990429  8.002778
1212109103  8.316480
1212618617  5.518497
1211078854  4.645680
1211246298  5.905068
1211581564  8.973170
1212258219  4.574352
1212870678  8.043676
1212975852  5.537389
1213079404  8.777350
1211161770  3.631623
1211589885  4.553987
1212179232  4.785748
1212287674  0.775191
1212869662  5.738993
1211588572  8.506485
1211600964  7.150101
1211608650  5.802484
1211695857  5.600670
1211701682  7.459150
1211786567  3.504827
1212018015  26.657381
1212079652  6.783537
1212199833  17.569906
1212208524  3.972037
1212211126  7.916183
1212221195  7.848879
1212277440  16.906891
1212717592  2.540108
1211092348  6.312892
1212287064  7.500391
1212508882  11.470986
1212818248  8.086422
1212867166  31.528757
1211581351  5.117726
1211998507  7.071608
1212138620  7.615976
1212273560  6.370420
1212715662  8.576786
1212893105  12.787085
1212208689  6.540962
1212553996  7.961530
1212559236  8.222108
