1211082933  15.955450
1211258068  16.128555
1211605097  13.082006
1211930302  15.048243
1211948136  4.613369
1212120101  10.533770
1212306837  7.126787
1212618526  9.852428
1212993939  15.336201
1211309328  7.126787
1211325025  12.217335
1211339732  8.791125
1211704814  14.457307
1211732776  10.883278
1211769461  14.818660
1211816571  11.246607
1212029231  22.750078
1212038293  13.620196
1212339952  10.085472
1212629841  10.473029
1212680698  11.560014
1212841738  13.471509
1211018640  18.092093
1211514153  7.593756
1211586707  12.652257
1211054020  11.124480
1211093743  12.876527
1211179640  16.164198
1211229472  12.087933
1211512605  13.847978
1211530819  12.424409
1211773338  6.659802
1212043798  12.017051
1212083570  12.232512
1212258673  7.011838
1212396252  14.640350
1212480839  14.818660
1212768402  7.145886
1212800238  9.226737
1212883041  10.942112
1212976094  14.415462
1211164167  12.693980
1211464226  12.166967
1211478813  7.368372
1211489373  8.073395
1211604714  14.104423
1211615674  9.528072
1211689114  8.405884
1212214745  12.812434
1212221613  8.883337
1212296035  13.003158
1212441527  9.031392
1212649554  1354.268799
1212651928  13.904673
1212824710  13.344558
1211274683  12.638622
1211438862  17.276342
1211441091  14.236401
1211444627  12.226205
1211588869  7.011838
1212347243  15.096072
1212433313  5.764184
1212829758  12.876527
1212915913  17.610023
1211151919  7.487388
1211524971  10.230197
1211572293  19.141329
1211653392  7.259491
1211736926  13.922150
1211984183  4.339255
1212001027  6.431777
1212135244  11.776452
1212538960  5.843270
1212632717  14.675019
1212644483  9.139121
1212753267  13.193078
1212825992  9.977304
1211094074  12.358299
1211393792  13.963312
1211417800  8.038563
1211540698  13.157885
1211591776  15.556739
1211648888  9.735200
1211701344  8.883337
1211955923  13.193078
1212040798  15.615972
1212216999  15.580859
1212219648  24.646746
1212292707  12.889300
1212298544  18.960716
1212398023  14.675019
1212465009  17.128820
1212738815  13.157885
1212743432  10.342165
1211101269  19.584850
1211318316  10.366491
1211400903  12.029009
1211694547  13.193078
1212022533  10.241165
1212116247  22.527073
1212597672  18.878704
1212624080  8.680694
1212744416  10.653385
1212771779  16.029650
1211480189  8.675887
1211595930  11.865079
1211700919  12.976798
1211796680  12.217335
1211840723  12.262577
1211940043  9.365722
1212189884  12.077703
1212391373  13.585437
1212422184  10.793392
1212795212  11.686541
1212818291  13.242607
1212992987  13.690520
1213001261  14.342279
1211103199  5.612183
1211104955  12.031979
1211469480  10.499026
1211517648  11.369832
1211600318  4.372744
1211968759  13.672928
1212116162  24.697765
1212154107  14.699497
1212253171  9.153268
1212467841  14.360155
1212487284  13.963312
1212830030  14.201632
1212923977  10.170297
1211383451  12.919628
1211471540  11.333368
1211931794  13.591680
1212031970  14.887660
1212044852  12.429976
1212440551  9.688074
1212735581  4.414664
1212958549  9.769290
1211237725  12.858595
1211343774  11.500975
1211359411  50.408558
1211441546  11.823228
1211872277  14.923748
1211946533  10.254642
1212309235  10.473029
1212734891  12.348930
1211183031  12.232512
1211196951  6.999366
1211603442  11.537488
1211707254  14.637715
1212203498  9.964376
1212247715  20.043604
1212270199  14.649566
1212374816  12.358128
1212828564  13.904673
1212915511  10.768550
1211065767  11.884618
1211547371  14.473674
1211602801  12.232512
1211614807  13.734405
1211619552  10.830942
1212284711  12.017051
1212427859  14.929590
1212827362  15.056116
1212833105  0.000000
1212833120  6.812754
1212851623  13.344558
1212868324  5.180476
1212939060  6.838640
1211622678  12.226205
1211705781  34.710636
1212359724  12.232512
1212807003  18.044939
1213007362  15.866527
1212045264  7.259491
1212270997  9.459510
1212315074  12.232512
1212792318  9.688074
1212803167  10.798860
1213026268  7.906783
1211043625  14.643600
1211044764  10.421804
1211202037  12.289398
1211380818  9.428511
1211406565  13.945016
1211472147  8.639918
1211491930  12.017051
1211559367  13.873606
1211704357  11.650011
1211727827  14.236401
1211766826  9.738407
1211831199  12.217335
1211913779  13.448782
1211976514  14.236401
1212072198  7.205841
1212171610  12.017051
1212213875  16.208153
1212292365  8.328597
1212383249  7.011838
1212666753  11.120465
1212692465  12.727069
1212953286  12.326387
1211083226  11.172180
1211094270  14.497834
1211107234  16.879015
1211166504  6.326128
1211184007  12.232512
1211350760  10.499049
1211406478  13.672928
1211434882  8.807340
1211526190  1472.203003
1211714283  13.538677
1211778662  28.540678
1211828050  14.915971
1211872020  733.950684
1212041985  0.000000
1212042039  14.034678
1212094802  10.990769
1212172240  11.823228
1212218951  12.624020
1212220855  11.560510
1212223184  12.565296
1212248358  14.114436
1212346036  10.859417
1212422547  8.038563
1212435968  8.927135
1212551491  13.270441
1212560076  20.783560
1212642410  12.375255
1212690421  17.308937
1212916088  17.576551
1212996485  10.465626
1213005788  0.000000
1213005827  400.578949
1211043055  14.002051
1211203624  12.925197
1211450046  14.601912
1211617073  13.683997
1211621176  9.774827
1211764658  7.245566
1212032242  7.245566
1212056182  5.612183
1212069001  10.022145
1212128869  9.392011
1212134578  13.672928
1212298387  12.289398
1212340936  8.983901
1212344506  13.693917
1212369898  7.626912
1212370393  242.181305
1212510167  5.431144
1212596202  3.986064
1212636963  12.232512
1212912790  8.607802
1211059816  9.031392
1211194451  12.123986
1211261185  13.328002
1211313781  10.852067
1211361939  8.547010
1211444803  14.979362
1211454409  7.380483
1211884279  12.217335
1211885881  9.806865
1211964745  12.031979
1211970409  15.220965
1212038649  11.005431
1212056258  11.589524
1212138450  12.954697
1212181153  8.807340
1212250091  9.153268
1212307173  13.153538
1212510828  12.654322
1212559097  9.342093
1212563999  12.232512
1212570992  17.593924
1212727229  11.453752
1212794211  10.736029
1212867026  13.090002
1212904652  14.028355
1213047593  7.126787
1211306355  11.168882
1211437628  5.628537
1211702237  8.087814
1212553506  8.050630
1212772513  8.942838
1212793458  12.087933
1211069600  14.075225
1211099507  13.006562
1211316625  11.969508
1211419883  8.886207
1211444463  10.193760
1211527275  14.114436
1211613331  13.426533
1211684780  14.675019
1211743903  12.407659
1211954263  12.031979
1212020529  9.738407
1212299331  14.236401
1212301152  11.277540
1212910474  9.646096
1211407743  9.688074
1211445702  14.857450
1211448092  12.767494
1211496652  11.346218
1211536743  13.473048
1211614536  10.085472
1211645792  13.811084
1212284510  12.031979
1212293657  12.929961
1212314425  7.245566
1212338702  6.697520
1212455864  6.230187
1212529111  7.626912
1212897921  12.169001
1211081348  10.607908
1211093399  10.243814
1211106605  7.126787
1211117351  14.569012
1211232582  14.115477
1211322408  12.017051
1211401791  18.636568
1211494508  10.670782
1211504878  14.012244
1211567053  11.344060
1211780017  14.473674
1211840536  11.299977
1211927682  2.965059
1211989206  8.378423
1212100508  12.358128
1212446691  15.447389
1212531424  15.972222
1212566994  12.232512
1212822817  9.620174
1212889232  12.075037
1211341795  10.644668
1211349687  15.447389
1211354746  14.753992
1211438087  14.579123
1211756113  15.235446
1212088030  14.371575
1212308990  18.569700
1212374951  12.217335
1212472407  9.286550
1212508958  9.852279
1212597151  12.985045
1212780146  7.011838
1212794040  15.136234
1212819380  8.866311
1212977841  10.074994
1211095452  15.137906
1211264244  11.524290
1211275289  12.289398
1211388335  11.807562
1211481269  15.728331
1211572465  14.285951
1211702523  12.551688
1211705773  10.337334
1211710232  11.604581
1211778090  13.559973
1211783588  15.736646
1211796561  12.818370
1211811846  19.632549
1211827459  9.662578
1211876812  16.085798
1212069757  12.100890
1212195903  16.632181
1212231247  14.801816
1212413461  13.443943
1212736251  10.561462
1211251368  17.562616
1211288689  18.334728
1211318804  13.344558
1211415518  5.316427
1211708508  9.418210
1211759214  14.874907
1212367888  12.429976
1212375238  13.328002
1212454854  7.245566
1212547500  16.841944
1212573268  8.449170
1212602479  7.679253
1212651774  9.880318
1212859199  10.087827
1212285002  9.985383
1212312683  9.688074
1212728584  11.892966
1212823445  11.969508
1212930331  15.096072
1212943573  6.123014
1212955022  15.301322
1211351583  19.892626
1211673509  14.473674
1212029817  14.725924
1212034966  13.075288
1212233037  14.818660
1212307397  11.976150
1212382363  12.654322
1212577568  12.232512
1212873953  9.153268
1212944003  9.153268
1213024890  8.856580
1213047510  11.289241
1211084685  10.788589
1211255297  12.034380
1211521217  12.424409
1211529783  9.378800
1211582009  12.393635
1211589093  8.732898
1211652331  13.922150
1211797651  11.065842
1211866707  16.217394
1212443726  16.831881
1212468939  9.003214
1212515189  12.232512
1212556137  9.814936
1212645785  4.883430
1212906850  14.344210
1211039262  8.126848
1211041134  8.433431
1211318045  11.704188
1211513468  8.844205
1211546089  11.467979
1211623541  12.375255
1211768250  11.467979
1211950213  12.289398
1212020907  12.031979
1212076091  9.696654
1212203995  4.572340
1212223546  12.544924
1212224274  11.892966
1212292956  7.678293
1212635762  11.319884
1212680805  10.781111
1212741525  8.883337
1212747537  11.892966
1212991529  10.653385
1211164594  10.111890
1211552461  16.890686
1211788260  9.483012
1211797127  12.640653
1212040452  7.411670
1212108132  13.976209
1212168195  14.857450
1212383702  12.232512
1212436026  14.913899
1212475235  10.323015
1212646029  11.204667
1211065598  12.289398
1211330006  7.583359
1211677344  14.473674
1212102889  12.289398
1212110605  4.501607
1212275216  15.433933
1212451985  10.430819
1212516630  13.305744
1212533233  8.675887
1212557002  7.682905
1212776527  4.899557
1212822632  12.035843
1211025840  11.434051
1211159905  6.812754
1211170634  14.662990
1211413898  11.246607
1211676640  8.401873
1211761385  11.945082
1211784393  12.289398
1212027384  11.232924
1212310173  16.703005
1212339580  8.858001
1212388406  18.590584
1212720469  6.186802
1212736245  11.628999
1212744226  13.344558
1212751082  7.832265
1211083381  12.581120
1211098741  11.120465
1211168603  11.062178
1211436666  14.473674
1211609042  12.289398
1211692773  12.777778
1211765667  8.612746
1212035281  10.466346
1212162989  9.225676
1212170219  11.779819
1212696271  12.770169
1212908850  23.149757
1212908981  11.450762
1212977635  14.434445
1213034661  14.340638
1211706439  12.232512
1211767377  14.960691
1211985697  12.397668
1211993603  12.858595
1212004319  15.994912
1212126088  9.339870
1212458525  12.100005
1212710746  6.688215
1212736966  12.532584
1212824999  16.217394
1212829800  8.050630
1211081744  12.999395
1211320313  7.126787
1211370829  10.394591
1211516125  11.062728
1211608085  14.072674
1212153235  14.236401
1211502211  12.238117
1211638314  12.289398
1211868118  12.814126
1211874201  14.479320
1212168983  9.529253
1212282874  8.145349
1212375902  9.852279
1212511520  8.051436
1212806068  10.341786
1212888087  12.217335
1212911587  12.135973
1211020908  12.282226
1211786102  15.507507
1212037970  11.434051
1212151893  6.688215
1212311574  13.328002
1212539778  14.161807
1212750163  14.575730
1212914655  6.762404
1212924313  14.575730
1211162365  14.559163
1211179220  11.653102
1211349392  13.844483
1211616682  12.429976
1211920000  12.368510
1211941608  12.031979
1212122922  6.900539
1212237169  13.998344
1212610983  15.222726
1212888185  14.916589
1212901449  15.056116
1211099532  13.021836
1211193564  12.169001
1211336959  11.346218
1211538637  0.000000
1211538655  15.002994
1211558247  6.705420
1211592789  12.289398
1211620484  14.473674
1211656223  13.678762
1211675855  8.101175
1211865789  7.380483
1211931405  9.688074
1212129779  7.413425
1212217031  16.911692
1212224040  13.963312
1212250162  10.698398
1212463915  12.267706
1212601128  7.011838
1212620624  11.434051
1212642180  12.713171
1212647843  6.300492
1212713119  9.936385
1212730696  9.145378
1212734125  13.987269
1212796672  7.495413
1212906311  13.784451
1213001212  14.264065
1211101767  14.978585
1211237195  11.482781
1211441829  14.606173
1211743245  11.625689
1211854686  17.456488
1212072662  12.987730
1212091050  12.578588
1212175913  12.020237
1212204841  16.391287
1212208328  13.508486
1212226229  9.688074
1212618172  13.685457
1212913514  11.596411
1211568477  12.165876
1211787884  3.685574
1211787931  8.628767
1212118300  15.867008
1212225841  12.289398
1212307508  12.232512
1212403598  12.169001
1212729180  42.192101
1212740483  14.887660
1211055608  8.942838
1211220696  11.434051
1211433269  16.512257
1211614001  8.304063
1211614310  7.382120
1212214397  9.003214
1212530516  13.193078
1212785553  12.232512
1212815321  7.853384
1212909820  11.467979
1211052391  7.245566
1211093653  9.614584
1211105273  16.009111
1211106643  13.219877
1211113009  7.126787
1211236119  8.466930
1211324082  19.322853
1211357411  12.375255
1211366493  13.332232
1211426810  9.997792
1211442680  15.290639
1211450423  15.096072
1211538051  12.206876
1211583713  15.206063
1211623597  12.485882
1211674238  13.912526
1211688325  12.169001
1211711380  18.257715
1211716137  13.963312
1211717205  14.130882
1211805694  15.162465
1211835260  13.448782
1211965256  9.024380
1211970009  0.356398
1212017330  13.191938
1212055466  12.496163
1212096945  9.774827
1212143545  13.344558
1212232625  13.685457
1212277039  73.711472
1212307098  8.819844
1212399149  14.434445
1212432849  14.199978
1212510510  6.886159
1212558304  7.008790
1212568986  13.672928
1212611799  13.678762
1212660423  0.457631
1212704230  12.202964
1212722266  11.536506
1212746414  10.473029
1212791959  12.856094
1212812755  13.303885
1212835664  11.277540
1212880216  10.100875
1213002887  0.367759
1211498283  13.573508
1211622082  14.434445
1211692294  5.384275
1211788674  13.193078
1212016516  13.173944
1212107491  8.272718
1212473750  16.279861
1212556259  0.000000
1212556261  12.669692
1212728100  15.600283
1212735767  1456.780151
1212907737  14.201632
1211053931  10.581755
1211233292  6.688215
1211392245  7.845658
1211537314  12.232512
1211577879  10.551597
1211593143  10.653385
1211608163  15.068800
1211623147  11.178547
1211676044  11.087322
1211875743  14.584464
1211877860  8.266780
1211968540  5.764184
1212090327  14.548783
1212168656  114.451126
1212195830  9.773069
1212221854  7.126787
1212315381  14.887660
1212338448  0.000000
1212338503  7.850491
1212394528  13.672928
1212486481  13.672928
1212645323  9.529253
1212768332  8.210357
1212844993  9.804022
1212899742  9.806865
1211235830  12.289398
1211305338  13.760213
1211311601  15.609655
1211428199  7.495413
1211472888  9.688074
1211745540  16.310015
1212002320  16.860432
1212038427  16.559088
1212042292  14.683898
1212116120  7.020503
1212137669  7.259491
1212142971  13.844483
1212387156  13.688915
1212632922  19.418686
1212671284  14.313973
1212907584  11.996754
1211173570  9.308408
1211276112  13.922150
1211349476  8.904146
1211533437  14.818660
1211939212  13.300136
1212117789  7.380483
1212198913  7.920571
1212319358  12.429976
1212621779  10.381429
1212637087  11.768237
1212763695  9.327388
1211169604  12.232512
1211254989  14.550893
1211552855  13.545426
1211770787  14.236401
1211792193  14.072674
1212376362  12.217335
1212558913  14.391190
1213076166  9.031392
1211091917  13.811084
1211389683  8.133785
1211532779  14.144408
1211567939  12.031979
1211614738  13.992691
1212222075  7.495413
1212701884  15.519064
1212721982  13.877938
1212736840  6.812754
1212884963  7.355148
1212900081  11.838072
1211250212  8.289996
1211298071  17.202896
1211330509  12.217335
1211847777  11.852934
1212028319  12.985045
1212043059  12.087933
1212053439  16.864136
1212119530  9.915405
1212632527  9.450739
1211614441  13.693917
1212179146  14.316471
1212198367  8.027903
1212320117  11.112020
1212420100  9.397950
1212824754  14.190220
1212863219  8.266780
1211508619  14.330175
1211520972  4.966200
1211523582  21.060421
1211588423  11.285804
1211618265  12.017051
1211777503  13.276960
1211939193  12.964771
1212261599  16.429184
1212311780  7.245566
1212727715  8.883337
1212825322  15.615972
1212916322  13.672928
1211101455  9.529253
1211189411  10.623770
1211342089  15.784245
1211358773  14.569012
1211411828  11.730392
1211713367  13.413017
1211751349  13.316591
1212046528  14.900817
1212069293  11.476695
1212108848  16.573301
1212208360  9.614584
1212310602  15.514791
1212331203  11.701231
1212395659  16.035065
1212407162  14.473674
1212520607  16.706579
1212740204  12.767494
1213067799  13.963312
1211096878  12.860353
1211197607  14.682397
1211440585  12.217335
1211488695  9.633345
1211510455  10.363019
1211618413  14.818660
1211639394  12.092751
1211859294  11.685022
1212080459  12.858595
1212296379  12.471517
1212360110  15.232704
1212825186  12.365033
1212828498  10.381429
1211303499  12.860353
1211158612  15.560667
1211256908  10.473029
1211313760  11.823228
1211393304  12.441325
1211447995  14.434445
1211519872  9.688074
1211550754  1.915071
1211551100  13.138076
1211625408  14.915921
1211706298  11.837914
1212002209  15.104849
1212115886  13.039643
1212217659  12.031979
1212245182  11.277540
1212247423  10.229009
1212257317  4.316056
1212257858  6.409693
1212298765  11.232924
1212338308  9.963963
1212396820  6.792718
1212477271  18.558893
1212529548  9.114227
1212855115  15.525488
1212882443  10.644668
1212904513  12.691905
1211108219  16.035065
1211109215  0.000000
1211109226  6.002635
1211279336  14.575730
1211699260  13.332232
1211794645  11.837914
1211881303  13.672928
1212002142  17.128426
1212037790  12.031979
1212057795  17.682522
1212251561  7.083537
1212270323  13.344558
1212565447  15.667880
1211161009  12.017051
1211388144  11.322109
1211435642  12.858595
1211644962  17.402452
1211652548  12.289398
1211680163  13.173757
1211725967  15.069823
1211777562  12.276701
1211782955  9.614584
1211821643  11.322109
1211825792  13.963312
1212118470  10.836061
1212199438  9.529253
1212210319  14.307219
1212468482  11.344060
1212501048  12.982142
1212543049  7.245566
1212624104  12.844134
1212711308  9.163627
1212806778  15.947393
1211104834  13.087618
1211120296  9.852279
1211251993  22.058680
1211263118  11.998647
1211303808  11.282362
1211351001  8.175749
1211359165  10.887903
1211433237  13.344558
1211647296  13.591680
1211785391  14.135440
1211786421  13.919093
1211920736  8.548301
1212282274  16.703005
1212430844  6.675827
1212440729  14.643600
1212517997  11.768237
1212522172  12.289398
1212827995  18.220749
1212854298  10.022145
1212915223  11.120465
1211030626  12.031979
1211096354  8.424412
1211099846  11.346648
1211334111  14.801816
1211394044  13.301950
1211485194  7.126787
1211732242  13.569069
1211826315  12.289398
1212103319  7.126787
1212181686  14.373268
1212291565  14.837128
1212351654  13.562426
1212513931  11.098397
1212553306  12.977430
1212890842  10.097912
1211109361  18.221458
1211304461  8.103550
1211522119  10.110947
1211556448  15.184549
1211621147  15.053671
1211625398  13.672928
1211656088  19.253765
1211668880  153.924988
1211740253  13.685457
1211779466  9.738407
1211805836  12.169001
1211937109  12.289398
1212072939  7.783075
1212078338  9.052490
1212086692  0.000000
1212086757  2.632553
1212216393  11.344060
1212261914  14.718990
1212269624  13.784451
1212272409  9.774827
1212425658  12.588621
1212765910  12.638622
1211198073  14.647969
1211359591  14.983831
1212913737  13.567626
1212917662  14.241953
1212920058  14.601912
1212985529  12.672137
1212996941  7.259491
1212997934  16.831881
1211204125  3.008631
1211205736  12.232512
1211347186  12.452480
1211463394  10.940897
1211489002  4.810442
1211534269  6.393147
1211710074  11.521311
1212596698  8.336670
1212716653  16.876438
1212729406  11.190412
1212816806  0.000000
1212816829  30.550154
1212936281  15.525488
1211102601  14.342432
1211118235  9.900714
1211257374  13.276960
1211319544  9.031392
1211600195  12.087933
1211664193  14.888100
1211704958  9.688074
1211708588  17.454140
1212134257  9.688074
1212225860  9.688074
1212291557  16.208153
1212442735  10.686433
1212448397  14.473674
1212726329  7.192244
1212814373  15.668011
1212828836  11.823228
1212860722  12.876328
1212978465  12.087933
1213023037  9.071915
1211437591  14.096968
1211504290  7.904254
1211525264  14.590081
1211531138  13.685457
1211532707  10.830942
1211541604  12.429976
1211686810  12.031979
1211745710  10.315183
1211912364  15.271490
1212144775  16.416821
1212249931  5.137491
1212280903  9.506729
1212291099  12.441059
1212303133  11.046807
1212389703  12.948546
1212686135  14.131475
1212775482  14.505626
1212828947  14.104423
1211085632  9.646096
1211317831  15.600324
1211562668  12.232512
1211703117  8.196956
1211751918  9.880318
1211850099  12.169001
1211907105  13.035507
1212195861  13.720860
1212225188  15.071391
1212306339  10.653385
1212374354  11.005431
1212443117  15.646289
1212514059  7.763107
1212557658  11.445775
1212633600  6.230187
1212969026  6.104288
1211020823  9.490514
1211071673  12.289398
1211077626  10.400700
1211473306  7.383926
1211984664  21.157843
1212161014  12.638622
1212363032  9.774827
1211084064  9.806865
1211204589  10.579676
1211245613  8.923195
1211343012  9.031392
1211424618  7.888621
1211434917  17.054806
1211601390  12.087933
1211650282  10.654264
1211677813  10.592887
1211764796  7.126787
1212068145  13.202764
1212072162  7.175069
1212108751  0.000000
1212108811  25.464733
1212218298  13.730499
1212463449  14.432713
1212622470  10.737353
1212639502  16.494390
1212826718  9.852428
1212913311  16.993263
1212935190  12.087933
1212945788  14.647126
1211303499  12.860353
1211613402  13.550759
1211696205  14.784509
1211753696  11.126901
1212002906  8.332404
1212145899  14.888323
1212203374  7.538577
1212268774  14.433259
1212474844  14.549714
1212523865  10.358585
1212542283  14.236401
1212675974  9.375555
1212724544  14.313788
1212729498  8.480809
1212739623  7.421568
1211155011  12.289398
1211237914  12.691905
1211299365  7.052135
1211420809  16.198252
1211430109  6.948781
1211441911  7.968876
1211479788  14.972766
1211620239  10.143099
1211784887  10.461520
1211816883  7.245566
1212794890  9.738407
1212846261  12.232512
1212873191  14.559163
1211672721  12.166967
1211863555  19.111008
1212208000  12.889211
1212812749  9.852279
1211095994  10.507355
1211344814  12.424409
1211585322  6.586878
1211700666  11.420148
1211702928  7.331120
1211784394  13.892493
1211788522  14.387871
1211805909  14.575730
1211917111  14.236401
1211952969  13.360314
1212046826  14.784509
1212224059  9.973083
1212284147  15.525488
1212293476  12.031979
1212655016  9.688074
1211059665  6.645533
1211165827  12.577874
1211248559  14.362600
1211557416  7.254077
1211568665  10.563115
1211587603  11.828328
1211605123  12.029009
1211627630  12.217335
1211856683  7.325938
1212297321  10.652702
1212727251  12.459917
1212971587  13.305744
1211156556  11.650011
1211185614  9.529253
1211247684  7.489627
1211423233  10.862288
1211942975  16.560472
1212042753  9.900714
1212058520  15.056116
1212461865  15.624884
1212660295  12.232512
1212817215  11.627848
1212876871  11.423901
1211519967  14.915921
1211568887  9.031392
1211646999  8.304063
1211721992  8.942838
1211811011  10.079906
1211957856  13.567626
1211995759  9.529253
1212012276  8.915331
1212199997  9.062091
1212314185  8.145689
1212371673  5.520180
1212374874  13.328002
1212410485  12.017051
1212545223  16.051775
1212601852  10.298348
1212610321  13.685457
1212672361  6.488567
1212687206  9.806865
1212777004  14.473674
1213066769  17.219177
1211257453  12.166940
1211556780  16.167059
1211587970  7.126787
1211607381  9.022918
1211895089  17.453709
1211896247  6.920053
1211949548  13.574817
1211993452  9.600646
1212310516  13.569069
1212647915  7.126787
1212651546  13.552981
1212710517  13.914926
1213059175  7.853914
1211091631  15.598589
1211103981  12.031979
1211105597  8.449170
1211359622  8.522332
1211408931  13.362084
1211441580  17.208363
1211505339  13.365525
1211604164  10.802669
1211738007  8.183207
1211855554  15.556739
1211874318  14.944489
1211877001  14.643600
1212045529  9.800614
1212075030  10.625168
1212137056  10.323015
1212376114  15.222572
1212695018  7.791830
1212896955  11.959365
1212989455  15.593764
1211690208  9.375555
1211728669  16.926180
1211859871  19.763567
1211945849  9.096698
1212253026  10.773235
1212299048  15.877135
1212365643  7.626912
1212744972  11.837914
1212805367  15.160559
1212810922  15.233562
1212827597  11.720232
1211119510  11.654199
1211269994  14.062399
1211785274  9.918253
1212136501  9.614584
1212256180  10.698398
1212832214  11.494958
1212914254  12.079125
1211088581  13.866792
1211183119  13.003158
1211214407  6.688215
1211653510  10.399123
1211660798  12.913975
1211665881  9.900714
1211734771  13.685457
1211774913  10.125746
1212129349  0.000000
1212129418  0.000000
1212129470  1.653554
1212129675  7.167061
1212173439  13.283428
1212383696  9.258666
1212543306  11.537488
1212649556  36.134678
1212743117  16.165810
1212805446  5.112109
1212811766  15.354791
1211162770  7.481762
1211184378  8.883337
1211351773  12.876328
1211478924  10.808674
1211964871  14.190220
1212037878  10.554508
1212054986  12.289398
1212124380  11.456444
1212165660  10.954488
1212268804  7.495413
1212371686  7.505576
1212557215  15.592102
1212642099  14.458116
1212774547  11.823228
1212827239  7.037448
1212932815  11.918057
1212964699  10.551204
1212977240  10.416348
