1211074367  6.723011
1211088911  10.379929
1211153409  14.393046
1211239101  8.355774
1211858388  14.751443
1212631671  8.954981
1211051483  5.085367
1211055911  4.305899
1211527548  7.549143
1212127294  5.421641
1212133238  6.740306
1212514492  12.604374
1211020336  17.345263
1211172916  16.673563
1211618991  16.140749
1211648953  6.290953
1211681031  13.815166
1213019640  11.642948
1211095451  5.868355
1211119237  4.856988
1211177881  12.642266
1211247131  6.290953
1211658978  11.387473
1211716938  10.586624
1211769030  8.312183
1212026504  10.090528
1212083330  4.212335
1212089322  13.692335
1212514811  12.397745
1212550823  11.826636
1212563474  10.258702
1212733121  17.363060
1212768970  13.947376
1212830216  11.314416
1212849573  8.701434
1212883843  6.290953
1212893862  5.672851
1212978162  5.584212
1211075674  5.888206
1211236148  0.000000
1211236214  5.650408
1211483823  9.344328
1211689736  15.170665
1212303494  4.212335
1212677810  13.750226
1212725717  6.835061
1212895750  21.718203
1211333568  12.070129
1211437908  7.549143
1211440160  8.954981
1211557500  10.974812
1211590124  5.082788
1211740422  11.992851
1212070792  6.766370
1212212864  7.210066
1212328648  13.815166
1212335854  12.942821
1212379319  7.549143
1212777205  6.433086
1212820044  9.055410
1212830555  10.763067
1212902103  5.808514
1211077488  11.590120
1211163982  11.461027
1211359521  7.701974
1211471906  6.290953
1211482727  6.140558
1211501116  6.740306
1211525688  11.947219
1211543300  8.846457
1211670054  9.780592
1212212674  16.070223
1212400085  9.780592
1212465711  7.815256
1212522858  5.085367
1212774137  8.282974
1212900880  10.474709
1211150781  14.448526
1211300049  6.290953
1211310762  14.201672
1211386080  3.646935
1211621051  9.094405
1211668592  4.963744
1211952818  7.703207
1212016397  13.228401
1212025719  7.835942
1212289603  9.357746
1212515192  4.510323
1211197599  4.510323
1211693531  6.054237
1212032167  10.165577
1212062710  12.020515
1212108768  0.000000
1212108790  2.431705
1212282076  10.336322
1212418002  0.000000
1212418004  0.000000
1212418072  2.805814
1212528215  4.941731
1213059092  7.293665
1211100910  13.532166
1211140122  10.763067
1211487147  12.070129
1211490295  12.525310
1211493156  5.002000
1211674653  13.815166
1211981459  8.850951
1212082780  5.633689
1212193766  8.428217
1212468671  5.085367
1212997013  9.634355
1213003189  11.567734
1211162218  10.228234
1211373140  9.980143
1211709356  14.689335
1211935929  8.150494
1212555237  21.251808
1212761951  8.042234
1212767517  5.719048
1212836139  11.880137
1211178668  14.693615
1211385166  0.000000
1211385228  4.680372
1211604543  7.330234
1211671653  9.980143
1211683418  11.947219
1211698455  7.865011
1211873610  9.801519
1211890871  16.976717
1212421771  9.904157
1212439301  6.981175
1212682561  6.374117
1212887615  12.135069
1213037854  11.072368
1211392988  7.285408
1211434690  11.872258
1211563566  6.372623
1211701343  11.590586
1211975286  9.620255
1212463945  16.318768
1212724268  8.635487
1211518530  12.642266
1211645642  20.121544
1211864995  14.938307
1212322724  17.023846
1212889084  8.035111
1212958563  9.370160
1211067951  11.685381
1211114918  16.434887
1211456978  13.458895
1211476475  6.290953
1211608726  7.046542
1211699270  16.085442
1212074771  4.457365
1212210832  5.085367
1212245156  15.619175
1212666292  12.584029
1212754933  14.580829
1212825817  17.332428
1212828579  15.276038
1212903608  15.531384
1212373818  5.260724
1213006784  10.146479
1211246539  11.014113
1211774625  6.092378
1211880068  15.561992
1212804379  0.000000
1212804440  9.895030
1212819978  7.285408
1212827633  13.540870
1213027062  3.979696
1213070645  9.610649
1211127311  6.430587
1211146412  9.382820
1211203543  5.085367
1211484855  14.668651
1211670301  6.445562
1211677701  10.271708
1211685425  11.880137
1211735921  13.624022
1212214705  8.701434
1212457933  11.601284
1212879205  7.582678
1211084617  10.099841
1211158999  9.904088
1211175490  7.195622
1211234330  10.415874
1211704090  0.000000
1211704115  11.262854
1212078564  0.000000
1212078582  6.480515
1212225482  8.891447
1212724660  15.128428
1212745002  8.767553
1212872981  9.650681
1212879193  6.187822
1212993858  13.834933
1211153809  4.143281
1211322656  8.425198
1211595312  0.000000
1211595372  12.070129
1211843315  13.264450
1212024252  6.622056
1212212757  12.644094
1212268912  6.740306
1212511292  4.739481
1212721871  9.511503
1211101348  15.170665
1211498961  4.212335
1211518433  19.305862
1211882992  11.567734
1212037712  11.795278
1212101221  0.000000
1212101222  0.000000
1212101282  5.085367
1212158769  5.332762
1212209480  16.024729
1212282853  11.381158
1212304155  4.510323
1212308115  4.467370
1212511951  9.355577
1213005331  8.913679
1213010346  7.046542
1211129728  0.000000
1211129798  0.000000
1211129854  0.000000
1211129910  2.652769
1211388730  6.140558
1211753491  12.942821
1211789805  7.675698
1211840899  14.256165
1212504946  11.741529
1212521507  3.662900
1212776578  4.855201
1211082998  14.314468
1211153503  7.996619
1211614769  10.800125
1211862322  13.335136
1212206494  6.290953
1212227201  8.035111
1212815295  9.794927
1211135521  0.000000
1211135581  1.519816
1211408469  9.374287
1211527493  16.895960
1211955062  7.575712
1212013682  0.000000
1212013729  5.171559
1212170815  6.740306
1212294098  7.959983
1212313078  10.189375
1212382411  15.893784
1211268358  0.000000
1211268427  0.000000
1211268480  3.343024
1211282465  19.068390
1211408517  7.330234
1211501565  5.897768
1212198673  4.623061
1212326322  17.307577
1212449841  15.727382
1212471579  0.000000
1212471638  0.000000
1212471698  0.000000
1212471759  6.650267
1212493108  16.170925
1212669192  10.836466
1211152105  9.724013
1211222481  12.942821
1211322034  8.077857
1211343988  7.330234
1211658135  9.895030
1211774417  18.364191
1211776898  7.330234
1212093377  9.650681
1212197285  8.701434
1212359262  6.723011
1212595576  5.085367
1212786685  5.757019
1212823999  9.780592
1212961597  5.421641
1211092436  7.128634
1211165255  14.487651
1211283724  8.701434
1211561945  14.665030
1211586090  10.861219
1211845818  6.932889
1212311832  6.480342
1212651198  12.179544
1212728926  10.612451
1212835786  10.146479
1211452187  19.122351
1211854249  5.498302
1212364402  5.897768
1212369078  10.615749
1212961890  15.751624
1212967110  6.862857
1212558592  11.830738
1212562931  12.604374
1212714915  5.421641
1212788822  11.804691
1212891496  6.344851
1211081626  15.531384
1211513130  6.722894
1211691718  6.187822
1211759056  4.450923
1212036082  20.002333
1212167858  7.962165
1212234067  10.497827
1212497862  7.330234
1212554263  15.825754
1211134242  0.000000
1211134303  0.000000
1211134360  0.000000
1211134542  1.023239
1211170266  11.880137
1211530266  13.389124
1211690549  7.621819
1211782236  9.946364
1211887897  12.020515
1212098686  5.722123
1212119158  9.777044
1212279130  9.730745
1212293931  3.949064
1212301114  12.840923
1212359616  8.701434
1212704505  5.914517
1212887744  10.479205
1212965231  8.846457
1211135068  0.000000
1211135125  4.143281
1211239700  12.705400
1211585128  7.163985
1211705598  4.434037
1211721436  17.023846
1212297005  5.837249
1212315541  9.634355
1212553125  9.406230
1212807652  6.981175
1212960383  8.945316
1211047386  7.351140
1211048215  5.550840
1211415176  7.903388
1211789438  9.960942
1212598118  6.187822
1212910490  8.604722
1212978291  13.815166
1211303351  7.454475
1211426302  15.611545
1211558735  5.157961
1211600898  0.000000
1211600921  7.251258
1211675723  6.030936
1211690185  8.900672
1211919769  6.835061
1212534048  6.013763
1212631389  19.798059
1212814392  5.738288
1212885377  15.561992
1212895540  6.507882
1211139879  9.724013
1211212062  8.623805
1211520798  11.467097
1211668683  6.740306
1211779174  9.620255
1211865860  9.780592
1212131703  9.720773
1212230442  6.290953
1211162177  13.588688
1211214725  4.510323
1211402267  5.956493
1211422938  11.197681
1211502880  11.843464
1211845524  5.858846
1212094454  7.330234
1212164099  4.554060
1212320466  10.340450
1212353022  6.656892
1212495069  13.815166
1212610616  6.187822
1212796340  7.675698
1211146059  19.199184
1211152640  8.778073
1211241412  12.281116
1211423634  8.767553
1211547613  14.790945
1211669838  8.996398
1211698106  13.214048
1211901270  5.106026
1211922441  10.336322
1212130155  11.580513
1212131901  14.148746
1212718968  6.397579
1212973000  10.044540
1213015372  6.290953
1211084304  9.397395
1211145532  7.163985
1211586602  0.000000
1211586663  4.143281
1211606016  14.972801
1211823209  12.728719
1212984284  11.275979
1212987127  11.341127
1213012215  4.586769
1211078786  13.976632
1211098150  8.319416
1211446469  15.633230
1211706112  11.275979
1211952266  9.769070
1212009635  5.334173
1212111492  6.290953
1212258858  11.280792
1212335255  15.539418
1212471841  10.463666
1211131552  0.000000
1211131615  4.011747
1211170359  9.186898
1211498004  5.055334
1211787685  14.668651
1212437375  4.419481
1212541560  11.766200
1212629577  10.574845
1211163386  9.556438
1211514440  11.093846
1211608024  0.000000
1211608058  11.068353
1211667001  13.369515
1211935968  17.515394
1212237923  7.701974
1212758063  8.846457
1212818318  11.566237
1212890149  10.117853
1211052393  7.737804
1211088693  6.057451
1211118314  13.839147
1211287719  17.904390
1211853713  13.972108
1211912727  12.020515
1211932951  7.903388
1211942844  7.330234
1212096971  3.888309
1212120019  3.610573
1212182815  3.850987
1212200098  14.931856
1212274895  4.295545
1212869040  12.942821
1211162140  7.454475
1211310933  5.808901
1211471182  0.000000
1211471248  3.134085
1211521282  11.014113
1211798333  14.668651
1212038670  12.353728
1212213261  7.163985
1212298209  8.121408
1212529880  6.989947
1212861149  13.353941
1212955844  8.596782
1212987852  8.103345
1211798716  6.318502
1211835395  12.220858
1212333171  12.020515
1212603658  12.220858
1211331985  2.431705
1211390569  4.586769
1212085017  7.417026
1212195301  8.846457
1212291728  7.046542
1212307846  8.458012
1212636434  13.501321
1212895179  9.478348
1212992663  11.685381
1211056795  17.537561
1211334773  4.011747
1211677143  4.510323
1211700961  3.458300
1211848078  9.946364
1211946436  11.197681
1212507350  6.187822
1212812405  9.678389
1211402905  0.000000
1211402927  9.204680
1211711129  6.290953
1211766284  11.197681
1211954913  17.005402
1211995161  12.573129
1212109129  21.018475
1212729029  7.330234
1212903518  28.599380
1212908330  12.915681
1212911938  13.152352
1212941610  17.351418
1211212989  0.000000
1211213053  13.504686
1211320686  7.046542
1211596078  8.626141
1212209231  10.615749
1212392373  13.058655
1212424452  12.728719
1212749404  14.296582
1213023355  3.546593
1211056917  6.872095
1211083172  7.330234
1211145523  10.615749
1211166547  5.711871
1211228751  10.713481
1211792518  11.880137
1212548986  11.311555
1212673932  13.264450
1212810416  9.780592
1212959036  9.442470
1212976119  7.802943
1212977016  11.290061
1211103742  15.097251
1211277721  13.304015
1211444095  14.316359
1211539264  10.794578
1211622867  9.004754
1211786847  8.639796
1211883172  11.109871
1211968582  14.200152
1212211022  9.946364
1212301095  9.344328
1212305169  9.235802
1212316867  13.583440
1212963893  9.046585
1211170655  15.407706
1211197172  9.801519
1211229381  10.763067
1211673961  11.872258
1211752021  0.000000
1211752025  9.640840
1211959451  5.608594
1212019831  7.163985
1212560654  6.415509
1211391119  6.622056
1212170962  5.470394
1212202530  13.865777
1212299389  11.558299
1212525872  10.132683
1212789822  6.397579
1212929265  7.330234
1211087386  13.058655
1211329251  5.085367
1211331474  5.306262
1211586748  15.118173
1211665063  4.510323
1212030277  13.276299
1212044145  11.314416
1212078742  6.024045
1212121048  11.093846
1212195356  0.000000
1212195370  0.000000
1212195408  0.000000
1212195467  0.000000
1212195474  5.320214
1212635350  4.920352
1212801999  4.477490
1212829139  9.468960
1212876808  11.002820
1212918065  10.109604
1211619886  12.386532
1211949076  13.456753
1212701936  6.612909
1212963957  15.812556
1211164873  14.148746
1211339789  7.583001
1211485658  4.843206
1211522172  14.891232
1211733293  15.037460
1212381450  17.052155
1212522001  5.085367
1212635552  14.689335
1212768974  7.251258
1212901743  4.642760
1211106280  9.478348
1211120245  10.763067
1211175408  7.701974
1211190326  7.701974
1211197727  15.107864
1211343158  15.561992
1211376476  8.846457
1211744779  17.515394
1211812712  15.931559
1212110246  6.984046
1212269374  7.163985
1212314660  10.581234
1212327427  10.330554
1212544333  6.732314
1212596050  4.839194
1211018988  12.326495
1211087392  8.387937
1211493113  6.290953
1211640556  17.602381
1212028248  7.751025
1212645063  14.689335
1212726310  20.289936
1212892224  6.835061
1211300077  14.189658
1211117988  14.589367
1211336542  12.070129
1211360076  16.441845
1211423337  5.163468
1211520353  12.728719
1212248466  6.549523
1212381674  13.664297
1212568211  15.821745
1212602711  11.381158
1212608901  6.290953
1212697109  9.478348
1211090892  6.397579
1211513996  12.070129
1211534564  15.976225
1212354973  0.000000
1212354974  0.000000
1212355030  6.541246
1212425712  6.622056
1212471570  10.867324
1211056684  5.082788
1211154967  8.891447
1211201385  10.415462
1211348022  18.674389
1211388998  11.197681
1211434036  13.588688
1211617508  7.210066
1212108051  4.595274
1212351889  11.880137
1212374299  9.919907
1212858744  13.815166
1212917842  17.307577
1212968356  9.561175
1211049976  9.567602
1211079357  8.042234
1211082339  7.163985
1211096487  15.195864
1211098287  12.863827
1211292253  0.499008
1211346673  12.441869
1211431009  8.758739
1211851145  8.387937
1211855519  4.487088
1211922987  6.108529
1212075177  0.000000
1212075243  0.000000
1212075252  0.000000
1212075273  2.905059
1212183905  5.513533
1212283291  5.002000
1212795496  4.212335
1212815890  9.946364
1211080916  19.696459
1211485711  8.846457
1211858515  10.669245
1212815412  6.872095
1211060870  7.330234
1211198696  11.760530
1211389508  12.695827
1211438806  8.846457
1211504500  0.000000
1211504564  7.679982
1211545903  9.780592
1211622510  15.561992
1211692845  8.252115
1212093190  6.290953
1212217664  5.498302
1212294310  7.093775
1212423113  4.513216
1212426864  3.646935
1212430508  8.151310
1212717952  16.915926
1212975554  6.612909
1212827960  9.724013
1211102082  11.570941
1211303311  6.307177
1211424643  6.461159
1211695413  12.081495
1211713389  12.862497
1211829407  9.105002
1211837456  8.927901
1212317243  0.000000
1212317244  10.763067
1212319483  13.060382
1212652437  4.228427
1212717530  6.381957
1212800456  5.421641
1212819075  14.364915
1212998579  7.285408
1211057963  6.537764
1211072181  11.567734
1211239917  4.586769
1211273718  12.220858
1211320598  9.064758
1211508484  5.415290
1211753463  12.070129
1211877865  9.634355
1212003774  8.035111
1212311928  0.000000
1212311932  6.650267
1212449632  5.421641
1212603218  8.701434
1213036010  7.716036
1211224470  6.512713
1211358367  12.584029
1211508132  7.046542
1211542875  19.593483
1211659254  11.530147
1211776866  11.134208
1211825987  12.136996
1211840154  9.780592
1212601272  6.767840
1212608878  9.328502
1212708412  4.554060
1212848481  7.163985
1211470023  3.829395
1211704028  8.846457
1211706119  0.000000
1211706143  16.434887
1211846637  11.736711
1212192104  12.683098
1212774161  5.414994
1211083543  4.143281
1211985627  5.085367
1212695306  8.767553
1211209885  4.244809
1211333049  5.085367
1211347088  9.453072
1211468659  8.791850
1211557217  6.716236
1211626919  8.077857
1211690636  8.634576
1211781363  19.854528
1212083741  7.903388
1212203469  16.094397
1212297619  12.041613
1212976402  11.880137
1211300077  14.189658
1211304340  9.028238
1211603706  23.523647
1211763850  9.960942
1211825725  9.838911
1211943723  11.798907
1211989097  6.638744
1212038139  9.780592
1212204415  11.880137
1213083203  13.276299
1211239074  10.496357
1211269651  7.210066
1211351188  7.454475
1211686598  20.361855
1211914471  6.290953
1212678395  6.950909
1212796773  8.913679
1212810617  6.872095
1212895995  11.761076
1211673594  13.411255
1212915389  4.510323
1211940308  6.290953
1212302614  7.152948
1212900850  8.402153
1213017989  14.148746
1211061140  5.807033
1211166619  5.002000
1211529815  12.135069
1211572783  10.339657
1211615645  6.290953
1211869817  5.695884
1211871519  14.689335
1212559508  18.770288
1212732570  11.880137
1212881782  12.039080
1211518069  7.330234
1211523395  6.290953
1211618532  6.767840
1211706014  17.228258
1211875131  18.184130
1212032543  15.166133
1212224942  4.510323
1212230800  7.163985
1212280880  5.085367
1212308606  3.759094
1212331921  10.494565
1212633473  18.871565
1212722008  13.276299
1212820683  7.594512
1212907724  13.731169
1212913686  8.886724
1211161000  14.623128
1211427732  8.696981
1211553427  9.476832
1211652609  7.163985
1211666165  6.169465
1211701349  22.285099
1211704310  9.382820
1212017830  9.102747
1212181959  27.968567
1212674478  8.622526
1212865889  9.332040
1213020243  10.479205
1211056954  7.163985
1211063790  6.716236
1211133294  3.979696
1211484643  3.979696
1211608279  8.266136
1211749496  14.179833
1211896610  9.980143
1212260592  5.082788
1212554548  8.266136
1212766045  0.000000
1212766111  10.991467
1213059791  7.163985
1211075833  8.846457
1211515409  10.058441
1211829888  13.722419
1211935860  15.373528
1212278427  2.387874
1212472301  12.220858
1212481177  14.306131
1211376490  10.763067
1211638738  21.022917
1211641766  9.946364
1211684166  12.728719
1212016215  14.682992
1212067914  6.507882
1212070796  5.421641
1212129215  14.688286
1212357834  8.788394
1212367960  7.853822
1212976064  6.766370
1212979958  7.046542
1212989913  12.326495
1211120244  13.936124
1211468733  4.358886
1211787132  13.548074
1212043426  3.085868
1212379332  11.880137
1212736713  6.247238
1212906015  4.623061
1211127599  6.344851
1211141784  7.131345
1211155146  11.838876
1212376878  14.364915
1212475710  12.670520
1212541033  19.107704
1212547142  7.815256
1212793573  12.406308
1212812592  8.913679
1212896871  7.210066
1211163888  13.916800
1211906851  6.290953
1211961608  7.285408
1211993775  4.832489
1212502407  12.559242
1212528035  7.046542
1212538832  9.780592
1212632518  8.517328
1212820878  252.740097
1212888732  11.137629
1212961742  6.283058
