1212002513  2.036066
1212126212  9.675920
1212308379  3.636983
1211100565  8.386138
1211125137  4.213664
1211671638  3.318735
1211748922  3.892578
1211780825  9.126315
1211690160  3.895563
1211928889  14.511537
1212673566  8.106042
1211334299  4.213664
1211998697  5.855938
1212329342  3.904812
1212444286  4.144588
1212594464  15.974349
1212597717  7.598247
1212800630  4.144588
1212885827  10.717825
1211377692  3.451057
1212433108  6.966743
1212466934  8.216116
1211422328  7.391489
1211422573  7.051473
1211658941  1.744703
1211847431  7.263906
1211912131  3.917395
1212036598  0.000000
1212036607  5.361522
1212106743  3.699153
1212291264  7.556222
1212373113  4.472785
1211203657  3.892578
1212727806  10.808257
1211250573  6.430410
1211335912  9.225811
1211348611  6.944617
1211684305  5.252634
1211684546  5.131742
1211734036  1.930204
1212103354  3.479312
1212698751  4.358963
1212707790  8.321463
1212707869  352.749878
1212869801  1.451131
1211402784  4.902459
1211735418  0.000000
1211735473  1.017030
1211985066  5.044465
1211998830  0.000000
1211998891  0.000000
1211998951  0.000000
1211999012  0.000000
1211999072  0.000000
1211999084  3.786050
1212133504  4.218772
1212133739  10.808257
1212873773  6.850176
1212345724  5.207515
1212550598  12.862048
1211852341  4.652861
1211944069  10.110262
1211991381  11.231308
1212804340  46.273354
1211469060  11.418497
1212262644  4.100053
1211476464  9.656154
1211677404  1.139775
1211679460  4.144588
1211729489  10.216915
1211734059  4.100053
1211344955  2.016419
1213060051  7.841183
1211565438  6.610693
1212906974  4.970729
1212977958  9.036139
1211781576  6.103547
1212377689  1.652619
1212627217  9.161453
1212307705  5.348272
1212854053  0.000000
1212854134  0.000000
1212854195  0.000000
1212854255  0.000000
1212854317  0.000000
1212854378  0.000000
1212854495  0.000000
1212854680  0.303243
1211506388  0.000000
1211506501  0.000000
1211506602  1.835845
1211847369  2.530560
1211993100  1.974869
1212025109  8.368137
1211260763  5.242167
1211306509  674.316406
1212403961  4.379473
1212898211  3.435662
1212898374  37.131565
1211667229  8.386138
1212513821  3.426267
1211071370  0.000000
1211071429  6.950838
1211754529  3.426267
1212600977  5.068235
1212685766  5.574864
1211387455  6.139230
1212276310  14.067053
1212527270  5.987033
1211254065  8.106042
1211394558  1.331070
1211424968  4.251778
1212421765  1.101782
1212951061  8.777828
1213032438  6.253644
1212539368  11.377112
1212803379  16.342615
1212899332  2.813683
1212899393  15.813696
1211557274  11.830112
1212593665  5.781479
1212781413  8.421935
1213082117  6.305008
1211171383  20.040415
1211496017  7.021598
1212127995  8.358572
1212454696  7.346963
1212632696  3.892578
1212632756  9.823847
1211040342  5.836642
1211228132  0.000000
1211228135  3.570729
1211893901  8.243432
1211901763  12.931666
1212029737  4.199307
1211176350  3.611712
1211947385  5.902918
1212081481  7.919333
1212461842  7.164043
1212627595  2.728743
1212723677  4.867737
1212978446  3.941012
1211387053  0.000000
1211387108  0.000000
1211387110  5.187793
1211684884  4.213664
1212161597  6.553283
1212181168  12.287614
1212761560  1.955599
1211048650  1.101782
1211376329  7.356286
1211461719  8.782313
1211694937  4.285082
1211866964  9.196743
1212503981  2.820589
1212167714  6.230990
1211668358  3.593148
1212363414  6.233786
1212527022  2.375026
1212645058  6.692394
1211946193  24.512293
1211946208  3.767011
1212648102  6.431906
1211056710  0.000000
1211056726  1.032921
1211076686  2.813683
1211285679  7.391550
1211853203  9.337041
1212155399  6.127978
1212164365  4.307678
1212411432  5.632754
1212615863  4.417058
1212850744  37.459381
1211143815  3.889536
1211540768  8.093635
1211617055  4.077739
1212877979  4.091916
1213045235  4.665260
1211083069  27.496246
1211439400  5.879269
1211641817  3.261828
1212463070  14.169143
1212290570  14.567537
1212706826  16.712927
1212707011  7.517289
1212887083  4.144588
1211832644  4.144588
1211912958  12.398837
1212225878  2.448405
1212354289  3.585366
1212654013  4.014891
1211246388  13.761559
1211913077  7.149024
1212639216  4.077739
1212722798  2.830634
1212986437  8.321463
1211029743  4.062635
1211040796  3.006206
1211047726  3.633290
1211047922  11.930957
1211060015  3.083518
1211337649  14.589667
1211642781  3.538707
1211874170  5.972459
1212091973  9.291101
1212252067  5.640861
1212269220  3.057322
1212419495  5.972459
1212673611  8.671752
1212673850  0.000000
1212673910  3.475718
1212873791  3.485890
1211083674  7.524485
1211754907  4.213664
1212959617  1.955599
1211167009  1.101782
1211567549  14.842397
1211669556  1.001620
1212461918  6.006182
1212787765  2.050026
1212977931  3.003708
1211320768  6.870548
1211349893  7.568527
1211337669  4.644886
1211483882  7.586388
1212506612  8.779981
1212521913  4.180046
1211267409  8.377302
1211610965  6.129734
1212028762  13.198230
1212675577  5.585175
1211384483  8.476134
1211582657  1.793049
1211593786  4.753899
1211685826  4.179953
1211771279  4.047994
1211829161  7.292294
1211829347  2.213886
1212889144  5.475789
1211084360  5.142134
1211110875  5.327174
1211143960  4.403081
1211367861  4.865722
1211537672  3.767011
1211716319  3.828765
1211751840  16.388479
1211859992  2.768301
1212059486  4.100053
1212138215  0.000000
1212138275  12.304213
1211488354  5.632754
1211897702  7.618392
1212035798  3.830604
1212093673  4.717971
1212094019  7.353142
1212550678  7.867565
1212550769  100.785683
1212860549  0.000000
1212860557  2.288115
1211154661  8.380537
1211170499  5.982904
1211931111  5.314895
1212790392  3.291953
1211083128  4.548569
1211413038  6.775768
1212595994  6.170909
1212862623  6.186571
1211218303  1.485265
1211595443  9.681579
1211598290  3.580844
1212455169  5.176778
1212958282  7.093706
1211141525  35.745121
1211331580  6.102175
1211499931  8.795158
1212587756  5.525877
1211044586  8.233831
1211431506  7.093706
1211771001  2.930533
1211824529  4.032839
1211861440  29.135075
1211894980  8.013261
1212421732  10.631072
1212551898  4.169545
1212963216  3.483371
1211083709  3.368825
1212350654  3.702246
1212391871  4.379473
1212952499  0.000000
1212952520  0.000000
1212952585  5.020473
1211252560  4.120673
1211367785  8.232765
1211520969  2.070623
1211578104  8.141261
1211768373  11.575079
1211982469  9.764091
1211982643  9.035637
1212517500  2.142541
1211284879  15.404557
1211983680  10.050881
1212062095  1.364801
1211752676  1.406530
1212375916  8.791533
1212380865  2.091463
1212384636  10.764591
1212818925  0.000000
1212818948  0.000000
1212818953  3.900787
1212818997  8.399240
1212981339  5.810405
1212983994  11.180956
1211772231  4.213664
1212912146  6.503869
1212916606  5.319510
1211808246  8.796827
1211808496  96.330917
1211815945  6.128073
1212591429  4.219460
1212602558  4.352825
1211578063  6.361815
1211949498  4.953870
1211984229  1.083720
1212125845  1.955599
1212305210  12.100952
1212504532  6.128073
1212020657  10.482673
1212047151  6.606801
1212247338  3.967793
1212364496  9.137358
1212603765  6.034991
1211416058  3.357768
1212036938  4.674551
1212040149  10.808257
1212168633  2.932828
1212342631  0.771947
1212343996  4.734028
1212947172  2.364569
1211064365  3.479949
1211513814  0.000000
1211513815  2.065842
1211802461  5.250295
1211823165  3.963096
1211828597  8.799259
1211910549  3.975489
1211910653  44.093735
1212582554  7.391550
1211113244  1.312105
1211179929  8.097641
1212944151  2.424972
1211412661  10.182616
1211702765  4.298591
1212049061  1.349121
1212200746  5.318217
1212222737  4.366855
1212236376  4.728641
1212241752  4.644253
1212242137  5.070048
1211050432  5.172095
1212096532  1.695050
1212276376  3.773430
1212899349  4.596725
1211678360  8.696784
1211941762  3.678223
1212375278  13.489510
1212808961  3.539069
1212956618  7.161688
1211164792  4.821550
1211164978  19.054800
