1211217747  13.513748
1211219400  15.196024
1211240007  5.250385
1211673312  3.627661
1211917409  5.801525
1211952458  23.831478
1211953376  16.206993
1212092595  11.004485
1212166445  5.925241
1212203831  5.708547
1212364204  11.726696
1212364248  7.028324
1212444000  12.257456
1212456474  6.179807
1212500823  3.811855
1212611848  3.502161
1212646587  4.330754
1212729810  5.778851
1212982432  9.911291
1211142311  16.884665
1211142431  21.971893
1211142566  5.439255
1211222725  4.038030
1211230893  9.911291
1211242132  3.634227
1211322301  10.584599
1211477262  6.875637
1211477372  0.000000
1211477432  0.000000
1211477493  3.201390
1211569982  12.189915
1211660651  4.399362
1212027239  3.166771
1212045474  19.156055
1212046463  14.716190
1212165050  7.789773
1212196707  11.826435
1212259000  3.695824
1212346289  7.634344
1212353733  9.430660
1212355786  8.739820
1212716969  27.699816
1212779377  3.270651
1212872476  13.000112
1211071345  9.425722
1211221894  11.379216
1211261139  7.695038
1211333994  6.451558
1211345664  4.908024
1211437226  4.499776
1211754337  2.900222
1211783953  4.360354
1211903648  10.255920
1211946300  17.333958
1211946527  0.000000
1211946590  6.639015
1212030696  11.315953
1212096883  10.971314
1211236798  3.430669
1211249505  12.011042
1211644331  0.000000
1211644333  1.712641
1211718049  4.757523
1212127344  8.112216
1212129558  19.036070
1212241561  6.452799
1212282603  6.886852
1212290917  9.398307
1212291676  0.000000
1212291736  6.221239
1212335692  7.762609
1212370378  11.233338
1212884388  16.059204
1212980003  5.583991
1212982893  276.998138
1211439719  13.926600
1211513558  7.270361
1211681803  9.649481
1211763871  9.618372
1211838730  15.022792
1211920367  4.124527
1212012855  4.757523
1212199388  5.342431
1212203248  10.261786
1212294517  12.373486
1212529037  6.075713
1212632171  9.906601
1212646982  8.783937
1212793215  8.464541
1211067233  3.586272
1211479761  10.473024
1211745321  14.400254
1211830176  3.762646
1211975491  17.465046
1212202160  16.094698
1212202321  7.323188
1212330304  15.413558
1212410797  0.000000
1212410800  2.804029
1212430111  2.501153
1212775267  4.560010
1212789590  9.516161
1212884241  4.340083
1212895947  5.876797
1212985555  18.583551
1212987254  9.642531
1211125147  0.000000
1211125207  7.634344
1211209369  3.393050
1211209443  3.890193
1211300251  5.102874
1211324579  6.452799
1211663721  6.047329
1211665287  25.274240
1211982364  6.439687
1212087600  2.743880
1212266761  2.353632
1212289534  12.114090
1212335201  0.000000
1212335254  3.001303
1212349172  0.000000
1212349176  0.000000
1212349236  9.271202
1212462081  4.988985
1212463443  1.956299
1212570191  10.762571
1212603137  5.282330
1212866017  0.000000
1212866088  7.386570
1212893174  10.542260
1211132219  20.404930
1211155375  7.789773
1211170278  8.756422
1211652826  5.737310
1211658406  4.655555
1211833304  11.754020
1211833402  16.826000
1212017133  0.000000
1212017166  0.000000
1212017180  4.905186
1212270961  1.420542
1212385382  14.436413
1212554235  15.433994
1212633101  0.000000
1212633103  3.317400
1212644012  10.702657
1212681559  7.741452
1212681617  9.280106
1212806545  29.266254
1211314702  9.271202
1212110085  2.900719
1212114655  5.377333
1212220453  20.571793
1212436238  11.136015
1212443269  12.543522
1212472337  17.317930
1212515044  6.115804
1212589311  13.014054
1212596139  5.881147
1212719925  9.460223
1212874380  3.443169
1212884902  6.403480
1212962842  4.903469
1212975851  0.000000
1212975852  0.000000
1212975979  5.699192
1213039967  7.949320
1211122806  5.005002
1211383964  7.789773
1211392807  9.199055
1211571767  0.000000
1211571770  102.758430
1211635051  2.866916
1211738521  4.489144
1212030457  16.971079
1212162372  4.268934
1212196428  11.437844
1212365483  0.000000
1212365507  6.278770
1212462351  6.197041
1212543791  8.744226
1212681806  5.356230
1212808304  3.869623
1212975740  14.442398
1211072520  12.680793
1211170933  4.138811
1211270134  11.741724
1211374039  13.849908
1211862395  17.900427
1212147056  13.723320
1212223918  36.383152
1212609987  24.939346
1211073694  1.771697
1211131434  8.207051
1211144485  9.392174
1211165091  10.093560
1211172116  17.512075
1211329557  2.211164
1211486142  8.464541
1211567078  102.758430
1211613061  17.645750
1211650043  0.000000
1211650088  0.000000
1211650109  0.000000
1211650171  1.300740
1211782526  7.305056
1211833322  8.001261
1211906238  5.431471
1211989430  9.721525
1212104196  10.615641
1212106397  0.000000
1212106450  5.542098
1212130628  16.046541
1212454142  5.104188
1212494484  20.773102
1212507407  0.000000
1212507468  6.864066
1212520390  18.019659
1212542136  8.016203
1212730477  9.292092
1212894910  9.584949
1212955645  8.459857
1213076953  24.843493
1211086993  15.680785
1211324196  12.683614
1211576455  4.330754
1211684702  10.262900
1211924483  9.892348
1212434949  10.439959
1212435048  13.849880
1212438869  11.187772
1212717540  2.211164
1211135869  22.670156
1211219749  9.795203
1211235050  12.998658
1211321712  8.889964
1211384780  7.670730
1211607733  13.451558
1211621196  4.340083
1211764809  12.900588
1211766196  7.662072
1211990960  8.130340
1212006119  5.446106
1212075667  0.000000
1212075719  6.119252
1212682015  4.924355
1212716620  10.829628
1212890728  5.105980
1212892930  6.174124
1212899606  11.310866
1212900675  12.932053
1212955805  25.412214
1211115468  0.000000
1211115485  7.897597
1211252874  4.227939
1211304058  9.405046
1211413822  11.401984
1211521563  19.523706
1211652651  9.199055
1211659632  6.457587
1211664399  6.591918
1211732271  5.775424
1211821272  10.938745
1211824089  12.138475
1211920512  0.000000
1211920514  1.712641
1212126786  7.798576
1212196436  11.548039
1212260710  0.000000
1212260727  1.712641
1212279886  10.255920
1212344915  11.010121
1212521313  7.892153
1212701856  5.088418
1212777855  3.477597
1212809433  4.757523
1212811227  13.065261
1212811302  3.977780
1211567661  7.539088
1211569999  7.159538
1211578083  14.449641
1211874304  11.451515
1212155265  11.408615
1212168077  4.655555
1212251912  7.558481
1212347271  7.634344
1212434303  9.585481
1212563900  10.261786
1212843464  7.062925
1212851699  7.083083
1212952312  8.411081
1211596109  13.624936
1212020231  8.457534
1212450436  20.871506
1212450535  26.394108
1212563919  10.187412
1212801216  5.956430
1212957259  9.405046
1212963526  11.541700
1211036070  2.804029
1211164088  7.950311
1211184005  15.896794
1211214504  15.936051
1211572463  3.192041
1211775460  26.956522
1212256769  2.542839
1212286676  5.978122
1212786878  7.993369
1212804766  7.547009
1212979231  8.976878
1211075677  4.522058
1211257265  2.804029
1211415644  2.848095
1211725534  4.522058
1211838870  7.114978
1211906434  2.628777
1211938939  6.836726
1211940107  10.473024
1212023104  18.491953
1212030946  13.937722
1212182919  5.087828
1212195586  7.407602
1212590210  14.937427
1212702001  16.452778
1212873630  0.000000
1212873741  0.000000
1212873749  6.495352
1211038306  67.247078
1211041881  964.943604
1211042415  86.467850
1211072395  6.815591
1211118388  4.477638
1211231824  22.442503
1211288780  8.191492
1211321714  67.563225
1211325472  150.121658
1211428448  2.665656
1211584818  0.000000
1211584842  0.000000
1211584844  2.854401
1211636977  10.357203
1211646156  91.700562
1211695520  519.393555
1211743604  56.559513
1211751126  29.117125
1211752914  2175.287842
1211780391  1085.561523
1212076512  6.347015
1212116171  9.231366
1212131366  8.590327
1212209299  274.301544
1212222840  17.526960
1212338618  9.324677
1212341880  644.909302
1212350602  101.381523
1212377752  41.354450
1212383636  278.027893
1212432127  8.352188
1212446788  7.201135
1212448619  8.325779
1212456530  9.795203
1212457161  4.712996
1212463965  9.352372
1212543388  3.939484
1212691443  0.000000
1212691445  0.000000
1212691505  4.444869
1212728012  11.751643
1212769050  5.312481
1212942242  4.306722
1212950909  14.578850
1212951543  48.853317
1211093108  9.271202
1211126407  15.709369
1211130048  5.501395
1211133171  18.238338
1211273441  14.471652
1211291347  6.728969
1211291641  5.707788
1211333501  14.693987
1211333624  2.777255
1211350557  10.540724
1211857425  6.698164
1211921410  3.853656
1211956455  8.936095
1212111769  0.000000
1212111828  12.017266
1212133555  9.944079
1212221164  9.425722
1212372450  11.247697
1212723293  12.107086
1212768165  5.406721
1212803897  8.273195
1212816909  8.309496
1212920699  14.839187
1213016780  23.094015
1213017651  9.585481
1213041190  5.810583
1211124503  10.801880
1211313991  17.543478
1211384856  5.309668
1211417318  8.767849
1211565278  0.000000
1211565334  6.639015
1211575363  13.622860
1211774252  11.541700
1212029289  7.717655
1212166596  70.692917
1212250231  6.067207
1212288187  4.313890
1212328372  5.849778
1212352344  2.542839
1212398165  11.010121
1212459745  10.632063
1212531295  0.000000
1212531309  2.482710
1212531492  5.867500
1212540300  0.000000
1212540317  7.749104
1212615082  4.166364
1212765838  7.653713
1212768065  6.156770
1212769625  7.169776
1212893504  3.505036
1212961582  3.416747
1211072256  0.000000
1211072257  2.804029
1211250930  5.729697
1211251011  5.006675
1211306050  11.143751
1211349443  1.378821
1211598692  8.325779
1211762066  8.608008
1211767371  7.287786
1211951519  4.757523
1211981891  0.000000
1211981951  9.351041
1212109185  0.000000
1212109186  0.000000
1212109248  0.000000
1212109253  9.921813
1212218178  0.000000
1212218207  0.000000
1212218211  0.000000
1212218241  11.451515
1212795223  1.726213
1212948911  5.979408
1212976173  10.282606
1212978955  22.332031
1212979075  4.116803
1211123835  4.845317
1211157753  12.579710
1211179683  10.463130
1211688347  6.929232
1211689779  10.801880
1212085015  0.000000
1212085021  0.000000
1212085082  0.000000
1212085099  12.184944
1212093295  10.615641
1212287312  11.507215
1212524424  18.219408
1212545504  10.994771
1211171820  11.390296
1211341492  9.353703
1211342663  8.700666
1211405859  7.897597
1211771784  8.790789
1211901750  7.306819
1212173096  24.497274
1212173290  8.175616
1212210955  7.750532
1212424646  13.691268
1212580564  9.479229
1212597429  8.568838
1212604897  4.625769
1212655663  15.581514
1212726733  0.000000
1212726735  3.314788
1211426248  7.446677
1211658936  5.618763
1212023368  6.562169
1212094709  7.904495
1212204614  17.740133
1212257291  2.713576
1212366399  6.452799
1212526814  6.078499
1212636141  7.908110
1212789591  17.802315
1211332348  5.541067
1211562832  3.849227
1211601674  4.095049
1211673160  6.174124
1211679003  6.430311
1211762992  7.734956
1212083766  6.795123
1212177541  3.540522
1212180580  21.800936
1212180704  20.721548
1212526220  11.446903
1212601307  7.250556
1212712673  4.064108
1212717008  1.447302
1212785460  7.153134
1211039736  11.040707
1211258891  12.586472
1211402390  10.083296
1212157253  12.011042
1212203618  17.935457
1212340912  5.431471
1212430407  6.078499
1212589313  9.376837
1212589936  23.109694
1212611817  9.322456
1212630277  2.273537
1212723372  8.191492
1212785601  2.014871
1212945234  0.000000
1212945277  0.000000
1212945283  8.179654
1212949673  7.855783
1213017391  10.255920
1212303414  9.323502
1212592101  3.962383
1212636007  0.000000
1212636018  4.785702
1212709686  2.806842
1212778192  4.257330
1212786783  0.000000
1212786813  0.000000
1212786814  3.562510
1212856463  3.224259
1212942059  1.944239
1212942120  9.780337
1212946571  0.000000
1212946580  11.168100
1212952306  7.351434
1211068279  5.342431
1211314549  18.014050
1211350586  14.180194
1211412877  7.662072
1211428290  9.425722
1211466901  7.634344
1211574888  0.000000
1211574923  0.000000
1211574958  4.467055
1211923404  4.330754
1212097038  8.130340
1212118359  16.861959
1212124388  14.063278
1212160288  4.200666
1212168516  0.000000
1212168532  2.097111
1212247848  14.465033
1212518420  7.763739
1212583595  10.158240
1212780802  6.457587
1212806668  5.453070
1212858525  6.179807
1212859695  6.577168
1212860503  9.463464
1212866286  9.069152
1212867417  9.194668
1212867542  0.000000
1212867598  7.051457
1212867796  5.637341
1212869777  5.738253
1212878603  5.225008
1212884002  4.376185
1212949589  9.544450
1212963524  2.014871
1211022952  18.380367
1211120336  5.609545
1211160565  4.579234
1211345171  31.613007
1211420255  2.628777
1211426412  10.539788
1211563139  3.853656
1211662065  4.340083
1212180915  5.414460
1212198001  10.615641
1212199403  10.357203
1212214099  4.579234
1212219961  3.483035
1212244370  10.974788
1212254488  9.780006
1212266631  9.084018
1212317841  8.744226
1212357483  10.784217
1212452488  15.362108
1212543916  10.742980
1212702402  4.340083
1212781304  14.924240
1212825105  7.866212
1211044629  8.001612
1211159609  23.099920
1211425038  3.759545
1211524544  9.773129
1211678070  4.711300
1212019157  9.271202
1212386655  9.587838
1212460469  1.802779
1212517429  5.032689
1212630126  6.452799
1212780306  2.946305
1212785393  8.836615
1212790514  10.261786
1212850139  12.233148
1212929513  0.000000
1212929573  0.000000
1212929633  7.144808
1212945823  6.675309
1212996691  12.801500
1211036447  4.725103
1211068631  10.303018
1211090838  14.480485
1211134523  7.533506
1211472694  3.461169
1211575835  7.539088
1211694977  7.463943
1211727097  0.000000
1211727108  0.000000
1211727168  0.000000
1211727241  5.513092
1211742563  0.000000
1211742611  0.000000
1211742639  0.000000
1211742701  1.684564
1211773681  11.179132
1211777695  994.462646
1211984894  5.025387
1212031047  6.784558
1212091849  13.720278
1212198716  5.270439
1212558901  10.781383
1212632323  8.910044
1212818512  19.325453
1212945630  9.567860
1212950478  4.769558
1212966058  8.058386
1212971117  9.648011
1211046690  8.464541
1211339600  0.000000
1211339623  0.000000
1211339638  3.235418
1211406219  11.194675
1211604218  16.959070
1212030902  6.174124
1212808392  12.238072
1212861538  0.000000
1212861593  4.564824
1211240975  7.671353
1211246769  16.952257
1211385439  6.917945
1211480366  10.223309
1211596466  1.999449
1211656717  0.000000
1211656796  10.906205
1211657335  3.964611
1211689293  3.985474
1211770974  9.587838
1211772326  17.798918
1211772506  10.918500
1211824261  5.924177
1211850633  7.255322
1211901928  7.287786
1211988680  5.541067
1212180629  10.343770
1212264208  10.202588
1212289351  15.447062
1212358118  7.950311
1212378104  10.094478
1212429192  9.271202
1212447116  12.053164
1212462812  7.778544
1212510248  5.342431
1212528088  5.013666
1212595062  9.748778
1212611530  10.902036
1212626867  8.797698
1212639728  17.505426
1212688921  7.047086
1212795188  12.424708
1212802070  7.258218
1211122368  9.564402
1211154823  6.913713
1211174689  7.180557
1211178479  13.366602
1211403949  10.829628
1211414780  12.735215
1211669761  2.542839
1211677505  7.519090
1212112675  4.841315
1212254538  3.187797
1212254788  6.721437
1212260829  5.452510
1212333899  8.783937
1212702472  12.543522
1212809801  8.040709
1212812723  6.866452
1212912344  7.448526
1212972004  0.000000
1212972006  7.634344
1212975910  10.429749
1212986228  12.152979
1212994550  17.587599
1211054219  0.000000
1211054241  6.836726
1211127151  12.498556
1211160072  8.328375
1211161577  7.921803
1211181366  14.041184
1211380095  6.862564
1211561516  4.792740
1211568051  3.268855
1211738660  4.447926
1211776245  0.000000
1211776279  458.060608
1211851761  6.403480
1211926528  12.233468
1211933451  3.990051
1211947093  9.124395
1212196200  5.138457
1212258823  0.515005
1212281033  13.849908
1212507524  12.069592
1212561106  8.248285
1212679185  6.244644
1212688892  5.426469
1212802347  7.695038
1212860203  11.022583
1212860336  0.566889
1212973705  2.227571
1212974339  5.559350
1212977939  7.789773
1211091756  5.387857
1211505410  17.848705
1211757002  2.542839
1211764365  3.374429
1212109911  0.000000
1212109975  0.000000
1212109980  7.319105
1213033573  4.937701
1211053537  14.659694
1211160024  7.385012
1211427265  6.465528
1211487614  3.811855
1211503439  5.523530
1211504467  5.524090
1211592697  2.339811
1211639942  6.452799
1211667389  5.540531
1211693421  13.555799
1211853312  10.143577
1211857402  4.954787
1211957035  11.010121
1212109126  1.543502
1212337790  10.093560
1212345427  6.768445
1212347058  7.109012
1212353360  7.004323
1212353830  7.388631
1212545252  15.242616
1212776302  2.934044
1212852365  0.000000
1212852416  0.000000
1212852442  3.084912
1212855453  0.000000
1212855459  0.000000
1212855524  0.000000
1212855579  0.000000
1212855761  0.000000
1212855826  4.781696
1212866019  3.407088
1212875927  3.821457
1211167017  6.917098
1211172707  4.765157
1211185115  7.509190
1211270937  10.108151
1211482502  8.213573
1211871499  10.885592
1212356976  0.000000
1212356987  0.000000
1212356988  3.222954
1212370846  8.218146
1212430963  10.317956
1212466693  6.532396
1212542819  12.059999
1212702354  12.067071
1212735498  16.985319
1212892035  9.817218
1211148466  8.436713
1211157299  9.877738
1211160210  10.604480
1211410296  6.174124
1211435120  0.000000
1211435129  2.804029
1211549590  0.000000
1211549632  51.379215
1211602037  4.655555
1211752864  3.212904
1211760064  3.890193
1211767295  19.834373
1211767512  15.390076
1211771007  10.255920
1212099324  3.666135
1212099538  0.000000
1212099582  7.763739
1212217171  10.919627
1212348574  2.020055
1212348966  9.392784
1212357327  8.791965
1212364372  3.052258
1212365787  9.844603
1212368030  8.375258
1212449769  6.110478
1212450248  8.936095
1212451959  7.634344
1212455908  6.032366
1212457743  5.289881
1212593136  5.263881
1212651804  12.801500
1212711125  20.000273
1212726106  13.317795
1212799589  4.268934
1212956386  10.670629
1212965975  8.137361
1212968781  7.424808
1212970464  3.425692
1212974279  7.935508
1213036613  16.619917
1211098791  16.615978
1211120322  3.634227
1211127500  4.978920
1211166695  8.353151
1211334350  0.000000
1211334415  18.690729
1211428059  9.278553
1211646043  9.773129
1211655300  2.185633
1211693752  15.038385
1211734442  9.653108
1211809233  5.431471
1211864114  10.859514
1212031713  7.706532
1212201343  8.464541
1212608028  6.751064
1212628840  7.762609
1212689563  2.758061
1212800722  20.893936
1212946991  7.287786
1211075775  2.383911
1211125281  1.533708
1211140675  2.585938
1211314619  3.071178
1211374708  17.416916
1211527637  6.866069
1211645578  5.759466
1211946020  4.037421
1211986260  9.234045
1212023143  2.450292
1212087148  10.239308
1212195063  5.735460
1212456591  11.782153
1212460271  11.061335
1212509506  6.452799
1212642375  8.657279
1212727246  17.896015
1212818590  13.720278
1211039736  11.040707
1211292160  8.801566
1211349880  9.585481
1211352094  7.448526
1211510717  4.520559
1211571710  4.625835
1211575973  12.337891
1211836729  0.000000
1211836753  0.000000
1211836783  7.509190
1211892406  0.000000
1211892413  7.451062
1211906965  8.308389
1211959626  11.664334
1212006408  8.464541
1212044852  27.380892
1212073452  6.813007
1212171922  6.073154
1212197776  12.233468
1212249611  9.425722
1212418340  8.464541
1212477882  3.964611
1212509518  4.264143
1212540179  8.502156
1212684933  9.957839
1212764782  10.018566
1212767379  12.939028
1212786410  14.209280
1212894544  20.619175
1212954940  9.033711
1211218688  4.340083
1211224203  9.997761
1211488687  2.501153
1212001671  15.839674
1212181104  9.833365
1212420349  9.833365
1212431276  6.247796
1212509719  9.352372
1212805418  9.352372
1212981994  11.408615
1211076624  34.624767
1211319318  1.741668
1211354642  13.720278
1211361447  15.154216
1211853969  10.272683
1211857567  9.017275
1211912436  4.655555
1212085012  12.482367
1212266106  6.511186
1212431193  27.599365
1212800918  21.934368
1212983183  10.057038
1213031371  83.571381
1211245905  11.012145
1211336212  14.594079
1211411824  11.934060
1211487147  0.000000
1211487206  5.785427
1211563262  8.464541
1211573830  11.348468
1211574605  10.261786
1211608962  7.892269
1211761864  5.677057
1211850611  3.634227
1211924421  5.778851
1211926106  8.174720
1212001532  4.655555
1212096622  0.000000
1212096682  3.483035
1212204869  9.183632
1212551656  0.000000
1212551726  0.000000
1212551746  102.758430
1212702600  6.460082
1212731687  12.550738
1212775005  33.831478
1212785433  24.588516
1212785479  7.889289
1212954813  6.452799
1211132916  2.542839
1211213661  9.957839
1211226720  4.579234
1211292024  11.188277
1211341130  9.085031
1211549364  7.287786
1211556055  7.468566
1211682919  26.812244
1211698274  15.132309
1211769304  16.845881
1211813484  13.474279
1211862644  14.797550
1211909290  6.839644
1211916412  71.907158
1211916423  17.520679
1212162213  12.072689
1212263633  2.858891
1212508339  8.130340
1212590910  8.932817
1212673127  9.167562
1212681785  11.286056
1212700596  9.164439
1212902527  7.190560
1213035903  7.617334
1211035057  7.691940
1211089871  9.640884
1211167290  5.825539
1211170654  12.694811
1211213993  14.400254
1211225582  11.980676
1211231168  11.793478
1211297940  9.505600
1211322260  61.715374
1211329205  10.384897
1211405779  16.411232
1211415144  8.325779
1211506421  2.900719
1211568908  3.400578
1211578313  11.436100
1211643296  0.000000
1211643361  8.328375
1211671372  4.868075
1211750797  0.000000
1211750859  4.806907
1211992834  12.984288
1212088600  11.870038
1212164947  13.478261
1212280097  9.684532
1212421873  30.777573
1212460830  14.650555
1212509971  3.675717
1212522256  17.757818
1212538681  7.670730
1212594838  30.777573
1212686254  14.809509
1212700945  6.615133
1212766616  13.091141
1212867508  0.000000
1212867563  8.700666
1212978772  17.792009
1211036593  12.191905
1211038066  0.000000
1211038101  0.000000
1211038104  7.509190
1211141384  7.255322
1211176036  8.459135
1211251393  3.994966
1211335583  18.464712
1211335931  13.826869
1211576568  8.207051
1211611867  10.988486
1212073919  6.078499
1212085918  9.271202
1212122895  10.420138
1212297438  6.973107
1212418801  10.261786
1212478538  8.791143
1212570955  10.187412
1212733632  8.546600
1212767206  0.000000
1212767210  8.568838
1212782522  9.271202
1212783670  18.193983
1212878033  18.071865
1212944471  11.309511
1213028694  7.789773
1213039731  9.425722
1213058886  12.481052
1213069307  91.573944
1211065737  7.168314
1211200910  9.217981
1211242030  0.000000
1211242032  1.605600
1211250804  6.753400
1211332179  0.000000
1211332233  3.890193
1211756734  4.195189
1211847228  12.456486
1212116678  3.666533
1212391458  22.648478
1212730014  7.776433
1212873559  0.000000
1212873587  0.000000
1212873590  0.000000
1212873690  0.000000
1212873750  3.762646
1211083453  13.952825
1211085271  9.425722
1211116410  11.123352
1211429310  9.910942
1211746759  15.499019
1212204401  10.801880
1212644809  5.431471
1212682098  9.750747
1212777933  10.875834
1212802936  3.430669
1211236005  11.811920
1211325460  9.425722
1211334050  3.211201
1211399331  2.951609
1211938839  12.472980
1212079837  8.716216
1212082689  27.082638
1212097682  6.727187
1212280862  0.000000
1212280884  5.970690
1212355302  3.666135
1212519334  5.611274
1212533947  28.838110
1212533963  3.927418
1212548669  50.083218
1212553316  7.201135
1212629384  6.179807
1212635871  18.082342
1212701833  5.778851
1212737219  8.635909
1212808819  10.649118
1212985897  17.753344
1211227486  15.017247
1211922860  6.403181
1211936244  5.091623
1212506230  2.243681
1212531993  16.551983
1212532114  7.287786
1212545727  4.697002
1212677359  9.911291
1212687077  4.340083
1212954931  7.062843
1212968073  7.201135
1212983382  10.561176
1213026678  16.171314
1211135824  1.712641
1211143868  7.287786
1211159993  0.000000
1211159995  0.000000
1211160052  4.945226
1211236130  8.464541
1211248150  6.083001
1211302717  10.561176
1211307843  11.332628
1211342499  0.000000
1211342539  2.900719
1211564675  5.152836
1211564899  18.744390
1211593686  9.997761
1211685329  17.157122
1212038675  5.263881
1212086682  7.109012
1212234888  17.082813
1212284019  4.340083
1212622872  0.000000
1212622874  4.257330
1212632996  5.431471
1212721639  9.374218
1212803283  9.352372
1212819535  14.185458
1211047096  10.373525
1211120877  4.330754
1211141911  1440.461304
1211145083  0.000000
1211145091  3.443169
1211179144  9.425722
1212265115  10.339488
1212528243  15.011127
1212541680  6.624290
1211114883  7.808251
1211486223  10.261786
1211643804  7.079244
1211878507  16.576439
1211951300  17.324074
1211963487  15.517351
1212099162  7.763739
1212220308  7.427215
1212410264  49.113281
1212518224  8.108249
1212797640  4.498452
1212833051  270.886566
1212889510  6.396214
1211225123  8.988199
1211326710  19.670053
1211578242  2.851555
1211602244  18.077259
1211608045  3.825502
1211678174  8.130340
1211778323  14.013372
1211950022  29.678373
1212078171  11.607742
1212204556  7.930755
1212848410  7.637682
1212888109  7.838552
1212991734  5.568553
1211093809  5.530971
1211315613  2.758061
1211391011  0.000000
1211391037  0.000000
1211391039  1.712641
1211727559  6.354145
1211782229  16.475317
1211961601  14.384302
1212036185  14.650555
1212182595  5.318381
1212290684  1.712641
1212309033  5.364345
1212363000  16.356239
1212506080  3.939484
1211118872  3.606034
1211381072  14.515050
1211571588  0.000000
1211571603  0.000000
1211571622  0.000000
1211571630  0.000000
1211571640  10.670629
1211624746  10.710041
1212072983  5.392785
1212073171  12.218786
1212093182  9.049341
1212100583  4.757523
1212369114  17.730312
1212369309  10.701664
1212377748  13.849908
1212427338  11.612040
1212433349  6.763607
1212599511  14.752572
1212775607  19.105776
1212888277  7.759244
1212929254  8.801566
1212968958  28.800508
1211148004  4.937701
1211322604  10.067649
1211506669  12.867278
1211529149  12.592923
1211641049  2.804029
1211926755  11.012547
1211933126  5.419708
1211934639  4.781696
1211941370  13.720278
1212021230  0.000000
1212021231  2.670504
1212082946  17.082516
1212123131  8.411081
1212342689  5.094650
1212422882  1.938838
1212456977  13.018475
1212706832  8.386474
1212803550  6.985138
1212824194  11.632951
1212850364  0.000000
1212850388  0.000000
1212850443  6.749665
1212895848  8.022249
1213021893  11.542557
1213024567  9.833365
1211163125  11.143751
1211409175  7.464972
1211503003  9.271202
1211590786  16.582554
1211613544  10.370637
1211926578  4.913301
1211928864  11.233794
1212185105  16.607866
1212185227  12.898037
1212353507  49.485638
1212517111  9.392061
1212528701  8.175616
1212672056  12.855174
1212701696  9.763870
1212863160  0.000000
1212863161  0.000000
1212863227  8.482604
1212929122  1.657394
1212931068  0.000000
1212931129  4.893259
1212958720  9.587838
1211033161  8.551343
1211067354  12.226168
1211085497  3.832644
1211155198  9.911291
1211157922  8.759588
1211334031  9.587838
1211341585  2.568961
1211596845  4.305276
1211770875  6.951498
1211785913  9.630093
1211839813  2.474143
1211851278  9.997761
1211926000  10.561176
1211939906  5.342431
1211950052  4.767962
1212012185  6.582907
1212066885  7.084527
1212251862  0.000000
1212251877  8.179654
1212255327  0.000000
1212255341  0.000000
1212255347  3.605044
1212381017  10.388042
1212509615  3.627705
1212630559  3.636446
1212643617  3.742548
1212644597  14.269066
1212646232  2.083182
1212723775  6.417080
1211121928  12.855743
1211148465  28.170097
1212767049  0.000000
1212767114  8.856019
1212775096  6.940748
1212776643  7.961162
1212878862  8.411081
1212880506  18.368410
1212966457  8.791965
1212996184  5.871350
1211072631  8.981581
1211127657  8.883850
1211130747  9.425722
1211166434  13.147246
1211336309  2.082514
1211692397  9.239014
1211851291  6.499598
1212474004  21.905149
1212510234  15.670451
1212610628  10.172447
1212613970  8.320461
1212806200  3.634227
1211120536  3.634227
1211125544  1.684564
1211181441  10.654566
1211487166  15.943671
1211590584  3.939484
1212140650  18.561699
1212171783  4.913301
1212534220  8.309887
1212548567  18.911819
1212550535  12.369691
1212642523  21.536268
1212804408  3.586272
1212808928  9.430660
1212836414  21.290573
1211062942  4.169154
1211127955  5.819434
1211305848  3.548968
1211433829  5.087529
1211553581  3.232764
1211671825  9.234045
1211764098  13.847465
1211764163  16.778517
1211764277  4.413643
1211771958  15.225973
1212021575  7.662072
1212042032  27.830778
1212097186  9.585481
1212128230  11.507215
1212130481  20.701271
1212258181  2.951609
1212287625  6.329101
1212336945  1.893436
1212376553  14.805868
1212376591  17.081600
1212696419  3.115587
1212793140  6.874002
1212855404  9.921813
1212915995  9.452526
1212941948  11.439559
1212942796  12.579710
1212946019  12.475022
1211039962  4.169154
1211159527  5.024508
1211222340  7.682184
1211224416  8.273195
1211290817  14.700297
1211310313  15.709538
1211497884  6.179807
1211577420  9.425722
1211598965  12.038853
1211914460  4.173116
1212187557  9.425722
1212204733  13.996335
1212267496  3.001303
1212370059  0.000000
1212370123  6.850562
1212420613  9.199055
1212525888  8.756422
1212697705  8.135848
1212698685  16.233967
1212701201  4.757523
1212710953  5.670253
1212864202  4.447926
1211049162  0.000000
1211049227  1.868335
1211219753  9.766779
1211222542  7.813423
1211370583  3.634227
1211382657  1.712641
1211400180  0.000000
1211400210  6.258325
1211402274  6.665614
1211403600  10.801880
1211428231  10.174200
1211465160  12.257456
1211590260  3.606034
1211914487  7.634344
1211923782  8.130340
1211939714  4.579234
1211990263  10.098989
1211999102  12.294420
1212000423  63.922649
1212073873  8.482604
1212077342  5.902324
1212089951  7.634344
1212163056  2.530722
1212176483  0.000000
1212176536  3.500555
1212413003  2.856658
1212420077  8.464541
1212431959  31.288298
1212438047  9.430660
1212527269  9.921813
1212537022  14.574389
1212584342  9.925084
1212604273  0.000000
1212604301  6.457587
1212631957  8.808097
1212692381  7.634344
1212696364  11.348795
1212696939  4.779962
1212889472  7.342595
1212901981  10.085810
1213034008  6.297813
1211033580  5.192501
1211114532  8.891327
1211123316  6.017624
1211140765  4.655555
1211283509  6.562169
1211392419  22.956030
1211553802  16.125420
1211572351  17.095037
1211634191  2.804029
1211683926  3.872480
1211762446  11.743600
1211787269  12.053164
1211864543  7.662072
1211869462  21.186289
1212026318  6.768445
1212128993  16.321180
1212195069  4.767962
1212204874  21.637497
1212374434  11.466649
1212461591  21.583752
1211579111  8.175616
1212031067  17.918741
1212031124  16.475229
1212076886  9.161212
1212262438  6.822083
1212289214  6.307841
1212456121  0.000000
1212456170  4.400748
1212460876  0.000000
1212460952  12.652517
1212547191  10.609356
1212602726  14.327491
1212614884  12.784530
1212736172  23.974392
1212793980  12.574730
1212797497  14.544822
1211113853  2.542839
1211116309  2.804029
1211658593  8.806509
1211776798  5.788074
1211807337  18.529177
1211859550  13.024720
1211862419  8.936870
1212034323  7.621129
1212135023  0.000000
1212135086  18.262167
1212175260  4.945226
1212185553  8.036151
1212190708  2.501153
1212202150  7.714170
1212334085  6.452799
1212445178  6.052637
1212461165  7.955151
1212890990  7.124679
1212894537  8.032940
1212894631  16.572868
1212899550  8.783937
1211097121  6.781494
1211310527  10.134115
1211418956  4.066443
1211484852  382.089020
1212084258  14.286402
1212804827  10.098989
1212817509  13.190187
1212823324  9.910942
1212891036  0.000000
1212891078  4.490790
1211139757  1.868335
1211142671  2.501153
1211385515  12.964402
1211487587  11.840522
1211741108  9.339158
1211829434  16.151833
1211847954  17.447872
1211861627  4.114219
1211914257  8.126592
1212097760  11.233794
1212185257  9.027757
1212354096  10.339452
1211073414  0.000000
1211073453  3.952247
1211122173  7.763739
1211488477  4.754300
1211567341  5.706057
1211645917  4.639439
1211649681  0.000000
1211649741  2.233879
1211843265  3.740636
1212063995  17.685955
1212150645  17.685955
1212257837  1.725997
1212347365  2.564798
1212427920  9.550858
1212459415  3.430669
1212560287  15.655347
1212582550  10.255920
1212622981  7.547009
1212936149  7.873219
1212982496  0.000000
1212982497  12.808498
1211299125  4.340083
1211414256  8.439176
1211490097  9.587838
1211647420  9.050683
1211849943  13.619932
1211951474  0.000000
1211951487  0.000000
1211951516  4.672112
1212157242  14.241181
1212157960  18.956867
1212182216  0.000000
1212182233  0.000000
1212182238  2.339011
1212429891  10.202588
1212509590  4.288336
1212855660  4.376185
1212875778  3.825502
1212967494  7.449450
1211594214  3.328113
1211819099  2.629011
1212086773  12.724497
1212290981  7.448526
1212354532  7.153134
1212364104  7.109012
1212543271  16.135410
1212606597  8.120163
1213027541  9.583152
1211469755  8.464541
1211475689  9.585481
1211497506  2.820232
1211579637  6.337204
1211781216  11.391849
1212010621  10.938878
1212198315  8.836615
1212359548  9.698835
1212455939  4.522058
1212624495  15.950016
1212681650  3.115587
1212849313  4.655555
1212979025  8.783937
1212993626  11.601051
1213032938  3.606034
1211049228  1.712641
1211228040  0.869038
1211425118  13.772201
1211444621  9.352372
1211482306  4.116803
1211575562  14.504765
1211659500  0.000000
1211659506  0.000000
1211659626  4.098596
1211854825  10.514152
1211932976  7.504929
1211998673  12.513354
1212247110  3.461169
1212538893  10.615641
1212624120  10.280622
1212624257  14.055954
1212733169  8.752110
1212733352  10.668015
1212943374  7.993369
1212950047  6.087114
1212961713  6.092125
1211477292  18.794615
1211477384  25.120735
1211482839  9.425722
1211484748  3.442386
1211484868  11.081300
1211512221  4.653012
1211594705  0.000000
1211594707  0.000000
1211594715  1.684564
1211612913  8.352555
1211644532  6.996008
1211676100  10.056945
1211676151  7.221803
1211787492  13.152170
1211807869  10.255920
1211912184  7.411307
1211944348  0.000000
1211944386  0.000000
1211944387  35.304482
1212102999  10.093560
1212180555  4.160401
1212184290  0.000000
1212184305  1.580899
1212284392  2.958216
1212332111  7.168314
1212344906  5.005002
1212372614  16.684340
1212375472  16.037897
1212417522  7.671353
1212510156  8.502156
1212644099  8.325779
1212647710  9.271202
1212672644  4.306722
1212717046  5.918974
1212771791  3.916430
1212781398  7.270803
1212794000  0.000000
1212794010  0.000000
1212794011  6.457587
1212855205  8.652410
1213039351  9.471875
1211128081  8.541849
1211225118  15.788601
1211262831  9.148447
1211483962  11.132113
1211813971  146.282715
1211946521  13.157167
1212095871  7.670730
1212288949  0.000000
1212288961  0.000000
1212289021  6.230460
1212341484  8.227898
1212374796  12.113374
1212443855  5.733277
1212524950  10.098989
1212527218  4.375694
1212539422  0.000000
1212539433  8.981581
1212548438  9.542930
1212703090  8.566953
1212724740  19.403728
1212820357  13.515397
1212862712  0.000000
1212862781  10.977558
1212899078  16.554167
1211042338  3.142401
1211046078  9.121667
1211057820  2.753779
1211119960  0.000000
1211119962  14.898749
1211120689  4.649437
1211121973  8.458689
1211159373  0.000000
1211159375  0.000000
1211159398  4.806907
1211509011  16.909397
1211580929  17.727671
1211869157  11.131651
1211995192  7.374756
1212200113  0.000000
1212200173  0.000000
1212200186  0.000000
1212200190  8.150005
1212257519  5.028298
1212640721  11.983138
1212897644  6.353942
1212947599  6.127998
1213035274  3.912598
1211220506  3.248065
1211918948  7.634344
1212266212  0.000000
1212266246  7.763739
1212282109  9.425722
1212291878  6.261856
1212367923  4.945226
1212618026  31.045437
1212691131  15.610639
1212858721  6.267082
1212860889  7.980240
1212894798  11.041649
1212932154  10.613286
1213023345  15.060589
