1211033430  8.399179
1211175297  20.939802
1211313419  8.623505
1211403217  7.661521
1212100523  3.959616
1212182894  7.852577
1212207220  14.307747
1212260056  6.437781
1212562134  6.437781
1212678321  7.336899
1212774979  8.667349
1211864383  5.917755
1212219483  6.131220
1212778460  5.680395
1212950785  15.132347
1212990559  9.761535
1211053475  9.719147
1211057843  12.610290
1211701906  7.064053
1211953842  32.200283
1211989902  5.248990
1211299035  8.736823
1211409682  7.362451
1211483185  6.180178
1211499449  6.437444
1211504286  6.708936
1211518536  9.626016
1211695686  8.889709
1212098921  6.078864
1212214164  8.892838
1212268958  6.437444
1212341893  6.437781
1212432097  6.748317
1212462529  9.831546
1212621502  6.437444
1212734165  9.014835
1212831732  8.982950
1212887423  6.776612
1212941122  8.334849
1212979045  10.770843
1211150520  6.546896
1211153392  7.852577
1211236835  3.143512
1211570556  5.618344
1211658182  8.703314
1211927614  4.199192
1211987240  4.281270
1212169211  6.332244
1212294015  2.456270
1212360492  6.437781
1212422940  5.315963
1212434670  6.437781
1212506016  4.355577
1212619371  7.100224
1212771438  11.782800
1212799253  4.975769
1212813771  17.259319
1212854284  7.362451
1212872759  5.942567
1212907225  5.618344
1211211411  8.395741
1211537834  33.159645
1211620283  5.315707
1211746919  8.132605
1212215426  6.659774
1212267866  9.396206
1212326429  4.358051
1212545868  12.137315
1212559991  10.320810
1212649907  8.299982
1212725959  7.888340
1212730771  4.355577
1212953088  7.299046
1212988828  5.149038
1213033362  10.079016
1211032063  6.928744
1211086498  16.839741
1211321393  7.724932
1211459229  9.228933
1211515224  5.764875
1211647784  7.570575
1211739301  9.395175
1212004740  14.757983
1212275808  6.742013
1212360795  9.054525
1212678314  6.369228
1212683117  5.067307
1212700697  0.646839
1212906272  6.437781
1212908811  8.240238
1212936655  7.311798
1212974629  9.012251
1212995677  7.446467
1211673892  5.228817
1211685128  9.175483
1211686854  18.977995
1212007352  4.355577
1212191767  4.022553
1212211611  5.848800
1212302099  10.168036
1212427769  5.228817
1212800399  4.501913
1212817293  8.322230
1212906789  8.334578
1211491205  6.253773
1212041810  4.294196
1212097063  6.868823
1212154700  7.904745
1212360596  3.191421
1212788468  5.058698
1212967377  7.201013
1213080256  13.747624
1211065861  10.443604
1211104885  6.131220
1211208671  5.228817
1211248092  8.082015
1211662724  5.320673
1211669993  7.336899
1211760324  6.437781
1211906681  5.595481
1211708881  5.111994
1212031368  11.073956
1212130172  6.070670
1212274703  7.023034
1212709511  2.967699
1212788849  13.269613
1212964261  7.135576
1211058600  4.751539
1211177051  8.964449
1211195049  8.858730
1211332467  8.736823
1212399878  7.570575
1212764073  7.194868
1212767935  7.311000
1212803089  3.647743
1212826535  6.475381
1212836978  14.663697
1211168646  9.165001
1211948591  8.356537
1212129726  4.355577
1212239420  7.559262
1212242253  8.557247
1212244288  6.477394
1212461495  9.527663
1212505702  6.437444
1212522115  7.860963
1212625555  8.163917
1212651572  7.197104
1212760291  6.266498
1212884243  29.439220
1213002879  9.703533
1212096336  7.435339
1212467532  7.241755
1212696022  9.554416
1212697135  9.652440
1212709310  6.477394
1211107240  6.369228
1211338139  11.412705
1211482999  5.859338
1211497237  3.234097
1211501577  1.857693
1211612246  4.836975
1211670183  5.652531
1211671597  8.180501
1211710985  11.037533
1212023797  8.299982
1212116398  8.268148
1212380850  6.437444
1212389914  8.397106
1212536112  7.362451
1212636431  6.437781
1212722939  10.965469
1212917804  7.698890
1212921129  11.221492
1211179318  8.061102
1211245984  10.041965
1211599805  20.664097
1212012023  6.475381
1212456560  7.962595
1212565893  8.535670
1212601681  8.296382
1212610585  36.511265
1211625812  2.412034
1211660542  13.756680
1211712221  7.831629
1211779887  7.086808
1211781582  5.998846
1211784387  6.078864
1211929099  7.362451
1212540942  13.459430
1212843905  10.659198
1212945212  5.977275
1211094668  8.111330
1211239251  6.168946
1211776616  6.993710
1212132936  7.777299
1212306487  11.044554
1212462263  8.781446
1212734913  7.210072
1212831833  8.132605
1212959212  8.299982
1211075649  8.703314
1211383650  8.163917
1211951284  8.268148
1212277655  7.435339
1212461907  7.410339
1212687693  3.608467
1212909874  7.573860
1211088652  8.566447
1211161485  3.680770
1211214534  6.369228
1211382536  4.355577
1211485524  5.680395
1211619573  6.612215
1211770762  8.955125
1211821542  8.597167
1212301302  6.693137
1212378753  3.234097
1212534281  8.702285
1212748793  11.221492
1211047837  8.557247
1211137557  5.149038
1211424306  4.199192
1211525301  6.332244
1211920480  5.405804
1212868296  10.123037
1212901551  11.375335
1211098371  9.626016
1211578628  7.987418
1211790671  5.765177
1212027405  5.620776
1212075196  5.859299
1212136761  6.035420
1212275792  7.336899
1212424076  5.468679
1212500966  4.343992
1212664236  5.233449
1212788949  8.268148
1212962106  11.193906
1212982281  7.559262
1213080639  7.570575
1211154076  7.779089
1211428612  7.217375
1211851008  5.499008
1212013778  4.581710
1212036748  5.906626
1212596005  5.018015
1212616804  8.938863
1212729841  8.032338
1212969628  5.726828
1213002938  6.222254
1211030453  11.440871
1211429117  6.437781
1211530952  8.032240
1212038456  14.636045
1212067543  13.368981
1212302374  5.468679
1212441175  6.828328
1212592459  8.163917
1212740689  4.512694
1211068382  6.437322
1211753413  6.437781
1211821556  7.852577
1211953139  8.013790
1212190227  5.058698
1212226710  4.895514
1212251472  8.268148
1212276240  8.687984
1212546808  5.228817
1212588893  5.058698
1212918986  6.332244
1212966129  8.877259
1211603568  6.180178
1211620197  6.812204
1211665321  7.446467
1212181704  5.657254
1212460347  3.465104
1212644900  8.893249
1212698774  7.362451
1212722058  14.177467
1212876860  8.001433
1211174069  6.676920
1211201228  21.622868
1212367944  6.437781
1212518039  10.443604
1212896516  18.053509
1212973408  6.897623
1211618210  6.996949
1211988358  28.979322
1212108396  8.892838
1212312842  10.364621
1212542617  7.554962
1212597460  6.920814
1212673035  9.481120
1212814944  8.406469
1211041230  9.764685
1211076366  8.268148
1211206710  7.594164
1211377270  6.369228
1211390500  6.331912
1211721315  6.437781
1211823284  16.956171
1211835081  12.610290
1212175090  7.450891
1212391462  6.437444
1212425590  7.723846
1212837099  19.180906
1212878801  8.893249
1212905604  7.573860
1212359685  7.993857
1212860629  6.180178
1212974258  14.990362
1211321872  2.650734
1211387456  7.798400
1211514783  6.437781
1211530976  11.324724
1211784962  5.695401
1211858494  10.998015
1211869049  7.009997
1212021700  4.284175
1212039390  7.177978
1212072886  13.327154
1212197856  7.882998
1212476564  6.650841
1212509528  8.003890
1212884635  8.132605
1211574976  9.764685
1211890749  6.051329
1211990007  6.229784
1212013595  6.410901
1212171937  4.975769
1212183581  5.058698
1212312361  3.234097
1212397518  9.069728
1212541452  8.661707
1212616837  2.264995
1212696471  7.722878
1212732520  16.667078
1211383498  5.292270
1211387668  6.477394
1211603271  5.652531
1211625371  12.610290
1212125907  6.168946
1212205246  4.584818
1212263641  5.522277
1212267438  0.359341
1212916933  6.659774
1212998503  6.410901
1213031624  71.637215
1211060505  7.911961
1211207027  7.770458
1211757128  6.897623
1212412345  6.423233
1212516641  6.475381
1212792686  6.772522
1212894709  18.656904
1212928221  15.820339
1212956868  9.598262
1213027834  3.959616
1211031252  14.228512
1211213696  10.785689
1211285556  8.395741
1211298428  6.902297
1211394003  7.103720
1211464570  5.320673
1211477217  8.744474
1211488554  6.700529
1211517304  17.349781
1211575574  6.035420
1211891119  6.437781
1211895070  7.888340
1212064341  7.559262
1212071352  6.975447
1212155472  9.567344
1212160133  3.345618
1212254845  6.331912
1212266481  7.362451
1212333544  8.268148
1212342241  7.723846
1212552070  6.437781
1212586040  6.475381
1212667231  6.369228
1212677019  6.288188
1212678548  4.907043
1212732248  6.035420
1212783337  6.678158
1213026916  7.318501
1211521495  8.258809
1211696146  8.583096
1211739340  13.388656
1212442599  6.585134
1212855268  5.233449
1212997154  6.230111
1211077946  9.789168
1211038197  9.901316
1211045627  9.084690
1211115926  13.756680
1211313965  10.836851
1211717928  8.299982
1211788172  8.440660
1211848267  6.437781
1211924132  12.403563
1212212537  8.161721
1212299948  7.852577
1212399498  7.023034
1212400696  6.332244
1212457153  6.437781
1212554073  3.234097
1212990336  7.336899
1213000711  6.475381
1213015785  4.215075
1211079895  7.658919
1211491113  8.578370
1211512740  10.084317
1211663363  5.082459
1212153683  9.135470
1212171940  3.730821
1212997971  22.409262
1211069647  7.131670
1211102700  7.063593
1211147920  7.469669
1211190882  5.512299
1211513321  6.369228
1211523044  24.663624
1211558960  5.980818
1211684968  8.163917
1211869808  8.710011
1212089222  6.070670
1212095600  7.376940
1211119817  7.725338
1211307191  7.561823
1211381403  13.103440
1211393854  6.872056
1211409503  5.799232
1211704133  9.396206
1211706431  9.133354
1211815894  7.570575
1211821322  11.766207
1212048498  6.437781
1212352475  6.266498
1212371389  7.969099
1212679998  6.891244
1212733751  10.520148
1213021068  8.864509
1211024730  7.152715
1211270380  12.492559
1211908900  10.826063
1212161668  6.194324
1212169178  5.405804
1212187005  8.129210
1211115493  9.918203
1211174128  12.203506
1211199629  10.800593
1211232714  5.267718
1211309095  5.058698
1211338379  10.132648
1211406094  5.315963
1211592831  9.395175
1211797972  6.180178
1212018026  8.299982
1212378984  12.610290
1212388734  9.241156
1212427607  5.167780
1212704727  3.234097
1212954073  5.572328
1211055439  6.332244
1211403411  7.985671
1211719041  12.625637
1211747112  6.437781
1211902429  2.613456
1211923588  5.484249
1211952127  7.362451
1211990523  6.659774
1212011549  4.983716
1212498218  3.181079
1212499399  6.167030
1212531835  10.785689
1212789366  6.729840
1212829717  6.700752
1212831638  7.904745
1212849389  7.428209
1212968718  8.299982
1213046556  10.631414
1211255434  9.395175
1211259156  11.822146
1211611301  15.994156
1211715674  0.000000
1211715675  5.315707
1211791417  8.885552
1211808017  7.318501
1211956740  8.265870
1212170293  6.346996
1212219321  5.891400
1212636525  8.566447
1212736460  6.135375
1212797802  5.058698
1211207020  6.509029
1211237541  7.362451
1211435944  10.800593
1211786600  6.546896
1211942913  8.299982
1212045876  6.812204
1212097860  8.194931
1212298313  8.396554
1211046839  8.567224
1211085251  30.665979
1211564122  9.420096
1211893629  5.228817
1212087247  4.978617
1212196733  3.341472
1212209191  13.653947
1212221526  8.758855
1212309072  7.791260
1212562700  6.659774
1211352853  21.684797
1211518527  6.331912
1212186029  2.940089
1212212087  3.297165
1212529140  6.937909
1212544462  5.406065
1212781365  7.722878
1211184262  6.332244
1211263609  6.410901
1211341311  12.461867
1211585760  8.066778
1211702068  6.479367
1211704516  8.408286
1211714222  10.253125
1211931745  7.559262
1212181573  2.180290
1212294667  4.398868
1212382359  9.626016
1212644151  6.393288
1212691433  12.254577
1212747040  7.570575
1212773385  7.725338
1212794938  11.324724
1212925852  13.630877
1211036675  0.000000
1211036731  12.555672
1211695935  7.023034
1211921555  10.566477
1211944302  6.749846
1212165944  7.570575
1212209643  8.975702
1212273631  10.819859
1212307857  9.395175
1212343609  8.535670
1212353635  7.446467
1212474973  7.023034
1212503346  9.924227
1212608290  8.132605
1212743834  6.332244
1212749645  2.717994
1212807620  18.971483
1211667800  7.649542
1211680901  8.022419
1211688970  8.409414
1212078855  8.863710
1212238573  8.268148
1212375072  6.230111
1212703691  7.589895
1212791604  8.180501
1213027947  5.713572
1211024664  6.332244
1211033938  11.412705
1211554590  14.419302
1211648316  6.477394
1211669946  5.228817
1211960608  9.883819
1212027921  8.339149
1212045765  5.411540
1212779718  5.379028
1212869596  8.440660
1211060508  3.548613
1211671104  5.725387
1211700610  8.096921
1211906502  4.199192
1212374859  8.046804
1212449831  6.070437
1212591071  6.268445
1212606728  4.987527
1212728273  8.116883
1212787909  0.126439
1212870758  6.937909
1212880529  6.501710
1212903484  4.168571
1213030674  6.159295
1211027571  10.443604
1211031102  9.012251
1211111669  6.477394
1211748935  7.589895
1211869254  6.410901
1211977472  6.437444
1212099479  7.852577
1212105957  5.468679
1212529584  8.421976
1212606853  7.478644
1212691441  3.999231
1212705223  5.700721
1212724801  6.035420
1212782866  4.352624
1212937165  10.836851
1211157830  6.809501
1211163417  9.241156
1211303900  16.064480
1211382298  11.324724
1211576162  7.588047
1211750298  7.987418
1211912246  8.299982
1211937181  6.437781
1211091902  4.284175
1211160298  7.791260
1211248355  1.105322
1211577415  4.669568
1211622173  8.299982
1211681404  8.305923
1211840135  5.315963
1212457545  7.336899
1212477727  12.836064
1212737826  9.312074
1212948757  7.570575
1212974979  6.013417
1211173762  9.924227
1211571699  8.586188
1212006484  11.020226
1212082582  10.836851
1212914723  6.872056
1211020294  7.594164
1211148506  8.031764
1211151167  6.786336
1211164497  7.047108
1211474344  7.295425
1211536891  7.559262
1211900207  7.836740
1211902011  7.023034
1211905759  5.906626
1212659180  7.435339
1212721019  6.617313
1212725361  9.406026
1212822710  5.896913
1212848356  6.437781
1212857886  11.324724
1211080812  8.889709
1211164985  8.635088
1211169915  10.358300
1211182501  7.545438
1211224791  5.058698
1211379458  10.066259
1211442573  5.620776
1211471425  7.904745
1211495093  9.145361
1211637223  8.076189
1211751660  12.610290
1211964448  10.930456
1212100773  7.216622
1212158844  7.787062
1212173412  12.610290
1212235318  7.985671
1212356803  2.971128
1212367035  7.435339
1212380226  7.715718
1212429037  6.698670
1212456912  6.437781
1212507871  9.222202
1212590240  6.475381
1212695337  6.410901
1212781159  5.852529
1212931298  7.446467
1212961107  7.725338
1212997369  8.892838
1211105241  6.437781
1211187283  7.326363
1211338242  6.410901
1211390050  9.677790
1211637366  12.610290
1211642366  13.269613
1211798454  8.890216
1211862981  9.525231
1212162300  9.789168
1212182488  5.765177
1212187777  6.916651
1212742763  12.625637
1212792429  5.765177
1212796764  10.466271
1211368915  12.203506
1211373379  6.437781
1211535315  6.332244
1211628250  9.251880
1211630616  7.216622
1211708794  4.199192
1211756710  7.616328
1211967821  8.299982
1212038916  4.760564
1212346263  20.511692
1211182017  6.598302
1211378399  9.626016
1211428184  9.323018
1211437764  6.437444
1211715236  9.320354
1212116451  12.078511
1212385532  10.105194
1212961863  12.403563
1211227315  0.000000
1211227369  13.153422
1211531715  12.625637
1211707283  6.437781
1211983460  6.698670
1211989353  8.557247
1212006233  7.566586
1212023439  4.215582
1212064998  18.060360
1212084603  7.545438
1212087667  9.171124
1212514995  7.241755
1212629282  4.132755
1212676988  2.007507
1212864166  6.812204
1213002365  5.315963
1213018328  6.437444
1213028328  3.234097
1211154747  5.228817
1212304935  7.367954
1212432010  7.241755
1212622183  4.580937
1212857582  9.300595
1212873792  8.493529
1212901184  6.475381
1211179181  5.182547
1211750427  6.437781
1211758063  9.012251
1211812140  7.241755
1211873564  7.770458
1211923532  5.315963
1212009577  6.298788
1212222476  9.288730
1212274458  5.315963
1212535120  10.163243
1212879738  5.942567
1212998755  7.362451
1211077946  9.789168
1211157987  10.836851
1211258042  8.854103
1212820407  5.684523
1212968185  8.993505
1212992902  6.331912
1211145816  3.181079
1211175168  9.165001
1211192413  12.517695
1211510162  8.892838
1211708883  6.443492
1211713768  10.124263
1211841849  7.820406
1211873329  9.720077
1212480546  6.437781
1212618113  5.468679
1212690930  12.356314
1212721649  4.921583
1212855332  6.519560
1212863632  9.831546
1212871102  4.355577
1212875958  15.665405
1212910094  6.437781
1212911525  4.270365
1213027029  4.983476
1213028411  6.437444
1211148558  6.437781
1211202521  6.437781
1211354198  7.326363
1211497702  12.403563
1211528948  7.362451
1211683346  4.983716
1211688588  9.626016
1211689929  7.665986
1211914924  9.918203
1212011781  11.026918
1212155431  6.410901
1212162974  9.918203
1212173083  7.546839
1212254622  10.442034
1212313169  7.594164
1212335857  9.468212
1212436453  13.273989
1212447237  7.336899
1212474183  32.484657
1212528657  7.064053
1212535365  6.816191
1212675138  5.315707
1212710696  12.053282
1212782973  5.144439
1212807313  6.790088
1212893668  19.298578
1211140510  8.268148
1211265212  14.026922
1211425187  6.505451
1211457150  7.440476
1211650735  5.217721
1211780576  12.403563
1212093610  10.370478
1212200114  5.901552
1212362743  6.284927
1212401876  10.869244
1212702982  4.975769
1213006595  5.144439
1213008784  6.305804
1211062921  9.615400
1211067580  5.552052
1211302041  6.829686
1211790830  10.411106
1211830644  8.553257
1212153493  6.592455
1212413050  10.716529
1212447044  6.489064
1212529341  6.593239
1212589591  6.288188
1212658008  10.785689
1212975551  6.659774
1213022213  6.546896
1213023929  5.798849
1211113702  10.484468
1211168094  7.618096
1211216258  3.234097
1211519367  7.023034
1211759379  4.355577
1211789208  6.812204
1211859998  4.355577
1212122943  7.404312
1212964357  4.215075
1211098090  7.796970
1211251004  6.437444
1211564897  8.268148
1211627040  13.802518
1212213739  8.463062
1212232098  6.437781
1212318239  10.443604
1212978340  6.779619
1211360776  6.676920
1211818316  7.852577
1212043531  6.897261
1212227912  6.477394
1212288622  7.023034
1212302627  7.232537
1212700863  10.443604
1212741554  5.765177
1212763788  9.049163
1211059326  9.679112
1211138436  8.161721
1211439433  6.897623
1211531445  5.886711
1211706906  17.259319
1211950221  8.268148
1212314024  7.440476
1212344242  12.403563
1212405682  7.559262
1212857056  10.659198
1212874467  6.437781
1213025986  8.254530
1211217353  7.570575
1211498724  5.440379
1211666143  6.002203
1211835312  7.344810
1212734140  6.477394
1212742397  6.437781
1212911629  8.789533
1211044511  15.235419
1211512379  5.891232
1211989105  6.585134
1212078659  7.951986
1212189893  4.461377
1212290935  7.299046
1212781078  7.599268
1212919459  7.241755
1211027587  8.179532
1211033161  10.439083
1211114562  7.798400
1211222627  8.149759
1211237537  6.230111
1211315783  7.362451
1211407371  9.054525
1211498796  6.410901
1211560792  4.629731
1211667138  4.742529
1211864278  14.738254
1211888605  19.452562
1211898226  7.283913
1211927964  5.144439
1212100937  5.518579
1212345203  6.332244
1212357907  7.904745
1212358538  5.320673
1212446511  11.448271
1212614362  8.440660
1212618213  5.574697
1212679802  4.157834
1212816836  9.956021
1212944208  5.315707
1211495149  8.131222
1211524435  5.652531
1211927952  7.551714
1212029945  9.084690
1212233320  11.369606
1212234209  9.478951
1212309080  7.153090
1212389302  8.150364
1212551516  8.299623
1212737163  12.811603
1212743399  9.959978
1212743812  4.971526
1212847663  6.866865
1212878807  8.607165
1212903960  10.243231
1212963253  3.544761
1211526617  14.777524
1211653426  7.446467
1211671637  9.761535
1211701452  19.999666
1211742141  9.924227
1211836587  12.646745
1212022647  7.023034
1212206222  8.480098
1212218759  7.138706
1212315439  3.092668
1212389296  7.362451
1212729477  6.644954
1212731010  5.062822
1212734163  10.049097
1212959115  12.610290
1213000775  6.397669
1211038310  5.448688
1211252793  5.512299
1211289751  6.475381
1211315856  8.031764
1211499018  6.437781
1211677964  8.111330
1211929518  10.923158
1212064431  10.501107
1212088634  9.054525
1212098526  2.648201
1212238525  9.468212
1212431974  5.662488
1212568790  2.040417
1212615957  10.965469
1212670099  12.610290
1212694396  12.455073
1212970226  7.852577
1213061303  6.180178
1211053230  8.032240
1211064086  7.046381
1211504141  5.942255
1211952615  6.546896
1212264714  8.590162
1212359686  7.149956
1212734425  5.942567
1212990904  8.703314
1213000913  9.626016
1211355148  6.437444
1211407693  10.066259
1211581938  6.051329
1211623057  6.266498
1211664015  6.437781
1211728184  14.260705
1211927821  7.336899
1212302250  7.559262
1212677895  0.000000
1212677938  0.000000
1212677992  8.321123
1212718623  10.709395
1212856157  10.272184
1211150880  6.882341
1211254817  7.217375
1211497416  8.116883
1211524239  4.429401
1211528815  7.299046
1211748973  21.288797
1211768586  8.180501
1211793039  8.674425
1212197897  3.995843
1212249964  13.045127
1212545807  4.906807
1211164621  15.441066
1211672450  9.626016
1211946704  9.395175
1211957581  9.520439
1212329635  16.689751
1211136563  9.924227
1211203963  27.038792
1212134828  7.573860
1212857719  7.888340
1212907499  9.312178
1212915312  6.332244
1212965865  8.535670
1212971224  6.031398
