1211500597  21.471064
1212550276  17.163286
1212904963  8.495884
1211503125  12.121555
1212267818  39.598511
1212992647  74.779022
1211483158  38.127716
1211862206  17.040756
1211743168  66.585640
1211766139  44.013859
1212197881  62.431206
1212718862  36.009392
1211061238  12.228004
1211148109  44.393291
1211237239  23.972281
1212219205  43.382439
1212619999  11.036992
1213024624  4082.136963
1211476320  41.070705
1211121438  19.499292
1211123723  25.577009
1211162055  13.327623
1211185271  20.622265
1212313182  11.285939
1212377241  43.386711
1212379620  34.841064
1212897724  36.572037
1211077525  66.274147
1211953551  39.010174
1212211691  26.004219
1212620987  61.336140
1211841461  8.495884
1212223226  63.082642
1211129327  40.490276
1211205581  37.814346
1211520561  54.972839
1212198322  69.490585
1212220151  15.659188
1211047605  21.996202
1211522077  3.104778
1211556304  28.934687
1212358881  32.298138
1212373334  12.396362
1212399938  7.572146
1212885192  57.196594
1211176628  17.449341
1211531062  17.949949
1212002695  12.556838
1212316628  15.863037
1212647744  31.299540
1212722174  24.151861
1211615663  46.963348
1211703368  17.621649
1212120529  39.401958
1212696081  12.469139
1211232409  11.611500
1211955023  53.987034
1211966782  12.933896
1212731419  6.071809
1212777419  11.854722
1212888404  34.455387
1211085753  48.413837
1211257799  14.994649
1211348321  9.098281
1211862386  15.797277
1212012083  11.093432
1212456675  11.380267
1212463103  15.788343
1212739515  23.772196
1211688988  22.246021
1212695703  50.438046
1212695765  64.801094
1213009688  46.832291
1211089344  34.060127
1211708984  45.107208
1212449156  47.549183
1212449214  97.102005
1212568858  14.644355
1212959272  13.049323
1211653863  40.935555
1212850248  33.541718
1212891184  18.909271
1211687031  14.261408
1211750994  37.686234
1212037720  66.162613
1211333947  12.865197
1211336223  13.610982
1211100002  17.152515
1211247053  46.880760
1211442068  26.263115
1211818647  23.389793
1211998891  14.738055
1212831840  18.628572
1212012216  43.663273
1212191853  11.643034
1212224051  20.946707
1211159695  13.041243
1211653889  15.181634
1212323690  10.984786
1212740801  21.400209
1212899589  33.429256
1211166629  22.248106
1211604810  21.696569
1211948395  13.079618
1212197280  39.057369
1212452089  11.625764
1212557986  10.706808
1212904068  12.436163
1212984699  10.561037
1211312725  36.258869
1211557185  47.673397
1212877966  13.403301
1212963851  89.681725
1211709517  39.500801
1212370575  54.792946
1212513481  32.391518
1212651423  16.617018
1212913528  17.892794
1213002631  57.119087
1211346894  49.669788
1212425857  26.311172
1211335618  34.935318
1211498946  50.295696
1212024930  42.041256
1212516244  50.803818
1212564963  39.325710
1212738886  11.977861
1212961614  32.019733
1211066448  9.539770
1211106699  29.286896
1211132300  38.688709
1211439288  32.438679
1211652097  22.493961
1211669009  26.553698
1211705994  50.625965
1212555261  47.437450
1212787971  33.223824
1212998563  9.541258
1211229911  43.083248
1211896240  31.300550
1212039905  12.895348
1212540028  12.340655
1211036911  29.120716
1211241298  81.077583
1211952304  16.107084
1212630596  37.216850
1212677604  71.927773
1212820702  13.661956
1212913923  30.603638
1211247776  13.897389
1211717402  30.562635
1212228884  44.989014
1211074741  54.930508
1211738752  23.793255
1211868523  49.904629
1212780846  60.182972
1211386909  57.283295
1211782849  56.854660
1211939870  21.168215
1212154803  69.491211
1212531995  31.674229
1213084440  51.290859
1211145571  15.743476
1211268507  32.812622
1211342219  15.582645
1211704186  11.185135
1212224826  39.010174
1212255635  46.856998
1212453755  106.786400
1212571107  32.292870
1212733869  11.380267
1211018939  20.161247
1211785797  11.010251
1212037569  12.349257
1211521248  67.247948
1211928206  43.466831
1211542892  40.885117
1212131196  1972.997925
1212468675  53.475609
1212987730  64.642136
1211248482  47.147575
1211505769  58.441067
1211777379  59.262711
1211976284  68.263786
1212605168  15.535381
1211591245  73.311539
1211926207  16.769741
1211958196  16.323854
1212087422  11.250823
1212201821  33.223824
1212292861  68.886833
1212989741  9.857762
1211524560  37.744488
1211579949  51.973110
1211665080  14.451034
1212309494  12.952255
1212383495  13.729083
1212985556  11.983403
1211758942  1243.645752
1212283009  26.270483
1212567931  8.711650
1212739150  21.736776
1212747769  13.346491
1211530510  15.488635
1212046161  68.625549
1212307917  14.379240
1212312286  65.108315
1212312651  10.559798
1212315079  17.431087
1212318233  9.350722
1212975058  70.888367
1211121187  39.010174
1211128586  47.764515
1211680965  9.954954
1212821664  21.883383
1212955184  343.649170
1211020715  19.292040
1211053441  49.900604
1211443064  13.949887
1211444345  15.881582
1211445744  29.508120
1211628467  10.546183
1211712782  37.541389
1211753222  176.607559
1211800465  22.675440
1211838990  38.432560
1212117207  66.548744
1212141281  12.621527
1212221264  30.356318
1212319057  10.205080
1212480959  17.449341
1212631288  41.358147
1212719104  33.800236
1212915410  18.619524
1211105727  22.693003
1212244627  36.867416
1211081515  14.332380
1212723268  73.040024
1212026032  38.376141
1212117717  37.829189
1212117897  43.469742
1212383275  11.170969
1211084039  35.830860
1211173882  8.104306
1212350699  19.456165
1212699676  10.128145
1212719472  16.611261
1212791197  42.569836
1212902479  36.078915
1211020784  37.744488
1211100721  36.572037
1211597897  39.596378
1211902130  21.959568
1212595293  28.710264
1212721098  17.245583
1212994653  14.510119
1213087745  45.493961
1211432663  17.892794
1211511713  65.110703
1211511900  69.882332
1211512208  85.198318
1211523665  4.402589
1211532572  29.286896
1212084863  12.933220
1212660352  12.538955
1211792152  13.079618
1212690943  13.517866
1211136749  57.819515
1211145345  10.243610
1211567173  9.586578
1212169035  13.012829
1211762448  12.856977
1212920475  21.550919
1211646934  22.887691
1211667676  76.130264
1212567046  40.147854
1212785504  8.823836
1213001106  48.555325
1213035662  78.621643
1211032000  8.679183
1212901412  110.061508
1212924799  13.863405
1211124376  20.807310
1211430205  17.354908
1212028336  51.316277
1212209480  45.867310
1212494939  32.516014
1212551675  33.218006
1211311909  70.109558
1213014617  67.772575
1212819700  23.234161
1211306943  31.722830
1211334918  15.445585
1211354260  7.572146
1211556964  41.102890
1211557423  62.702606
1212565132  14.592258
1212651554  14.932755
1212936763  35.027309
1212987686  38.866653
1211212633  25.647038
1211273579  20.265072
1211333096  37.167290
1211939219  16.854586
1212731205  26.876394
1212916871  19.511152
1211556230  18.616648
1212636307  39.983391
1212771376  50.548416
1211481134  38.370663
1212149608  44.753204
1212417615  65.821808
1212025863  10.898232
1212230366  21.136730
1211126157  37.125725
1212035851  7.723531
1212742519  20.062696
1212911735  29.814127
1211650377  41.292103
1211804947  56.192471
1211805343  61.701355
1212165799  10.658606
1212190123  14.012407
1212287259  33.519970
1211745062  42.900791
1212549544  12.655707
1212562245  39.140644
1212593361  28.732910
1211427606  18.321445
1211509831  40.460262
1211861959  17.599470
1211420227  32.679169
1211836611  15.765104
1212313886  20.133818
1212634214  22.582577
1212854291  14.744170
1212870543  17.324286
1211327299  40.091362
1211511816  17.526846
1212724322  32.277866
1211074864  41.631748
1211119773  3.489178
1211309583  30.023409
1211441084  50.803501
1211775902  42.742382
1211808060  15.503340
1211816677  14.021764
1212429726  41.107262
1212594641  48.652397
1212647751  11.713164
1212657866  30.882376
1211410442  38.838482
1211689785  15.517607
1211728244  8.040433
1212302756  17.155214
1212678181  26.232996
1211786755  211.230316
1212004887  34.334465
1212322126  9.118123
1212344233  9.188144
1211076459  42.570370
1211124115  12.435325
1211124836  9.213361
1211128746  17.257689
1211213863  48.503532
1211486136  47.452045
1211692274  20.278742
1211741533  28.166536
1212045216  10.075683
1212241691  15.564126
1212340986  45.088951
1211126353  42.742382
1211338754  19.618088
1211419034  24.749197
1211563033  46.000401
1211615387  10.433031
1211777999  59.933041
1211781274  46.182961
1212872978  14.632129
