1211057103  8.423579
1211478556  0.000000
1211478601  0.000000
1211478661  0.000000
1211478668  4.124040
1211508644  26.340981
1211123215  171.621674
1211520191  22.528746
1211661003  26.779997
1212095189  3.711636
1212171306  19.518562
1212185917  22.596756
1212197746  10.206472
1212197921  9.287291
1212558870  25.963625
1212595876  17.416872
1212703481  17.808855
1212788332  15.962564
1212857218  24.657394
1212934955  14.636267
1211069325  18.659767
1211180631  830.819092
1211343526  9.192485
1211437708  17.022558
1211491978  2.668376
1211557115  21.604193
1211567441  16.908566
1211913756  8.778587
1211143014  16.009279
1211312005  17.802454
1211478349  17.815556
1211499025  24.617119
1212358290  23.301497
1211065174  0.000000
1211065193  14.632351
1211068684  13.000306
1211405986  28.932772
1211556047  21.928257
1211701193  0.000000
1211701261  0.000000
1211701300  24.464453
1211997990  13.804014
1212003220  25.909367
1212866659  16.223810
1212888915  24.210268
1213031282  14.947829
1212080921  3.476121
1212167301  0.000000
1212167307  11.539687
1212513317  11.236089
1211329941  14.631700
1212264119  18.083822
1212448365  11.071221
1212536813  15.214900
1211183277  0.000000
1211183285  5.177342
1211511397  7.232667
1212728450  9.076702
1212901412  14.226924
1211943888  12.635589
1211982923  8.712366
1212614355  23.973900
1212793221  19.256962
1211472865  0.000000
1211472867  2.379933
1211491727  0.000000
1211491747  0.000000
1211491807  12.589837
1211564743  22.502012
1212462696  20.111830
1212465498  12.376870
1212805630  31.531345
1211273392  23.322054
1211357547  3.708862
1211358715  10.778183
1211554650  4.915392
1211617705  14.967172
1212017850  18.274162
1212018331  9.366738
1212136678  15.653880
1212147895  17.780420
1212177463  9.134254
1212184310  15.855686
1212223787  11.978100
1212289365  28.906553
1212309461  29.444006
1212606567  30.913483
1212609516  16.286005
1212614248  0.000000
1212614315  7.331566
1212838130  14.657312
1212950699  9.623827
1211485786  7.318848
1211534502  23.139812
1211596696  14.044939
1211875511  10.889208
1211948850  16.803833
1211993999  27.225916
1212019922  13.799515
1212020005  21.527355
1212020130  4.998136
1212020185  13.927178
1212514940  20.058935
1212559878  32.626610
1213036046  14.391836
1213071018  9.143826
1212095909  23.463192
1212459227  24.583908
1212471204  15.905729
1211915137  16.669237
1211264946  0.000000
1211264971  540.711792
1211521728  32.649433
1212076523  6.960781
1212348693  13.247590
1212513441  25.683765
1213037426  23.252079
1211573176  17.981245
1211573655  13.626147
1211717285  0.000000
1211717357  7.227856
1211802495  16.116634
1211876171  12.575852
1212004562  17.368454
1212450198  9.797571
1212560415  16.970949
1212632038  8.028111
1212904560  25.261019
1211138709  14.063175
1211314642  4.988793
1211900451  24.570959
1211979924  8.400876
1212009666  0.000000
1212009730  125.806328
1212093130  11.353209
1212095963  21.563616
1212257306  10.662681
1212508141  21.700151
1212508315  21.312366
1212613752  7.687537
1211121913  24.313101
1211178318  15.907011
1211350075  40.864079
1211563956  23.729830
1212123794  69.319199
1212307189  7.121395
1212979384  12.909156
1211024060  8.025167
1211207513  9.147985
1211224509  14.436791
1212036367  28.746384
1212446545  25.620327
1212598604  2.905543
1212947551  13.555299
1212981108  12.790275
1211212489  12.461198
1211309462  7.576312
1211309828  11.411317
1211955615  7.192817
1211985661  21.202288
1212300984  10.649214
1212301330  4.414389
1212443517  11.286460
1212473925  14.447106
1213074168  16.818026
1211415105  25.027405
1212397137  10.603675
1212864758  20.005404
1212893783  0.000000
1212893792  22.045980
1211350415  7.555104
1211994377  15.456207
1212182106  19.610569
1212219658  15.493549
1212434360  24.617119
1212631531  21.072742
1212831209  3.222512
1212846427  13.749221
1211315839  14.187969
1211355984  16.111620
1211554561  26.519705
1211599211  12.229523
1211921423  16.124859
1211921500  14.816945
1211986676  2.301794
1212423684  3.544763
1212424194  26.206755
1212428646  17.992043
1212632840  20.338734
1212900276  21.229313
1211076306  6.618227
1211099255  2.266836
1211384937  9.602368
1211480085  0.000000
1211480092  0.000000
1211480149  5.432470
1211771512  17.546757
1211858259  7.486344
1212074062  15.266438
1212602912  4.906676
1212615653  24.220070
1212888444  19.315815
1211993992  192.674744
1212619508  15.105802
1212769259  14.004315
1211210141  24.556112
1211305633  13.110213
1211320522  24.599211
1211394140  4.231126
1211908856  0.000000
1211908871  10.207975
1212180825  41.608109
1212770181  17.871183
1212998162  395.059052
1212998223  22.978384
1211131917  10.939737
1211202648  30.840134
1212629965  7.939588
1212934491  78.813675
1212944992  13.772331
1212299972  9.442377
1212771564  4.460603
1212780372  31.822327
1212848593  27.332457
1211464410  5.754276
1212118032  14.793097
1212166124  28.850471
1212573055  6.222817
1212594452  24.517286
1212652748  27.463718
1211043758  11.580810
1211094995  11.475933
1211266363  25.523117
1211269953  0.000000
1211270013  23.360905
1212084006  12.740990
1212437162  15.623695
1212437274  28.513729
1212505542  25.848116
1212507153  22.968227
1212707517  5.178065
1211167922  23.361931
1211409117  9.863903
1211945289  21.234291
1211959302  0.000000
1211959324  0.000000
1211959407  105.054550
1212008108  17.707153
1212518120  9.671206
1212606463  8.327615
1212867216  34.873020
1212945507  6.800169
1212989225  13.350490
1213029024  9.059584
1213033363  18.197380
1211559299  4.689004
1212000368  4.049057
1212178728  1.539052
1212178955  1.524786
1212440568  19.147793
1212523444  12.383446
1212594100  26.033579
1212682055  25.848116
1212692640  27.437710
1212717811  23.252079
1212770813  20.887531
1211305202  17.405157
1211305472  12.454702
1211478606  24.742119
1211898537  0.000000
1211898558  10.219054
1211256510  10.829918
1211411064  56.732967
1211411144  14.860209
1211582049  13.196887
1211936030  18.628344
1212076576  3.711636
1212097332  15.606515
1212098025  12.609050
1212112058  17.590618
1212450068  20.508570
1212620031  19.568390
1212792788  11.951672
1211472087  25.410158
1211604042  21.524940
1211607811  11.120777
1212813430  15.038679
1212168050  10.693854
1211394111  10.818240
1211777164  10.947410
1211777281  15.012635
1212168694  16.523863
1212423244  26.915569
1212451584  249.027466
1212465000  15.648696
1211159704  12.254717
1211689514  20.121346
1212021755  0.000000
1212021771  0.000000
1212021817  0.738935
1212182492  14.901288
1212529722  12.312519
1212531886  5.180965
1212687794  11.621962
1211868185  24.305525
1212012243  0.000000
1212012264  10.219054
1212425243  5.856552
1212428889  23.949400
1212732767  14.316875
1212747074  1.685290
1211229272  12.625056
1211267833  21.213184
1211320595  5.073349
1211668592  22.213255
1211818426  10.564719
1211960528  6.911664
1212038629  33.110420
1212101143  72.141731
1212169647  15.108957
1212437140  29.402740
1212605426  7.303332
1212606051  12.418723
1211121841  3.976753
1211207595  13.450060
1211734732  20.986401
1212508695  24.461647
1212604313  21.429314
1211258969  8.979980
1211313198  6.147348
1212079644  32.387936
1212168261  19.858942
1212186123  0.000000
1212186133  5.634446
1212423037  16.053671
1212609444  12.825454
1212819814  18.401360
1212822165  9.952191
1212183186  4.067051
1211144952  11.714135
1211207943  5.913509
1211303344  7.148000
1211898889  215.513626
1212286116  21.913036
1213026134  22.676128
1211389049  26.731182
1211477785  13.717218
1211857243  27.350677
1212022908  0.000000
1212022965  0.000000
1212022982  2.090481
1212602451  22.680885
1211917452  3.692461
1212028208  5.848175
1212267807  23.750252
1212428688  22.882891
1212597495  25.106834
1211141726  10.036357
1211269842  24.617119
1211448046  21.560751
1211678378  13.813249
1212190528  19.089468
1212204965  17.588472
1211563494  8.637448
1212000611  5.615550
1212000857  6.177305
1212166091  8.051858
1212168135  3.711636
1212462782  0.000000
1212462799  15.746832
1212520097  16.687094
1213025361  11.178633
1211308688  20.782986
1211746814  30.226728
1211991710  5.523011
1212197094  3.770676
1212618753  15.447968
1212861670  30.578451
1211209071  17.760616
1211315958  14.761307
1211855192  10.436978
1211959933  15.309483
1212132996  19.086010
1212514998  22.152620
1212632323  1.510459
1211103141  31.600565
1211345419  4.907010
1211428416  15.133635
1211916298  13.424588
1211916538  8.559551
1212083345  17.286436
1212692214  20.231697
1212553134  13.905655
1211102662  0.000000
1211102716  26.945087
1211576170  5.868388
1211599574  26.499241
1211943194  22.864470
1212691329  3.484873
1211178072  21.920290
1211178647  42.814819
1211178842  12.053592
1211302477  7.584379
1211499277  80.800362
1212038494  6.808416
1212109349  33.425228
1212290280  19.113344
1212290367  30.440750
1212596678  22.873024
1212726865  8.839031
1212904573  17.059303
1211191462  62.876877
1211227198  13.962268
1211340022  27.538719
1211612127  52.147827
1212780173  38.207432
1212996904  19.121399
1212997144  0.000000
1212997214  18.853420
1211121040  4.360272
1211372175  29.751326
1211552863  23.312977
1211904065  22.762318
1212774323  11.291097
1211616107  84.708389
1211696773  18.447876
1212161433  26.659063
1212698077  8.608723
1211122847  14.677941
1211123532  20.028730
1211255938  7.931042
1211240214  46.563305
1212072753  18.699614
1212498636  8.190907
1212505117  17.804100
1212794439  11.563143
1211220863  5.799741
1212185960  16.521965
1212773113  11.298696
1211917261  16.212599
1211934144  11.171075
1211984707  24.892786
1212069294  28.091160
1212077454  4.581625
1212169358  13.618662
1212354048  24.608366
1212390885  6.630871
1212424654  20.727287
1212930886  15.073387
1211238177  13.662012
1211246810  12.526857
1211250606  12.589837
1211331443  23.081236
1211351097  24.953037
1211781234  13.629124
1212595226  23.646183
1211209259  26.659063
1211448991  0.000000
1211449052  0.000000
1211449073  0.000000
1211449134  0.000000
1211449194  0.000000
1211449223  15.152536
1211487607  12.943231
1211535345  0.000000
1211535405  0.000000
1211535466  2.493520
1211760721  17.401701
1211912858  17.812313
1212104315  12.437530
1212133419  13.371095
1212219164  16.444059
1212433122  20.793245
1212547055  748.421753
1212634453  20.870686
1212811453  18.809877
1211234951  7.483190
1212041784  22.146767
1212183503  4.453963
1211366570  37.402794
1211428231  6.750049
1211518952  21.854156
1211532902  25.661579
1211932667  14.099456
1212471235  11.602550
1212768895  16.747662
1212796477  20.252783
1211219205  26.926584
1211940871  18.013758
1211999649  8.444294
1211168426  24.993599
1211481709  9.548194
1211784666  13.199309
1212076864  2.878182
1212407893  14.268717
1212435629  0.000000
1212435677  0.000000
1212435738  21.839170
1212595542  27.021011
1212753902  12.078588
1211910860  14.599109
1211916797  16.292049
1211916902  14.636018
1211917339  1.465119
1212169520  14.400922
1211802772  17.464689
1211911278  20.189060
1212333904  14.960340
1212507580  15.359254
1212682681  23.870630
1212774949  3.374214
1211264463  11.953037
1211338546  11.595301
1211485998  33.120850
1211492117  4.841264
1211902565  13.769898
1211923849  12.850313
1212012906  8.053786
1212013086  26.701698
1212281489  14.222263
1212439330  15.065495
1211287843  6.911664
1211385393  12.402635
1211462342  11.428263
1211932993  3.650789
1212169414  8.893106
1212183778  11.064583
1212183991  23.564995
1212464736  12.723836
1212779067  11.916606
1212790891  2.023165
1212791122  23.508623
1211149222  7.193946
1211682847  6.640686
1212081961  24.475872
1212758995  18.996935
1211478641  14.104443
1212168543  21.594538
1212933212  0.000000
1212933272  18.647703
1212933457  18.815725
1213043250  8.423208
1211092995  12.749325
1211388922  17.156633
1211947273  19.451761
1212725851  9.831145
1212766816  0.000000
1212766883  17.810226
1213036327  19.330833
1211089687  13.248804
1211214092  13.815850
1211316713  13.746247
1211411424  4.726607
1211572229  20.645807
1211578826  11.561615
1211578955  0.000000
1211579011  4.049057
1211584421  17.759966
1211814887  17.244343
1211997697  40.057888
1211997779  2.769346
1212102460  15.909507
1212159670  8.205372
1212188335  18.371651
1212534084  22.939726
1212608785  3.521501
1212768904  22.834570
1212794159  13.788864
1211328394  6.919197
1211333114  2.770577
1211514848  23.652962
1211514966  29.476078
1211585005  16.746849
1211757108  38.812145
1211944692  15.475963
1212337753  19.944456
1212374492  20.528542
1212829057  31.814022
1211073595  13.110863
1211750199  22.528746
1212509996  21.732502
1212634400  26.577410
1212822957  10.286195
1213026525  3.754151
1211051002  16.319880
1211305851  18.523561
1211306046  19.635532
1211390345  10.451679
1212461581  16.200487
1212481522  3.711636
1211992781  10.005195
1212013215  6.744434
1212291660  8.676219
1212433598  3.426125
1212518940  11.231300
