1211248550  5.832221
1211648526  9.135972
1211707592  14.744256
1211937202  8.343930
1212115364  8.494700
1212202183  9.142783
1212891506  6.977836
1211272202  5.102556
1211273017  5.102556
1211351508  9.165510
1211696044  6.977836
1211857674  9.798387
1211865243  9.798387
1211866433  8.597296
1211882394  5.102556
1212306455  5.102556
1212744743  13.438859
1212794176  15.889276
1212812668  10.854134
1212819835  4.741704
1212853312  10.465287
1211096773  8.753333
1211378381  6.001849
1211521587  12.990896
1211655250  2.945575
1211697220  6.405882
1211940716  4.502255
1212081811  3.043761
1212120037  7.652251
1211024274  8.762642
1211134723  5.224578
1211244144  6.855417
1211257846  5.579408
1211262088  13.486888
1211346882  5.236106
1211527446  8.950421
1211789392  9.045111
1211908700  5.038239
1211963868  6.302561
1212111242  9.238783
1212124318  6.060274
1212131412  9.798387
1212361353  7.959024
1212377774  8.197868
1212658247  5.992462
1212693724  6.602160
1212694147  12.518690
1212694364  5.877838
1212885091  5.102556
1212904083  9.431419
1211229082  16.120329
1211351275  8.493022
1211438492  13.083756
1211623067  8.059328
1211691621  9.424887
1212081898  7.514592
1212180141  6.405882
1212201735  10.616278
1212305537  7.104705
1212630449  4.252130
1212645950  4.937957
1212903141  13.918818
1212918117  2.383097
1211095487  5.984212
1211337753  5.992698
1211389306  5.018908
1211537402  8.639480
1211537462  82.632652
1211609284  10.440020
1211691837  10.974288
1211938726  8.620812
1212000637  11.546950
1212008392  4.453851
1212026178  9.045111
1212049306  13.761382
1212139950  11.727829
1212284636  6.405882
1212432640  4.047110
1212478823  9.660963
1212928428  6.405882
1211078289  11.549667
1211098350  6.105768
1211254788  8.614391
1211358221  5.102556
1211510660  12.374643
1211528634  5.503645
1211655320  4.313901
1211675060  13.781238
1212092642  8.089449
1212134139  10.439200
1212198134  6.011673
1212200300  9.198418
1212280930  12.990896
1212299766  10.011354
1212311870  5.102556
1212476563  1306.093018
1212528466  9.593181
1212612645  10.327943
1212719562  13.281672
1212728262  6.295359
1212823553  11.360329
1212827747  15.762096
1212902503  6.302561
1212914616  8.508544
1211070508  12.880899
1211075047  11.549667
1211614787  6.302561
1211616833  9.703588
1211674366  67.238754
1211781612  6.968455
1211782327  6.512647
1211783767  6.644905
1212039941  5.566424
1212111155  9.743173
1212298116  11.903574
1212480133  11.549667
1212824033  6.623030
1212827128  4.028334
1212908018  5.102556
1211024006  11.120871
1211031591  13.448517
1211398727  8.753333
1211525266  10.457079
1211534916  9.661255
1211591321  5.016537
1211690414  10.030290
1211755108  9.045111
1212014669  12.374643
1212134996  10.164094
1212234816  10.287085
1212457240  8.205547
1212738539  3.918854
1212793800  11.549667
1212911246  8.918707
1212922960  2.006743
1212955708  6.195416
1212965552  2.041657
1212966057  6.036004
1211056221  5.838659
1211138497  5.553950
1211187375  12.990896
1211268003  11.696378
1211488665  6.512647
1211500211  6.737220
1211537928  6.871786
1211542498  6.313066
1211543052  12.799897
1211757537  6.154758
1211947118  8.941113
1211759177  9.875816
1212178919  5.102556
1212399840  7.768508
1212401341  4.276136
1212470625  5.566424
1212529938  2.226926
1212597587  5.315924
1212991634  6.968251
1211259109  9.045111
1211421356  6.011673
1211537544  6.362413
1211626777  0.000000
1211626837  3.130538
1211775456  3.779671
1211962698  5.832221
1212133219  8.524379
1212149632  13.337250
1212231822  8.989694
1212309844  12.680545
1212654240  5.097461
1212834107  5.669507
1212837236  14.737293
1212839448  7.768508
1211184095  5.104783
1211269301  2.904064
1211431459  19.415174
1211515800  7.119845
1211527234  5.926833
1211597041  8.683529
1211614840  10.769978
1211753291  8.041932
1211951768  9.521170
1212051107  9.546742
1212135878  0.000000
1212135892  16.134100
1212139413  5.018908
1212238445  5.018908
1212644772  7.585850
1212650255  6.295359
1212816876  15.876077
1212877538  4.453851
1211088699  4.502255
1211111303  10.489383
1211325211  9.344061
1211690325  10.436666
1211694576  5.813024
1212133834  9.521170
1212136084  9.546742
1212298583  13.241632
1212370855  20.978111
1212418315  6.623030
1212472447  8.059328
1212482021  5.663171
1212643177  1.053914
1212767996  5.832221
1212829226  8.187643
1212891031  17.787909
1211223381  9.691191
1211698997  6.058732
1211723979  11.544581
1211725541  6.512647
1211911160  14.432504
1212252873  6.705494
1212326133  13.474970
1212362435  10.825747
1212447708  5.669507
1212744464  8.639480
1212914387  7.810372
1211262898  11.165316
1212306503  3.662951
1212472828  6.958031
1212829867  6.731553
1212917338  7.246315
1212998409  5.102556
1211793009  8.896831
1211880027  11.354747
1212820639  5.168474
1213002180  6.161278
1213002623  9.040718
1211104103  3.602903
1211184480  5.018908
1211186618  5.102556
1211616844  11.360329
1211714810  3.472051
1211791868  1.554507
1211795559  2.127148
1211798915  5.956079
1211800111  1.427089
1211801652  2.912556
1211874506  4.558493
1212227669  8.115516
1212228213  12.394897
1212229848  13.916061
1212296560  5.747602
1212307243  7.167454
1212461890  4.082232
1212657004  9.045111
1212729402  17.898764
1211034957  12.324695
1211091294  18.264460
1211132628  10.081254
1211219918  6.855417
1211784939  8.947886
1212228275  1.642498
1212239903  7.897984
1212316094  11.841175
1212670346  8.958896
1211050982  2.945575
1211054501  5.102556
1211099897  10.661231
1211174045  11.177097
1211252060  5.278506
1211433937  6.512647
1211511865  5.609375
1211709588  7.594177
1212212146  7.887173
1212304813  10.963167
1212568666  3.793187
1212643458  5.667174
1212749447  11.006817
1212810596  10.049570
1212819079  7.572756
1212831628  6.219219
1212919077  9.767210
1212994951  23.929970
1211021643  15.106803
1211328965  13.438859
1211332726  3.982177
1211440645  5.102556
1211611461  9.390239
1211634965  11.121430
1211646612  10.377249
1211730064  7.643210
1211751914  6.152798
1212387623  56.349888
1212457703  10.147309
1212471846  14.696168
1212633970  12.777931
1212646224  8.466703
1212966428  3.519004
1211019605  11.360329
1211077702  8.165322
1211090290  9.390239
1211102498  8.953936
1211233426  3.700117
1211352107  6.405882
1211517362  4.710312
1211526701  11.430095
1211570150  5.102556
1211598492  11.809906
1211821457  9.091949
1211821938  5.503645
1211941560  9.685025
1211948526  8.945495
1212027883  4.300534
1212031433  6.415770
1212045614  13.685061
1212115725  7.191237
1212125755  4.946314
1212554981  4.481469
1212635605  4.437005
1212716315  11.745424
1212767195  2.768675
1212951230  6.378195
1212964663  6.405882
1211423741  7.664250
1211515680  8.721073
1211602299  10.856806
1212046439  9.276525
1212103951  12.621085
1212110903  11.912312
1212178932  8.456357
1212469262  7.814738
1212625038  2.861246
1212814428  5.289924
1211252645  8.896831
1211688260  11.549667
1211692562  6.716093
1211755720  7.717062
1211870734  5.102556
1211947832  13.739128
1212047652  9.637757
1212266251  14.096079
1212295921  12.787195
1212321398  17.806200
1211339907  6.216810
1211360322  6.013730
1211599681  7.935966
1211676267  14.737758
1211686194  8.639480
1211699025  4.710052
1211704421  14.896977
1211782106  12.777931
1211794350  0.000000
1211794370  7.897984
1211870503  5.673880
1211954050  8.468552
1211989735  2.600876
1212053074  7.586728
1212218627  5.102556
1212219618  11.549667
1212227781  11.121405
1212678346  5.392966
1212896895  7.752953
1212912470  9.637757
1211403288  4.706928
1212214087  9.044664
1211100318  4.869177
1211150176  6.408072
1211174550  7.034906
1211207037  12.836295
1211218796  6.405882
1211238265  0.000000
1211238281  17.206673
1211272755  78.330772
1211334096  5.102556
1211359334  6.512647
1211531311  11.745424
1211535265  11.360329
1211942312  12.112348
1211960288  8.597296
1212000978  5.524652
1212053646  9.798387
1212108875  11.549667
1212112954  9.186111
1212135146  1.450873
1212136479  2.860964
1212138865  8.222828
1212203303  8.755512
1212298605  9.037948
1212345323  9.047338
1212455771  6.655508
1212528151  7.643210
1212537604  5.102556
1212567100  10.287085
1212637686  6.512647
1212655201  8.639480
1212656774  6.644905
1212659029  6.405882
1212711255  9.546742
1212717139  9.823623
1212738260  12.314220
1212804465  6.512647
1212806204  8.743013
1212872918  8.398617
1212903592  8.753333
1212968856  21.229473
1211504045  10.219901
1211517604  9.496094
1211780293  12.799897
1211834519  6.201911
1211900659  9.136362
1211924882  5.018908
1211925976  5.503645
1212200580  7.053584
1212220807  11.018546
1212465989  17.073738
1212720124  7.156051
1212733665  16.534328
1212812916  9.339213
1212822104  5.707425
1212900852  9.875915
1212923276  8.182922
1211083665  9.135972
1211142801  9.979519
1211275419  8.497849
1211604134  7.144124
1211613457  3.559923
1212655821  15.160618
1212784691  9.075967
1212788822  11.804691
1212810835  4.859577
1212865533  4.783646
1212875212  6.385964
1212998509  7.310847
1211445006  6.201911
1211496623  12.680150
1211672398  9.045111
1211692099  14.838171
1211956040  11.202894
1212183734  9.356719
1212184821  6.123067
1212203697  11.133142
1212221539  4.824183
1212242358  6.917301
1212363586  9.275903
1212560504  11.661916
1212565112  17.314625
1212832666  8.639480
1213049190  7.661937
1211100878  8.031848
1211283367  4.789405
1211287563  8.222828
1211305797  7.358372
1211345640  5.102556
1211424703  5.371111
1211491633  4.582437
1211526859  16.925890
1211682876  7.782629
1211872022  6.234597
1211917327  5.715934
1211926104  6.218011
1211939410  6.235631
1211955844  5.018908
1211958841  9.045111
1212093512  3.510252
1212223927  11.319075
1212472071  12.615853
1212552725  12.990896
1212631185  6.307028
1212637913  9.198418
1212730681  1.706910
1212902375  6.001849
1211247725  12.917084
1211279872  12.281817
1211284444  18.004639
1211284511  9.083025
1211442211  7.790683
1211599796  6.201911
1211689695  4.937957
1211700270  9.200889
1211889052  6.358658
1212075348  5.102556
1212203015  4.859577
1212206417  9.357012
1212399469  13.486888
1212487374  9.435915
1212579747  7.521889
1211095942  14.941104
1211340207  5.730656
1211381638  5.887565
1211459617  9.395280
1211613861  7.082439
1211696297  9.698224
1211707461  6.011673
1211733872  12.693446
1211778497  11.135055
1211789567  3.254555
1212203898  6.977836
1212214702  6.512647
1212371048  10.602068
1212392257  6.420817
1212461375  25.912600
1212555472  7.104705
1212726011  9.691191
1211591799  5.102556
1211645050  16.944386
1212217176  4.532102
1212801872  6.977836
1212825110  5.018908
1212905859  5.122750
1211087978  9.179781
1211515114  8.461060
1212303133  8.678857
1212317479  7.312087
1212835703  2.290853
1212956384  6.857445
1211086309  8.364340
1211182590  6.146703
1211256504  12.693446
1211703971  12.801473
1211843993  6.011673
1211871028  9.149791
1211992954  10.583038
1212074364  16.498407
1212315383  14.204861
1212394216  11.549667
1212694231  2.959618
1212931093  6.512647
1211022373  6.512647
1211024074  4.558493
1211024655  9.598996
1211095940  12.990896
1211228995  5.018908
1211315039  4.569453
1211412947  6.774508
1211505543  6.990860
1211560564  3.655402
1211701301  7.790683
1211745384  8.187643
1211777300  6.405882
1211791326  6.655508
1211807983  5.102556
1211942622  4.710052
1212006109  6.202520
1212120248  16.167719
1212133912  7.662967
1212180536  5.848588
1212205817  9.049942
1212447651  0.000000
1212447653  5.305011
1212637863  4.733922
1212646819  11.540891
1212717037  11.027659
1212729636  13.350004
1212808088  11.504634
1212838668  7.107135
1212866596  4.562367
1211283311  12.241534
1211569955  4.085192
1211594904  7.897984
1211861387  7.479001
1212175802  5.102556
1212996954  5.582268
1211264298  3.602903
1211273404  9.691191
1211274862  12.428823
1211609281  11.360329
1211690444  5.344574
1211698712  8.005040
1211855394  4.638687
1211861789  7.916977
1212191284  4.710052
1212301962  11.435771
1212661560  11.360329
1212721913  10.410657
1212809451  15.283408
1212903207  5.456536
1211098105  13.175093
1211770419  13.573614
1211775510  8.140808
1211795032  6.512647
1211854906  7.012421
1211861860  9.484465
1211872589  9.738834
1211885782  14.758622
1212224528  5.920588
1212227771  12.467528
1212230068  9.186111
1212230843  10.865759
1212300671  8.209502
1212372018  6.891012
1212896908  6.114895
1211255754  6.512647
1211421985  2.808277
1212206399  5.102556
1212910799  8.639480
1211145264  8.959239
1211191832  14.067860
1211392753  4.476422
1211557637  5.461013
1211560795  5.219447
1212135601  10.641812
1212218745  2.600876
1212289086  6.737220
1212566990  9.045111
1212594303  5.817467
1212599872  4.502255
1212706676  6.623030
1212737166  7.553193
1212826482  5.395215
1212929797  5.393428
1212940840  18.100271
1211692094  8.280327
1211772626  8.280826
1211967490  11.549667
1212080965  6.739524
1212173837  6.228650
1212312149  9.092136
1212695777  6.623030
1212782506  5.690130
1212919110  8.044695
1212990391  2.085439
1211083665  9.135972
1211249694  11.522159
1211581466  1.682920
1211615666  13.706727
1211665492  18.657698
1211851336  16.499525
1212025451  7.537220
1212061335  4.542752
1212301627  6.050263
1212643601  18.244835
1211080802  7.653834
1211393932  20.853832
1211675909  10.865488
1212213612  7.499637
1212292521  12.276401
1212302907  7.886909
1212396303  2.067304
1212784454  4.710052
1211072891  9.200774
1211416409  5.102556
1211530222  12.467463
1211599261  8.241230
1211621182  9.390239
1211767832  6.161278
1211852073  13.859601
1211904886  22.743616
1211968030  9.317301
1212053497  9.421472
1212607430  7.974904
1212609696  4.522555
1212658112  9.339213
1212816719  8.165322
1212833939  3.731692
1212902861  11.705919
1211276291  12.432146
1211280484  9.200774
1211359234  11.029877
1211368092  11.354747
1211509498  7.815176
1211542826  18.572508
1211884328  12.990896
1211971826  5.886110
1212057965  5.018908
1212216405  8.134733
1212311428  7.499637
1212427450  19.488832
1212437637  6.623030
1212620665  5.018908
1212659532  15.307668
1212661461  15.704167
1212733449  7.119845
1212744650  7.897984
1212981139  6.248028
1211150646  10.049570
1211247508  10.499698
1211264303  6.512647
1211344570  6.958031
1211436359  5.102556
1211443416  6.011673
1211517597  7.104705
1211532032  9.570255
1211621261  6.011673
1211644995  0.000000
1211645056  0.000000
1211645118  0.000000
1211645137  0.000000
1211645139  3.690799
1211693986  7.423369
1211698682  6.682520
1211961242  11.895432
1212039961  9.045111
1212051471  6.623030
1212138794  11.061635
1212140065  13.326539
1212167678  9.045111
1212208849  13.682650
1212299017  3.146070
1212464980  11.781240
1212636278  8.620812
1212666973  13.211082
1212744703  13.965917
1212747302  20.446672
1212834941  8.744301
1212853846  0.000000
1212853854  0.000000
1212853914  5.795601
1212975487  8.597296
1213002240  10.934049
1211022368  8.332930
1211070449  2527.092041
1211475628  2.330546
1211475895  13.469302
1211492776  7.790683
1211736749  3.698301
1211883942  6.405882
1212071181  5.841175
1212091680  8.859873
1212147239  5.102556
1212293134  2.785010
1212415193  5.887565
1212674384  7.768508
1212890749  6.344409
1212911905  9.956724
1212914306  18.558424
1213035034  7.790683
1211217016  8.896831
1211261540  13.791788
1211333997  11.549667
1211537532  6.512647
1211876067  11.331069
1211910205  15.551490
1211954082  9.671000
1212031897  4.394973
1212052296  5.102556
1212219014  6.512647
1212223667  8.744301
1212230046  14.148694
1212362317  9.798387
1212477255  14.968035
1211599418  6.100240
1212246851  8.753333
1212482412  14.890471
1212485256  15.046320
1212592989  6.031559
1212993934  10.291779
1212996595  7.118897
1213004016  5.566424
1213082411  8.227316
1211108395  6.201911
1211596061  9.632692
1212818379  10.995823
1212825726  16.277719
1211353535  13.017601
1211520744  12.990896
1211582763  2.883228
1211594878  11.787677
1212820246  6.674353
1211097913  4.799711
1211171274  12.801473
1211489150  5.427206
1212119664  5.500935
1212301334  10.854134
1211744473  4.481469
1212166096  5.102556
1212267347  12.375772
1212639849  9.685025
1212648835  6.405882
1212722405  10.999683
1211060625  5.456536
1211194338  14.941104
1211250946  4.710052
1211506559  8.099512
1211536202  13.047260
1211612634  893.818665
1211646956  3.370893
1211690550  7.897984
1211742445  5.433064
1211968495  11.202894
1212363873  58.480747
1212614158  9.087414
1212988814  12.324376
1213072419  7.104705
1211081781  7.369111
1211112127  11.540891
1211112587  15.435184
1211113177  9.703831
1211860701  1.586287
1212520778  5.373456
1212814204  12.758198
1211278564  8.896831
1211100369  9.309133
1211426272  6.202520
1211511134  11.809906
1211520728  9.045111
1211653411  5.018908
1211667984  13.075095
1211773832  17.251451
1211886023  9.964461
1211950455  13.438859
1211959231  13.994416
1211987535  8.059328
1212122397  9.424679
1212333384  8.144801
1212656039  14.832747
1213005783  1.427089
1213006841  12.394897
1211114983  6.737220
1211213553  2.600876
1211216407  5.802225
1211492522  7.662967
1211878202  10.049570
1212160304  11.493084
1211338222  9.658286
1211415123  7.442293
1211494186  5.371111
1211494541  0.000000
1211494553  6.146703
1211498749  5.746453
1211786400  12.760554
1211951391  7.810372
1212212375  5.102556
1212221295  12.777931
1212635640  13.774363
1212646805  13.590464
1212722932  8.702003
1212812313  12.112348
1211247374  5.189040
1211612259  5.724841
1211663225  4.053692
1211665797  5.832221
1211775860  7.119845
1212037901  7.790683
1212164676  6.009413
1212170219  7.919116
1212287416  16.437361
1212290311  6.405882
1212389379  6.512647
1212403354  4.556160
1212429964  7.374475
1212430303  4.620372
1212665728  7.088625
1212691899  6.514874
1212735009  11.549667
1212846446  10.457079
1212925415  15.046320
1212986534  6.100240
1211179740  9.707040
1211179799  10.455388
1211651146  8.656315
1211784103  9.092206
1212188570  8.044695
1212307219  7.133396
1212396839  5.472274
1212813724  5.472274
1212816542  4.713269
1212829530  5.566424
1211020450  9.798387
1211132803  2.611329
1211187631  11.733239
1211509710  12.777931
1211549960  22.337738
1211583406  6.364854
1211724818  5.102556
1211952140  7.980980
1212172397  5.072018
1212211996  4.481469
1212364957  5.443027
1212532924  9.356719
1212730104  8.620812
1212783875  5.920588
1212815118  8.339559
1212907663  6.123067
1212984117  9.049942
1213002255  13.621652
1211086309  8.364340
1211182744  3.199393
1211227553  5.467024
1211320796  8.497849
1212798378  8.614391
1212809077  9.391577
1212813825  6.512647
1212993715  0.622741
1212993746  9.037948
1211299745  8.170328
1211529531  7.068953
1211537673  12.112348
1211541015  9.579182
1211572429  8.541163
1212313318  7.243507
1212518421  11.360329
1212751179  5.278506
1212927186  9.830750
1213014615  17.446018
1211055873  12.637668
1211088594  9.283723
1211414618  6.512647
1212295790  9.559218
1212455429  14.142449
1212628682  9.798387
1212643744  8.254632
1211261042  7.790683
1211263313  12.137834
1211270398  6.512647
1211275521  9.593181
1211345461  9.239135
1211349017  15.965903
1211358721  10.887096
1211370247  18.100271
1211443583  15.324330
1211784951  9.637757
1212213343  6.512647
1212232179  6.623030
1212738498  3.662951
1211092714  10.363351
1211363963  14.448588
1211508506  8.165322
1211519293  11.453772
1211533474  8.121055
1211615153  5.920588
1211712334  5.018908
1211864529  12.756390
1211957418  12.582034
1211959344  13.582822
1212063377  10.499698
1212066518  20.293018
1212390733  6.513901
1212499099  11.748667
1212585869  10.832448
1212625223  9.798387
1212743430  10.006300
1212804091  8.128436
1212830266  12.826118
1212901460  15.644319
1212910695  9.546742
1213017910  12.654553
1211023678  7.790683
1211023853  9.683204
1211024663  15.965903
1211111531  8.274415
1211100559  2.898820
1211390619  4.945613
1211592127  12.157544
1211656668  5.102556
1211661344  8.639480
1211684520  9.063416
1211706239  7.815176
1211822995  74.965919
1211991391  9.744019
1211994952  61.924461
1212082125  2.452255
1212166467  3.141012
1212167803  65.222649
1212212240  3.987401
1212284288  11.947931
1212304127  0.000000
1212304129  5.393428
1212684116  5.887565
1212685249  68.638847
1212816804  6.972418
1212842405  9.546742
1212997773  5.018908
1211278564  8.896831
1211351972  5.204773
1211356652  10.118444
1211607855  14.297824
1211622493  6.512647
1211630258  13.165767
1211952024  11.354747
1211958332  9.186111
1212126361  9.045111
1212181169  0.000000
1212181182  5.763947
1212183112  5.018908
1212522587  5.018908
1212654628  12.137834
1212744718  10.136535
1211270162  10.049570
1211511125  5.942405
1211607409  6.576149
1211614013  6.516347
1211617316  9.773190
1211689470  5.677293
1211693064  9.786524
1211703827  6.295359
1211756301  11.549667
1211766125  9.357012
1212117499  7.104705
1212155582  4.453851
1212361226  11.733239
1212809550  16.516453
1212909101  5.018908
1212913996  8.869618
1212998739  6.512647
1211480392  4.946314
1211512830  5.253019
1211530064  5.839544
1211627996  9.798387
1211635533  3.146070
1212442063  6.512647
1212559444  12.582034
1212639091  11.523002
1212994964  7.897984
1211018812  16.920147
1211020231  6.583676
1211021313  5.774989
1211081434  6.781974
1211102872  7.104705
1211103313  8.291838
1211107800  6.302561
1211135676  10.990252
1211171303  16.281616
1211265237  8.326912
1211267419  8.950071
1211616347  6.201911
1211711289  5.393428
1211721554  12.314220
1211919532  6.282212
1212019130  11.443854
1212231268  1.450873
1212232447  20.350042
1212302537  6.535927
1212385561  7.965288
1212561091  10.205556
1212629026  6.915407
1212714399  7.661937
1212830909  12.350538
1212885121  11.177097
1212905102  8.686811
1212922343  6.100240
1211189040  6.100240
1211271299  6.039376
1211323238  4.977622
1211706754  6.673653
1211781948  10.229209
1211852646  9.045111
1212049289  5.018908
1212202122  0.000000
1212202154  12.632271
1212204691  6.976731
1212216700  11.523002
1212555582  5.553950
1212567700  5.920588
1212569027  15.410666
1212759236  9.798387
1212885871  13.674628
1212971391  8.639480
1212973830  9.378868
1211423740  5.102556
1211446441  2.418122
1211447535  6.512647
1211512647  6.444205
1211558084  3.065318
1211606535  4.502255
1211694659  2.735713
1211944570  9.691191
1212030411  8.421514
1212180898  5.111163
1212308440  11.104349
1212644029  8.774297
1212784470  5.371111
1211077541  7.797585
1211129543  5.467024
1211422355  7.661937
1211433233  9.424887
1211434308  6.473761
1211600054  8.597296
1211957794  8.488768
1212202896  9.339213
1212213733  11.231462
1212394700  6.362413
1212627636  2.814063
1212655343  12.314220
1212801933  7.790683
1212875279  5.887565
1212875422  6.622434
1213045207  4.710052
1213047258  4.951887
1213079814  5.797398
1211108011  5.102556
1211157142  12.893643
1211160502  11.360329
1211231776  9.045111
1211426898  10.440020
1211443064  9.200774
1211451736  16.959583
1211516119  4.834124
1211597245  6.017045
1211699500  8.639480
1211712369  8.319964
1211824312  8.493022
1212016590  7.425872
1212020135  4.638687
1212112249  7.705333
1212120598  6.378195
1212216764  10.151236
1212307629  7.614594
1212328830  167.597214
1212419278  10.188232
1212727588  6.110018
1212851792  13.108962
1211347326  11.540891
1211404114  8.597296
1212045096  7.790683
1212052201  8.785912
1212141810  15.046320
1212146129  5.102556
1212203050  12.252527
1212297742  16.228539
1212723992  8.181046
1211117053  6.855417
1211265435  15.284672
1211355593  0.116574
1211793390  12.995975
1212304683  8.313667
1212383267  10.049570
1212385908  10.930616
1212455517  8.015910
1212821303  8.645636
1212837963  12.990896
1211095356  3.182714
1211111032  8.812378
1211180632  354.119751
1211494929  6.201911
1211704786  4.532102
1211853786  5.191305
1211870126  7.088625
1211874091  9.869823
1211958732  12.178966
1212038137  6.512647
1212170070  10.039408
1212209896  11.470191
1212237986  5.711609
1212330997  12.795408
1212652944  11.309643
1212656059  10.661662
1212739014  7.078927
1212797751  6.146703
1212886082  14.479114
1212998858  6.405882
1211265963  9.198418
1211357265  9.049942
1211922597  8.753333
1211958576  10.932100
1211975443  9.867393
1212110191  4.978549
1212177287  5.664910
1212220691  5.614045
1212480882  33.082237
1212560104  3.146070
1212718016  4.872009
1212730664  6.512647
1212734080  8.776031
1212739227  10.641307
1212851423  7.624426
1212889458  10.646018
