1212207220  14.307747
1212986589  15.965147
1211223092  207.980270
1211731499  16.886196
1211047747  8.787488
1211647729  6.293452
1212216242  11.239183
1212306210  13.586691
1212650867  12.426714
1211051956  6.431758
1212702382  15.398250
1212825639  22.209694
1212602534  15.179710
1211618335  16.670887
1211703413  20.473883
1212417218  6.734092
1212983665  16.600445
1213003371  23.170326
1212308941  18.056082
1212803089  3.647743
1212996261  15.823258
1212129635  8.613713
1212139230  15.613122
1212258643  8.366867
1212439547  21.997499
1213002879  9.703533
1211292287  0.978490
1211967419  11.922800
1212351672  1.460813
1212925576  18.968136
1211730057  16.613838
1212330288  27.173382
1212363266  15.398250
1212889750  18.560743
1212906286  17.969114
1212392757  8.643431
1212715113  0.437873
1211099221  20.084673
1212829139  15.965147
1211267926  0.000000
1211267927  6.317742
1211278587  16.397594
1211420407  8.787037
1211603310  4.827976
1212621952  13.729247
1212776849  7.915579
1212868296  10.123037
1211074688  13.777985
1211599625  1.036702
1211914635  14.629610
1212419991  17.086966
1212766560  15.438542
1211107221  10.448657
1211253510  15.284951
1211731480  15.793753
1212318030  12.261955
1211049319  11.585536
1212254687  7.490651
1211201170  10.469796
1212974258  14.990362
1211525022  18.186422
1211529174  8.620328
1211543692  17.167633
1212021660  3.442027
1212072886  13.327154
1211040594  12.062621
1211848816  10.362138
1212732462  11.603507
1211090012  7.637727
1211604965  15.451314
1211775653  8.980508
1212071252  9.042311
1212376690  6.121976
1212854407  9.721302
1212981030  10.300438
1213031624  71.637215
1212894640  8.800698
1212155472  9.567344
1211460966  15.204902
1211737868  14.116326
1211298142  7.980497
1211938844  13.545478
1211979604  19.047630
1212426635  12.129747
1211069647  7.131670
1211904662  15.439827
1212867754  6.907380
1211270320  10.102665
1211873725  15.659237
1211400447  13.640783
1212162468  20.729494
1212203954  0.865314
1211193033  18.855000
1211923529  2.791641
1211044801  8.625574
1211091949  11.344575
1211611301  15.994156
1212296089  8.564578
1211135143  1.442385
1211435672  8.035237
1212243182  15.965147
1212382506  19.075148
1212805220  14.988340
1212953571  11.252901
1212122232  12.779349
1211628050  17.245745
1213031686  57.355583
1211620606  14.664999
1213027649  15.145819
1212504981  15.606939
1211260929  20.273918
1211442954  0.000000
1211442989  0.000000
1211442997  10.625872
1211617848  15.811240
1211652911  18.724590
1212388339  10.828608
1212131808  12.025852
1211659857  16.670887
1212096816  25.735607
1212097306  0.000000
1212097328  0.000000
1212097386  6.815720
1212203990  18.523209
1211630365  18.898970
1211687572  15.728244
1211703478  7.906968
1211745042  29.363977
1212022758  22.392565
1212412340  7.722160
1212725299  10.635240
1212725361  9.406026
1212842317  4.077974
1211371571  19.403721
1211539563  14.790191
1211637223  8.076189
1212551114  10.428118
1212699925  16.886196
1212857313  10.589020
1212929662  15.703424
1213012335  17.850231
1211345581  16.350126
1212655017  18.607479
1211416033  17.368296
1211987551  9.889250
1212116377  8.206057
1212220138  15.703424
1212223164  13.351762
1212820539  9.897992
1211073618  6.905427
1211119143  10.635268
1211227249  9.184241
1211339507  12.155167
1211045468  13.578063
1212222393  15.145819
1212298959  12.759136
1211032736  15.855101
1212094488  4.951911
1212907483  15.945520
1211300339  8.238270
1211148003  8.179131
1211542230  18.724590
1212359140  6.488810
1212621690  14.565558
1212912791  7.875789
1211058198  12.234990
1212466824  0.000000
1212466884  0.000000
1212466946  2.294684
1212724718  14.697832
1211520825  16.953445
1211992406  5.970039
1211704496  7.449898
1211748213  14.835291
1212086387  12.984756
1212169721  12.921221
1212626793  24.313025
1212875499  16.670887
1212963344  15.659237
1211610418  7.636747
1211697262  9.245491
1212301599  5.016333
1211980518  11.947550
1211916850  38.471279
1211935539  14.435859
1212698553  11.643826
1211060810  10.973034
1212556963  14.864389
1212544952  8.155644
1212827758  11.283179
1211465707  10.339764
1211465759  12.620078
1211915366  75.319321
1212662811  12.051396
1212991980  13.737955
1211600613  41.259033
1211701452  19.999666
1212260514  7.824227
1211963258  13.115244
1212124459  0.000000
1212124519  13.664314
1211348778  13.578063
1212831640  0.000000
1212831700  0.000000
1212831760  0.000000
1212831788  3.259779
1211793003  0.000000
1211793032  0.000000
1211793039  8.674425
1212307163  4.779286
1212536174  8.632321
1211202217  17.167633
1212220969  23.569302
1212757161  11.215852
1212971224  6.031398
1213043031  8.535455
