1211076387  4.897928
1211322301  10.584599
1212045530  10.012948
1212094945  27.636946
1212346409  8.685544
1212353855  5.100347
1211261262  5.185353
1211334065  2.642848
1211548044  3.628619
1211439719  13.926600
1211513613  5.474939
1212430372  3.390676
1212985605  2.068313
1213018622  5.185353
1211125267  3.390676
1211324639  6.029396
1211982434  14.755112
1212328090  20.059267
1211170336  3.141761
1212443329  4.623944
1212589418  5.374944
1211384024  8.994339
1211757061  4.389277
1211037936  5.870070
1211072520  12.680793
1211862472  8.168578
1211165152  5.100347
1211613061  17.645750
1211650484  1.691423
1212104333  1.714001
1211576515  6.592153
1212682123  8.685544
1211156820  8.294291
1211160857  6.009433
1211304112  6.940805
1212515073  68.980598
1212701984  7.774472
1212155326  6.940805
1212563960  6.204595
1212683502  16.804058
1212563919  10.187412
1212801454  2.722859
1212957313  4.786479
1212286803  5.555735
1211789744  77.083580
1211939061  5.364158
1212590244  7.180144
1211044552  622.365479
1211118630  3.689580
1211288842  3.447188
1211346618  104.820427
1211636977  10.357203
1211678536  170.724869
1211689704  171.115616
1212035372  129.747131
1212076573  7.256174
1212116228  2.722859
1212961067  412.608459
1211130150  4.700711
1211138196  9.531198
1212133608  6.131978
1213042052  7.201276
1211384984  3.628619
1211926022  2.457653
1212328633  1.285105
1212398225  6.124240
1212540367  3.713919
1211251071  9.215302
1211598753  5.185353
1212958097  19.316147
1211688395  8.994339
1212085099  12.184944
1211502687  2.457653
1212580626  2.308937
1212185534  2.792294
1212789651  5.144555
1211763112  4.713957
1212177541  3.540522
1212501887  3.590219
1212679813  4.427756
1212303479  5.905414
1212440110  33.018387
1212946697  1.913968
1211467021  3.652133
1212118412  8.269072
1212124447  7.256174
1212860676  12.133029
1212866342  11.121943
1212867855  12.289701
1211120336  5.609545
1212198059  5.185353
1212199403  10.357203
1211407716  34.417477
1211524607  5.364158
1212377980  3.447188
1212460591  4.783391
1211134637  3.447188
1212091969  5.264745
1212198769  6.596522
1212415235  3.499566
1211656898  4.786479
1211689293  3.985474
1212289413  3.505615
1212358173  6.362108
1212378174  6.935916
1212795283  1.739971
1211154919  11.598078
1212972066  6.283522
1212802467  2.635025
1211757183  3.390676
1211053646  5.815428
1211136287  1.664310
1211504467  5.524090
1211693613  3.566056
1211957095  2.079618
1212337913  3.447188
1212876046  5.509617
1211167157  6.940805
1211185176  2.678222
1212370916  11.245393
1212892178  8.312109
1211157403  3.447188
1212349071  3.182019
1212692827  12.582517
1211120442  9.686044
1211127592  3.693415
1211428121  6.174651
1212201403  3.390676
1211314739  10.939616
1211986315  3.505615
1212023257  4.977628
1212087208  8.432193
1212818710  4.643600
1211205735  12.146854
1211572420  10.341830
1211892519  4.350348
1212073493  8.846890
1212171994  6.362108
1212418400  5.185353
1212540299  6.940805
1212764782  10.018566
1212955042  5.704772
1211224263  17.219536
1211288841  3.283036
1212431341  8.868752
1212509840  5.185353
1212805478  3.660249
1212982115  2.114278
1211354762  3.447188
1212266184  3.412387
1211574665  9.799132
1211924481  8.994339
1211926166  7.736449
1211226781  7.137220
1211643416  3.087034
1211671372  4.868075
1212280143  7.256174
1211141478  4.444588
1211176190  2.433309
1212570955  10.187412
1212873896  2.913116
1211938905  5.909465
1212280884  5.970690
1212760526  2.722859
1212802291  3.390676
1212955150  5.185353
1212038733  8.502847
1212819657  2.013598
1211145272  5.100347
1211549542  25.145834
1212751846  19.770029
1212889826  3.030458
1211602299  6.507005
1211678234  8.066321
1211778385  9.691956
1212266037  13.372243
1212964368  4.761431
1211118993  6.024050
1211579270  4.494140
1212123191  8.117561
1213021997  6.940805
1213024703  2.306485
1212300622  11.606420
1212958840  6.857199
1211341745  3.652133
1212012256  6.424528
1212775159  6.581491
1211072738  14.245900
1211692456  5.283622
1212806260  6.333946
1212880919  810.578308
1211181622  7.872085
1212104839  4.548142
1212287652  5.206432
1212339126  21.553011
1212525946  5.364158
1212595500  14.935841
1211078300  400.349884
1211219865  5.428263
1211914607  9.799942
1212000606  7.580976
1212073992  5.337472
1212163237  3.447188
1212420209  12.453064
1212500213  6.698007
1212697061  10.139288
1211140961  6.733255
1211283568  7.256174
1211869462  21.186289
1212129115  4.299252
1212374434  11.466649
1212757046  5.185353
1212185610  3.447188
1212468585  76.542358
1212556491  15.599216
1212891047  7.760158
1211487639  4.786479
1211644498  1.818759
1212185438  5.891396
1211488598  7.180144
1211646024  11.226639
1212257837  1.725997
1212078344  12.178492
1212252758  2.178288
1212359611  11.107055
1212681704  5.787160
1211228040  0.869038
1211655335  13.582170
1212943435  9.861990
1211512359  6.778979
1212345027  3.447188
1212717167  3.133807
1211128262  12.349302
1212539484  5.185353
1212548546  8.747271
1212862830  9.867438
1212976037  4.838959
1211121973  8.458689
1211604260  8.859643
1211995327  14.201588
1211578629  48.436142
1212691261  2.265298
1212862686  6.248221
