1211423005  13.594057
1211425191  7.194852
1212614374  13.594057
1211267683  6.724018
1211925619  6.389969
1212046825  1.042714
1212130132  16.992571
1212130244  7.953115
1212536749  3.950960
1211074902  7.715595
1211218596  3.321480
1212043646  9.570558
1211330870  4.871391
1211617404  14.012151
1211792872  13.269558
1212004428  6.163683
1212018318  10.306869
1212027194  7.536926
1212547388  10.118295
1212610841  6.163683
1211042149  1.702551
1211257211  6.163683
1211260087  8.051493
1211598804  7.759684
1211734675  2.513844
1212339416  4.226296
1212374035  10.321190
1212449972  5.545275
1212537658  4.378657
1212644304  10.082679
1212794142  6.490716
1212917483  8.629191
1211090234  5.633346
1211623526  16.312868
1211311536  8.158579
1211480512  8.604355
1211686758  9.065087
1212571670  7.794423
1211122752  11.286573
1211425438  4.402631
1211761519  5.119252
1212037999  2.243960
1212038512  2.747161
1212123462  1.434416
1212367957  13.608226
1212369950  1.693516
1212722873  6.980080
1211788551  11.340741
1211873568  10.008185
1212377217  9.844117
1212378566  12.343549
1212623050  8.607255
1211675555  4.930946
1211736017  12.403166
1212346232  6.521584
1211735061  7.132827
1212560782  7.926532
1212865970  7.006067
1211702224  7.209126
1211926415  7.072058
1212293127  9.173909
1211525439  4.540186
1211791468  4.699491
1212459642  7.547367
1211655852  1.700197
1211660025  1.119906
1211752588  5.689554
1211955088  9.685341
1211998477  11.850360
1211338562  5.151365
1211922350  12.962835
1212564556  14.981403
1212903832  4.199165
1212958022  6.876325
1212958076  9.500799
1211346723  5.753693
1211459842  14.721932
1211945566  4.747531
1212859656  8.602934
1211664850  7.530995
1211749422  1.993482
1211948831  6.256269
1211954459  8.629191
1212378302  8.151065
1212721706  3.977662
1212722905  2.036477
1212363545  6.051216
1212941533  5.615259
1211523374  8.186546
1212520917  9.797757
1212549348  5.359725
1212630531  5.132469
1212980760  8.836265
1211600811  488.924835
1212018701  8.062819
1212024756  15.389499
1212148197  7.613593
1212284490  6.163683
1212537770  3.228127
1211157159  12.804191
1211506936  8.158579
1211086863  24.337824
1211159854  5.778453
1211940607  3.315269
1212026300  8.503007
1211218276  7.446879
1212479150  5.606529
1212604218  8.173521
1212816250  8.660470
1211775002  6.598895
1212132579  3.299070
1212217148  2.058762
1212217817  1.466093
1212634251  4.028586
1212634667  7.920137
1212634850  4.086003
1212635331  2.749045
1212635526  6.064670
1212637805  2.601806
1212891720  1.729684
1212406195  15.882413
1212912678  11.972121
1212977589  3.785069
1212120112  5.224344
1212815688  6.062639
1211417173  8.587977
1211422414  8.177168
1212198629  6.163683
1212512770  7.611635
1211254799  2.797665
1211952556  7.629205
1211961110  2.356741
1212097306  10.877088
1212209710  7.038329
1212442193  6.163683
1212576180  19.864080
1211070904  0.585593
1211265858  6.163683
1211343564  4.963134
1211686091  3.933370
1211686485  0.129572
1212035600  0.638059
1212218491  5.184885
1212396619  12.284483
1212708323  2.159605
1212708383  6.241602
1212904415  4.382638
1212905766  8.486788
1212905889  5.652760
1212906725  7.508093
1212213643  8.169764
1212809399  9.392899
1211432742  6.724018
1211646948  12.101752
1211650861  12.639607
1211870326  6.968925
1211945157  4.050270
1211067635  3.516194
1211086135  7.613593
1211147080  11.286573
1211263903  6.163683
1211688592  5.539383
1211858684  11.286573
1212509447  5.388099
1212527573  5.870174
1212812247  6.062639
1212968511  6.368061
1211198296  14.621685
1211855167  4.050548
1212334105  5.191499
1212334366  0.270446
1212337177  7.904595
1211078362  15.134821
1211670975  1.816054
1211898515  8.773011
1212120026  6.046606
1211075516  2.079478
1211122596  6.603946
1211134435  4.561500
1212128052  17.864256
1212367836  5.689554
1211084017  3.321480
1211853390  13.824465
1212153814  7.085839
1212206486  12.271007
1212713822  7.842544
1212749237  16.550543
1212749322  11.075667
1211368122  7.083169
1211423373  5.519716
1211683145  6.490716
1211861316  8.773011
1212543738  6.163683
1211029620  2.710238
1212690478  8.188063
1212888586  6.724018
1212912526  5.964855
1211164935  2.840744
1212364175  9.861070
1211257522  11.773324
1211463391  7.488780
1211599898  3.382747
1211699073  11.934407
1211751982  7.894218
1211891109  5.442111
1212566354  8.022580
1211072199  5.964855
1211503960  6.163683
1212556496  8.405023
1212709616  5.450870
1212882551  9.956595
1212982715  16.845337
1213025892  11.101547
1211060114  5.192564
1211472260  6.168362
1212114848  16.314774
1212216404  11.969638
1211274119  5.048835
1211274419  3.830916
1211274601  5.491320
1212652089  15.175868
1211347661  8.552782
1211347700  6.003044
1211567308  5.279555
1211727796  4.378181
1211938090  10.523549
1212106797  11.645654
1212136475  7.932143
1212380557  6.793348
1212651449  7.918527
1211080198  3.426720
1211331750  10.224660
1211652947  1.239896
1211743309  5.351763
1211843018  11.275281
1211869220  5.438544
1211090579  7.248906
1211121424  14.829881
1211738288  12.268296
1211092075  8.472026
1211093288  5.993866
1212777670  7.794423
1211158451  4.825360
1211346653  11.427197
1211742461  4.609556
1211896759  9.627096
1212287000  6.163683
1212420564  4.040358
1212742950  15.441559
1211031881  8.014309
1212039251  4.779684
1212300667  11.568539
1212844635  5.000763
1211561838  5.580645
1211441191  7.449540
1212197238  4.599171
1212205663  6.977755
1212360753  11.265186
1212476397  4.179410
1212599784  11.088719
1211103764  7.580234
1211792933  12.926871
1212302875  10.159381
1212453271  13.371203
1212486888  9.579867
1211663684  6.603946
1211785722  6.163683
1211950794  8.157421
1212127691  7.081374
1212204539  14.282221
1212205568  7.794423
1212287764  8.204656
1212462697  7.251392
1212599131  3.814720
1212794047  1.816054
1212864934  6.963181
1211324689  4.236549
1211522596  294.346954
1211856179  10.341497
1212303327  6.163683
1212402591  9.392899
1211863769  9.394710
1212273523  7.794423
1212599378  25.817976
1211061695  17.207779
1211172662  6.163683
1211179702  17.207779
1211215978  5.760978
1211516951  6.598895
1211597651  4.121092
1211678690  9.002382
1211795979  7.794423
1211319845  4.382638
1212817213  11.236915
1213003408  7.794423
1211066794  1.157236
1211485229  3.943229
1211576423  134.637604
1212777865  6.977755
1211702467  8.326843
1212461063  18.448278
1212775809  26.691433
1212970839  4.642512
1211517288  4.314662
1211862119  10.327004
1212882286  6.488088
1212964965  4.825360
1211247769  6.163683
1211422126  6.376224
1211536326  10.450042
1211769583  12.104925
1211858442  5.778511
1212518217  7.542990
1212619412  9.031783
1212813729  15.039448
1211407036  8.499173
1212129876  6.163683
1212210992  4.966067
1212546223  3.443611
1212814441  10.947095
1212223410  6.266366
1213046439  8.760697
1211169029  4.641376
1211404874  8.671289
1212172803  10.054609
1212195995  1.157236
1212636643  6.062639
1212808242  6.163683
1212171846  6.848537
1212888670  4.622762
1211263086  7.567785
1211861148  6.163683
1212114229  7.396420
1212164939  7.979306
1212228319  7.201222
1212361645  7.613593
1212621663  2.843528
1212797961  5.987881
1211086881  1.382255
1211088149  6.146062
1211265519  7.201222
1211611079  7.501345
1211698648  3.822032
1211703900  3.362009
1211704025  6.657709
1211858509  10.204868
1212132219  5.964855
1212299184  0.608250
1212387883  14.094101
1212908256  3.399929
1212176862  16.916456
1212176970  2.792947
1212208093  9.366118
1211594419  11.279619
1211604152  3.754047
1211837849  12.012575
1211894047  9.674206
1212273588  5.396949
1212385293  4.839548
1211236245  5.341090
1211963533  9.487097
1211848999  5.050440
1212072962  11.073144
1212168689  8.938786
1212214562  8.178968
1212544864  2.819695
1211484771  5.066041
1211945547  6.488088
1212516979  7.897059
1212518923  7.613593
1211503250  6.272879
1211578544  7.794423
1211591104  21.474262
1212439401  5.837883
1211915594  8.741334
1211950616  6.062639
1211962961  8.133618
1212170069  10.712996
1212201865  5.581482
1212280190  6.603946
1212725413  3.840760
