1212212232  8.473846
1211043972  0.000000
1211044024  5.630266
1211117057  10.482311
1211126952  4.374445
1211135111  4.590001
1211176277  16.942455
1211320314  104.874046
1211694086  8.210534
1211736997  11.864023
1212310655  0.000000
1212310662  0.000000
1212310688  1.355130
1212804316  8.195100
1212827549  7.460802
1212831036  0.000000
1212831096  0.000000
1212831170  7.582134
1211165377  5.304582
1211165468  15.642079
1211209526  11.325860
1211423442  14.437922
1211423840  1.814297
1211679953  12.787192
1211819346  0.000000
1211819406  0.000000
1211819466  0.000000
1211819526  0.000000
1211819586  4.293599
1211615182  0.000000
1211615236  6.985081
1211691526  6.744730
1211703225  1.890118
1211704842  1.662522
1211704898  5.985547
1211712957  6.634431
1211713166  0.000000
1211713226  0.000000
1211713286  0.000000
1211713346  0.000000
1211713406  0.000000
1211713466  0.000000
1211713526  0.000000
1211713590  0.000000
1211713647  0.000000
1211713708  0.000000
1211713771  3.724050
1211713796  0.000000
1211713856  0.000000
1211713875  0.000000
1211713899  8.424422
1211824752  2.857894
1212034553  6.985081
1212930558  8.829180
1211259360  9.700086
1211302176  6.802503
1211302369  6.693065
1211552791  10.372601
1211607804  4.283865
1211607911  16.173288
1211610911  8.314446
1211680118  0.000000
1211680120  2.381775
1211747006  6.575753
1211835191  2.381578
1211894421  0.000000
1211894485  0.000000
1211894545  0.000000
1211894595  0.000000
1211894664  0.000000
1211894689  0.000000
1211894739  0.000000
1211894799  0.000000
1211894859  0.000000
1211894919  0.000000
1211895000  0.000000
1211895045  0.000000
1211895107  0.000000
1211895163  0.000000
1211895225  0.000000
1211895286  0.000000
1211895341  0.000000
1211895406  0.000000
1211895461  0.000000
1211895521  0.000000
1211895581  0.000000
1211895656  0.000000
1211895701  1.506616
1212347764  6.779938
1212350481  2.088458
1212501780  6.961556
1212865946  2.619736
1211695189  6.800191
1212105215  0.000000
1212105275  9.213833
1212168304  10.188407
1212724375  0.000000
1212724409  7.264219
1212995564  4.827714
1211360777  6.503861
1212190647  4.531657
1211526782  6.212550
1211832368  17.777884
1212035801  6.146692
1212734169  4.132671
1212856947  1.269362
1211162464  0.000000
1211162471  5.494338
1211594825  3.461740
1211789863  15.373718
1211795227  14.823956
1211856511  6.870572
1211860715  14.429957
1212372533  14.502283
1212372925  2.578389
1212649924  0.000000
1212649952  0.000000
1212649977  7.484961
1212816194  2.664139
1213018901  0.353325
1213053845  2.987473
1212388873  5.476144
1212441361  9.029509
1212504481  5.063525
1212999477  9.323605
1211946773  1.692750
1211946828  1.884792
1212312662  6.496233
1212800057  3.547449
1211149970  0.000000
1211150094  79.434662
1211234740  3.542289
1211510423  229.658386
1211684421  11.232088
1211787120  5.134706
1212113796  2.857894
1212218039  2.484798
1212227130  12.080613
1212731776  7.613063
1212829970  12.149958
1212830860  3.973915
1212893682  6.513610
1211554561  3.724237
1211605173  2.333899
1211770577  7.189307
1212218323  8.002558
1212568424  5.399398
1211057291  0.000000
1211057344  5.811375
1211061013  5.792076
1211118336  7.962758
1212503938  4.387650
1212819711  7.786337
1211853225  9.864493
1211954604  1.905012
1212567126  4.937507
1211038941  3.215515
1211058852  1.790409
1211058904  0.629223
1211143454  0.000000
1211143458  2.710072
1211983600  5.238266
1212264130  3.495801
1212387437  9.429637
1212607203  2.977219
1211181548  0.000000
1211181614  0.000000
1211181676  1.577987
1211181735  3.402995
1211608106  10.474472
1212392551  13.017798
1212392724  5.104880
1212866869  10.571106
1212870481  9.447277
1212907709  18.022669
1212977401  0.000000
1212977424  6.686418
1211562973  4.214598
1211763783  0.000000
1211763785  0.000000
1211763837  0.000000
1211763855  8.311345
1211775550  0.000000
1211775558  6.017083
1212202105  8.188641
1212304205  7.638328
1212506582  2.619025
1212988177  7.110548
1211785509  7.695222
1211960108  10.416320
1212049248  6.575477
1212254004  3.833760
1212392004  11.590015
1212638967  1.599331
1212826571  6.257831
1212912060  6.625290
1211333158  7.705271
1211584675  11.231538
1212128403  1.620095
1212161070  5.433393
1212184101  24.741995
1212271258  4.138041
1211320623  4.591550
1211347764  5.238266
1211467625  4.988824
1212310120  7.516034
1212437646  6.745005
1212902103  1.443840
1212912350  0.000000
1212912411  4.073384
1211018447  0.000000
1211018507  0.000000
1211018567  0.000000
1211018601  1.432327
1211018666  4.701054
1211349184  7.095182
1211522264  5.019799
1211598508  5.939338
1211679525  6.810187
1211943417  10.911008
1212913553  5.204371
1212914661  6.779938
1211105486  9.250248
1211173304  1.692750
1211173359  10.112622
1211271232  4.449289
1211485819  4.166201
1211428117  6.634160
1212163412  4.762060
1212362229  13.005151
1212558122  0.707187
1211515678  3.033113
1213018673  8.095559
1211331873  3.495078
1211554577  2.952823
1212468471  0.000000
1212468521  2.535228
1211044933  9.541068
1211260541  7.346047
1212131848  99.744583
1211018825  12.571840
1211102809  4.937507
1211686239  11.752988
1212546916  3.072994
1212728494  1.551688
1212728554  6.812408
1212821650  5.434733
1212937717  2.210598
1211690738  2.619736
1211894938  8.445399
1212952256  2.451827
1211475246  5.705675
1211651955  6.654316
1212060288  10.215172
1212252341  13.027378
1212490543  17.558706
1212591772  0.000000
1212591804  0.000000
1212591864  11.861300
1212606646  0.000000
1212606712  7.396296
1212671954  3.813602
1212690102  6.099170
1212860863  0.000000
1212860918  2.381578
1211085314  3.780082
1211258448  9.263850
1211659636  8.724465
1211707621  0.000000
1211707677  6.810187
1211780131  0.000000
1211780147  1.551688
1211780207  3.813701
1212067726  5.939338
1212219718  16.615917
1211164959  9.220146
1211433973  1.165144
1211509860  0.000000
1211509916  5.064629
1211522801  4.937507
1212154610  2.607950
1212248853  15.107750
1212303761  3.286182
1211050543  19.017200
1211201607  7.306787
1211788098  4.427566
1212417440  16.624098
1212461116  8.606815
1211265828  4.937507
1211512367  7.812336
1211775556  238.114304
1212457419  3.812813
1212563593  4.064651
1211513792  4.585812
1211910369  4.762060
1212262606  2.387212
1212262645  0.507745
1212893682  0.000000
1212893744  0.000000
1212893753  1.814297
1211070420  21.090008
1211262323  271.439514
1211263622  5.335449
1211277295  7.942542
1212635501  7.516912
1212687327  3.043094
1212731976  1.526250
1212732037  0.000000
1212732068  10.990308
1212745256  4.696445
1211690823  3.480076
1211907920  8.104776
1212738157  0.000000
1212738163  5.150470
1212864361  6.652458
1212912285  0.000000
1212912350  7.484015
1211092613  5.203886
1211116186  11.495695
1211129305  7.643837
1211183223  9.362313
1211856364  0.000000
1211856365  1.814297
1212307686  16.444202
1212718514  27.508707
1212929165  5.482466
1212933735  0.000000
1212933796  0.000000
1212933864  0.000000
1212934100  0.000000
1212934280  0.000000
1212934398  0.000000
1212934700  2.456003
1211254239  2.757617
1212179435  0.000000
1212179464  2.095789
1212633908  5.298559
1211141924  4.344943
1211390835  4.252933
1211546793  7.915686
1211586216  4.371144
1211987346  9.276638
1212216534  3.495801
1212455701  5.019799
1212584655  6.527424
1212837940  5.019799
1212896020  3.787055
1212935593  7.677805
1212002722  0.000000
1212002778  0.000000
1212002792  1.605194
1212002850  2.793255
1212727301  5.433393
1212729783  8.337465
1212881553  10.042778
1211431461  4.010716
1211598223  4.470289
1212021629  2.619736
1212175106  5.019799
1212299424  7.596627
1211262253  4.112708
1211914582  0.000000
1211914611  0.000000
1211914662  1.632868
1211914732  19.526207
1212220433  8.362286
1212269864  1.551688
1212269924  2.793255
1212307148  6.217335
1211917384  0.000000
1211917385  5.811375
1212291235  0.000000
1212291255  7.909246
1212442987  3.850241
1212471778  0.000000
1212471815  0.000000
1212471816  9.946729
1212871730  10.759567
1212909165  4.725042
1212923644  2.418218
1211092172  20.129034
1211092192  4.620183
1212271536  3.813602
1212433803  6.765221
1212895086  0.000000
1212895129  4.352992
1212909242  6.996504
1212909972  0.000000
1212910028  0.000000
1212910094  0.000000
1212910153  0.000000
1212910218  0.000000
1212910279  0.000000
1212910333  3.745502
1211325761  77.508011
1211433533  6.164768
1211085220  2.381578
1212208877  3.778211
1212211493  20.267056
1212266992  1.501633
1212267054  5.743701
1212563648  5.271856
1212634134  0.000000
1212634193  3.906349
1212874593  3.437782
1212879877  8.161159
1211085859  0.000000
1211085893  0.000000
1211085904  3.334396
1211109592  13.229612
1211653268  570.575073
1211078776  9.085234
1211335055  4.283865
1211936132  4.377761
1212032696  6.479278
1212558312  4.305075
1212732575  8.624964
1212802989  1.605194
1212803047  3.162176
1212803440  0.000000
1212803490  5.238266
1211096733  6.744730
1211239351  6.274748
1211304672  7.365564
1211312743  4.762060
1211701268  13.217787
1212297166  2.647956
1212384641  4.418586
1212807767  27.485167
1212889158  3.016465
1212947575  1.704205
1211706425  9.110451
1212025850  5.895864
1213046770  5.019799
1213067005  1.551688
1213067065  4.752954
1211115637  13.359379
1211565009  7.173848
1212301643  7.885010
1212304919  10.726604
1212312309  13.276373
1211436377  6.477437
1211600302  3.011026
1212254513  5.495036
1212294708  35.352158
1211465966  12.026920
1211470948  6.927318
1211980594  7.786821
1212280637  62.808567
1212637815  5.931005
1212716881  8.798982
1211040206  247.960251
1211504883  12.521065
1211613878  4.558492
1212150545  7.502023
1212179311  17.479008
1212352722  6.745005
1211154042  0.000000
1211154107  5.612427
1211176346  11.654506
1211463102  5.612427
1212166381  2.642889
1212262219  2.535228
1212803257  0.000000
1212803320  5.327050
1212303233  68.032661
1212911823  12.608338
1211089172  8.893486
1211226965  12.658315
1211227323  1.104878
1212471367  2.079130
1212471528  1.551688
1212471588  1.096646
1212777231  0.902576
1212900586  0.000000
1212900588  2.646417
1211100822  12.166297
1211127888  8.976333
1211591379  9.531551
1211676104  0.000000
1211676110  7.136776
1212252503  20.406120
1212890880  2.565197
1211077290  3.755192
1211423545  0.000000
1211423606  5.939338
1211446545  7.942542
1212226419  8.952014
1212335414  6.016776
1212805083  12.005635
1212894519  22.407831
1211044723  6.218009
1211105218  14.886488
1211351110  16.888866
1211647710  2.646417
1212173640  6.922935
1211980592  7.638328
1212061975  7.331577
1212494536  5.142541
1211255769  4.365159
1211499741  7.675401
1211520986  2.191398
1212460935  7.396296
1212486575  34.513779
1212820299  4.555299
1212822201  4.937507
1212890150  1.905012
1211339102  8.658505
1211354948  6.322713
1211479616  6.550653
1211604889  7.358188
1211752500  2.806860
1211767360  5.924922
1211874038  6.628905
1211877185  0.258458
1212132175  2.418218
1212366356  0.000000
1212366403  3.741565
1211317521  4.807217
1211508042  6.894852
1211676306  0.000000
1211676368  0.000000
1211676422  1.624320
1211746366  4.780761
1211850400  5.142541
1212221116  13.499804
1212730404  1.925120
1211684505  2.929175
1212221832  5.190249
1211550656  0.460858
1211629713  11.613895
1211698070  2.841396
1212229021  8.175786
1212722002  6.163307
1212912609  7.942542
1212964942  2.734775
1211531198  6.698545
1211655581  4.676956
1211936313  6.104434
1212152263  7.494144
1212800410  5.861438
1212903214  21.279293
1212903248  3.209548
1212966802  14.144455
1211073182  0.000000
1211073232  2.646417
1212162762  6.033264
1212702732  0.000000
1212702754  2.619736
1212906842  5.491593
1212254163  5.111697
1212892619  7.516683
1212910320  2.198091
1211559655  5.334212
1212066976  5.850952
1212300295  7.929972
1211352865  6.111023
1211707320  0.000000
1211707372  1.746491
1212215636  8.713378
1212563398  7.383672
1212799406  6.493546
1212732435  1.912243
1211086882  6.457084
1212032761  6.925614
1212365474  4.064637
1212385364  0.000000
1212385412  0.000000
1212385417  0.000000
1212385419  5.193860
1212517652  14.668322
1212836837  5.204664
1212853746  6.454692
1211172346  4.418586
1211404369  8.502550
1211745499  1.724097
1211745553  0.985891
1212139365  14.100567
1212624942  9.039917
1213001633  22.914593
1211182285  2.552440
1211258804  0.000000
1211258865  0.000000
1211258965  0.000000
1211259002  4.273714
1211785019  0.000000
1211785033  2.619736
1212174565  8.172023
1212645846  0.000000
1212645848  1.551688
1212645908  2.747464
