1211679818  8.648873
1212299157  6.983536
1212882705  3.168858
1211093927  10.737800
1211180632  104.806358
1211347472  5.824564
1211529094  5.156629
1211604475  6.118126
1211658354  1.690425
1211769341  8.317986
1211855686  6.832662
1211858408  19.691299
1212052917  4.204322
1212178751  5.268554
1212253853  7.618402
1212255588  2.880454
1212285586  11.624281
1212292921  7.836115
1212590445  5.617043
1212820583  8.508979
1212824625  4.211666
1211136704  10.480636
1211466662  1.663593
1211549899  12.302627
1211693925  5.806499
1211118566  7.164656
1211145459  3.428601
1211772213  10.347335
1211992761  6.758260
1212088261  5.038009
1212112724  4.850415
1212132200  8.735145
1212229231  4.613356
1212246176  7.080032
1212267184  3.234094
1212507478  8.740365
1212565866  3.428601
1212656009  11.260029
1212813406  7.734234
1212970375  5.092936
1211054379  8.055498
1211055778  2.394355
1211086869  11.878397
1211333067  5.092936
1211465168  5.985888
1211652775  5.060672
1211705377  5.769478
1211730604  5.824564
1212001305  5.092936
1212275994  5.242573
1212369323  4.493767
1212542009  1.564274
1212716757  3.446166
1212733429  7.168814
1211101455  5.092936
1211227073  3.852334
1211437620  2.832604
1211447140  0.000000
1211447153  7.108441
1211550068  17.373667
1211610328  5.092936
1211832816  1.612406
1211895763  14.231380
1211920578  3.321223
1211965944  11.928910
1211995420  8.280503
1212158139  5.078202
1212216916  6.889451
1212223223  5.009445
1212299391  3.309468
1212825719  8.038718
1212833039  5.092936
1212833673  6.983536
1212929318  10.329553
1211090928  6.811424
1211315252  2.138905
1211372954  6.001974
1211571882  3.428946
1212132040  29.321894
1212135133  9.033387
1212281478  11.329064
1212399848  5.555930
1212458962  0.000000
1212459007  52.403179
1212476652  2.728359
1212478332  19.398008
1212611197  11.393667
1212859836  6.111523
1212923632  13.821326
1211130721  5.009445
1211428437  4.777638
1211607486  9.527369
1211780212  5.942075
1212306354  8.735145
1212396327  8.434065
1212742213  3.640415
1212865518  5.092936
1211258881  10.780538
1211342556  8.577086
1211400539  4.967806
1211430347  6.650987
1211431891  7.429531
1211444074  6.253912
1211690752  5.530999
1211874799  1.905570
1211993908  9.960024
1212218018  8.735145
1212242700  54.859169
1212475673  5.423351
1212650979  8.874277
1212742593  7.794160
1212744297  10.347335
1212943892  4.560838
1213017523  17.964769
1211206438  6.869051
1211378658  5.009445
1211486723  5.921640
1211532750  6.650987
1211536729  12.829163
1211595759  2.015507
1211707293  9.061285
1211756210  6.590172
1211785636  7.113792
1211840158  3.753859
1211924250  3.390582
1211956198  8.194092
1211677659  12.022923
1211782336  9.491174
1211981361  11.440599
1212132216  5.449175
1212199590  6.182827
1212247468  8.365601
1212391249  8.755437
1212919994  0.000000
1212920028  0.000000
1212920030  6.450195
1212992861  4.129407
1211102659  6.966636
1211531977  11.445789
1211868244  6.831907
1212142129  11.589593
1212467761  5.652558
1212922198  11.151249
1211094569  11.412930
1211205908  6.810674
1211332858  10.787889
1211336911  1.871542
1211532115  10.620566
1211543352  8.027963
1211615958  12.263459
1211639260  5.092936
1211648195  6.831907
1211689385  3.964733
1211727279  1.435704
1211878517  5.092936
1212040534  12.308063
1212220976  4.365374
1212267574  8.434065
1212890545  11.393667
1212972626  11.312098
1213015088  5.228470
1211098429  6.983536
1211339048  5.268554
1211363984  9.655293
1211403264  4.992927
1211441426  9.368824
1212086501  0.000000
1212086511  1.690425
1212225826  8.181864
1212398884  7.226171
1212466791  7.662860
1212558344  6.759364
1212825837  4.162970
1212826405  1.646808
1211178570  8.740365
1211517187  6.719909
1211794228  5.876464
1212114371  3.428601
1212583039  10.459900
1211351963  1.746773
1211576345  4.042617
1211579731  0.000000
1211579758  1.746773
1212284529  1.746773
1212302665  2.840758
1212426799  11.445789
1212492467  8.016638
1212665937  5.092936
1212822275  5.586829
1212833362  6.051603
1212851498  8.137727
1211687490  5.730620
1211693868  4.692843
1211708434  8.579293
1211724779  11.268763
1211728339  10.288426
1212241964  5.009445
1212360444  7.582459
1212372994  4.850415
1212398460  13.376483
1212314954  10.461853
1212460773  1.690425
1212562006  5.456717
1212875378  3.105796
1212882179  5.533070
1212897502  5.374224
1211093532  8.319186
1211160286  1.690425
1211177842  0.000000
1211177884  0.000000
1211177929  0.000000
1211177934  1.587975
1211425497  12.887561
1211547914  4.159513
1211735630  3.493545
1211978523  6.552571
1212032888  8.574633
1212309212  10.975479
1212317368  11.012477
1212504499  6.983536
1212878406  6.067711
1212894132  8.629128
1211046417  3.702117
1211253403  8.870310
1211262054  7.353560
1211434762  8.872519
1211695742  6.719909
1211714155  8.130049
1212004716  6.983536
1212088683  3.351351
1212220718  10.384307
1212250179  1.455644
1212251354  2.019535
1212642290  12.934168
1212866231  3.899544
1212996969  10.743901
1213009248  8.591946
1211033503  6.611523
1211040185  6.831907
1211053042  3.145544
1211250920  3.336763
1211260092  4.370183
1211285973  9.121663
1211398560  4.190122
1211452020  11.103311
1211459010  1.746773
1211545638  5.179256
1211612238  5.903274
1211613200  7.148963
1211616951  9.485057
1211621051  10.290347
1211647197  7.978621
1211690199  7.535028
1211805140  8.735145
1211891733  0.000000
1211891760  10.073393
1211892783  5.228470
1212055692  1.746773
1212063620  3.485744
1212121499  5.989056
1212124675  6.520212
1212150564  7.101901
1212200721  3.528575
1212210421  9.727591
1212212579  8.387781
1212282392  6.824280
1212291101  5.990731
1212302696  0.000000
1212302698  1.690425
1212408730  6.774414
1212477465  6.815670
1212497059  3.605942
1212668774  10.288426
1212886589  9.888844
1212896510  3.717638
1212914403  6.360883
1211180959  6.831907
1211214859  6.399251
1211260031  4.545623
1211261060  10.461853
1211271412  0.000000
1211271452  7.975820
1211361814  10.844464
1211445334  6.983536
1211449445  10.461853
1211768227  9.329564
1211795819  4.192255
1211966432  6.985299
1212029448  1.612406
1212074446  0.000000
1212074501  3.614012
1212092725  10.461853
1212180973  1.838708
1212568742  4.493767
1212570614  1.746773
1212584355  3.485744
1212680054  4.603373
1212833215  1.289351
1212947536  10.288426
1212979528  6.711938
1213003281  1.343671
1211045089  2.879673
1211778247  3.979752
1211785081  6.150423
1211948485  7.949862
1212212814  7.453077
1212470989  0.000000
1212471020  0.000000
1212471077  9.506309
1212504626  0.000000
1212504690  4.763926
1212522229  7.329132
1211524174  10.718291
1211613211  11.928910
1211702043  5.463266
1212267287  2.457456
1212451106  5.466130
1212647543  11.622111
1212771786  9.588262
1212820825  5.092936
1211513845  10.939911
1211601288  9.485057
1211608152  7.246169
1211614414  11.544106
1211677303  7.319901
1212232175  1.892527
1212266114  6.819836
1212327299  6.758260
1212358478  3.503602
1212364572  8.735145
1212467308  6.869051
1212564853  7.452990
1212897803  7.361059
1211401533  5.092936
1212059757  10.459900
1212281136  5.372795
1212319831  7.868733
1212491604  12.876097
1211309328  5.824564
1211343841  3.881717
1211393806  10.576281
1212049027  9.485057
1212215379  6.850467
1212481372  6.719909
1212960917  8.459509
1212969418  7.250988
1211020993  5.156629
1211259392  10.448451
1211273482  7.086351
1211288659  5.179256
1211300631  3.428601
1211327766  2.278399
1211435984  7.106407
1211572097  2.802582
1211710108  9.485057
1211777360  7.349685
1211793996  5.991689
1211796040  3.753859
1211820587  6.446341
1211824401  6.616638
1211967668  3.640415
1211969150  8.344553
1212197022  25.141838
1212371822  7.320200
1212474030  6.404913
1212499361  8.037538
1212795905  4.928648
1212860866  9.345390
1212990766  7.076284
1211346651  6.983536
1211359084  8.740365
1211705497  5.188790
1211708391  12.556747
1212375112  9.652571
1212394381  8.616636
1212569727  6.111523
1212654747  8.177480
1212312267  10.087803
1212342383  7.482360
1212562396  6.568329
1212764821  0.000000
1212764863  0.000000
1212764875  5.172989
1212890679  3.485744
1213001644  4.701171
1211083551  6.501620
1211308707  7.618402
1211336855  4.701171
1211349663  8.740365
1211436313  1.746773
1211436373  8.907594
1211463650  10.160359
1211684204  4.182776
1211693384  5.703785
1211764991  5.921640
1212060503  6.869051
1212105471  2.660891
1212113415  4.185975
1212679611  3.551609
1212823530  5.518498
1212852659  10.274809
1212936108  8.740365
1211101422  11.733355
1211131411  0.000000
1211131445  0.000000
1211131447  1.746773
1211133039  0.000000
1211133050  0.000000
1211133052  1.663593
1211428877  4.512965
1211445993  11.706949
1211700126  39.716599
1211781864  9.200384
1211783200  10.329699
1211815099  8.719966
1211951320  7.822518
1211961882  3.614012
1212216770  6.831907
1212365969  8.548489
1212481118  6.999040
1212483052  9.485057
1212553423  6.869051
1212566020  6.776848
1212650941  5.092936
1212720278  4.911665
1212906505  7.103693
1213026087  1.746773
1211178890  6.983536
1211252088  5.921640
1211283423  9.518414
1211310402  4.901690
1211428050  8.081034
1211778702  3.700640
1211782338  6.845982
1212063211  8.453366
1212485295  9.485057
1212750557  6.288991
1212896380  4.091325
1211111772  10.459900
1211277426  7.490200
1211373972  10.467423
1211460615  4.569915
1211565188  10.290347
1211660481  1.861502
1211693061  4.070304
1211722076  9.351393
1211870916  5.484796
1211991511  9.036357
1212375800  10.319974
1212380019  6.758260
1212384885  6.983536
1212394912  6.548717
1212400787  5.208771
1212480767  5.921640
1212485810  6.985299
1212584077  8.740365
1211080559  7.148248
1211097325  7.655099
1211425808  5.421455
1211516815  6.860250
1211649954  7.920174
1212217864  8.567610
1212524213  4.774627
1211070595  6.983536
1211116432  10.475304
1211343406  4.808973
1211517174  6.211618
1212327341  7.226171
1212333553  5.555930
1212339399  10.290347
1212389659  7.115690
1212948021  5.092936
1212982070  3.895226
1211060018  7.351090
1211168455  6.370185
1211288042  5.179256
1211508972  5.009445
1211586916  5.092936
1211721024  5.092936
1211735305  3.669204
1211736145  16.088051
1211809251  6.253912
1212158818  6.650987
1212271915  4.629941
1212320224  1.746773
1212329495  5.092936
1212583905  3.544825
1212614693  0.000000
1212614704  8.094862
1212670048  5.142757
1212757329  8.727068
1212908664  11.412930
1211183230  12.172701
1211247375  5.092936
1211251041  1.564274
1211259937  5.555930
1211264507  6.985299
1211458609  8.331399
1211517366  10.459900
1211600244  13.102717
1211610135  10.288426
1211677329  7.626312
1211760863  6.831907
1212127775  6.776848
1212458340  4.042002
1212638814  3.660100
1212815501  5.268554
1212890865  5.555930
1213024537  8.189198
1211051842  8.380243
1211281077  13.280789
1211532765  6.590172
1211571677  5.903274
1211696798  5.855920
1211892356  7.101901
1211896009  2.504722
1211904781  4.629941
1211994484  5.686073
1212004048  7.941041
1211059012  3.688002
1211091452  0.000000
1211091459  0.000000
1211091498  9.703214
1211096583  6.829054
1211346781  9.388506
1211598553  5.773443
1211620977  8.574633
1211676466  5.092936
1211875448  8.316183
1211894260  2.945699
1212003150  7.415219
1212087595  9.489233
1212131195  1492.737915
1212257883  5.921640
1212302981  5.147795
1212362090  5.441854
1212653203  8.720038
1212722704  4.449886
1212825816  9.536715
1212829897  9.116952
1212845876  6.831907
1212886917  4.135597
1212887985  11.830026
1211183454  6.983536
1211276179  1.718137
1211497293  3.964733
1211862933  2.055027
1211879764  9.367075
1211898953  5.898144
1212030234  7.840276
1212151773  8.494081
1212308032  12.371813
1212473460  1.905570
1212733898  6.306376
1212747965  11.026635
1212901199  3.036739
1212922065  10.461853
1211181129  1.541270
1211431744  6.642960
1211698418  10.682607
1211705586  3.544825
1211935725  17.381075
1212221896  8.324157
1212911669  8.597080
1211091267  5.142757
1211168807  6.947702
1211308498  6.547065
1211373800  5.080180
1211437683  10.319974
1211531374  7.361059
1211807978  10.329699
1211851290  3.605942
1211898475  1.690425
1212069972  2.939294
1212153423  10.491974
1212182451  2.484359
1212414420  9.684093
1212758769  10.048357
1212823717  5.240318
1213015005  3.485744
1213020032  11.432844
1211470955  4.708883
1211960941  8.709961
1212026050  5.092936
1212283408  6.348669
1212342584  3.234094
1212525349  5.092936
1212654941  4.493634
1212745903  7.789767
1212774416  2.183685
1212920188  4.365374
1211110664  7.140619
1211368939  13.980133
1211402346  3.284626
1211538291  10.288426
1211834872  6.996526
1211890630  9.509000
1211983476  3.234094
1212130375  3.428601
1212202977  5.245987
1212224138  7.723879
1212235776  4.904653
1212255147  8.591946
1212285786  4.840326
1212403477  9.485057
1212490961  18.678305
1212625613  6.579601
1212214216  9.510776
1212912175  4.629941
1211094348  9.437523
1211357261  8.016638
1211418350  5.824564
1211421630  3.753859
1211525983  5.678149
1211537630  8.344553
1211629715  5.903274
1211715426  6.439935
1211825601  5.664922
1211852802  3.503602
1211969360  5.009445
1212049932  8.915152
1212143179  7.140619
1212231853  6.590172
1212291751  6.306326
1212558148  5.639657
1212568819  4.701171
1212655645  12.808041
1212711314  5.502423
1212835549  10.347335
1212900736  5.497031
1211020412  9.891827
1211525533  5.909887
1211765893  6.985299
1211920792  5.576386
1211989382  0.000000
1211989395  1.564274
1212390362  961.181763
1212400292  5.092936
1212401444  4.091325
1212401998  0.000000
1212402049  14.222760
1212421850  5.009445
1212770030  52.403179
1212982107  10.085036
1213001270  4.605780
1213004772  8.313771
1211028247  6.306376
1211039430  8.434065
1211377103  1.690425
1211446468  11.477443
1211461174  4.546623
1211464564  5.092936
1211636306  9.359084
1212047515  6.985299
1212169866  6.869051
1212389398  5.721724
1212470607  2.519815
1212471252  5.854578
1212483480  8.872519
1212542909  4.701171
1212687202  9.711516
1212844220  5.179256
1212845942  10.287925
1212852874  5.662326
1212961347  5.395811
1212981231  4.220828
1211425843  9.534944
1211517250  3.711201
1211723181  6.092840
1211746149  7.676476
1211884415  5.712845
1212285839  9.069569
1212397584  5.801453
1212826626  9.518414
1212941658  5.744756
1212997334  7.115690
1211081367  7.761443
1211321879  5.658817
1211538554  5.092936
1211702741  7.469707
1212052663  3.753859
1212230787  11.843607
1212309704  7.686139
1212427674  6.703938
1212484624  1.838708
1212643226  5.991689
1212834514  9.485057
1212896838  1.633943
1212922898  5.179256
1213002176  5.555930
1211169482  8.313771
1211170504  7.570847
1211613487  7.962323
1212376267  16.260098
1212387636  3.820413
1212989788  9.381309
1213006626  7.626312
1211246402  3.485744
1211744949  5.825235
1212131194  888.870544
1212719661  0.000000
1212719677  9.215042
1211351843  12.478779
1211702088  6.896637
1212641597  0.000000
1212641617  1.518933
1212828519  3.669204
1211100230  4.621682
1211685123  8.458417
1211829657  5.809411
1211891990  8.735145
1212495637  4.753154
1212560307  6.980988
1212743734  3.185092
1212754662  5.943524
1212839711  6.025552
1212863098  11.733355
1211300644  5.228470
1212041803  10.399389
1212264438  1.807006
1212280412  2.495389
1212532291  4.094725
1212901563  5.060909
1211101340  10.096645
1211104168  5.663756
1211274515  10.162560
1211358652  8.892241
1211444442  9.364676
1211455846  10.574011
1211526393  7.700037
1211773948  6.490548
1211870864  5.824564
1212048942  3.881717
1212218690  0.000000
1212218694  1.361122
1212228425  0.968183
1212354539  3.946126
1212405473  5.729740
1212406773  9.329564
1212465231  7.333982
1212550452  6.118126
1212741098  8.093472
1212814244  6.485524
1212862860  5.075692
1212898014  5.346589
1211096751  7.115690
1211690531  5.267618
1211705530  10.067757
1211778507  5.719171
1212271308  4.129407
1212344593  7.620326
1211175984  8.508039
1211176647  9.485057
1211199329  5.092936
1211263257  6.990098
1211267749  9.808862
1211307512  6.758260
1211313645  9.858355
1211359894  4.159513
1211525131  6.870786
1211600642  6.832662
1211706176  9.510776
1211783466  9.095565
1211792739  3.336763
1211834395  5.929742
1211951446  6.650987
1212045913  6.040744
1212404214  5.009445
1212444481  4.121884
1212567837  3.503602
1212875455  3.562985
1211359631  10.449954
1211425094  5.179256
1211447490  8.907612
1211607090  5.179256
1211611649  14.967311
1211707094  7.774237
1212048260  9.403337
1212227830  12.106124
1212489854  5.009445
1211401040  5.286514
1211617171  7.547379
1211621388  6.869051
1211644668  3.217610
1211705738  8.740365
1211872973  5.092936
1211946542  8.016638
1212339435  10.319974
1212728059  6.831907
1212790837  0.000000
1212790850  5.464959
1211095380  3.917643
1211175501  5.824564
1211259610  7.510805
1211350253  7.060195
1211358996  11.412930
1211496653  0.000000
1211496714  1.587975
1211533697  8.059960
1211613058  7.759484
1212002558  3.446166
1212033197  9.534944
1212215453  3.822111
1212411565  5.228470
1212518810  7.222217
1212584580  15.325355
1212620745  8.577086
1212649555  828.363770
1212679136  0.000000
1212679178  3.428601
1212815654  3.822111
1212818542  0.000000
1212818573  0.000000
1212818603  0.000000
1212818604  1.746773
1212826674  7.189220
1212827762  6.717345
1212919830  6.447968
1211035928  6.776848
1211096724  6.348732
1211100942  3.485744
1211118654  0.000000
1211118672  1.905570
1211200061  12.223304
1211478493  4.671469
1211480499  6.831907
1211653711  8.324157
1211673191  9.837809
1211865923  6.831907
1211950361  9.359084
1212459706  3.503602
1212889978  6.598723
1213017962  9.200384
1211099706  3.485744
1211214631  6.831907
1211312421  6.861151
1211544136  11.410800
1211601937  8.377285
1211618978  7.054528
1211788034  6.999040
1211793588  13.096397
1211806988  10.219859
1211817621  9.538535
1211830720  4.301773
1211908309  6.859706
1212125652  6.025552
1212262827  5.898144
1212301760  7.387169
1212307938  10.459900
1212430302  5.009445
1212471728  8.313771
1212516017  5.825235
1212784577  3.822111
1211212971  8.753877
1211356982  1.061954
1212827510  9.154360
1212988634  10.820586
1213012785  6.983536
1211416894  6.068187
1211539429  4.365374
1212034499  4.534060
1212041452  6.348669
1212455351  3.503602
1212559488  2450.067139
1212651808  7.379092
1212729345  8.727068
1212746443  1.807006
1212999950  9.392207
1211686934  4.121884
1211753221  3.503602
1211755340  9.961809
1211758172  7.759484
1211927001  1.776379
1212304225  4.928648
1212357856  10.040131
1212525290  3.428601
1212827276  6.719909
1212959447  3.822111
1212983730  6.870786
1211261701  3.892891
1211526470  7.113135
1211532586  8.892241
1211566111  6.674643
1211686634  3.996841
1211808887  8.720038
1211935141  3.837525
1212121542  10.942917
1212914479  4.701171
1212922709  6.886152
1211440801  8.864449
1211605983  6.383843
1211613840  8.386036
1211702935  10.461853
1211786156  8.063210
1211788522  7.452990
1211961543  5.898144
1212220204  10.085318
1212294603  11.928910
1212306219  9.485057
1212332460  8.883199
1212520787  1.612406
1212827308  11.283051
1212908383  2.060942
1212949084  6.404913
1212996904  7.734734
1211993292  5.895929
1212637115  6.547859
1213037082  10.975479
1211079842  5.468688
1211089112  5.921640
1211130655  2.138905
1211190865  5.182741
1211511891  4.826280
1211583113  0.000000
1211583174  3.428601
1211589623  6.740895
1211703436  3.168858
1211706735  1.746773
1211989019  0.000000
1211989074  3.485744
1212300486  5.009445
1212352385  6.590172
1212561961  4.786438
1212623644  3.177767
1212800602  3.839551
1212842946  9.963670
1212972811  8.653296
1213014081  9.549254
1211593690  7.140619
1211600005  8.063210
1211603048  5.127065
1211757386  4.629941
1211765884  9.546346
1212002255  13.643348
1212288043  3.485744
1212300976  18.995785
1212390363  4.145062
1212414867  9.390635
1212737920  1.569716
1212739435  5.092936
1212740498  10.645628
1212812917  7.482360
1213082570  0.000000
1213082601  0.000000
1213082602  5.142757
1211073596  3.485744
1211444751  3.743084
1211704633  10.288426
1211724908  4.163006
1212118414  6.111652
1212298049  5.904375
1212312323  6.619990
1212471253  5.179256
1212560345  0.000000
1212560391  6.151141
1212799414  4.803427
1211356301  8.451488
1211100666  4.901690
1211244047  6.404569
1211251594  1.746773
1211628466  8.137727
1211642021  5.788906
1211651325  15.309934
1211787001  6.579095
1212223938  9.485057
1212381353  25.122320
1212654039  3.640415
1212655358  6.629197
1212738716  8.313771
1212894122  0.000000
1212894145  12.022923
1212900566  0.000000
1212900621  2.446773
1211038738  7.765740
1211157186  4.472683
1211704924  3.485744
1212498725  13.516814
1211019261  3.503602
1211254130  3.753859
1211347326  6.547065
1211422054  2.055027
1211450229  4.990779
1211511324  4.850415
1211618184  0.000000
1211618237  7.632730
1212217326  11.157912
1212224168  0.000000
1212224181  13.012424
1212302478  4.357180
1212311611  7.224347
1212331393  0.000000
1212331421  7.280827
1212830795  10.261871
1211034846  9.359084
1211650145  2.373436
1211815768  0.000000
1211815835  11.841396
1211849208  4.774627
1211994660  6.983536
1212214024  0.000000
1212214050  11.619147
1212215377  5.610027
1212357524  1.361122
1212601337  6.971488
1212899006  12.152587
1212906222  11.073427
1212909045  5.925818
1212170709  6.758260
1212389083  6.446341
1212629334  3.544825
1212772977  5.555930
1212812226  6.983536
1211105432  6.790581
1211175654  4.975113
1211181444  9.705717
1211322850  4.231252
1211359487  11.733355
1211441445  9.329564
1211448354  5.903274
1211449657  5.447089
1211704403  6.446341
1211875849  8.718709
1212132023  8.346062
1212389688  0.000000
1212389703  7.379092
1212541918  3.406603
1212552359  9.894753
1212558686  6.899729
1212666785  3.046610
1212771897  6.983536
1212973734  4.374684
1211390045  1.718137
1211548611  7.785781
1211624578  6.831907
1211658725  5.601932
1211771389  13.228924
1211840571  3.503602
1211862155  3.142249
1211898177  5.518498
1212039875  4.914912
1212100590  3.336763
1212146613  3.428601
1212154666  6.370185
1212227575  4.303889
1212312413  1.663593
1212473776  3.503602
1212589171  9.187106
1212875446  4.003221
1212917281  5.092936
1211728116  5.921640
1211730694  6.111523
1212161086  9.108960
1212364918  6.652666
1212530926  9.577746
1212592247  3.084835
1212834115  8.633702
1211047995  4.481545
1211108384  7.651419
1211356823  6.501620
1211360681  7.766215
1211518564  10.282782
1211534464  2.229923
1211617254  0.668194
1211654891  8.743612
1211823577  6.983536
1211825519  9.749509
1211954527  8.654340
1212054684  3.503602
1212286140  6.208565
1212343581  1.977479
1212385691  6.275483
1212795467  3.503602
1212815646  6.831907
1212890361  5.630833
1211122546  6.999040
1211351653  10.842732
1212023391  6.151141
1212151105  6.446341
1212206527  3.743084
1212302558  5.447379
1212649555  1049.955322
1212721840  8.443114
1212740534  12.223304
1212742702  12.223304
1212744144  14.078411
1212758213  14.554440
1212833577  5.463266
1212883425  7.618402
1212916536  7.115690
1213049310  4.863829
