1211102585  7.214755
1211218888  8.490399
1211866347  9.825457
1212003460  5.976657
1212113466  3.874635
1212605561  0.000000
1212605621  2.340454
1212608915  31.868595
1212609000  8.890288
1212719377  12.976384
1212867539  4.745458
1212985224  8.139146
1211477854  10.776351
1211583478  771.282532
1211951393  4.225383
1212016151  0.548887
1212073057  247.467621
1212517340  8.708765
1212942851  11.249391
1212958510  2.699265
1211150519  0.000000
1211150546  0.000000
1211150613  0.000000
1211150669  4.545868
1211152395  1.970153
1211258827  8.934879
1211348535  6.148380
1211579343  12.295848
1211590462  4.064706
1211591638  8.479136
1211663943  8.440315
1211843464  3.905605
1212001105  2.513109
1212046349  6.794868
1213020523  9.825130
1211150980  0.000000
1211151041  2.507267
1211151086  0.394670
1211350945  14.423615
1211760845  4.545868
1211765511  7.771388
1211784122  5.967471
1211788678  4.401555
1212174886  2.429338
1212199944  12.536338
1212199953  0.452077
1212204611  9.911258
1212217740  6.876083
1212242686  13.553052
1212285127  11.448104
1212344189  5.958740
1212395654  11.045809
1212701972  2.470514
1211495697  0.539889
1211907537  0.000000
1211907577  0.000000
1211907578  7.974168
1211941557  9.259552
1212203043  16.918720
1212509231  1.868988
1212512344  4.527196
1212625039  0.000000
1212625041  0.000000
1212625101  2.076585
1212625161  8.238957
1212907441  18.180006
1212974003  16.001369
1211019974  7.130753
1211251256  11.141651
1211271266  18.336422
1211309654  13.195844
1211572759  14.540421
1211805231  12.492936
1211811713  16.144129
1212180213  2.470514
1212186238  2.313656
1212397399  6.422326
1212546808  1.892991
1212557532  13.250588
1212558373  0.000000
1212558423  1.943471
1212611288  2.429338
1212996254  0.000000
1212996319  0.000000
1212996377  7.390909
1213019762  22.578896
1211131263  4.475360
1211160655  4.699965
1211216880  8.315981
1211231931  8.205894
1211586073  0.000000
1211586079  0.000000
1211586100  0.000000
1211586171  2.118327
1211611692  4.225383
1212569393  5.643602
1212569590  6.337404
1212607002  0.335955
1212724668  20.302973
1212724728  14.576577
1212781779  15.572504
1212963721  3.874635
1211124148  9.835819
1211141697  2.042543
1211141758  3.893169
1211184189  12.914875
1211214920  0.000000
1211214949  0.000000
1211214950  2.389513
1211232901  13.683428
1211331631  11.907782
1211346527  5.933547
1212093359  5.423390
1212559575  16.152437
1211157174  8.420804
1211206100  9.434495
1211398177  7.157184
1211975626  5.924010
1212174974  0.000000
1212175034  1.349632
1212181091  2.750194
1212445670  2.429338
1212590924  0.000000
1212590937  2.389513
1212641558  7.021363
1212970570  26.306288
1211522315  11.552443
1211738637  13.976507
1211867910  5.243795
1211931739  2.429338
1211700061  12.563711
1211775328  8.766212
1211936733  7.407104
1212265098  4.225383
1212510833  11.532235
1212526977  12.101617
1212560431  0.000000
1212560488  0.000000
1212560558  2.350973
1212894817  3.362383
1212897482  640.545715
1212944877  2.208489
1212951192  4.156115
1212975075  6.947613
1211063647  7.362313
1211188729  7.771388
1211204046  9.510661
1211214432  10.108388
1211237990  6.906259
1211466505  40.976772
1212106652  2.491984
1212149013  9.836507
1212149055  14.255835
1212181755  9.927743
1212264696  0.000000
1212264704  2.699265
1212274152  0.000000
1212274202  0.000000
1212274272  2.915206
1212346804  10.515489
1212369003  15.950503
1212523867  11.671950
1212558776  18.628958
1212564994  9.369702
1212794344  10.654717
1212927569  21.557076
1211247883  2.650187
1211348441  8.878433
1211530674  10.401090
1211821051  16.619810
1212082149  5.633844
1212258013  0.000000
1212258017  5.417179
1212258040  2.503326
1212320034  20.168242
1212425296  5.406467
1212452496  0.000000
1212452498  1.601061
1212495541  15.966509
1212774432  15.567062
1212786031  12.373355
1212900979  9.797251
1211230017  12.580722
1211496775  4.914832
1211915036  4.545868
1212384775  11.596770
1212459675  10.464273
1212557355  4.557770
1212557422  5.756217
1212766338  8.597588
1211129596  2.429338
1211236760  7.717820
1211608069  14.982234
1211843061  15.451511
1212076219  0.000000
1212076224  2.513109
1212113086  0.000000
1212113105  2.429338
1212206241  13.311779
1212481105  6.754516
1212559045  4.545868
1212559671  8.021008
1212590929  7.293149
1212636901  4.169749
1211069201  2.513109
1211161285  20.318361
1211370682  5.056636
1211490335  6.478955
1211666249  10.480049
1211719366  5.157831
1211900916  5.089510
1211900976  14.656286
1212092854  8.466660
1212347517  3.874635
1212518358  8.466660
1212779064  0.558191
1212945532  7.021363
1212958749  0.000000
1212958753  2.429338
1212965079  14.808345
1213035138  15.847114
1211578367  6.272524
1211637587  7.771388
1211739948  11.866483
1211875010  6.070936
1211905449  8.466660
1212097622  7.771388
1212185147  8.193542
1212344869  4.225383
1212435481  9.431993
1212534261  8.142252
1212684382  4.156115
1212767882  4.225383
1212774827  3.940307
1212822985  8.397532
1212863591  10.304550
1213026398  3.811116
1211181704  15.227519
1211521249  4.699965
1212005982  4.609509
1212685552  9.789897
1212958607  4.342317
1211192424  9.279831
1212093372  16.008139
1212470088  7.187500
1212471159  2.429338
1212508611  4.447772
1212521613  3.961297
1212591973  1.832281
1212592041  3.347694
1212614108  4.225383
1212986577  10.094638
1211594732  10.563457
1211674029  6.066929
1211869679  5.306386
1212022331  6.769588
1212259574  2.389513
1212550083  6.876083
1212646393  3.874635
1212646574  39.459431
1212824862  4.472548
1212911995  11.575386
1212978819  0.000000
1212978888  0.000000
1212978913  0.000000
1212978943  5.987659
1212984510  4.156115
1211149995  0.000000
1211150053  2.294854
1211483347  4.225383
1211519598  5.473377
1212057753  16.144129
1212364154  2.389513
1212364275  23.950367
1212398385  151.906509
1212683972  14.090218
1212860816  18.013943
1211039207  6.417678
1211126950  7.154923
1211133357  8.511215
1211273863  9.361904
1211336730  10.264277
1211354558  5.330980
1211385450  5.245409
1211987610  2.429338
1212002874  0.000000
1212002895  0.000000
1212002897  2.429338
1212113879  4.639347
1212607945  10.433489
1212608106  5.135148
1212950783  11.378639
1213019416  2.143534
1211069596  4.296999
1211309692  0.000000
1211309788  11.282704
1211309798  7.169080
1212466650  4.545868
1212733013  17.937920
1212869671  6.282317
1212998944  6.757359
1211234633  9.246610
1211299346  4.225383
1211305748  20.134380
1211471456  8.402969
1211491668  10.257931
1211579979  4.156115
1211634627  7.021363
1211863464  9.147553
1211905751  6.417678
1211925485  7.243514
1211953742  4.737130
1211957315  4.225383
1211982372  11.866483
1211992455  2.974700
1212176012  10.836875
1212219936  3.982629
1212416636  8.397532
1212704282  4.225383
1212841652  11.178043
1212884384  13.072722
1212891667  3.724847
1212968188  40.886906
1211317183  13.374926
1211354543  13.426351
1211468273  4.156115
1211525687  8.893271
1211577872  7.659669
1211618610  4.225383
1211691976  18.267061
1212019829  2.429338
1212036817  6.013371
1212116296  5.281729
1212258990  4.225383
1212553438  2.699265
1212716223  10.472646
1211075779  0.000000
1211075781  2.429338
1211462033  7.928781
1211473741  8.266320
1211901508  8.458196
1212079140  8.559455
1212175880  0.000000
1212175885  16.608128
1212196802  6.167819
1212423716  0.000000
1212423752  0.000000
1212423760  0.000000
1212423810  0.000000
1212423830  2.429338
1212511659  9.643776
1212656411  9.423202
1211162168  4.609509
1211301721  7.900911
1211426619  7.771388
1211607670  7.701213
1211703740  2.672162
1212024592  3.940307
1212245606  12.049674
1212449897  2.503477
1212687254  11.671950
1212895670  16.940134
1212958078  2.429338
1213017654  19.134659
1211215333  8.086710
1211402055  12.358641
1211558420  6.320729
1211995325  5.662114
1212456317  6.338075
1212528414  7.946399
1212554867  3.570746
1212560104  6.972970
1212615440  6.868222
1211125719  6.066929
1211375231  8.486474
1211612050  6.684708
1211645666  13.311779
1211652938  6.066929
1211789811  18.164154
1212186959  5.169449
1212299025  5.205725
1212330926  18.336422
1212342880  8.466660
1212377941  5.606165
1212430225  20.088133
1212433537  10.093205
1212445246  2.429338
1212593281  0.000000
1212593305  2.650187
1212659280  5.140913
1212372718  2.429338
1212388094  11.786881
1212513755  10.110354
1212722042  9.094026
1212780824  10.108388
1212995725  0.000000
1212995731  2.242466
1211141660  9.640867
1211753828  9.038888
1211874337  16.061016
1211990964  5.415653
1212022621  5.643602
1212099351  6.696889
1212257422  4.296383
1212257451  2.351687
1212535247  2.429338
1212559781  3.900353
1212794270  11.996374
1213035203  4.609509
1213073826  12.150536
1211024324  2.696245
1211692424  15.815046
1212053073  12.094276
1212074955  16.112333
1212138695  16.144129
1212218371  7.900074
1212262537  3.811116
1212474090  0.000000
1212474095  7.843444
1212564797  6.337404
1212567322  9.203508
1212567449  24.737572
1212569299  6.358647
1212596629  0.000000
1212596631  0.000000
1212596701  0.000000
1212596705  0.000000
1212596708  2.470514
1212709005  2.313656
1212960660  0.358732
1211063573  0.000000
1211063575  0.000000
1211063635  2.429338
1211065972  2.313656
1211137064  1.204631
1211175995  3.874635
1211217540  7.995857
1211256059  6.457725
1211413090  2.389513
1211896149  17.269741
1211896234  7.021363
1212123894  13.255235
1212261550  2.966550
1212261592  2.812001
1212290003  20.871037
1212446541  2.791206
1212491049  6.422326
1212953277  3.623454
1211299793  2.389513
1211474360  13.195601
1211490096  6.426141
1211633966  18.202656
1211780920  16.118139
1212181198  15.898290
1212432385  9.822326
1212442775  4.549799
1212526731  3.369248
1212686542  8.466660
1212699575  9.251299
1212736480  13.826919
1211375460  0.000000
1211375521  11.200395
1211549482  20.274748
1212502189  15.279834
1212680528  2.257234
1211143520  11.036040
1211482332  7.646043
1211489922  11.786881
1211505536  4.425766
1212008852  7.335490
1212133657  8.516563
1212182535  11.654603
1212252672  16.626457
1212345808  2.076585
1212345868  9.789897
1212410531  12.536231
1212422844  6.500281
1212430232  10.397338
1212598627  5.967471
1212613948  7.952555
1212629591  2.429338
1212690080  8.708765
1212846019  5.659142
1212951085  4.527196
1213015332  7.659669
1211217995  4.225383
1211232871  10.602539
1211380226  8.721660
1211757888  3.576586
1211786882  13.804093
1211811722  6.667655
1212007531  4.225383
1212305602  7.293492
1212530001  2.389513
1212603166  3.874635
1212685144  20.051743
1212724708  2.389513
1212725766  6.358647
1212772429  18.804298
1212772549  18.921295
1212969037  0.000000
1212969043  0.000000
1212969098  0.000000
1212969163  0.000000
1212969218  1.880451
1212969278  0.715940
1212974569  0.000000
1212974585  3.775609
1212974618  0.371319
1213018064  4.156115
1211088286  2.052962
1211125685  14.785168
1211128673  5.354073
1211153393  0.000000
1211153447  2.350851
1211153500  4.495253
1211162747  13.482234
1211476741  5.451419
1211552450  10.274100
1211569779  5.473377
1211646871  24.158072
1211804885  5.383649
1211823578  16.691183
1211977217  12.839281
1212066431  5.854104
1212453565  0.000000
1212453591  0.000000
1212453644  0.000000
1212453701  2.291719
1212586112  4.475360
1212645775  8.956224
1212691551  9.789897
1212766256  16.935295
1212795348  7.766427
1212798199  1.977700
1212798262  3.933692
1213030150  11.420923
1211039379  19.167364
1211044393  7.021363
1211055767  13.855380
1211226487  13.855380
1211826075  11.596770
1211918789  243.802979
1211920676  7.522889
1211989557  7.613468
1212086947  6.740955
1212110290  2.389513
1212383383  6.625468
1212444596  3.874635
1212458640  0.000000
1212458686  1.026481
1212996367  6.417678
1213045858  9.067386
1211161426  11.983329
1211173149  8.817409
1211406316  4.971039
1211718139  18.035824
1212098061  7.800602
1212344950  11.795470
1212354351  18.220297
1212852755  12.287796
1211147655  6.927356
1211197660  4.475360
1211537690  10.468086
1211846096  21.330582
1212285929  7.805228
1212464178  10.107118
1211049661  6.869981
1211069102  2.969133
1211069140  2.741182
1211477899  3.940307
1211608714  4.089080
1212015513  7.771388
1212101549  13.943237
1212152830  9.316563
1212683415  11.654603
1212960064  4.633055
1211112316  7.900911
1211213531  10.888441
1211494157  14.333152
1211671685  16.280993
1211693914  10.892923
1212032048  12.173285
1212188431  3.874635
1212192755  6.417678
1212205194  0.000000
1212205204  2.750194
1212208687  3.156235
1212262921  2.313656
1212432570  4.944778
1212460081  8.477953
1212524689  2.313656
1212614254  8.193542
1212654879  17.569914
1212702900  0.000000
1212702944  2.112468
1212778608  4.602472
1212908531  6.794868
1211083985  0.959810
1211115205  13.767583
1211129635  5.200225
1211129705  16.619291
1211214666  10.762635
1211303765  11.951953
1211588235  14.827662
1211617689  11.715731
1211871295  3.811116
1211889761  13.277681
1212224009  9.129964
1212408992  10.953676
1212829304  7.021363
1212926215  9.177998
1212959380  2.984967
1211129840  5.826438
1211162143  10.955957
1211302353  12.459514
1211500376  4.090899
1211667672  19.167364
1211829869  55.605064
1211895587  18.419924
1211908035  10.113191
1211999734  2.535721
1212040028  2.750194
1212042309  6.318740
1212166852  16.166874
1212182951  4.432781
1212415831  9.806843
1211093822  4.151394
1211096524  9.986032
1211216645  6.667655
1211925836  9.434495
1212107659  2.242466
1212175630  6.422326
1211362443  18.815746
1211385349  15.539132
1211563631  4.305150
1211826126  6.183487
1212023493  5.572523
1212203120  44.603897
1212228931  20.736153
1212630954  7.757202
1212685597  15.874921
1212977714  0.000000
1212977735  6.381337
1212983007  13.216298
1211153742  2.112468
1211389232  8.721660
1212035751  12.677884
1212282363  11.569139
1212328474  11.786881
1212334129  7.717820
1212342837  8.173356
1212425622  3.737444
1212531454  11.003235
1212597017  7.974168
1212608217  6.885555
1212608277  17.794697
1212956072  0.000000
1212956073  2.429338
1212966470  4.812822
1212995869  15.394044
1211049658  11.951953
1211126135  10.093205
1211144692  12.190351
1211217955  18.082205
1211767140  10.729985
1211867029  5.500867
1211988582  8.527778
1212076407  3.900353
1212110111  0.000000
1212110121  0.000000
1212110132  0.000000
1212110314  0.000000
1212110378  0.000000
1212110441  0.000000
1212110485  0.000000
1212110544  0.000000
1212110605  0.000000
1212110673  0.000000
1212110770  2.112468
1212244994  4.470733
1212313845  4.735062
1212507009  10.707906
1212511047  9.959961
1212772110  7.900911
1212858511  7.904996
1212878535  8.466660
1211044348  7.071570
1211126716  0.000000
1211126722  7.214653
1211220761  11.255444
1211646245  8.466660
1211672037  7.846365
1211908570  10.815405
1212169823  3.678837
1212345445  2.550071
1212349485  3.728279
1212473179  0.000000
1212473185  3.961400
1212522425  8.721660
1212686817  9.279831
1211041366  12.604453
1211066161  8.327862
1211225257  8.758614
1211384759  8.640206
1211527749  5.967471
1211565837  10.113191
1211575537  8.327862
1211902064  11.326372
1211992230  10.093205
1212087154  9.027794
1212103755  8.111144
1212204281  4.266123
1212212854  10.373422
1212261789  6.920122
1212472972  17.185850
1212530916  4.915214
1212556217  6.223625
1212556280  16.543516
1212557666  2.429338
1212784018  3.576586
1212878391  13.463826
1212945051  3.874635
1212996460  10.813653
1212997966  3.783925
1212998957  2.389513
1213000998  4.266123
1213004101  7.021363
1213041044  7.696963
1213070024  6.841326
1211230700  3.811116
1211582011  0.346970
1211902152  13.311779
1211989435  5.473377
1212422928  9.175642
1212478921  4.557770
1212735155  13.841377
1212781336  6.873016
1211324160  8.912273
1211482350  3.835218
1211513473  14.584611
1211520459  18.576305
1212452497  10.892525
1211138542  3.239118
1211240274  9.510661
1211393816  3.874635
1211683692  2.429338
1211903136  6.529365
1211924806  4.296999
1212082805  7.771388
1212116810  2.279147
1212275337  0.000000
1212275397  4.132254
1212554255  5.964417
1212730921  3.414325
1212731042  8.972925
1212808552  20.183443
1213023345  10.814149
1211202653  8.556904
1211591912  12.161365
1211836654  6.362044
1211897056  8.466660
1211927082  9.168111
1212319313  7.591299
1212533041  5.967471
1212570158  0.220100
1212643134  3.239118
1212669378  18.815746
1212704984  4.709313
1212897108  10.108388
1211137880  7.021363
1211179688  10.842456
1211417869  2.429338
1211501299  2.429338
1211565192  68.845627
1211901031  2.148191
1211901089  11.778794
1212088922  4.997134
1212103977  29.411926
1212208628  5.041781
1212235068  6.066929
1212388897  9.434495
1212627222  2.389513
1212648278  11.983329
1212805044  25.793852
1212824497  8.610162
1212955982  23.159546
1212956016  9.059160
1212956287  32.568760
1211168649  9.558300
1211618667  21.158548
1211702986  13.791657
1211932895  1.849624
1211932956  2.990381
1212091179  4.225383
1212262623  3.576586
1212276758  3.469822
1212299677  7.413356
1212417888  13.415507
1212594520  8.694571
1212638050  8.327862
1212774824  25.859301
1212823224  9.439221
1212827571  5.438480
1212918341  4.885305
1211051767  8.151995
1211069695  4.225383
1211209455  6.272524
1211394271  18.893700
1211408951  8.173356
1211526697  12.173285
1211912740  8.721660
1211951106  16.224010
1212008431  4.972622
1212029342  15.188169
1212072920  13.184722
1212146954  7.434075
1212151116  11.786881
1212182637  11.623904
1212205752  13.314811
1212233290  6.422326
1212426517  6.534806
1212426630  11.237276
1212525772  2.768780
1212525817  2.503326
1212605904  0.352753
1212678946  6.481258
1212721876  0.000000
1212721887  6.481258
1212784945  20.450535
1211039087  6.640032
1211076201  13.183172
1211080366  2.350973
1211206741  7.562124
1211320867  3.190777
1211320986  3.642355
1211322246  3.690128
1211334630  8.021008
1211558987  12.957977
1212566906  4.156115
1212975283  0.000000
1212975302  0.000000
1212975354  7.140369
1213010651  12.935040
1211023557  14.440322
1211282038  11.786881
1211308535  11.253764
1211403831  7.415050
1211439719  118.513664
1211456098  7.900911
1211556935  0.000000
1211556963  0.000000
1211556983  0.000000
1211556996  6.358647
1211717173  24.735193
1211861080  19.128462
1212060144  17.190395
1212129353  15.974668
1212454269  3.811116
1212505071  6.417678
1212579485  9.434495
1211051334  12.492936
1211140932  3.874635
1211151047  0.000000
1211151108  0.000000
1211151163  1.880451
1211151223  0.498989
1211152141  1.880451
1211152201  0.407610
1211596361  15.792109
1211625040  4.944778
1211640766  9.337418
1211903670  17.641748
1212208779  2.429338
1212279361  4.609509
1212450576  342.003693
1212466729  3.841257
1212961202  7.035457
1211065071  0.751616
1211124849  9.327087
1211139104  3.874635
1211139224  9.993672
1211426173  15.287382
1211506110  0.000000
1211506119  2.429338
1211525968  9.567398
1212042940  10.093205
1212185051  4.101393
1212185657  68.845627
1212223408  4.401994
1212358711  0.000000
1212358777  2.699265
1212367715  7.293149
1212392144  16.744089
1212601317  4.156115
1212604899  2.429338
1212623652  2.076585
1212623712  5.453674
1212896432  10.107743
1211049200  3.874635
1211067831  9.168741
1211067852  18.854362
1211147501  9.176682
1211330518  2.429338
1211342181  201.834427
1211377655  13.662527
1211584532  4.156115
1211597437  10.939072
1211613104  6.210656
1211758105  6.542840
1212097389  3.248997
1212361956  2.389513
1212362080  9.284033
1212467654  4.447772
1212471466  0.000000
1212471484  2.650187
1212471539  11.334906
1212603158  8.327862
1212972510  15.958044
1211472352  8.537109
1211485263  3.900353
1212096076  5.173938
1212342029  10.420286
1212508832  9.511892
1212804269  13.184980
1212939551  16.300447
1212973728  3.900353
1213033315  10.093205
1211129879  14.177600
1211150075  0.000000
1211150136  2.389513
1211240029  7.894418
1211287380  24.157372
1211302527  7.468858
1211339133  17.907736
1212779025  1.317330
1212779657  11.762827
1212895661  5.041781
1212966152  0.000000
1212966217  11.132644
1212978745  6.417678
1211127986  5.617091
1211160072  12.849594
1211213234  11.024527
1212522040  4.545868
1212622800  0.000000
1212622808  1.979422
1212622865  0.531181
1212629834  9.279831
1212850084  3.961297
1212954035  19.372139
1213030884  4.296999
1211500713  2.429338
1211803417  11.983329
1211863529  8.068568
1212176275  15.651425
1212266626  9.279831
1212505044  8.466660
1212530133  8.068568
1212558375  0.414403
1212558611  2.076585
1212558671  0.346970
1212605248  14.768373
1212633972  7.249244
1212720777  13.408433
1212730117  6.906259
1212786023  3.576586
1212987445  14.673475
1211065998  4.024174
1211129470  11.321394
1211434088  9.521366
1211434563  6.066929
1211465414  6.529365
1211470337  8.695236
1211497702  2.429338
1211589183  5.115288
1211663842  8.466660
1212399592  4.225383
1212697880  1.732377
1212718229  11.367675
1212745394  3.874635
1212943101  8.173356
1212962538  18.171400
1211152082  0.000000
1211152159  6.361887
1211152383  8.303614
1211355544  5.056636
1211360798  8.817409
1211470721  14.379995
1211770367  7.533883
1211987760  12.283177
1212188984  4.621633
1212342040  9.064796
1212368340  4.621633
1212440420  0.000000
1212440424  2.429338
1212472254  4.287067
1212474320  7.001103
1212481788  10.604954
1211157439  6.362044
1211240751  8.327862
1211267757  12.614031
1211288941  8.466660
1211301747  8.034824
1211347701  6.529365
1211404520  3.940307
1211421649  7.510093
1211429041  16.144129
1211466431  8.761775
1211469558  0.000000
1211469600  10.855479
1211470418  3.576586
1211513102  2.429338
1211612634  1085.985962
1211789870  3.811116
1211925352  10.265899
1211991458  3.506391
1212069428  8.721660
1212206052  8.685251
1212411675  10.482772
1212485547  3.811116
1212536726  17.077906
1212537551  5.967471
1212589450  10.462876
1212633054  10.955957
1212642772  6.448790
1212732118  4.783453
1212903144  8.832623
1213026766  13.093553
1211128202  7.771388
1211139237  0.000000
1211139292  0.000000
1211139349  0.000000
1211139374  0.000000
1211139383  0.000000
1211139437  2.429338
1211142089  4.225383
1211151682  2.045449
1211215178  14.318122
1211572754  12.789581
1211694457  1.953597
1211761543  9.960776
1212197145  2.391726
1212473708  5.712702
1212628356  3.874635
1212866022  5.243795
1212903793  2.429338
1211681177  14.262934
1211990295  8.586874
1212195723  10.194621
1212260719  2.213085
1212360236  4.694870
1212685185  19.570091
1212794342  8.344547
1212797803  2.429338
1213083971  12.288134
1211119722  15.879471
1211125529  8.033585
1211402065  9.203865
1211408090  4.944778
1211482825  8.466660
1211665029  0.768787
1211828469  13.571060
1212255705  23.363947
1212460859  21.726429
1212724168  8.292907
1211139511  11.362803
1211330732  3.400137
1212011132  6.061504
1212085232  9.601753
1212892507  13.832626
1211131974  18.133228
1211135667  11.544270
1211462584  9.129299
1211562317  2.858045
1211978869  11.121389
1212013556  13.628242
1212184049  5.967471
1212360279  0.000000
1212360306  2.024449
1212412836  19.322756
1212555050  4.225383
1211070177  7.433983
1211123228  9.652907
1211161852  7.001103
1211218832  14.913562
1211925311  8.576814
1212064813  3.874635
1212078443  12.860131
1212347930  8.034824
1212409387  11.786881
1212428589  11.467939
1212471817  0.000000
1212471878  0.000000
1212471939  0.000000
1212471999  0.000000
1212472059  0.000000
1212472118  0.000000
1212472173  0.000000
1212472209  3.036673
1212529834  7.415050
1212542047  12.725742
1212560037  0.000000
1212560041  2.389513
1212957543  8.055069
1211081463  26.420588
1211097044  5.383649
1211481778  2.175527
1211723919  4.332781
1211868827  2.650187
1211934750  21.051571
1212149768  16.009644
1212158750  8.466660
1212226982  11.983329
1212361825  0.000000
1212361890  0.000000
1212361945  2.076585
1212362005  0.090450
1212389633  6.312470
1212474612  5.026217
1212476600  15.684846
1212510290  13.777884
1212539682  12.224397
1212771614  4.694870
1212901718  13.068644
1212973406  12.040247
1213037128  11.536958
1211156150  2.307317
1211156204  8.179416
1211600181  7.497760
1212007137  5.056636
1212261506  4.971039
1212263698  3.776214
1212351310  7.771388
1212532132  2.650187
1212649639  6.529365
1212985542  5.394304
1213030742  13.610687
1211096085  11.288879
1211390396  2.242466
1212197516  2.470514
1212266826  2.242466
1212373739  6.927356
1212413747  10.955957
1212547564  6.276134
1212555319  26.326231
1212555358  13.650119
1212561112  2.389513
1212583414  2.429338
1212788444  7.021363
1212814735  10.108388
1213020599  3.874635
1211076248  0.000000
1211076257  2.350973
1211411729  9.121457
1211584999  1.859628
1211585066  5.394304
1212168094  28.170238
1212175109  0.377950
1212258938  10.300300
1212433069  8.764766
1212550048  1.121233
1212550178  9.862138
1212707934  4.545868
1212768422  3.841257
1212794620  6.422326
1211427227  8.466660
1211490703  10.818863
1211515497  4.089080
1211531193  7.293149
1211808656  13.855380
1211909879  4.709313
1212238448  12.882366
1212247596  12.212947
1212276524  0.000000
1212276584  4.401555
1212279095  0.000000
1212279105  2.389513
1212343467  10.654717
1212413639  8.437658
1212426329  11.562387
1212433150  10.626700
1212586213  10.731339
1212614475  4.101393
1212773679  7.122944
1212976674  4.306210
1211061410  0.000000
1211061477  13.433754
1211069529  6.582528
1211070607  2.350973
1211263405  2.389513
1211426157  12.420480
1211430456  16.877569
1211742581  17.556139
1212263224  29.232252
1212289262  17.669733
1212519497  8.801719
1212734121  6.529365
1212809016  7.255097
1212858118  8.465261
1211044365  8.327862
1211123205  2.429338
1212148962  11.436187
1212212200  4.783453
1212213027  0.000000
1212213039  0.000000
1212213101  2.082290
1212213940  6.526452
1212245621  7.254850
1212263184  11.778619
1212268931  0.000000
1212268992  11.792820
1212269439  0.000000
1212269440  4.621633
1212457480  2.470514
1212459666  0.406583
1212464555  5.515390
1212469313  2.429338
1211222221  6.529365
1211311201  10.005125
1211418315  3.678837
1211418767  27.222937
1212001634  9.067386
1212007224  9.279831
1212224945  4.266123
1212423238  2.389513
1212455479  3.239118
1212549421  8.173356
1212891497  5.606165
1213038896  4.225383
