1211509042  12.303473
1212625933  8.796564
1211078268  10.536441
1211122185  9.704617
1211177995  12.292514
1211308963  9.773252
1211313493  6.864631
1211404606  9.696918
1211447860  12.292514
1211679073  3.909400
1212124298  7.396625
1212970864  4.439525
1211178725  9.890848
1211501068  13.202209
1211574931  14.499690
1211613905  15.758020
1211691173  13.170550
1212003155  6.569917
1212040307  11.683933
1211129196  14.583322
1211132322  9.980239
1211229231  12.292514
1211515455  12.219631
1211521483  6.880581
1211568312  12.200046
1211776290  16.170277
1212038426  13.092462
1212345643  14.667921
1212460226  12.219226
1212567837  7.678124
1212938749  13.950051
1211478515  13.330065
1211489131  9.497324
1211609805  19.882521
1211614357  13.485049
1212226381  11.512892
1212441248  17.601505
1212446621  12.227345
1212729374  8.384012
1212864750  33.646626
1212944741  17.300819
1213033392  13.752718
1211082888  9.873588
1211339884  14.742466
1211525465  9.696918
1211588587  14.720853
1211601174  11.008222
1212634122  4.419691
1212722344  16.904884
1212824256  9.292145
1212988279  13.670526
1211257513  13.330506
1211482127  14.427464
1211524709  13.421970
1211603887  13.330506
1211669224  9.858533
1211683177  12.018911
1211688133  8.193959
1211697253  9.858533
1211705768  9.078018
1212457995  12.303473
1212596866  11.184976
1212621849  13.644793
1212904361  8.811073
1211225497  7.930822
1211520476  12.599340
1211606083  12.219226
1211660957  12.061290
1211661786  7.946028
1211701042  13.421970
1211935041  0.000000
1211935101  0.000000
1211935148  0.000000
1211935150  5.914038
1212018130  13.833086
1212024930  10.078847
1212103302  7.049712
1212288565  12.219226
1212292261  18.388704
1212449094  5.890960
1212531434  1.130690
1212622752  14.539533
1212636153  13.263983
1212741837  13.658349
1212743189  10.663128
1212770057  2.401710
1212797653  18.002579
1212818189  10.782027
1212898159  11.825057
1212900329  15.794305
1212914401  17.186634
1211025253  11.160604
1211154242  7.733829
1211227726  11.083602
1211243517  15.379341
1211253115  9.996096
1211352798  4.736512
1211509580  11.184976
1211862971  18.664158
1212112824  9.741172
1212118846  10.536441
1212274101  8.828537
1212458085  15.706561
1212474292  14.461782
1212623660  4.931083
1212731822  9.858533
1212923598  8.381260
1212971259  12.061570
1213058138  14.741351
1211055352  0.000000
1211055376  4.177622
1211056886  0.000000
1211056913  0.000000
1211056948  0.000000
1211057000  15.298490
1211064985  12.303473
1211082455  11.279285
1211097158  10.640357
1211320248  15.098310
1211700343  13.832464
1211958463  14.448267
1211766297  4.652749
1212118295  14.375560
1212221438  10.377403
1212479097  11.524232
1212737265  16.924524
1212895409  13.182292
1212957971  8.698706
1211184634  18.002579
1211511925  18.820169
1211543986  14.781858
1211853762  13.644793
1211968519  15.553465
1212062400  9.696918
1211040182  9.100184
1211223504  12.585361
1211471254  11.830239
1211574680  5.723262
1211947484  8.913005
1212201446  9.516953
1212216290  12.292514
1212243666  4.185838
1212735279  15.315626
1211217192  9.834011
1211307621  12.303473
1211340181  10.575878
1211601289  14.644070
1211687659  5.143873
1211773396  12.001671
1212191699  12.426332
1212271341  10.634480
1212377117  9.808734
1212378801  2.989884
1212637319  0.751911
1212706961  12.219226
1212723084  9.439942
1211171871  10.514894
1211915696  14.500787
1211923041  10.397301
1212038721  11.637358
1212241744  12.219631
1212247430  22.911049
1212322178  12.219226
1212901871  9.696918
1212952753  11.455904
1212957463  12.262597
1211097975  15.817082
1212304080  0.000000
1212304095  20.737953
1212716397  13.048613
1212719203  6.659288
1212827125  15.712041
1211489014  11.825057
1212468384  13.172038
1212643694  11.357052
1212797607  11.707156
1212991586  54.934181
1211845134  12.859859
1212740137  16.379280
1212802983  12.500862
1212875036  4.551769
1211083841  16.081474
1211149992  12.019309
1211316543  9.858533
1211345182  12.219226
1211347937  11.534506
1211384306  9.242374
1211484244  14.500787
1211523940  13.050048
1211559122  13.485049
1211669534  9.858533
1211913479  12.292514
1212213632  13.748035
1212348321  11.534506
1212356256  14.265824
1212457151  11.512892
1212729560  0.000000
1212729621  2.483124
1212956447  4.187474
1212959369  11.825057
1211081767  8.102903
1211088043  15.715630
1211536440  10.633846
1211625258  13.675428
1211943259  14.251713
1212101211  5.055185
1212379963  5.379364
1212422250  12.458044
1212518130  12.101777
1212740554  7.911775
1212743823  16.297689
1212816461  13.263983
1212827005  23.466957
1211155101  8.199295
1211236975  13.713610
1211254159  14.512217
1211322040  11.906587
1211389171  8.474902
1211589734  12.292514
1211742174  6.336469
1212195941  12.219226
1212278495  415.019379
1212343473  14.741351
1212461864  12.526150
1212534468  0.000000
1212534512  0.000000
1212534516  0.000000
1212534552  10.147027
1212541451  4.886679
1212787691  12.303473
1212805618  8.634868
1211080249  14.781858
1211087868  13.092028
1211090640  10.782027
1211250291  709.233154
1212138268  11.825057
1212268081  13.194846
1212306526  16.297689
1212684677  11.069749
1212819622  8.733323
1212862835  14.807496
1212901083  9.858533
1213066450  5.938830
1211306062  14.764168
1211413493  12.727731
1211494751  13.410015
1211701937  11.357052
1211704393  12.200046
1212112230  14.265824
1212215452  8.527995
1212269615  0.000000
1212269643  1.296499
1212305920  13.928460
1212378705  13.571090
1212447273  14.357044
1212556726  13.237485
1212793277  12.533490
1212879806  11.183572
1212955283  12.392595
1211242656  10.811077
1211327821  10.326106
1211437425  10.388040
1211602362  10.670561
1211704917  9.858533
1211743598  7.434288
1212294086  5.478981
1212721674  6.741540
1212810390  17.102449
1211118346  11.379423
1211356344  12.018911
1211485914  9.766955
1211496284  10.942591
1211818929  12.292514
1211922353  8.708376
1212012981  17.607697
1212035143  12.327708
1212045651  15.002396
1212075696  14.741351
1212126501  0.000000
1212126560  7.554411
1212169866  12.292514
1212187212  13.485049
1212200573  8.743968
1212205158  12.219631
1212549296  5.379364
1212684143  12.219631
1211995659  10.495826
1211920644  9.620997
1212096333  14.499690
1212170046  9.858533
1212438391  14.424169
1212810780  14.751017
1212827899  12.018911
1212897298  14.742466
1212964332  6.864631
1212965863  13.485049
1211204913  13.284105
1211212125  7.902882
1211221697  7.662032
1211248640  8.728308
1211330658  1.854485
1211348401  13.658349
1211366150  16.905424
1211546841  9.200533
1211783284  13.330506
1211823786  8.962302
1212069593  16.662580
1212095767  10.625766
1212118485  9.753855
1212134432  11.357052
1212153826  9.039392
1212192497  14.448267
1212282813  8.046571
1212552820  3.719003
1212691068  14.448267
1212730886  11.279285
1212824886  19.933807
1212913947  15.794305
1212993667  7.110562
1211133354  13.327307
1211663797  5.603769
1211758607  11.175013
1212183339  9.164419
1212363392  18.002579
1212720342  10.754763
1212299094  6.499072
1212558030  15.547682
1212559747  15.252592
1212638636  9.773252
1211382325  9.696918
1211769827  15.571841
1211992283  12.716393
1212127012  12.729305
1212166669  11.455524
1212192735  13.448409
1212253168  11.603871
1212577353  10.815448
1213047325  11.717593
1211061632  12.751801
1211350131  5.932635
1211443856  11.346936
1211508078  8.769681
1211651913  11.722427
1211856645  4.850246
1211922845  5.914038
1212008883  13.644793
1212015367  13.969448
1212112486  14.427464
1212187162  9.620997
1212345479  15.553465
1212358980  8.378314
1212395714  14.489242
1212474579  12.320803
1212508191  9.653018
1212526631  2.675375
1212782200  9.653018
1212830366  11.637358
1212974027  12.951024
1211080396  12.727731
1211086148  6.994753
1211526872  12.018911
1211622537  15.553465
1211685126  9.544380
1211701608  14.002236
1211781208  17.102449
1211782623  3.400159
1212301185  12.417328
1212311261  9.121454
1212500211  54.556396
1212516190  9.858533
1211066519  0.000000
1211066570  6.866773
1211078093  14.019859
1211328363  10.142792
1211329351  12.303473
1211547022  4.886679
1211596199  12.207596
1211701378  9.408397
1211789048  14.424169
1211871301  3.575619
1212167948  13.928476
1212220712  11.515432
1212478051  13.263983
1212534489  9.824787
1211062790  7.396625
1211098333  6.644602
1211299302  18.143766
1211329761  11.490810
1211496173  14.667921
1211927215  8.505520
1211943950  16.001368
1212074666  13.536528
1212447905  13.263983
1212785988  14.710963
1211098190  11.346936
1211156315  8.774262
1211157726  13.403874
1211694535  18.185465
1212806330  0.000000
1212806381  0.000000
1212806401  0.000000
1212806403  3.339269
1212834427  7.376023
1211061442  12.512007
1211069437  15.890374
1211773059  16.293968
1211919333  0.000000
1211919358  0.000000
1211919359  0.000000
1211919419  5.914038
1212041275  10.093988
1212165933  18.298193
1212202266  11.804385
1212206502  16.081474
1212211505  14.251713
1212221009  11.912177
1212943620  15.553465
1211137933  18.100235
1211346627  12.219226
1211985461  16.170277
1212068410  12.292514
1212131193  1155.209717
1212197159  12.685445
1212198123  12.500862
1212462447  11.752709
1212899319  14.539533
1212970558  2.441739
1211378447  15.249674
1211519555  9.559733
1211521378  12.090998
1211774567  14.962317
1212103629  4.277120
1213032469  7.715809
1211692197  8.623458
1211867827  14.342224
1211873851  11.108387
1212022736  0.000000
1212022756  7.330019
1212292331  12.858955
1212550623  12.435723
1212649554  1833.307861
1212805773  12.034270
1211255958  15.938649
1211533474  12.640578
1211850687  13.981930
1212186394  9.389079
1212544930  10.562714
1212711706  11.598274
1212898983  4.926439
1212914059  8.662919
1211059665  15.173712
1211066234  9.696918
1211110770  0.000000
1211110818  0.000000
1211110820  5.914038
1211216323  8.892135
1211369042  18.324848
1211424311  13.374684
1211524685  3.987693
1211616074  5.143873
1211654735  12.219226
1211665699  8.630601
1211705277  12.335241
1211713017  11.512892
1211935258  12.262597
1211952921  10.377403
1211956052  14.191521
1212209038  12.219631
1212420667  4.187474
1212645254  9.947133
1212800896  4.969504
1212813797  11.455904
1212817689  13.530900
1212870501  9.460179
1211128246  14.194789
1211134014  11.820358
1211168069  15.249674
1211193324  14.489242
1211421390  9.696918
1211431502  10.562714
1211592429  13.764760
1211621834  14.838772
1211860736  0.000000
1211860796  14.500787
1211937002  2.441739
1212209819  9.858533
1212646989  11.534506
1212796367  11.825057
1212871769  12.219226
1212874922  9.500497
1212875511  10.154383
1211461034  10.118635
1211570294  4.886679
1211797034  15.787099
1211801522  9.066610
1211953832  11.862375
1212077405  16.001368
1212107765  0.000000
1212107779  13.916054
1212133355  10.510798
1212511142  15.379341
1212955107  8.634989
1211127664  21.668692
1211149794  12.101777
1212222236  13.374684
1212237649  12.292514
1212806684  9.773252
1211332226  14.742466
1211403059  15.266093
1211510306  12.818566
1211525015  13.485049
1212306148  12.219226
1212307446  16.424288
1212441355  12.292514
1212880260  12.292514
1211052089  9.781347
1211506410  2.930087
1211798020  7.376023
1211825288  11.346936
1211952258  12.640998
1212191640  8.649452
1212326176  16.533005
1212571846  0.496891
1212703928  7.453596
1212896746  9.895628
1212896925  7.916788
1211141849  3.665009
1211183439  17.190046
1211361664  4.931083
1211488728  12.670164
1211614622  8.450171
1212088532  8.693062
1212111574  14.265824
1212128816  12.090998
1212184680  12.961221
1212218915  10.054809
1212520987  16.182060
1212725117  9.344410
1212729723  14.183670
1212887247  6.745757
1212940428  7.324557
1212989595  11.830239
1211430648  11.995315
1211577535  15.890374
1211670322  12.859184
1211875503  16.808556
1212195589  13.182292
1212377381  0.000000
1212377462  0.000000
1212377517  0.000000
1212377553  3.641281
1212423322  6.546231
1212469426  13.135451
1212819903  13.658349
1211141557  0.000000
1211141594  15.708150
1211336873  14.945374
1211349434  10.377403
1211468516  9.773252
1211954658  5.929654
1211954718  17.356489
1212038238  11.717593
1212042107  12.447968
1212273883  13.485049
1212296907  13.201210
1212600587  4.069565
1212902090  2.764233
1211092373  7.316979
1211233724  13.182292
1211307184  8.922195
1211420542  11.108755
1211552503  13.182292
1211615856  19.127701
1212158368  9.302509
1212348876  11.083602
1212544366  10.995706
1211657995  7.194656
1211681634  17.390421
1211684230  0.000000
1211684256  0.000000
1211684258  0.000000
1211684318  8.228912
1211686100  14.741351
1211925537  11.346936
1211942525  9.858533
1212117582  0.000000
1212117625  0.000000
1212117631  6.451677
1212225397  14.741351
1212500964  16.533005
1212511379  8.921729
1212718844  10.731520
1212742076  12.149472
1212970816  15.875795
1211103465  14.001184
1211252712  13.748035
1211501915  9.242374
1211532534  14.500787
1211603524  15.559851
1212133418  10.845687
1212657113  14.048812
1211347497  9.704617
1211424106  13.485049
1211517955  12.106950
1212042818  13.263983
1212508303  12.018911
1212731622  8.003354
1211518686  10.859169
1211900820  13.377378
1212196729  7.589387
1212773732  12.061570
1211074685  12.219631
1211313641  9.136122
1211588156  13.263983
1211612634  1172.965088
1211960588  6.724205
1212106289  4.736512
1211021871  13.916054
1211029368  10.103436
1211086357  0.000000
1211086370  4.069565
1211104350  0.000000
1211104401  48.834778
1211123330  16.001368
1211128866  11.969020
1211333815  6.503223
1211907515  9.100184
1212331023  10.326448
1212618719  14.539533
1212620219  12.170009
1212656308  9.653018
1212821672  12.018911
1212922632  7.255105
1212971849  15.706561
1212310543  9.107030
1212359804  10.176497
1212810533  8.138608
1211279311  10.110261
1211583946  11.286170
1211616924  20.735733
1211785432  14.781858
1211856651  12.320803
1211858641  11.524232
1212247180  13.485049
1212338002  11.184976
1212379882  13.182292
1212603276  12.640578
1212939922  12.019309
1211381756  4.249286
1211513499  12.262597
1211854341  12.219631
1211879055  2.401710
1212213550  4.486154
1212470319  17.102449
1211043943  17.025400
1211342838  11.793081
1211417816  7.722534
1211606075  10.856006
1211652241  12.975440
1211707831  14.741351
1211777349  11.908966
1211941494  11.743265
1211994828  16.182060
1211997767  14.667921
1212293317  13.331429
1212446390  12.262597
1212451335  18.749651
1212548562  8.659325
1212645121  11.279659
1212652807  16.934181
1212897495  10.355777
1211211559  15.298490
1211258408  17.334953
1211475312  11.895982
1211509042  9.100184
1211512635  8.962302
1211516063  9.540516
1211532925  12.019309
1211590246  10.326106
1211599057  13.365619
1211784561  9.858533
1211856796  12.101777
1211949208  14.194284
1212120951  9.996096
1212173561  11.279285
1212281973  11.108387
1212379657  12.226685
1212475905  19.386204
1212478119  13.263983
1212513903  5.914038
1212548365  13.132452
1212648782  7.336408
1212920935  14.251713
1211135877  11.346936
1211138265  11.678663
1211245723  14.039382
1211303177  7.764235
1211393241  9.858533
1211435391  8.895211
1211512822  14.251713
1212172861  15.837706
1212304224  9.781347
1212312847  4.187474
1212616809  11.825449
1212886317  4.331869
1212894981  12.018911
1211032213  15.631553
1211495003  15.553465
1211646043  12.635444
1211655833  13.438053
1211700247  15.843174
1211842307  11.147815
1211927737  9.813902
1211934084  14.742466
1212078087  12.303473
1212173551  10.358034
1212352725  8.151564
1212425462  14.742466
1212606905  11.781113
1212708122  5.101120
1212718938  7.255105
1211061442  12.512007
1211069437  15.890374
1211099579  12.090998
1211166608  16.808556
1212918422  9.804662
1212951762  12.262597
1212996699  17.535715
1211096684  14.448267
1211102694  16.138584
1211501691  7.825078
1212472490  9.350499
1212475305  20.512388
1212653641  12.019309
1211071349  7.710061
1211081051  12.303473
1211238951  12.219226
1211319316  9.696918
1211329745  5.120315
1211598488  14.751017
1211606882  9.858533
1211706840  11.637744
1211708255  13.969448
1212225251  9.940382
1212725923  13.485049
1212763391  5.860173
1211084926  12.122080
1211160742  12.303473
1211416505  2.289130
1211503927  7.559667
1211639895  6.978762
1211695371  13.048717
1212302862  12.426332
1212420647  7.448702
1212426518  13.263983
1212812662  8.630601
1212823202  14.574578
1212919191  12.716393
1211086493  10.536441
1211267460  11.895982
1211591861  12.951024
1211656392  10.025626
1211685972  14.915907
1212158478  8.510797
1212159006  15.540586
1212195609  11.045253
1212205461  10.112444
1212224191  15.875795
1212376364  13.950051
1212442814  11.630485
1212631184  14.710963
1212887816  4.740536
1211020272  9.620997
1211132756  11.346936
1211165931  11.496184
1211472944  7.237337
1211252658  13.981930
1211323450  9.781347
1211424314  12.599340
1211434675  9.540516
1211631654  14.730591
1212543920  10.043532
1212910675  12.292514
1212942163  8.868843
1211279311  10.110261
1211763390  0.000000
1211763451  0.000000
1211763489  7.678124
1211824374  12.090998
1211844335  11.357052
1211929235  9.858533
1211940866  9.066738
1212147921  14.741351
1212193732  10.514894
1212813720  10.243762
1211087123  12.219631
1211089517  10.025626
1211092032  12.500862
1211233123  0.000000
1211233180  0.000000
1211233198  4.118826
1211417803  8.293438
1211419217  8.774139
1211702072  13.751176
1211917062  12.070035
1212191698  7.460753
1212221712  6.628859
1212374924  12.450782
1212427084  8.962302
1212732287  14.341558
1212805501  4.187474
1212870786  4.187474
1211145251  11.438875
1211322585  12.388672
1211471649  13.137540
1211497154  4.648798
1211697727  11.079630
1211861322  12.447738
1211863373  16.512306
1212186775  11.179377
1212701471  8.905927
1212733290  0.000000
1212733371  0.000000
1212733428  8.403014
1211133848  7.681973
1211136837  12.292514
1211159036  15.890374
1211163242  8.840413
1211208958  17.025400
1211234088  16.081474
1211326524  9.858533
1211339671  14.194762
1211528634  11.707156
1211680972  12.491712
1211844521  12.219226
1211939678  12.061570
1211944440  14.539533
1211952280  14.741351
1212017562  7.336408
1212296069  17.342766
1212440107  18.428083
1212467315  12.262597
1212606528  12.292514
1212653437  12.219226
1212673927  14.660037
1212940696  14.424169
1212993659  9.644088
1211163398  13.833545
1211303393  10.706075
1211412248  19.557228
1211447156  4.850246
1211528552  14.375560
1211583408  10.545834
1211613946  17.025400
1211675697  7.678124
1211701657  11.600570
1211825247  9.858533
1211842106  11.279659
1211868556  11.906587
1211874533  7.552253
1212004743  10.471342
1212023732  12.196386
1212218428  14.741351
1212262946  2.441739
1212325803  16.808556
1212355579  2.289130
1212450287  10.480582
1212558925  11.357052
1212624188  9.773211
1212828154  11.825057
1212880774  13.592686
1212908498  13.351021
1212917018  15.439917
1212984565  14.664571
1211121719  9.484884
1211172246  11.995315
1211242478  9.540516
1211522568  14.781858
1211523602  11.976819
1211649504  14.424169
1211704970  12.670164
1211752468  11.860269
1211839830  11.984482
1212046564  16.664427
1212550837  17.533855
1211159363  8.990251
1211160618  11.357052
1211474311  11.830239
1211488943  10.919519
1211560926  15.291577
1211708254  16.001368
1212191469  12.017022
1212205401  12.512007
1212217034  9.468932
1212608951  16.424288
1213061923  13.263983
1211055968  16.402554
1211142785  3.959577
1211143940  11.598274
1211145063  9.813902
1211147857  15.715630
1211254228  12.019309
1211807752  10.583435
1211862621  14.664571
1211894849  12.303473
1211932281  12.936124
1212259943  12.303473
1212380493  13.331429
1212820004  11.610860
1212984221  14.781858
1211070148  12.018911
1211505038  9.781347
1211592173  8.228857
1211616538  12.599340
1211666500  14.667921
1211701577  9.842778
1211834349  6.014276
1211874077  12.219631
1211939811  14.897225
1212043050  18.330713
1212100524  10.377403
1212107074  9.858533
1212195073  6.122202
1212225501  12.396335
1212417597  12.426332
1212547117  29.300867
1212567364  14.461782
1212817185  10.474083
1212826214  11.637744
1212873796  11.717593
1211604237  13.608430
1211615118  10.473969
1211619612  12.303473
1211677429  11.895982
1211683623  15.787099
1211768173  4.442436
1211851744  16.081474
1211924170  12.716393
1212015112  12.259136
1212345798  4.069565
1212466228  12.219226
1212679500  3.900979
1212719182  9.696918
1212821902  15.065477
1211119369  13.961940
1211247828  17.889116
1211518502  10.025626
1211838646  7.708193
1212433251  12.278460
1212464258  12.219226
1212528722  9.858533
1212989885  8.962302
1211085834  4.291054
1211107860  12.219631
1211505443  10.361571
1211512254  18.091768
1211651092  10.058639
1211656970  14.991204
1211846000  16.491650
1211944633  17.145596
1212538941  11.182073
1212627774  12.219226
1212636704  13.620320
1212890118  12.219226
1212951942  5.379364
1211186356  17.046167
1211420258  5.943395
1211427346  13.170550
1211515557  13.237485
1211612634  946.957886
1211904802  13.928476
1212202527  10.236848
1212307030  9.344410
1212641843  9.773252
1212761142  9.365626
1212774318  21.692673
1212953496  6.603772
1213024619  4.187078
