1211520741  13.407801
1211567605  11.134190
1212222142  6.102681
1211558929  8.640619
1211868921  13.820906
1211188042  4.031928
1212732305  8.670951
1211481744  13.990702
1211580776  7.356745
1212553092  9.718421
1212608989  5.821048
1212790916  17.271236
1212580373  4.339846
1212042158  12.699252
1212176843  7.644619
1212219991  7.399269
1212458910  9.721346
1212465718  16.714100
1211026362  16.448797
1211209940  13.757524
1211240365  5.673727
1211518666  12.112229
1211849451  6.789870
1211041203  9.571787
1211700730  13.996172
1211708682  14.595411
1211711550  16.997938
1212364604  11.312112
1212999902  13.825914
1211103288  5.537771
1211491029  11.059106
1211699907  9.301566
1211019244  11.589866
1212607504  9.426760
1212902595  12.127183
1211708176  16.128241
1212935994  13.822779
1211472536  12.354659
1211475162  14.231921
1211512598  9.291475
1211683401  4.980064
1211914082  9.836293
1212862532  6.903035
1211392399  10.723775
1212170903  10.915195
1212994300  12.300575
1211468960  8.719683
1211831425  9.418703
1212206447  13.820461
1212271637  7.211835
1212773599  7.711361
1211099808  7.887945
1211445560  7.026893
1212635663  13.163213
1212927259  5.625727
1212982846  8.948878
1211646147  11.110109
1212342216  9.571787
1211093800  3.068578
1211107398  13.681460
1211112408  9.562613
1211112473  13.028155
1211456340  15.951912
1211505253  6.423153
1211610734  13.655436
1211780576  9.542621
1211813346  16.008266
1211883856  5.063154
1211990048  9.093784
1212055365  14.055159
1212253284  6.903035
1212311766  12.127183
1212488193  3.688610
1212584268  8.275877
1212634831  10.359497
1212661919  6.903035
1212705876  3.811045
1212992870  16.712721
1211103389  17.281239
1211711052  13.829767
1212281601  8.962657
1212309657  6.471595
1211198311  15.874065
1211277592  8.760267
1211481603  8.011505
1211910907  7.141070
1212012393  6.903035
1212390361  1971.618652
1212667686  14.786790
1212875042  3.638398
1213011302  13.746599
1212547803  16.728609
1212604334  13.162767
1212781375  5.310027
1212308990  20.744650
1211674600  10.369435
1211896481  6.792772
1212874886  8.810747
1211337831  14.231921
1211653508  9.571787
1211028243  13.102404
1211637027  15.519051
1212747901  7.664689
1212895320  13.793028
1211033871  12.196802
1211114395  10.535082
1211127414  7.758718
1211553016  11.735984
1211641932  10.545377
1211993216  16.375771
1212419214  10.055698
1211026094  20.402254
1211903314  11.727733
1212275575  10.302622
1212491174  14.832148
1212854227  6.577128
1211028126  3.992927
1211348300  13.328411
1211735930  17.088316
1212206613  9.642492
1211526194  10.359497
1211176877  8.532714
1211703036  15.590633
1211994041  7.850562
1211995853  10.625598
1212833147  13.365085
1212858465  5.505364
1211947525  13.596175
1211868812  9.875653
1211883671  12.958855
1212312266  11.854086
1211634178  15.335049
1212901938  9.875653
1211099890  3.327439
1211124484  12.441100
1211861875  6.577128
1212238348  12.757759
1212642541  3.786396
1211746804  11.312112
1211819417  3.442703
1211923012  6.355954
1212693333  10.366316
1212992813  16.090338
1212118822  12.897133
1212406961  12.127183
1212840415  17.322926
1212841892  7.530583
1212187853  3.555969
1211845244  6.903035
1212140538  6.821148
1212569603  9.149502
1212674325  11.110109
1211130455  10.342128
1211277550  5.063154
1211622567  10.369435
1212848952  12.127183
1211785514  10.359497
1211243692  6.903035
1212042707  24.114248
1211553208  9.721346
1211706154  10.849616
1211866879  10.369435
1211935843  10.915195
1211431273  7.020035
1211533079  8.413808
1211615087  5.523441
1211645209  13.603049
1211804683  13.594334
1212166509  13.375070
1212179220  17.271236
1212419198  10.366316
1211086634  9.514184
1211656414  11.024712
1211849260  13.819692
1212028674  7.316355
1211197766  13.757524
1211428870  8.324749
1212127756  13.244397
1212320480  9.571787
1212825142  15.174784
1211102010  10.199445
1211204640  15.008207
1211306440  6.683211
1211360798  13.376883
1211394525  2.142803
1211597420  13.665758
1211939619  13.820906
1212312208  9.521052
1212425173  10.365784
1212739677  11.369234
1213000024  13.829767
1213032717  10.366316
1211517002  11.553498
1212302661  10.248323
1211099341  16.505636
1211926880  10.369435
1212133257  15.233062
1212490001  13.757524
1212687373  10.369435
1212983316  7.644619
1211280314  20.017021
1211129225  10.366316
1211158973  5.237746
1211625769  15.590633
1211019678  15.590633
1211881875  5.063154
1211125659  6.931121
1211652888  8.526435
1211333748  8.384421
1211600327  11.308708
1211649849  3.092232
1212380307  18.015612
1212522923  13.531990
1211458712  9.875653
1211740922  11.928377
1211826617  9.875653
1211844236  9.875653
1211922475  6.789870
1212220041  12.852377
1213028765  9.423923
1211373028  12.759488
1211621514  11.171147
1212116027  13.667106
1211347682  7.369101
1211823409  8.308429
1212672242  11.024712
1212831369  12.195665
1212936705  8.635618
1213000783  7.023035
1213029317  6.905984
1211481029  10.031919
1211813030  10.369435
1211981864  13.923426
1212085712  10.366316
1212303499  5.424808
1212516712  13.594334
1211102567  15.079394
1211182341  17.281239
1211752497  8.888056
1211845302  8.384421
1212225477  12.500406
1212117517  12.284280
1211085297  13.171206
1211650703  8.456307
1211933391  8.117980
1211936327  10.005358
1211280314  20.017021
1211672919  12.765456
1212314162  12.251031
1211098583  18.852259
1211353006  5.063154
1211806236  5.038102
1212225402  16.070000
1211791107  13.136217
1211360310  16.305326
1211424625  13.757524
1211596053  11.106767
1211811306  10.199445
1212200771  10.708127
1212918885  14.252507
1211895449  3.266551
1211091984  8.142395
1212736443  17.276133
1211392428  13.531990
1212223797  13.553223
1212726989  9.163301
1211536647  11.024712
1212892411  25.915789
1211183421  11.958695
1212743746  7.993533
1212771281  8.456307
1213050626  9.562613
