1211520911  15.024558
1211559141  11.210853
1211869110  8.426151
1213026158  11.046882
1211580901  7.851599
1212609347  6.990947
1211670440  0.000000
1211670472  0.000000
1211670499  4.231673
1211173510  7.291994
1212459149  14.410041
1212465977  12.338209
1211026485  19.912706
1211240549  7.921469
1211269132  16.010273
1211481422  15.430081
1211519073  14.679811
1211600968  11.179168
1211849761  12.997292
1211700856  12.811829
1211708753  11.013866
1211711736  15.178726
1211911482  16.728561
1212321151  16.693203
1212364910  13.284746
1212744593  11.106918
1211491283  11.047698
1211019364  14.464786
1212607771  11.361034
1212903000  10.856541
1211566469  3.155109
1212936177  17.376553
1211472836  12.668086
1211475464  17.776812
1211512827  8.945879
1211791763  15.331470
1212862858  5.965674
1211392664  7.649422
1211196237  13.666249
1211831720  10.524671
1211446153  4.902947
1212927493  16.190641
1212983637  7.683919
1211646267  7.865467
1211028908  21.401560
1211113181  16.872864
1211117532  0.162385
1211374889  18.359657
1211413561  9.030412
1211432677  16.190641
1211505970  7.291994
1211611016  15.185577
1211876245  16.098043
1212145246  7.180448
1212147010  10.081659
1212635072  16.329145
1212844746  17.579166
1212958629  9.017866
1212993565  15.473903
1211103569  22.494843
1211350692  12.420089
1211711293  12.335932
1211757423  8.426151
1212281899  8.883559
1212881115  15.723754
1211198489  17.561502
1211277663  16.362469
1211706851  14.718765
1211891802  9.253657
1211894423  17.286180
1212012658  9.778489
1212667686  14.786790
1212875628  13.895773
1213011421  16.782299
1212548881  10.416603
1212565186  14.020331
1212781868  13.980772
1212860500  9.031618
1211675202  3.320236
1211896722  18.280518
1212311430  11.125428
1212409801  17.903574
1212875186  12.668086
1211338076  10.754318
1211475767  15.209507
1211653996  3.923915
1211028428  15.261353
1211114569  18.585194
1211499218  4.075531
1211553134  8.391809
1211642571  9.629951
1211993508  13.054116
1212419577  16.492107
1211026270  15.408195
1211903657  9.341805
1212822882  8.787407
1211348727  14.634585
1211566356  15.556274
1211288376  11.292034
1211996088  10.755929
1212494490  8.426151
1212583269  8.510191
1212592654  13.115569
1212671969  15.407413
1211947769  12.491018
1211634359  18.051460
1212082669  11.977887
1212902241  8.869633
1211124484  12.441100
1212642660  11.073262
1212762842  13.129403
1211747128  5.366508
1211820108  7.655724
1212994648  16.098043
1212119080  12.121224
1212407094  19.351013
1212842127  17.620033
1212674558  12.216222
1212849143  24.147066
1212395358  16.098043
1211243989  6.747772
1212144597  12.353106
1211741239  10.816713
1212351467  8.288018
1211553516  6.126964
1211706335  19.317652
1211867070  17.886715
1211936081  11.678391
1211431511  12.252739
1211648099  9.294719
1211715877  22.993393
1211804865  16.190641
1212137294  17.938784
1212166700  12.550599
1212179436  9.030412
1212328045  13.468026
1212419500  10.593364
1211656892  3.596922
1211849472  12.696810
1212716902  12.541531
1212825315  17.008934
1211102759  16.098043
1211204945  14.327146
1211306621  15.484183
1211397867  9.859602
1211708656  14.778255
1211763129  22.813480
1212313091  16.737177
1212314021  15.024558
1212425417  16.653149
1212588115  14.590365
1212739858  17.367353
1213001147  15.024558
1212012585  11.984315
1212302732  12.551175
1211099528  14.004862
1211622532  15.442960
1211927185  8.652572
1212133521  15.834142
1212490181  19.735523
1212687673  6.832015
1212818830  11.897967
1212829152  22.067463
1211280495  17.286180
1211129482  11.292034
1211380641  11.265228
1212772509  14.641488
1211019837  12.479625
1211882124  14.945208
1212566216  18.051460
1211125909  12.909275
1211653135  4.412110
1211600560  15.024558
1212523270  8.554987
1212830976  8.265855
1211458899  19.206865
1211741227  8.426151
1211804057  21.749477
1211844483  10.155244
1211892686  15.925220
1211922780  13.345283
1212220284  15.597792
1212511827  11.292034
1213029055  7.792205
1212116380  17.286180
1211590940  9.042687
1211438240  17.886715
1211481278  15.024558
1211505841  6.356856
1211559535  10.466367
1211817196  14.718765
1212085955  12.209711
1212516952  6.356856
1211102622  9.019084
1211752825  10.880643
1211073334  9.343054
1212117793  9.190557
1211085734  15.556274
1211936587  13.826981
1211280495  17.286180
1211098773  17.958918
1211353290  9.002052
1212225531  17.247904
1211571147  12.252739
1212067037  11.876888
1211360365  15.457035
1211424792  6.425516
1211596306  20.964500
1211811467  7.462285
1212611653  15.024558
1212728774  4.173819
1211392489  10.135517
1211791952  14.850907
1211736957  0.091679
1211737012  14.160279
1212892696  11.292034
1212040924  15.578753
1212771758  12.973997
